-25.364157
-13.769114
1.449380
-21.740706
-36.596855
-19.204290
21.016016
66.309153
68.845569
18.841945
-39.857961
-102.181317
-153.271976
-156.895427
-124.284368
-78.266541
-50.003623
-51.453004
-84.788753
-97.108486
-74.280745
-71.019639
-55.076455
-34.422784
-34.422784
-19.566635
-17.754910
-23.914776
-4.710486
14.856149
9.058627
-10.145663
-28.262918
-32.973404
-16.667874
3.985796
16.305529
42.394376
99.644902
123.197333
116.312776
92.035655
43.843757
27.175882
36.596855
33.335749
59.424596
85.513443
88.049859
95.296761
64.497427
22.827741
24.639467
21.378361
8.696282
-2.536416
-32.248714
-58.337561
-59.424596
-52.902384
-36.596855
2.536416
34.060439
47.104863
63.410392
63.048047
42.394376
46.380172
40.220306
25.726502
32.973404
17.392565
-10.870353
-13.769114
-18.841945
-9.420973
39.857961
55.076455
35.509820
27.538227
-16.305529
-55.438800
-54.714110
-67.758533
-57.250525
7.246902
56.888180
70.657294
48.191898
-31.886369
-96.746141
-118.486847
-148.561490
-162.330604
-127.545474
-77.179506
-26.451192
-7.971592
-45.655482
-60.873976
-29.349953
-9.420973
7.246902
36.234510
61.961012
85.151098
71.744329
15.943184
-30.436988
-31.886369
-27.538227
-35.147474
-38.046235
-52.177694
-53.627074
-27.900573
-13.044424
23.914776
78.266541
86.238133
47.104863
-31.524023
-109.065874
-106.891804
-58.337561
-21.016016
18.841945
38.770925
21.378361
-19.928980
-59.424596
-60.149286
13.769114
111.239945
153.996666
138.053482
96.021451
63.772737
67.033843
63.410392
55.438800
82.252337
107.616494
127.545474
140.227553
134.067686
150.010870
150.735561
103.268353
22.465396
-41.669686
-60.511631
-47.467208
-21.378361
6.159867
35.147474
42.394376
12.319733
-42.394376
-56.888180
-34.785129
-20.291325
-34.785129
-90.948619
-121.385608
-117.399812
-134.792376
-141.314588
-119.573882
-72.469019
-11.232698
-13.406769
-68.483223
-92.398000
-80.440612
-57.250525
-39.495616
-60.873976
-89.861584
-100.369592
-126.820784
-161.968259
-163.055294
-122.834988
-79.715921
-55.076455
-67.396188
-103.268353
-111.239945
-98.195521
-81.889992
-39.495616
-14.131459
-23.190086
-29.349953
-36.959200
-22.103051
33.698094
67.033843
73.556055
82.977027
84.064063
86.962823
101.818972
102.181317
102.906008
130.444235
146.025074
134.067686
134.430031
145.300384
175.375027
225.740996
223.566925
202.550909
203.637945
196.391043
201.101529
201.101529
175.737372
171.389231
185.158345
193.492282
197.115733
186.970070
159.431843
130.806580
104.355388
73.193710
65.222118
82.252337
80.078267
56.525835
25.726502
-16.305529
-55.801145
-83.701718
-122.834988
-132.255961
-108.341184
-98.557867
-98.195521
-96.383796
-85.513443
-72.469019
-93.485035
-146.387419
-180.085513
-187.332415
-192.767592
-209.435466
-235.524313
-267.773027
-287.339662
-293.499529
-301.471121
-289.513733
-262.700196
-260.526125
-283.353866
-312.341474
-329.371694
-321.400101
-313.790854
-321.400101
-297.122980
-265.598956
-249.293427
-248.568737
-278.643380
-301.471121
-306.906298
-316.689615
-313.066164
-269.584753
-197.478078
-107.978839
-19.204290
46.380172
107.254149
169.215161
209.797811
240.597145
286.252627
320.313066
342.778462
366.693239
375.389521
394.231466
424.668454
434.451772
449.670266
484.455395
507.283136
527.574462
536.633089
544.604681
573.954634
614.899630
621.421842
604.029277
591.709544
565.620697
558.736140
559.460830
537.720125
512.355968
478.657874
418.508588
375.389521
353.286470
322.487137
301.471121
277.918690
239.510109
225.378651
225.016306
217.044713
214.508298
178.273788
90.586274
-29.712298
-174.650337
-330.821074
-469.961591
-610.551489
-764.185811
-906.949779
-1046.090296
-1176.534531
-1272.918327
-1336.691065
-1372.925574
-1352.634249
-1289.223857
-1202.985724
-1084.498877
-966.736720
-863.106022
-746.793246
-625.045293
-517.428799
-418.146242
-348.213639
-300.384086
-261.250815
-243.133560
-237.698384
-220.668164
-174.287992
-125.371404
-66.309153
-2.898761
60.511631
143.488659
229.002102
292.774839
361.258062
452.569027
547.865787
631.205160
672.512501
647.148344
585.549678
519.240525
443.148054
383.361113
338.430321
278.281035
213.058917
157.982462
131.168925
168.852815
272.483513
406.913544
550.039858
693.166171
809.116603
878.686861
937.386767
989.564461
1039.205740
1064.207551
1030.509457
970.722516
930.864555
906.225089
872.889340
819.624610
737.734618
658.743387
602.942242
530.110878
435.538807
360.171027
278.643380
186.607725
96.383796
-33.698094
-180.810204
-328.647003
-499.311544
-680.121748
-848.974563
-1017.827379
-1167.475904
-1280.165229
-1374.737300
-1438.872382
-1484.527864
-1539.966664
-1568.591927
-1535.256178
-1457.351982
-1348.286108
-1220.378288
-1092.832814
-935.212697
-748.967316
-587.723748
-433.364737
-263.424886
-88.774549
79.715921
219.581129
300.021741
349.663019
395.318501
415.609827
413.073411
390.970360
324.298862
246.032321
165.954055
68.120878
-18.479600
-81.165302
-153.634321
-207.986086
-239.872455
-264.874266
-273.570549
-272.483513
-272.483513
-237.698384
-189.144141
-147.112110
-102.543663
-48.191898
34.422784
140.952243
241.684180
318.863686
401.116023
510.181897
621.421842
740.633379
854.409740
958.765128
1076.889630
1179.070947
1267.483151
1349.010798
1415.319951
1453.003841
1471.483441
1463.149504
1438.510037
1416.406986
1390.680484
1342.126241
1266.758461
1153.344445
988.477426
792.811073
592.434234
394.231466
199.652149
-11.957388
-250.742807
-489.165882
-722.516124
-948.257120
-1146.459888
-1320.385535
-1467.859990
-1587.796217
-1684.904703
-1764.258280
-1810.276107
-1827.306327
-1818.247699
-1795.057613
-1729.473150
-1626.204797
-1492.499456
-1342.850931
-1191.028335
-1023.262555
-844.264077
-677.947677
-521.052250
-355.822886
-197.478078
-22.465396
153.634321
314.515545
488.803536
654.757591
790.637003
882.672657
918.544822
925.067034
905.138053
842.090007
742.082760
613.087905
461.627654
289.151388
98.195521
-104.355388
-302.558156
-478.295529
-626.132328
-744.981520
-808.391912
-810.203638
-776.867889
-719.617364
-636.277991
-521.052250
-347.488948
-144.213349
53.264729
248.206392
436.625842
606.928038
760.562360
889.194869
993.912602
1105.152547
1192.115371
1229.799261
1259.873904
1293.934343
1348.286108
1417.131676
1446.481629
1469.671715
1517.138923
1573.664758
1630.190594
1672.947315
1683.092978
1647.220813
1539.241974
1338.865135
1091.021088
823.610407
534.821364
220.668164
-125.733749
-499.311544
-867.816508
-1227.625190
-1567.504892
-1863.903181
-2105.949707
-2297.267918
-2434.596710
-2493.658961
-2467.932459
-2371.911008
-2228.060004
-2074.788028
-1912.819770
-1725.849699
-1533.444452
-1328.357127
-1120.008696
-928.328140
-741.720415
-572.142909
-430.103631
-281.179796
-126.820784
16.667874
175.012682
339.155011
512.355968
708.747011
910.210885
1108.413653
1294.659033
1426.914994
1486.339590
1480.904413
1420.755127
1309.877527
1132.328430
887.745489
596.420030
287.702007
-38.770925
-374.664831
-698.601348
-986.665700
-1221.102978
-1391.405174
-1485.614900
-1485.614900
-1396.478006
-1235.234437
-1021.813175
-771.432713
-483.730705
-173.563302
138.415827
423.581419
690.992101
945.358359
1165.664179
1339.227480
1468.584680
1551.561707
1585.984492
1584.172766
1550.112327
1531.632727
1543.590115
1567.142547
1615.334445
1675.846076
1752.300891
1853.757519
1936.009856
1971.519675
1951.228350
1857.018625
1694.325676
1454.453221
1145.735198
784.839481
368.504964
-111.964635
-642.800203
-1190.665990
-1704.833684
-2163.200232
-2579.897094
-2932.096529
-3202.043626
-3369.084716
-3397.347634
-3312.196536
-3130.299297
-2870.497862
-2569.026741
-2228.060004
-1861.004421
-1483.440829
-1106.964273
-754.040148
-457.279513
-210.884847
-13.044424
143.488659
282.266831
388.433944
477.570838
554.387999
628.668744
736.285238
881.947967
1051.525473
1230.523951
1384.882963
1500.471049
1584.897456
1608.087543
1581.998696
1483.440829
1282.701645
1001.884195
647.873034
248.206392
-161.243568
-582.650917
-1005.869991
-1396.115661
-1718.602797
-1950.141315
-2073.338648
-2094.717008
-2005.217769
-1792.883542
-1506.268570
-1149.358649
-718.892673
-254.003913
231.538517
689.542720
1087.397638
1438.872382
1736.357707
1971.157330
2130.226828
2202.333502
2200.884122
2147.981738
2054.134358
1933.835785
1814.624248
1717.153417
1647.583158
1605.913472
1622.219001
1697.949127
1804.116240
1909.558664
1932.024060
1859.192695
1721.139213
1479.817378
1162.040728
790.999348
334.444525
-180.810204
-739.546344
-1368.939778
-1989.999275
-2557.431698
-3065.077180
-3481.411696
-3802.811798
-3998.115805
-4021.305892
-3889.049931
-3635.046018
-3266.541054
-2810.348576
-2301.616059
-1763.895934
-1235.596782
-743.532140
-287.702007
93.122690
384.085803
605.841003
763.098775
863.830712
907.674469
915.283716
905.500399
901.152257
933.038626
984.491630
1065.656932
1192.115371
1306.254076
1409.884774
1504.819190
1543.952460
1539.966664
1467.497645
1285.600406
1033.770563
721.791434
317.051960
-131.531270
-618.160736
-1117.834626
-1561.707370
-1957.388217
-2275.889557
-2470.831220
-2551.996521
-2505.254004
-2313.573447
-2006.667150
-1590.694978
-1088.122328
-536.995434
30.436988
577.578085
1086.310602
1535.980868
1913.906805
2222.624828
2440.031886
2545.474310
2563.591565
2495.470686
2376.259149
2229.871730
2052.684977
1879.846366
1754.837307
1682.368288
1679.107182
1749.402131
1826.581636
1910.645699
1958.475252
1912.819770
1808.826727
1616.783825
1315.312704
962.750924
523.588666
3.261106
-589.173128
-1277.991159
-1980.578303
-2624.827886
-3218.711501
-3733.966229
-4147.401986
-4424.233640
-4502.500181
-4415.175013
-4195.231539
-3834.698167
-3356.764983
-2779.549243
-2143.995942
-1518.588304
-893.905355
-311.254439
194.216972
620.334807
946.083049
1181.607363
1339.589825
1397.565041
1387.419378
1359.156461
1300.818900
1264.584390
1253.714037
1262.047974
1330.168853
1400.826147
1451.916806
1516.051888
1553.011088
1555.547503
1502.282774
1320.385535
1053.699543
723.240815
304.732227
-155.083702
-668.526705
-1223.277049
-1735.995362
-2206.319298
-2599.826074
-2862.526270
-3010.363070
-3002.391478
-2824.842380
-2506.341039
-2040.002899
-1467.135300
-835.567795
-142.039278
535.546054
1145.010508
1691.426915
2155.590985
2555.619972
2860.352199
3013.986521
3051.670411
2996.956301
2878.469454
2724.835133
2514.674976
2280.600043
2092.905283
1942.532068
1863.903181
1875.860570
1931.661715
2027.683165
2070.802232
1995.796797
1861.004421
1637.437495
1333.792304
983.404595
523.588666
-32.248714
-674.686571
-1431.987825
-2196.535981
-2891.513878
-3520.907312
-4050.655845
-4508.660048
-4851.438510
-4970.650047
-4892.745851
-4639.466628
-4230.379013
-3713.674904
-3085.006160
-2370.461628
-1643.235017
-913.109646
-232.625553
364.881513
877.962171
1262.772665
1547.575911
1745.778680
1832.016813
1846.510617
1811.363142
1713.892311
1629.465903
1563.881441
1524.748170
1528.733966
1507.355605
1473.295166
1464.236539
1435.248931
1391.042829
1280.527574
1049.713747
766.722226
417.783897
-19.566635
-494.601058
-1030.147112
-1584.172766
-2093.992318
-2566.852670
-2920.139141
-3128.849917
-3219.436191
-3157.112834
-2938.981086
-2575.548953
-2043.264005
-1414.232915
-731.574752
11.232698
731.212407
1411.334155
2029.132546
2553.445902
2993.332850
3299.514458
3439.379665
3455.322849
3370.534097
3228.132473
3041.524748
2781.723313
2521.197188
2299.079643
2124.429306
2049.061526
2029.494891
2042.176969
2067.541126
2003.043699
1846.510617
1639.973911
1339.227480
993.912602
574.679325
31.886369
-564.533662
-1259.873904
-2025.146750
-2747.300529
-3420.537720
-4020.218856
-4518.805711
-4932.966157
-5143.488659
-5116.312776
-4919.197043
-4556.127256
-4064.787303
-3451.699399
-2726.646858
-1969.707950
-1215.667802
-469.961591
208.348431
807.667222
1299.369520
1661.714617
1942.894413
2117.544750
2158.852091
2127.690412
2022.972679
1908.109283
1807.739691
1685.267048
1605.551127
1558.808609
1485.614900
1431.625480
1379.085441
1302.268280
1205.884484
997.173708
683.382854
334.806870
-79.353576
-559.460830
-1084.498877
-1662.076962
-2212.841510
-2698.746286
-3117.254874
-3400.608740
-3546.633814
-3543.735053
-3354.228567
-3003.840858
-2484.237988
-1826.219291
-1100.442061
-305.819262
499.311544
1263.497355
1974.056091
2580.984129
3088.267266
3496.267845
3732.154504
3810.421045
3761.866802
3608.957171
3414.015508
3155.301109
2835.712733
2547.648380
2313.211102
2143.271252
2072.976303
2054.859048
2089.281832
2135.662004
2078.773824
1940.720342
1726.574389
1398.289731
1009.493442
512.718313
-94.934416
-746.430901
-1516.051888
-2339.662294
-3099.499964
-3813.682151
-4419.160809
-4918.472353
-5311.979129
-5451.481991
-5346.764258
-5055.438800
-4591.999420
-4008.261468
-3298.427422
-2476.991086
-1651.568954
-832.669034
-53.989420
633.016885
1222.190014
1651.931299
1941.082687
2149.431118
2230.958765
2200.159432
2094.717008
1920.791362
1764.258280
1631.639974
1496.847598
1435.611276
1408.435394
1357.707080
1343.213276
1315.312704
1274.367708
1216.030147
1019.276759
720.704399
365.968548
-94.209725
-615.986666
-1208.058555
-1867.526632
-2477.715777
-3031.379085
-3493.731430
-3789.405029
-3924.559751
-3872.019712
-3616.928763
-3195.159069
-2582.071165
-1813.899558
-965.649685
-55.801145
840.640626
1685.629393
2446.191753
3058.917313
3559.315892
3933.618378
4107.181680
4111.529821
3970.215233
3715.486629
3427.784622
3074.860497
2679.541996
2355.605479
2082.397275
1901.224726
1853.395174
1858.468005
1952.677730
2066.091746
2059.931879
1971.882020
1793.608232
1488.513660
1111.674759
600.405827
-48.554243
-761.287050
-1597.217190
-2485.687369
-3325.240959
-4106.094645
-4760.127545
-5290.238423
-5678.672368
-5782.303065
-5627.944054
-5260.163780
-4695.992463
-4016.595405
-3191.897964
-2270.816726
-1359.518806
-463.077035
367.055584
1066.019277
1645.771433
2040.727589
2287.484600
2440.394231
2423.726357
2291.832742
2091.093558
1836.727299
1621.131966
1454.453221
1305.167041
1239.944924
1213.493731
1182.332053
1203.710414
1226.538155
1234.872092
1212.044351
1041.017465
762.011740
415.609827
-51.090659
-588.810783
-1210.594971
-1905.572868
-2556.707008
-3152.764693
-3644.466990
-3949.923908
-4087.615045
-4018.044786
-3739.763751
-3273.787956
-2582.071165
-1733.821291
-814.914124
159.794188
1107.688963
1994.709762
2788.607870
3413.290818
3897.383868
4216.972244
4310.094934
4232.915429
4012.247264
3690.847163
3336.473658
2911.442858
2459.960867
2087.832452
1791.434162
1612.435684
1572.577723
1616.059135
1746.865715
1892.890789
1928.762954
1900.500036
1791.434162
1547.575911
1205.522139
698.963693
54.351765
-669.613740
-1530.183347
-2449.815204
-3327.777375
-4143.416190
-4830.422494
-5392.057395
-5767.809262
-5836.292485
-5645.698964
-5254.366258
-4674.251757
-3951.735633
-3069.062976
-2095.804044
-1144.285818
-217.769404
626.857019
1333.429959
1886.730923
2246.539604
2459.236177
2554.170592
2477.715777
2269.367345
1995.796797
1695.050366
1435.973621
1216.392492
1033.408218
958.402783
947.170085
951.880571
1006.594681
1077.976665
1131.241394
1129.067324
975.070657
721.791434
411.624031
-21.378361
-560.910211
-1192.840061
-1881.658091
-2522.646569
-3116.167838
-3626.712081
-3958.620190
-4105.732299
-4032.176245
-3738.314371
-3241.539242
-2519.385463
-1639.973911
-692.079136
309.805058
1293.209653
2204.869918
3004.927893
3619.827524
4076.382347
4377.491123
4445.249656
4325.675774
4066.961374
3703.166896
3286.107689
2794.043047
2287.122255
1874.411189
1572.940068
1397.202696
1362.055221
1442.495833
1625.842452
1827.306327
1916.443221
1905.572868
1802.304515
1577.650554
1245.742445
758.750634
118.486847
-634.828611
-1544.677151
-2512.500906
-3418.363650
-4239.437640
-4933.328502
-5508.370172
-5893.905355
-5965.287340
-5743.532140
-5299.659396
-4665.917820
-3881.803029
-2943.329227
-1918.617291
-934.488006
-3.623451
845.351112
1549.025292
2076.237409
2399.086890
2556.344663
2596.564968
2488.948475
2233.132836
1911.008044
1568.954272
1272.918327
1043.191536
869.265889
801.145011
811.653018
845.713457
931.226901
1046.814987
1155.518516
1195.738822
1064.207551
811.290673
476.846148
28.987608
-530.110878
-1193.927096
-1908.833973
-2569.026741
-3167.620842
-3678.889775
-4019.494166
-4157.909993
-4064.062613
-3739.039061
-3206.754113
-2453.438655
-1529.458656
-538.444815
487.716501
1481.629104
2394.014059
3191.897964
3797.014276
4217.334589
4459.381115
4474.961954
4291.977680
3968.041162
3543.010363
3080.295674
2580.984129
2056.308428
1621.494311
1325.820712
1166.751214
1171.824045
1292.484963
1507.717951
1778.389738
1951.953040
1994.347416
1928.762954
1720.052178
1401.188492
932.313936
268.135372
-523.951011
-1455.902602
-2459.960867
-3395.173563
-4247.771578
-4972.099427
-5534.821364
-5920.718893
-5990.289151
-5740.995724
-5259.801435
-4563.736503
-3741.575476
-2791.868976
-1750.489166
-742.082760
209.797811
1069.642728
1748.315095
2221.900138
2483.513298
2555.619972
2526.994710
2357.779549
2043.626350
1676.933111
1301.543590
977.969418
752.228422
596.420030
558.011450
618.885426
697.514313
829.770273
1005.145300
1167.838249
1272.555982
1200.449308
955.504022
627.219364
165.229364
-430.828321
-1148.996304
-1940.357997
-2663.236466
-3300.963838
-3849.916661
-4201.029060
-4332.560330
-4215.885209
-3837.234582
-3265.816364
-2468.657149
-1478.730343
-425.030799
660.555113
1709.906515
2659.250670
3494.456120
4102.833539
4468.802087
4650.699326
4608.304950
4370.606566
3992.680629
3495.905500
2955.648960
2401.260961
1839.626060
1392.492210
1105.877237
976.157693
1013.841583
1160.591347
1415.319951
1753.025582
2007.029495
2133.125589
2121.530546
1912.457424
1589.245598
1115.660555
428.291905
-397.854917
-1401.550837
-2492.571926
-3494.456120
-4405.754040
-5168.490470
-5750.779042
-6148.633959
-6196.463512
-5913.109646
-5377.563592
-4607.580259
-3704.978622
-2684.977172
-1587.796217
-545.691717
424.668454
1279.078194
1934.560475
2386.767157
2603.811870
2629.176027
2548.373071
2310.674687
1941.445032
1537.792594
1130.154359
775.780854
525.400391
363.069788
363.432133
496.775129
644.974273
844.264077
1076.164939
1287.412131
1425.827959
1378.723096
1150.083339
814.189434
329.371694
-311.616784
-1072.541489
-1909.558664
-2693.311110
-3389.376042
-3978.186825
-4361.547938
-4501.050801
-4378.578158
-3987.970143
-3367.272991
-2510.689180
-1461.700123
-353.286470
764.185811
1834.190883
2798.753533
3620.914559
4222.407421
4585.839554
4739.836220
4657.221538
4367.707805
3932.531343
3391.187767
2802.739329
2191.825495
1603.014711
1150.445684
880.136242
779.404305
853.322705
1054.424234
1367.490398
1744.691644
2062.468295
2253.786506
2289.658671
2120.081165
1780.926154
1293.209653
614.174940
-240.234800
-1277.991159
-2405.246757
-3456.772230
-4383.288644
-5172.113921
-5802.232046
-6206.609175
-6250.090586
-5935.575042
-5356.909921
-4564.461193
-3612.580622
-2549.460106
-1430.538445
-363.069788
600.043481
1430.538445
2067.541126
2472.280600
2652.366113
2638.597000
2472.642945
2169.722444
1746.503370
1288.499167
860.931952
487.354156
219.943474
96.021451
134.430031
316.689615
538.444815
791.361693
1083.411841
1349.735488
1535.256178
1536.705558
1334.879339
985.941010
486.629466
-174.287992
-971.809551
-1862.091456
-2730.995000
-3490.107979
-4101.021813
-4504.674252
-4659.395608
-4537.285311
-4120.588448
-3435.031524
-2522.284223
-1431.625480
-252.554533
949.706500
2087.832452
3070.874701
3877.092543
4472.425538
4822.450902
4921.371114
4765.925067
4399.956519
3902.819045
3311.834191
2648.017972
1991.086311
1401.913182
955.141677
689.542720
597.507066
699.326038
981.955214
1354.808319
1781.288499
2176.607001
2436.408435
2519.747808
2351.619683
1977.317197
1473.295166
770.345677
-172.113921
-1298.644829
-2502.355243
-3594.463367
-4537.647656
-5359.808682
-6008.406406
-6392.854555
-6408.073049
-6066.019277
-5449.670266
-4591.274730
-3552.431336
-2419.378216
-1255.525763
-162.330604
827.233858
1664.613378
2270.092036
2618.305674
2740.778317
2642.582796
2377.346185
1989.274585
1502.282774
1014.566273
559.460830
152.909631
-109.428219
-192.042902
-98.195521
143.488659
447.133850
787.738242
1166.388869
1494.311182
1703.746648
1738.169433
1550.474672
1183.056743
636.640336
-82.977027
-935.212697
-1877.309950
-2796.217117
-3605.696065
-4239.799986
-4641.640699
-4794.550330
-4651.786361
-4171.679107
-3411.479093
-2440.394231
-1310.602218
-103.993043
1138.488296
2313.935792
3306.761360
4103.195884
4665.555475
4959.055004
4988.042612
4755.417059
4328.936879
3773.099500
3119.428944
2401.623306
1716.791072
1135.227190
706.935285
459.091238
397.492572
559.098485
901.152257
1337.415755
1831.292123
2305.601855
2648.380317
2783.172694
2627.726647
2249.438365
1730.922531
1017.465034
68.483223
-1097.905645
-2360.315965
-3509.312269
-4512.283499
-5368.142619
-6015.653308
-6409.522429
-6438.510037
-6083.774187
-5436.263497
-4534.024205
-3463.294442
-2319.008624
-1148.996304
-41.669686
942.097253
1745.416335
2291.832742
2581.708819
2649.105008
2500.905863
2180.230451
1734.183636
1207.333865
677.947677
197.840423
-184.433655
-395.680846
-416.696862
-265.236611
38.770925
422.856729
850.423944
1293.934343
1662.076962
1904.123487
1969.707950
1793.245887
1396.840351
807.667222
44.568447
-848.612218
-1841.075440
-2820.494239
-3662.946590
-4319.515907
-4735.488079
-4881.513153
-4737.299804
-4238.350605
-3441.191391
-2438.582506
-1265.309080
-14.856149
1242.843684
2424.813392
3416.551924
4190.521052
4736.212769
5000.000000
4987.317922
4726.067106
4257.192550
3673.454598
2999.492717
2271.903761
1586.709182
1000.434814
562.721936
324.298862
294.224219
475.034423
870.352924
1370.389159
1917.892601
2438.582506
2792.956011
2938.618740
2801.289949
2385.680122
1805.203276
1033.408218
37.321545
-1125.443873
-2404.884412
-3615.479383
-4640.916008
-5500.036235
-6129.429669
-6489.963041
-6509.529676
-6125.443873
-5423.943764
-4479.672440
-3366.910646
-2195.448946
-1003.333575
120.298572
1078.701355
1851.945793
2381.331981
2638.234655
2662.874121
2473.367635
2112.471918
1658.815856
1125.806218
581.926227
117.037466
-248.206392
-446.771505
-437.350533
-264.511921
73.556055
515.617074
973.258932
1462.424813
1869.700703
2129.502138
2224.436553
2049.423871
1637.075150
1021.450830
177.549098
-770.345677
-1797.956374
-2845.858396
-3741.937822
-4466.628017
-4949.996377
-5119.573882
-5015.218494
-4563.011812
-3760.779767
-2724.110443
-1501.920429
-206.536706
1067.106312
2287.484600
3328.864410
4115.515617
4660.482644
4913.399522
4904.340894
4644.539459
4155.011233
3545.909124
2868.323792
2135.662004
1436.698311
833.031379
387.709254
175.012682
160.156533
342.778462
754.040148
1306.616421
1922.603087
2525.907674
2988.984709
3257.482426
3232.842960
2867.599101
2284.223494
1524.748170
573.954634
-560.910211
-1874.048844
-3194.434379
-4332.197985
-5255.815639
-5943.546634
-6359.156461
-6467.859990
-6169.287630
-5521.052250
-4617.001232
-3507.138198
-2316.834553
-1111.312414
21.016016
984.491630
1762.446554
2314.660483
2571.200812
2566.127980
2333.864773
1924.414813
1421.842162
848.974563
270.671788
-223.204580
-592.796579
-797.159214
-786.288862
-582.650917
-188.419451
334.444525
880.498587
1421.479817
1906.659903
2257.409957
2433.509675
2353.793753
2001.231973
1429.089064
629.031089
-320.313066
-1365.316327
-2464.309008
-3460.033336
-4270.961664
-4843.829263
-5098.920212
-5058.337561
-4694.543083
-3976.012755
-2989.347054
-1807.377346
-536.633089
736.285238
1975.505471
3059.279658
3906.804841
4492.716864
4797.086745
4831.871875
4612.653091
4150.300746
3544.822089
2855.641713
2128.052757
1433.074860
827.233858
378.650627
130.081890
86.962823
258.352054
652.221175
1210.957316
1843.611856
2472.280600
3011.812450
3358.214363
3426.697587
3161.460975
2602.362490
1865.352562
948.619465
-168.128125
-1460.250743
-2829.915211
-4052.105225
-5046.742518
-5804.406116
-6301.905935
-6490.325386
-6290.673237
-5711.283426
-4859.047757
-3798.826002
-2618.668019
-1406.261323
-250.380462
744.981520
1558.446264
2153.416914
2479.165157
2525.545329
2329.516632
1950.141315
1454.090876
887.745489
324.298862
-167.403435
-526.487427
-730.850062
-753.677803
-556.199725
-165.229364
362.707443
936.299732
1474.744547
1965.359809
2351.619683
2545.111965
2507.065729
2200.884122
1646.133778
886.658454
-63.410392
-1133.777810
-2242.916153
-3309.297775
-4203.203131
-4851.800855
-5216.320023
-5250.380462
-4955.431553
-4327.849844
-3381.404450
-2231.321110
-966.374375
332.995145
1585.259801
2728.820929
3661.134865
4307.920864
4681.136314
4788.390463
4620.987028
4222.407421
3631.422567
2941.879846
2245.090224
1556.996884
937.749112
467.425176
171.389231
94.934416
246.032321
587.723748
1121.458077
1757.011378
2373.722734
2940.068121
3349.155736
3519.820277
3392.274803
2885.716356
2133.850279
1230.161606
143.851004
-1078.701355
-2408.870208
-3700.630480
-4762.663961
-5585.912023
-6134.864845
-6355.895355
-6246.104790
-5770.345677
-4987.317922
-3992.318284
-2827.741141
-1619.320241
-473.947387
557.286760
1393.941590
2015.001087
2392.202334
2458.149141
2280.600043
1924.052468
1412.421190
834.843105
262.700196
-255.815639
-631.567505
-863.468367
-922.892963
-740.271034
-367.780274
147.112110
744.619175
1324.733676
1868.251323
2314.298138
2563.591565
2595.115588
2375.172114
1872.237119
1155.156171
236.973694
-809.478948
-1871.512428
-2934.632944
-3883.614755
-4594.898181
-5024.639467
-5119.211537
-4888.035365
-4360.823248
-3504.601783
-2416.479455
-1206.609175
56.888180
1279.802884
2410.319588
3371.621132
4053.916951
4470.251467
4637.292557
4530.763099
4192.695123
3644.829335
2967.606348
2279.513008
1603.377056
983.042249
507.645482
193.129937
78.991231
176.824408
451.481991
936.662077
1555.909849
2173.345895
2751.648670
3219.798536
3487.933908
3490.107979
3126.313501
2450.539894
1595.767809
589.535474
-551.126893
-1812.812523
-3119.791289
-4268.062903
-5160.156533
-5783.752446
-6102.616132
-6125.443873
-5808.754258
-5133.705341
-4213.348793
-3125.226466
-1959.924632
-840.278281
199.652149
1071.092108
1709.181825
2121.168201
2250.887745
2114.283644
1791.434162
1309.877527
758.750634
220.305819
-277.194000
-659.830422
-892.818320
-961.663889
-817.812885
-461.989999
53.989420
658.743387
1271.468947
1822.595840
2290.021016
2595.840278
2684.252482
2521.559533
2074.063338
1385.969998
508.732517
-509.819552
-1580.549315
-2628.451337
-3589.752881
-4345.242409
-4831.147185
-5019.566635
-4862.671208
-4390.173201
-3626.349735
-2609.971737
-1442.495833
-198.565113
1030.147112
2153.779259
3111.457352
3832.886441
4270.961664
4452.858903
4385.100370
4083.266903
3598.086818
2974.128560
2310.312341
1671.860280
1082.324806
608.015074
286.977317
147.112110
219.943474
484.093050
916.733097
1496.122907
2112.471918
2674.469164
3132.835713
3404.594536
3421.624755
3104.572795
2453.438655
1596.492499
622.508877
-469.599246
-1677.295456
-2947.677368
-4105.732299
-4990.941373
-5602.579897
-5950.431191
-6013.479238
-5739.546344
-5117.037466
-4232.553084
-3200.231901
-2081.672585
-964.924995
56.163490
907.312124
1549.025292
1959.199942
2117.182405
2016.812813
1712.080586
1277.266469
777.230234
272.121168
-199.652149
-570.331183
-781.216030
-823.248061
-690.992101
-359.808682
134.792376
725.777230
1304.080006
1820.421770
2254.148851
2554.170592
2637.147619
2441.481267
1993.260381
1337.778100
502.934995
-481.556635
-1551.561707
-2578.810059
-3491.557359
-4226.755562
-4716.283789
-4921.733459
-4792.376259
-4347.054134
-3633.234292
-2675.918545
-1541.053700
-335.893905
857.308501
1958.475252
2915.428654
3660.047830
4128.560041
4325.675774
4287.991883
4041.959562
3615.117037
3039.713023
2397.275165
1783.462570
1236.321473
778.679614
451.481991
304.007537
357.996956
595.332995
979.418798
1485.977245
2057.757809
2604.536561
3047.322270
3319.805783
3351.692152
3081.382709
2488.948475
1660.265237
715.269222
-327.922313
-1498.659323
-2746.575839
-3912.240017
-4819.552141
-5426.480180
-5793.898109
-5910.573230
-5697.876658
-5136.241757
-4297.775201
-3300.601493
-2235.306906
-1159.504312
-151.460251
703.311834
1346.836727
1771.867527
1965.722154
1907.022248
1626.567143
1216.030147
749.692007
269.947098
-177.186753
-538.082470
-740.995724
-771.070367
-640.626132
-340.242047
122.110298
694.977897
1263.859700
1767.519385
2195.811291
2512.863251
2629.176027
2466.845424
2032.755997
1390.318139
592.434234
-344.227843
-1377.636061
-2416.117110
-3341.184144
-4084.353939
-4601.058048
-4843.466918
-4771.360243
-4373.867672
-3689.035437
-2775.201102
-1676.570766
-486.267121
679.397058
1746.865715
2677.367925
3433.944489
3948.474527
4181.100080
4147.401986
3911.515327
3522.719038
3000.942097
2395.825784
1792.158852
1260.598594
830.494963
525.762736
371.766070
410.174650
644.611928
1027.610696
1523.661135
2071.889267
2598.739039
3039.713023
3307.123705
3351.692152
3103.123415
2531.342851
1722.950938
775.418509
-247.119356
-1354.083629
-2573.012537
-3749.184724
-4685.484455
-5303.645192
-5627.219364
-5738.459309
-5597.869411
-5114.138706
-4323.139358
-3339.372418
-2292.195087
-1256.612798
-281.904486
557.649105
1191.390680
1609.174578
1814.986593
1795.782303
1559.170954
1159.141967
692.441481
245.669976
-155.808392
-486.267121
-686.643960
-712.008117
-554.025654
-235.161968
222.479890
780.853685
1347.199072
1841.075440
2236.756287
2508.877455
2621.566780
2491.122545
2060.294224
1401.188492
593.883615
-324.298862
-1318.573810
-2339.662294
-3263.642293
-3978.549170
-4474.599609
-4726.429451
-4682.585695
-4341.256613
-3700.268135
-2822.305964
-1775.128633
-630.118125
506.920791
1545.764186
2442.930647
3172.331328
3708.964418
3992.680629
3995.217045
3785.419233
3425.972897
2959.997101
2413.218349
1846.872962
1334.879339
929.415175
643.524893
500.036235
542.792956
760.562360
1125.081528
1589.970288
2095.441699
2594.028553
3015.435901
3280.672513
3344.082905
3125.588811
2584.245235
1801.942170
864.193057
-123.922023
-1164.577143
-2330.966012
-3498.804261
-4462.279875
-5098.920212
-5413.435756
-5531.922603
-5442.423364
-5025.364157
-4312.269005
-3403.869846
-2427.349808
-1473.657511
-539.169505
285.890282
897.166461
1301.543590
1513.515472
1531.632727
1344.662657
975.070657
554.025654
169.577506
-182.984274
-474.309733
-651.858830
-658.018697
-473.222697
-151.822596
285.527937
830.494963
1406.261323
1894.340170
2253.061816
2491.484890
2602.000145
2512.863251
2141.821871
1524.385825
756.938909
-116.675121
-1072.903834
-2081.672585
-3031.741431
-3786.143923
-4309.007899
-4589.463005
-4597.434597
-4328.574534
-3785.419233
-3009.638380
-2051.235597
-961.301544
139.140517
1152.982100
2036.741793
2770.490615
3344.445250
3687.948402
3766.214943
3629.973186
3347.344010
2944.053917
2467.932459
1957.750562
1480.179723
1088.847018
801.507356
656.569317
691.354446
888.107834
1208.420900
1633.814044
2113.558954
2602.362490
3024.132183
3292.267556
3375.244583
3220.160881
2761.431988
2014.638742
1092.470469
105.804768
-918.182477
-2034.930067
-3195.521415
-4197.405609
-4901.442133
-5298.572360
-5468.512211
-5442.423364
-5117.399812
-4478.223060
-3632.147257
-2690.774694
-1755.924342
-850.786289
-30.799333
619.972462
1074.715559
1329.806508
1392.492210
1252.989347
950.068846
584.100297
232.625553
-89.861584
-365.968548
-534.821364
-542.430611
-376.476556
-64.497427
358.359301
867.091818
1417.494021
1918.979636
2301.253714
2547.648380
2630.263063
2514.312631
2163.924922
1585.259801
840.640626
-10.508008
-943.908979
-1918.617291
-2848.032466
-3625.625045
-4175.664903
-4475.324299
-4497.789695
-4259.366621
-3781.071092
-3070.150011
-2169.722444
-1137.038916
-85.513443
894.992391
1769.693456
2513.950286
3089.716646
3440.104355
3562.214653
3483.948112
3248.061454
2894.412639
2446.916443
1975.143126
1546.126531
1185.593159
901.152257
739.546344
737.009928
890.644250
1162.403073
1520.037684
1959.199942
2415.754765
2811.435611
3074.135807
3164.722081
3072.686427
2730.632655
2087.470107
1241.031959
323.211827
-625.407638
-1618.957895
-2678.092615
-3667.657077
-4393.796652
-4831.509530
-5032.973404
-5060.873976
-4851.800855
-4332.560330
-3584.680049
-2740.415972
-1889.267338
-1068.918038
-307.630988
327.559968
765.635191
1028.697732
1120.371041
1031.596492
781.940720
450.757301
125.009059
-144.938039
-375.751866
-534.459019
-550.039858
-399.304297
-107.616494
285.165592
752.953113
1270.381912
1771.867527
2155.953330
2405.971447
2516.124357
2446.554098
2172.258859
1672.947315
987.752736
197.478078
-672.874846
-1586.346837
-2471.555910
-3254.946011
-3838.321618
-4189.071672
-4296.325821
-4136.169288
-3729.255743
-3104.935140
-2286.759910
-1340.314516
-337.705631
630.480470
1489.238351
2231.683455
2827.378796
3203.855352
3358.576708
3316.907022
3119.066599
2816.146098
2420.465251
1987.100515
1581.998696
1251.177622
1010.942822
866.367128
847.887528
979.056453
1224.001739
1539.966664
1927.675919
2346.546851
2721.574027
2988.260019
3084.643815
3008.188999
2727.009204
2168.635408
1381.984202
471.048627
-454.743097
-1381.621857
-2369.012247
-3346.619320
-4138.343358
-4643.452424
-4869.918110
-4904.703239
-4753.242989
-4343.793028
-3703.891586
-2915.066309
-2082.759620
-1287.412131
-561.634901
47.104863
493.151678
786.288862
927.603450
892.093630
700.413073
415.609827
110.152910
-140.952243
-337.705631
-463.439380
-453.656062
-305.456917
-30.436988
344.227843
779.766650
1266.758461
1742.879919
2116.095369
2355.967824
2442.205957
2372.998043
2122.979926
1656.641786
1021.450830
279.368070
-545.691717
-1400.463802
-2232.045800
-2967.968693
-3529.603594
-3901.732010
-4043.408943
-3933.256033
-3605.696065
-3079.208638
-2376.259149
-1539.966664
-618.523081
277.194000
1074.715559
1778.027393
2369.012247
2814.334372
3056.018552
3077.396913
2951.300819
2730.270309
2425.900428
2075.875063
1726.936735
1423.653888
1197.912892
1043.553881
981.955214
1048.264367
1210.232626
1433.437206
1713.167621
2047.249801
2399.449235
2668.671643
2785.346764
2761.794333
2598.739039
2251.250091
1660.989927
864.917748
7.246902
-820.711646
-1651.206609
-2519.385463
-3339.734763
-3967.316472
-4317.341836
-4432.567577
-4378.578158
-4151.387782
-3729.255743
-3123.777085
-2415.030075
-1701.210233
-1023.624900
-433.002391
26.451192
352.561780
547.141097
604.029277
526.849772
334.444525
101.456627
-117.762157
-300.384086
-419.233278
-452.569027
-350.025364
-117.037466
192.405247
558.011450
987.390391
1447.931009
1855.569244
2144.358287
2279.513008
2284.585840
2150.518153
1834.553228
1338.865135
701.500109
-20.653671
-795.347489
-1587.071527
-2327.704906
-2949.851439
-3417.276614
-3691.571853
-3757.881006
-3598.086818
-3229.581854
-2690.412349
-2006.667150
-1208.783245
-363.432133
443.148054
1160.229002
1776.578013
2293.644467
2649.829698
2823.030654
2832.813972
2712.153055
2501.630553
2227.697659
1917.167911
1619.682586
1367.128053
1171.824045
1063.845206
1058.410030
1154.793826
1314.225669
1504.094500
1752.663236
2081.310240
2401.985651
2619.392710
2690.050004
2628.088992
2461.410247
2112.471918
1511.703747
723.965505
-115.225741
-911.660265
-1682.368288
-2476.991086
-3226.320748
-3793.390825
-4106.456990
-4183.274150
-4099.572433
-3874.556127
-3475.976520
-2911.805203
-2254.873542
-1592.144358
-989.926806
-477.208493
-81.527647
179.723168
320.675411
336.256250
242.046525
74.643090
-126.096094
-305.819262
-430.465976
-486.629466
-442.423364
-286.614972
-28.987608
314.515545
709.834046
1139.937677
1577.288209
1947.967244
2178.056381
2269.367345
2230.596420
2065.367056
1746.503370
1245.380100
614.537285
-76.092470
-801.507356
-1530.908037
-2228.784695
-2828.828176
-3253.134285
-3478.875281
-3521.269657
-3364.736575
-3018.697007
-2496.920067
-1843.249511
-1126.168563
-375.751866
357.634611
1019.639104
1575.476484
2018.262193
2337.125879
2511.776216
2532.067541
2428.436843
2257.409957
2034.205377
1778.752083
1515.689543
1288.861512
1142.836437
1083.774187
1100.079716
1188.854265
1342.850931
1535.980868
1771.505182
2039.640554
2312.486412
2514.312631
2571.200812
2500.181173
2321.545039
2018.624538
1517.501268
809.841293
16.305529
-728.675991
-1423.291543
-2126.241032
-2815.421407
-3385.027901
-3712.225524
-3813.319806
-3760.779767
-3567.649830
-3223.784332
-2736.792521
-2174.432930
-1613.160374
-1070.005073
-591.347199
-234.799623
-26.088847
64.859772
86.238133
39.495616
-92.398000
-287.339662
-460.902964
-560.185521
-573.229944
-506.920791
-343.503152
-81.889992
256.902674
650.409450
1068.193347
1486.701935
1846.872962
2082.759620
2182.042177
2160.301471
2010.290601
1705.558374
1243.206029
662.366838
13.406769
-666.714979
-1358.431770
-2003.043699
-2543.662584
-2943.691572
-3182.114646
-3237.553446
-3101.311689
-2782.810349
-2319.008624
-1758.823103
-1115.660555
-421.769693
261.250815
865.280093
1370.751504
1777.665048
2063.917675
2215.015581
2231.321110
2140.010146
1988.912240
1788.535401
1568.229582
1368.215088
1214.580767
1113.848830
1076.164939
1111.674759
1221.102978
1382.346547
1552.286398
1735.995362
1949.778969
2169.722444
2338.212914
2384.955432
2319.370969
2179.505761
1947.967244
1569.316617
997.536053
302.558156
-393.144431
-1031.234147
-1627.654178
-2210.305095
-2748.749909
-3144.430756
-3328.502065
-3309.297775
-3153.851728
-2928.110733
-2622.291470
-2223.349518
-1763.171244
-1296.833104
-887.745489
-600.043481
-427.204870
-339.879701
-314.153200
-335.893905
-416.334517
-547.865787
-679.759403
-758.388289
-739.546344
-615.624321
-418.146242
-156.170737
176.462062
562.359591
971.084861
1375.099645
1718.965142
1984.926444
2124.791652
2119.718820
1989.999275
1740.705848
1378.723096
897.891152
318.138996
-286.977317
-875.063410
-1427.277339
-1929.487644
-2366.113486
-2685.701862
-2833.538662
-2806.000435
-2624.465541
-2312.486412
-1898.325966
-1389.231104
-824.335097
-252.554533
288.789043
769.258642
1171.824045
1484.165519
1697.949127
1822.958185
1852.670483
1800.855134
1692.513950
1560.620335
1421.842162
1300.818900
1215.667802
1163.852453
1170.374665
1232.698022
1333.792304
1463.149504
1613.160374
1771.867527
1948.329589
2118.269440
2236.393942
2257.047612
2174.432930
2019.349228
1779.114429
1404.087253
864.917748
215.957678
-432.640046
-1000.797159
-1516.776578
-2029.857236
-2511.776216
-2849.481847
-2987.172984
-2962.171172
-2831.726937
-2639.684035
-2365.388796
-2009.565911
-1619.320241
-1245.742445
-930.864555
-710.921081
-588.810783
-542.792956
-547.503442
-581.201536
-647.148344
-749.692007
-842.090007
-856.946156
-779.766650
-615.986666
-391.332705
-94.572070
274.657584
672.150156
1062.395826
1419.668092
1720.414523
1938.183926
2031.306616
1987.462860
1826.219291
1559.170954
1183.781433
710.921081
172.113921
-372.128415
-898.978187
-1405.174288
-1858.468005
-2218.276687
-2454.163345
-2536.053337
-2473.367635
-2271.541416
-1950.141315
-1558.446264
-1118.196971
-639.539097
-144.575694
332.632799
744.981520
1055.148924
1284.875716
1450.829770
1545.039496
1562.432060
1499.384013
1392.854555
1285.238061
1203.348069
1159.141967
1156.243206
1178.346257
1222.190014
1292.122618
1398.652076
1531.995072
1656.279441
1763.533589
1863.540836
1949.054279
2001.956664
1997.970867
1914.269150
1771.867527
1563.519096
1255.525763
819.986956
296.760635
-223.929270
-685.556924
-1107.326618
-1529.096311
-1929.487644
-2235.669251
-2366.113486
-2368.649902
-2322.632075
-2233.495181
-2097.615769
-1877.672295
-1604.826437
-1371.113849
-1195.376477
-1070.729763
-998.623089
-963.113269
-972.896587
-1005.145300
-1032.321183
-1064.569896
-1077.251975
-1032.321183
-907.674469
-678.310022
-395.680846
-94.572070
249.655772
621.059497
989.564461
1321.472570
1575.838829
1746.503370
1825.856946
1791.071817
1664.613378
1448.293355
1135.951881
754.764838
330.821074
-97.108486
-482.643670
-854.047395
-1218.566563
-1526.197551
-1736.720052
-1836.727299
-1835.640264
-1770.780491
-1655.554750
-1465.685919
-1218.204218
-924.342344
-602.217552
-285.890282
9.058627
271.758823
511.631278
750.416697
943.546634
1061.671136
1122.545112
1148.271614
1196.825857
1252.627002
1277.266469
1287.412131
1287.412131
1291.397927
1318.936155
1355.895355
1401.188492
1437.060657
1448.293355
1480.904413
1543.952460
1629.828248
1712.442931
1736.720052
1704.471339
1650.844264
1562.794405
1392.492210
1097.543300
682.658164
255.453294
-131.531270
-514.530038
-912.384955
-1318.211465
-1680.194217
-1921.516052
-2053.409667
-2121.168201
-2133.487934
-2102.688601
-2009.203565
-1854.844554
-1693.600986
-1529.096311
-1392.492210
-1310.239872
-1252.627002
-1207.333865
-1164.214798
-1118.559316
-1105.877237
-1107.326618
-1043.916226
-902.601638
-688.093340
-438.799913
-176.099717
135.154721
471.410972
805.130807
1115.660555
1382.708892
1599.028915
1730.922531
1731.284876
1633.089354
1486.339590
1270.381912
969.997826
604.029277
219.943474
-116.675121
-427.929560
-748.242626
-1040.655120
-1273.280673
-1415.682296
-1481.991449
-1510.254366
-1486.701935
-1403.000217
-1275.092398
-1106.964273
-897.528806
-665.990289
-420.320313
-186.245380
31.161678
248.568737
458.728893
654.757591
825.784477
955.504022
1070.367418
1178.708602
1256.975143
1314.225669
1338.865135
1326.907747
1313.138633
1306.978767
1300.818900
1302.630625
1285.962751
1267.845496
1289.948547
1358.069425
1459.526053
1558.083919
1619.320241
1643.959707
1645.409088
1599.028915
1483.440829
1245.380100
900.427567
529.748533
151.822596
-234.074933
-653.308211
-1120.371041
-1533.082107
-1824.045221
-2028.045511
-2172.258859
-2271.179071
-2300.166679
-2212.116820
-2059.207189
-1899.413001
-1724.762664
-1564.968476
-1417.131676
-1288.499167
-1209.145590
-1137.401261
-1076.527285
-1049.351402
-1008.768751
-934.488006
-822.161026
-655.119936
-450.394956
-204.362635
99.282557
417.059207
741.720415
1054.786579
1317.849120
1529.821002
1653.743025
1682.005942
1650.119574
1560.257990
1386.332343
1136.314226
816.725850
485.542431
172.476266
-163.417639
-509.094862
-835.205450
-1122.545112
-1321.834916
-1456.264947
-1542.140735
-1564.243786
-1544.314805
-1458.439017
-1289.223857
-1075.802594
-838.104210
-588.810783
-333.357490
-47.467208
241.321835
496.412784
718.530328
892.455975
1033.408218
1137.038916
1192.477716
1225.451120
1237.408508
1202.623379
1141.749402
1076.164939
1021.813175
1000.797159
993.187912
988.477426
1014.203928
1091.745779
1231.973331
1422.204508
1610.623958
1758.823103
1854.482209
1900.137691
1920.429017
1872.599464
1660.627582
1291.035582
861.656642
434.451772
8.333937
-473.585042
-1021.450830
-1509.529676
-1854.482209
-2068.990507
-2211.392130
-2313.211102
-2319.370969
-2211.754475
-2045.800420
-1852.670483
-1651.931299
-1473.295166
-1331.255888
-1260.236249
-1233.785057
-1200.449308
-1193.564751
-1244.293065
-1307.703457
-1316.399739
-1199.362273
-1001.884195
-787.013552
-515.617074
-173.563302
218.494094
624.320603
999.347779
1350.097833
1658.815856
1862.091456
1941.445032
1954.489456
1913.544460
1794.332923
1545.039496
1179.433292
808.391912
461.627654
106.167114
-278.643380
-676.135952
-1019.276759
-1277.266469
-1479.092688
-1625.117762
-1707.732444
-1734.908327
-1695.775056
-1586.709182
-1392.492210
-1125.443873
-850.061599
-591.709544
-304.369882
6.159867
319.588376
582.288572
755.851873
883.035003
968.910791
1006.232336
1010.580477
982.679904
919.631857
850.061599
779.766650
755.851873
792.811073
846.800493
906.949779
1016.740344
1180.157982
1405.898978
1657.366476
1900.137691
2135.662004
2297.267918
2361.403000
2347.996232
2273.353142
2097.615769
1751.938546
1227.262845
659.468077
174.650337
-264.149576
-748.242626
-1294.659033
-1744.329299
-1972.244366
-2045.075730
-2078.049134
-2095.804044
-2053.409667
-1901.949417
-1698.673817
-1528.733966
-1403.000217
-1352.634249
-1397.565041
-1508.804986
-1649.032539
-1753.387927
-1815.348938
-1905.210523
-1973.331401
-1906.659903
-1684.542358
-1336.328719
-941.372563
-511.631278
7.609247
571.418219
1098.992681
1572.215378
1962.098703
2261.395753
2425.175737
2402.347996
2266.468585
2068.990507
1789.984782
1421.117472
989.564461
565.620697
228.277411
-67.758533
-356.185231
-619.247772
-866.367128
-1058.772375
-1207.696210
-1339.227480
-1438.510037
-1508.442641
-1562.794405
-1544.677151
-1465.685919
-1341.401551
-1175.447496
-1004.420610
-786.288862
-506.558446
-208.710776
71.019639
313.790854
511.268933
686.281615
819.624610
892.818320
930.139865
912.022610
842.090007
781.940720
763.461120
793.535763
868.541199
953.329951
1076.889630
1265.309080
1494.673527
1745.416335
1997.246177
2241.829118
2456.337416
2572.650192
2557.794043
2459.598522
2282.049424
2000.507283
1561.345025
988.477426
427.567215
-44.568447
-450.032611
-829.045583
-1208.420900
-1516.776578
-1652.293644
-1659.902892
-1605.551127
-1547.213566
-1525.110515
-1512.790782
-1514.240162
-1545.039496
-1615.696790
-1763.895934
-2000.869628
-2259.221683
-2482.426263
-2616.856294
-2640.408725
-2585.694616
-2417.204145
-2098.702805
-1651.568954
-1087.397638
-450.757301
200.739184
836.654830
1384.520617
1816.073629
2161.750852
2391.115298
2468.657149
2379.157910
2133.125589
1828.755707
1524.023480
1216.392492
918.182477
638.814407
390.608015
215.595333
109.428219
38.770925
-32.611059
-162.692949
-335.893905
-526.849772
-734.835858
-971.084861
-1268.207841
-1596.854845
-1851.221103
-1996.521487
-2043.988695
-2001.594318
-1876.222915
-1630.552939
-1261.685629
-842.090007
-400.391333
31.161678
396.405537
683.745199
879.049206
975.795347
1008.768751
971.809551
872.526995
753.315458
649.684760
602.942242
626.132328
719.255018
892.455975
1135.227190
1406.986013
1691.426915
1980.215958
2265.743894
2521.921878
2690.412349
2742.227698
2682.078411
2533.516922
2319.370969
2014.638742
1607.725197
1127.617943
638.089717
225.378651
-81.889992
-331.183419
-588.810783
-849.336908
-1052.250163
-1178.346257
-1268.207841
-1405.536633
-1617.870860
-1857.743315
-2102.688601
-2346.909196
-2594.390898
-2819.407203
-3006.377274
-3139.357924
-3194.434379
-3124.139430
-2900.572505
-2556.707008
-2124.429306
-1648.307848
-1114.935865
-518.153489
74.643090
609.826799
1052.612508
1381.259512
1612.798029
1759.185448
1838.539025
1869.700703
1836.002609
1741.430538
1627.291833
1545.039496
1515.689543
1504.456845
1472.932821
1402.275527
1301.905935
1173.998116
985.941010
703.311834
306.906298
-179.723168
-715.993913
-1254.076382
-1750.126821
-2174.070585
-2510.326835
-2732.082035
-2794.405392
-2668.671643
-2396.912820
-2025.509095
-1597.217190
-1141.024712
-679.034713
-246.394666
127.183129
401.840713
553.663309
610.913834
598.231756
542.068266
472.135662
418.870933
411.624031
467.062831
610.189144
817.450540
1067.106312
1349.373143
1653.380680
1942.532068
2178.418726
2341.111675
2436.770780
2492.934271
2520.834843
2500.543518
2434.959055
2316.109863
2162.113197
2008.841220
1844.698891
1647.220813
1381.259512
1050.438438
723.603160
444.959780
174.287992
-141.676933
-552.938619
-989.564461
-1374.012610
-1701.934923
-2009.203565
-2326.617871
-2618.305674
-2820.856584
-2922.675556
-2955.286615
-2936.082325
-2881.005870
-2794.043047
-2673.019784
-2515.037322
-2312.124067
-2066.454091
-1807.015001
-1543.590115
-1261.685629
-930.502210
-543.155301
-134.067686
269.947098
673.599536
1057.685340
1425.465613
1773.679252
2084.933691
2342.923400
2497.282412
2529.893471
2480.976882
2383.143706
2236.393942
2013.914052
1686.354084
1289.948547
905.500399
552.938619
211.247192
-163.779984
-584.824987
-994.274947
-1359.881151
-1674.034350
-1948.691934
-2192.187840
-2392.202334
-2508.152765
-2517.573737
-2412.131314
-2208.855714
-1957.025871
-1667.874484
-1359.881151
-1021.088485
-648.235379
-288.426698
0.362345
219.218784
367.055584
475.396768
569.244148
634.103921
688.093340
740.995724
820.349301
966.736720
1176.896877
1419.668092
1684.542358
1938.183926
2160.301471
2346.546851
2497.282412
2609.971737
2658.163635
2650.916733
2608.522357
2544.024929
2462.134937
2349.083267
2196.173636
2012.464671
1785.274295
1496.847598
1146.459888
763.461120
397.130227
44.568447
-323.574172
-717.080948
-1114.211175
-1481.266758
-1796.869338
-2082.397275
-2361.040655
-2613.232843
-2827.378796
-2985.361258
-3089.716646
-3149.503587
-3168.345532
-3155.301109
-3106.746866
-3006.377274
-2837.162113
-2579.534749
-2253.786506
-1892.528444
-1474.019857
-989.926806
-464.526415
72.831365
586.274368
1064.932241
1500.833394
1884.556852
2198.347706
2441.481267
2609.971737
2711.066019
2745.126458
2707.080223
2606.710631
2443.655337
2219.363722
1964.997464
1696.499746
1387.057033
1022.900210
599.318791
150.010870
-290.600768
-749.329662
-1246.104790
-1763.171244
-2233.495181
-2615.769259
-2902.746576
-3099.499964
-3196.970795
-3166.533807
-2996.956301
-2719.399957
-2370.461628
-1959.924632
-1521.124719
-1101.166751
-724.690195
-386.259874
-84.788753
168.852815
357.634611
500.398580
629.393434
760.562360
906.587434
1079.426045
1292.484963
1550.112327
1840.713095
2114.645989
2359.228930
2570.476121
2723.023407
2795.854772
2780.273933
2690.774694
2561.779839
2411.406624
2246.177259
2113.196608
2021.523299
1959.199942
1905.210523
1814.261903
1687.078774
1538.879629
1325.820712
1001.521849
572.867599
84.426408
-380.100007
-793.173418
-1212.406696
-1643.235017
-2041.452279
-2333.502428
-2504.529314
-2607.797666
-2696.934560
-2772.302341
-2806.000435
-2797.666498
-2796.579462
-2815.783752
-2835.712733
-2841.510254
-2820.131894
-2750.199290
-2586.056961
-2283.136459
-1863.540836
-1368.577433
-805.855497
-188.057106
467.062831
1095.731575
1661.352272
2143.271252
2504.891659
2732.082035
2844.046670
2880.643525
2868.686137
2794.405392
2623.016161
2382.056671
2143.633597
1936.009856
1718.965142
1440.684108
1111.674759
759.112979
377.563592
-61.961012
-540.618885
-1026.161316
-1520.400029
-2026.233785
-2529.531125
-2949.851439
-3229.219509
-3388.651352
-3456.409885
-3420.900065
-3253.496630
-2959.634756
-2585.332270
-2192.912530
-1776.578013
-1340.314516
-938.836148
-576.128705
-239.147764
95.296761
417.421552
691.354446
933.763316
1200.086963
1500.471049
1788.535401
2034.567722
2247.264295
2453.438655
2637.509964
2758.170882
2803.826364
2784.259729
2700.920357
2559.968114
2369.736937
2141.821871
1921.153707
1696.862091
1477.280962
1313.138633
1230.161606
1223.639394
1225.451120
1191.390680
1120.733386
1000.072469
831.944344
603.304587
294.586564
-82.252337
-482.281325
-852.960359
-1133.053120
-1323.646641
-1487.788970
-1646.133778
-1783.100225
-1870.787738
-1908.833973
-1970.070295
-2085.658381
-2222.987173
-2363.939416
-2468.657149
-2521.921878
-2511.051525
-2421.552286
-2257.409957
-2020.073918
-1690.702225
-1248.278861
-755.851873
-270.309443
176.824408
579.752156
946.445395
1241.394304
1434.886586
1565.693166
1673.309660
1757.736068
1814.986593
1849.409377
1897.238930
1967.896224
2015.001087
2004.130734
1924.414813
1772.592217
1527.284586
1180.157982
754.402493
292.050149
-195.666353
-716.718603
-1234.147402
-1688.890499
-2057.757809
-2357.054859
-2615.044568
-2826.654105
-2953.474889
-3004.565548
-3003.840858
-2958.185376
-2842.234945
-2642.945141
-2375.172114
-2054.859048
-1662.801652
-1182.332053
-657.656352
-146.025074
325.023552
776.867889
1209.145590
1562.794405
1808.826727
1962.098703
2069.352852
2134.574969
2142.908906
2103.775636
2068.265816
2049.786216
2037.828828
2027.320820
2001.956664
1958.112907
1874.411189
1724.762664
1531.995072
1341.401551
1145.372853
919.269512
679.397058
474.672078
357.996956
322.487137
337.705631
407.638235
504.746721
585.187332
609.102109
563.446627
473.222697
347.488948
153.996666
-100.369592
-339.155011
-490.977607
-525.400391
-513.443003
-515.254729
-526.849772
-554.025654
-586.999058
-657.656352
-810.203638
-1045.003261
-1344.300312
-1657.728821
-1911.008044
-2083.121965
-2165.736648
-2149.431118
-2036.379448
-1813.899558
-1479.092688
-1095.369230
-697.151968
-309.805058
22.465396
304.732227
524.313356
677.222987
803.681426
917.820132
1022.175520
1142.111747
1260.236249
1364.229292
1443.582868
1468.222335
1434.161896
1331.980578
1131.603739
839.915936
492.426987
114.501051
-268.860062
-635.553301
-960.939198
-1195.376477
-1343.575621
-1443.945213
-1514.964853
-1557.721574
-1585.622147
-1632.002319
-1748.315095
-1904.848177
-2033.480687
-2094.717008
-2066.091746
-1959.924632
-1764.620625
-1457.351982
-1047.539677
-573.954634
-68.483223
418.146242
832.306689
1149.358649
1361.330531
1487.788970
1556.996884
1558.808609
1497.934633
1396.840351
1306.616421
1270.381912
1260.960939
1245.380100
1213.131386
1170.012320
1116.747590
1035.944634
907.312124
727.588956
529.023842
344.590188
210.522502
148.561490
163.779984
256.177984
400.028988
596.057685
846.075803
1126.168563
1397.565041
1612.798029
1740.705848
1784.187260
1755.561997
1656.641786
1488.513660
1271.468947
1038.843394
829.770273
668.889050
565.258352
484.093050
361.982752
158.344808
-127.907819
-469.599246
-829.045583
-1213.131386
-1612.435684
-1997.970867
-2320.095659
-2524.458294
-2617.580984
-2613.232843
-2530.980506
-2400.173926
-2259.946373
-2117.182405
-1953.764766
-1764.258280
-1557.359229
-1372.563229
-1186.317849
-946.445395
-618.523081
-224.653960
192.767592
600.768172
984.491630
1332.342923
1612.435684
1792.883542
1857.380970
1810.276107
1661.714617
1438.147692
1189.578955
939.923183
703.311834
467.062831
250.380462
51.815349
-138.778172
-326.472933
-531.922603
-739.546344
-958.765128
-1180.520328
-1401.913182
-1607.725197
-1784.911950
-1913.182115
-1972.606711
-1958.112907
-1862.453801
-1697.586782
-1483.803174
-1230.886296
-955.504022
-698.601348
-480.107254
-291.687803
-105.080078
78.628886
235.161968
371.041380
526.487427
704.761215
860.207261
967.461410
1045.003261
1127.617943
1195.014131
1202.985724
1162.403073
1108.775998
1082.324806
1068.918038
1046.090296
1042.829191
1085.585912
1133.777810
1152.257410
1163.490108
1216.754837
1324.733676
1412.058845
1431.625480
1430.900790
1496.847598
1637.437495
1791.071817
1908.471628
1998.695558
2064.642365
2061.743605
1970.794985
1807.739691
1592.869048
1310.964563
957.315748
574.679325
235.161968
-22.103051
-261.613160
-567.070078
-945.720704
-1359.881151
-1748.315095
-2101.239220
-2439.307196
-2755.272121
-3031.016740
-3241.901587
-3347.706356
-3313.645916
-3158.199870
-2946.952678
-2724.472788
-2493.296616
-2233.132836
-1917.892601
-1571.490688
-1215.305457
-850.423944
-489.528227
-121.023263
271.034133
675.773607
1070.729763
1415.319951
1689.977535
1896.151895
2041.089934
2108.848467
2105.225016
2032.031307
1878.396985
1669.686209
1410.609464
1129.792014
862.018987
582.650917
256.902674
-105.804768
-478.657874
-810.928328
-1096.456265
-1372.925574
-1631.277629
-1837.451989
-1987.100515
-2106.674397
-2207.768679
-2255.235887
-2211.029785
-2093.992318
-1943.619103
-1784.187260
-1588.883252
-1327.270092
-1010.580477
-686.281615
-375.027176
-64.497427
253.641568
566.345387
841.727661
1077.614320
1288.861512
1463.511849
1593.231394
1674.396695
1700.847888
1695.412711
1670.410899
1630.552939
1591.057323
1555.547503
1508.442641
1449.018045
1379.810131
1304.080006
1217.841873
1104.790202
971.084861
845.351112
774.331473
762.011740
768.533952
769.983332
775.056163
813.464744
899.702877
1019.639104
1126.530908
1196.101167
1235.959127
1244.293065
1220.378288
1144.648163
1034.132908
904.775708
755.489528
579.389811
377.925937
160.881223
-28.987608
-173.200957
-334.806870
-565.258352
-865.642438
-1212.044351
-1561.707370
-1883.469817
-2177.331691
-2412.131314
-2567.577361
-2647.655627
-2639.321690
-2571.200812
-2463.221973
-2326.980216
-2189.651424
-2041.089934
-1871.512428
-1652.293644
-1399.014421
-1140.662367
-858.757881
-543.517646
-194.579317
159.069498
483.006015
759.837669
983.042249
1147.546924
1250.452931
1306.978767
1338.502790
1353.721284
1336.691065
1291.035582
1213.493731
1118.196971
997.173708
815.638814
580.839191
310.167403
25.726502
-260.888470
-540.256540
-786.651207
-987.390391
-1121.820422
-1192.477716
-1210.957316
-1198.637582
-1200.086963
-1226.175810
-1255.163418
-1243.206029
-1160.953692
-1046.814987
-916.370752
-756.938909
-558.373795
-314.877890
-55.801145
181.534894
393.869121
573.954634
727.951301
847.887528
931.951591
990.651496
1027.610696
1054.424234
1078.339010
1099.717371
1089.934053
1047.902022
981.230524
891.368940
790.637003
688.093340
598.594101
540.618885
509.094862
488.441191
476.121458
472.860352
488.441191
518.153489
556.199725
607.290383
668.889050
740.271034
804.043771
872.164650
967.823755
1095.006885
1235.959127
1374.012610
1485.977245
1560.257990
1589.607943
1549.025292
1423.653888
1248.641206
1050.076092
822.885716
569.968838
289.513733
-6.522212
-271.396478
-484.093050
-682.295819
-898.615842
-1188.129575
-1546.488876
-1901.949417
-2205.594608
-2438.944851
-2610.696427
-2726.646858
-2770.490615
-2729.183274
-2614.319878
-2470.831220
-2330.241322
-2195.448946
-2061.743605
-1895.789550
-1688.528154
-1448.655700
-1181.245018
-882.310312
-536.270744
-146.387419
238.785419
583.375607
876.875136
1123.632147
1324.733676
1462.787158
1541.053700
1593.231394
1638.886876
1666.787448
1651.568954
1587.433872
1491.050076
1369.302123
1203.710414
984.491630
737.372273
485.180086
241.684180
17.392565
-186.970070
-371.403725
-527.936807
-660.555113
-780.853685
-896.441771
-1012.029857
-1127.255598
-1218.204218
-1259.873904
-1254.801073
-1220.740633
-1170.012320
-1102.978477
-1000.072469
-864.555403
-734.111167
-622.508877
-508.732517
-359.446337
-184.433655
3.261106
181.172549
346.039568
494.963403
633.016885
759.837669
855.496775
913.109646
927.965795
926.878759
931.589246
962.026234
1000.797159
1027.610696
1049.351402
1081.600116
1126.530908
1159.141967
1152.982100
1104.065512
1028.697732
938.473802
845.713457
761.649395
704.398869
676.135952
661.279803
649.684760
648.597724
660.917458
677.585332
677.947677
650.409450
606.928038
547.141097
469.961591
364.881513
244.220596
119.211537
-8.696282
-131.893615
-250.742807
-345.677223
-414.160446
-483.368360
-571.055874
-661.279803
-750.779042
-844.626422
-948.619465
-1059.859410
-1168.562939
-1260.598594
-1306.254076
-1303.717661
-1254.438727
-1164.214798
-1058.772375
-964.200304
-889.194869
-829.045583
-772.882093
-721.791434
-669.976085
-611.276179
-532.284948
-431.915356
-314.877890
-183.346619
-41.669686
87.325168
197.840423
270.671788
308.718023
338.430321
357.996956
368.142619
348.575984
293.861874
215.595333
137.328792
80.440612
43.843757
10.870353
-14.856149
-21.740706
-17.754910
-7.971592
-8.696282
-27.175882
-63.772737
-114.501051
-163.779984
-204.362635
-224.291615
-220.668164
-202.550909
-175.375027
-142.401623
-115.950431
-99.644902
-90.948619
-92.035655
-84.788753
-55.438800
-10.145663
41.307341
101.094282
166.678745
232.987898
293.861874
325.748243
341.329082
341.691427
326.835278
304.369882
277.918690
252.916878
233.712588
225.016306
223.204580
215.957678
204.362635
186.607725
180.085513
188.781796
211.609537
238.785419
256.177984
257.265019
243.495906
229.726792
214.145953
201.101529
178.998478
135.154721
92.760345
75.005435
91.310965
122.834988
139.865208
137.691137
120.660917
91.673310
57.612870
24.277122
1.811725
0.724690
-3.261106
-7.609247
6.159867
48.554243
106.529459
164.504674
209.797811
243.858251
269.222407
288.064352
296.035945
306.181607
324.661207
334.806870
335.893905
329.734039
335.169215
346.401913
350.387709
346.764258
332.270454
313.790854
287.339662
237.698384
182.259584
117.037466
40.944996
-46.742518
-134.430031
-203.637945
-240.959490
-271.034133
-330.458729
-410.899341
-498.224509
-583.375607
-660.917458
-743.532140
-832.306689
-909.848540
-964.924995
-987.752736
-979.418798
-946.083049
-885.571418
-817.812885
-745.343865
-650.047105
-538.444815
-423.581419
-321.762447
-226.465686
-135.517066
-41.307341
47.467208
120.660917
184.796000
248.931082
314.153200
373.215450
426.842525
481.194289
539.169505
573.592289
568.881803
546.778752
513.805348
475.396768
425.755490
362.345097
282.991521
193.492282
93.122690
-16.305529
-125.371404
-229.002102
-321.037756
-406.913544
-483.006015
-539.531850
-577.940430
-607.290383
-632.654540
-637.365026
-625.769983
-605.478658
-564.896007
-505.471411
-435.538807
-359.808682
-289.513733
-208.710776
-123.197333
-31.161678
56.163490
129.719545
192.042902
247.844047
303.645192
369.591999
453.293717
524.313356
591.347199
644.249583
700.413073
754.402493
801.869701
844.264077
869.628234
871.439959
863.106022
841.727661
817.812885
806.217842
790.274658
756.214218
704.761215
653.308211
602.579897
536.995434
439.162258
320.675411
205.087325
103.993043
15.943184
-66.671498
-144.938039
-221.755200
-298.934705
-367.417929
-428.654250
-473.222697
-502.934995
-538.807160
-568.881803
-595.332995
-633.016885
-671.063121
-696.064932
-700.775419
-680.846438
-648.960070
-611.638525
-556.199725
-480.469599
-382.998768
-291.687803
-205.087325
-119.211537
-38.408580
38.046235
113.414016
188.781796
270.309443
353.286470
425.393144
480.831944
512.355968
525.762736
513.805348
478.295529
434.451772
380.462352
321.400101
256.177984
193.854627
130.081890
62.323357
-6.159867
-79.353576
-147.474455
-220.305819
-292.412494
-360.171027
-430.828321
-498.224509
-567.794768
-640.263787
-700.413073
-746.430901
-774.693818
-789.187622
-792.086383
-775.056163
-744.619175
-710.921081
-664.540909
-612.363215
-556.562070
-488.803536
-410.899341
-334.082180
-253.641568
-165.591710
-75.005435
35.872165
146.387419
243.495906
323.574172
382.274078
438.799913
487.716501
524.675701
545.691717
556.562070
552.213929
545.691717
537.720125
530.110878
524.675701
515.617074
505.109066
489.890572
462.714689
421.045003
369.229654
315.602580
265.961302
218.131749
161.605913
104.355388
56.525835
34.785129
26.813537
16.305529
14.131459
24.277122
41.307341
65.584463
85.875788
110.152910
139.140517
166.678745
185.520690
208.710776
245.669976
289.513733
326.835278
342.778462
350.025364
350.025364
347.488948
333.357490
314.515545
288.789043
246.032321
195.666353
145.300384
110.515255
82.614682
50.728314
8.333937
-43.119067
-80.802957
-111.964635
-136.966447
-165.591710
-194.579317
-236.611349
-287.339662
-336.618596
-379.737662
-410.536995
-435.538807
-456.554823
-476.121458
-483.006015
-472.860352
-464.164070
-449.670266
-430.828321
-418.146242
-397.130227
-373.577795
-341.329082
-292.412494
-237.698384
-190.955866
-146.387419
-106.529459
-68.483223
-37.321545
-16.305529
1.811725
15.218494
21.740706
14.493804
8.333937
6.522212
7.971592
2.898761
-0.362345
10.508008
21.378361
26.813537
28.987608
22.103051
22.465396
30.074643
29.349953
24.639467
19.204290
9.783318
0.000000
-15.580839
-44.206102
-79.353576
-111.602290
-136.241757
-147.112110
-146.749764
-152.909631
-154.721357
-148.923835
-126.820784
-89.499239
-51.090659
-12.682078
18.117255
48.191898
83.339372
127.907819
173.563302
207.623741
226.103341
234.437278
248.206392
272.121168
299.659396
329.371694
349.300674
376.476556
402.565403
426.117835
448.583231
463.077035
475.034423
480.831944
483.368360
475.759113
471.048627
444.959780
404.377129
350.025364
290.238423
239.872455
189.868831
141.314588
97.108486
56.163490
11.957388
-32.973404
-82.977027
-140.227553
-206.899051
-284.078556
-364.881513
-423.943764
-463.439380
-495.325748
-527.936807
-556.562070
-572.142909
-574.316979
-566.707732
-556.924415
-546.778752
-546.054062
-536.270744
-517.066454
-487.354156
-452.931372
-419.233278
-385.897529
-343.865497
-275.019929
-185.158345
-88.049859
8.696282
112.326980
203.275600
275.744619
322.124792
350.387709
367.780274
381.187043
401.478368
419.595623
432.277701
431.190666
411.986376
381.549388
358.359301
338.430321
325.748243
314.515545
293.861874
256.902674
205.812015
151.822596
93.485035
42.032031
-10.145663
-73.193710
-136.604102
-175.737372
-188.781796
-188.419451
-194.941662
-215.957678
-247.481702
-276.831654
-301.833466
-307.630988
-291.687803
-263.424886
-228.639757
-193.854627
-152.547286
-103.993043
-52.902384
-11.957388
20.291325
67.758533
126.820784
176.824408
215.595333
234.437278
239.147764
232.625553
212.334227
196.391043
188.419451
193.129937
202.913255
202.913255
207.623741
222.842235
234.437278
228.639757
214.508298
186.970070
163.417639
146.387419
135.517066
119.211537
94.209725
53.989420
-7.971592
-71.744329
-129.357200
-178.636133
-217.769404
-249.293427
-277.918690
-303.645192
-321.037756
-333.719835
-342.778462
-349.300674
-344.590188
-333.719835
-322.849482
-292.412494
-260.888470
-223.929270
-184.433655
-149.648525
-134.430031
-128.270165
-114.138706
-88.774549
-40.944996
11.595043
48.916588
66.309153
71.744329
78.266541
90.948619
105.804768
118.124502
132.980651
157.982462
186.970070
216.682368
238.060729
243.495906
232.263207
217.044713
204.724980
204.362635
210.884847
208.710776
200.376839
173.925647
137.328792
98.557867
57.250525
21.378361
3.261106
-1.087035
2.898761
11.595043
22.465396
28.262918
28.262918
25.726502
20.653671
21.016016
26.088847
29.349953
26.088847
11.957388
-2.174071
-12.682078
-25.726502
-50.365969
-89.136894
-126.820784
-160.156533
-184.796000
-185.158345
-172.476266
-156.533082
-153.634321
-153.996666
-154.721357
-136.966447
-106.167114
-77.541851
-59.424596
-64.497427
-81.889992
-100.369592
-112.689325
-126.096094
-138.778172
-150.735561
-155.083702
-147.474455
-124.284368
-90.586274
-57.975216
-32.611059
-8.333937
13.044424
46.017827
84.064063
115.588086
137.328792
148.923835
151.460251
144.938039
139.502863
135.154721
129.719545
126.096094
126.096094
131.168925
138.415827
140.589898
136.966447
123.197333
103.993043
87.687514
85.513443
90.586274
93.485035
98.920212
94.572070
81.527647
59.062251
30.074643
8.696282
-10.508008
-26.088847
-32.973404
-43.119067
-52.902384
-71.744329
-94.934416
-122.110298
-143.488659
-157.620117
-159.069498
-142.039278
-121.023263
-95.659106
-76.817161
-57.612870
-35.509820
-7.971592
14.493804
42.394376
73.193710
94.209725
105.442423
97.108486
80.440612
60.511631
50.728314
48.916588
49.278933
48.554243
54.351765
64.859772
80.802957
101.818972
112.689325
111.239945
113.776361
119.211537
128.994855
132.255961
120.660917
96.021451
55.076455
11.595043
-31.886369
-63.772737
-101.456627
-135.517066
-160.881223
-185.883035
-205.087325
-231.900862
-256.177984
-277.918690
-287.702007
-284.078556
-271.396478
-258.714400
-246.032321
-244.945286
-245.307631
-245.307631
-244.220596
-238.060729
-236.973694
-216.682368
-183.708964
-140.589898
-98.557867
-62.685702
-31.886369
0.000000
48.916588
115.950431
184.071310
248.931082
294.224219
329.734039
360.533372
388.071599
420.320313
453.293717
468.874556
463.077035
453.293717
443.148054
440.611639
423.219074
368.142619
260.888470
117.399812
-17.030220
-83.339372
-55.438800
21.016016
73.918400
52.902384
-40.220306
-164.504674
-268.497717
-327.559968
-335.893905
-317.414305
-298.572360
-279.005725
-259.439090
-244.582941
-248.568737
-281.179796
-331.908109
-376.476556
-373.577795
-299.659396
-183.708964
-54.714110
42.032031
92.035655
98.195521
93.122690
101.456627
127.545474
173.925647
226.465686
273.932894
318.501341
351.474745
352.924125
327.197623
277.556345
231.900862
208.710776
208.348431
210.884847
193.854627
156.170737
99.282557
36.959200
-5.435176
-38.046235
-66.671498
-89.499239
-102.543663
-109.428219
-114.501051
-136.966447
-193.129937
-270.309443
-341.329082
-381.911733
-385.172839
-353.286470
-323.936517
-314.153200
-331.908109
-361.620407
-372.490760
-361.620407
-334.806870
-300.746431
-264.149576
-215.232988
-153.634321
-77.904196
-7.609247
45.655482
77.541851
98.557867
116.675121
143.851004
169.577506
193.854627
215.595333
244.220596
284.440902
294.224219
256.177984
177.549098
113.051670
118.849192
208.348431
326.110588
395.318501
360.533372
250.018117
153.271976
136.604102
190.593521
250.380462
238.423074
148.561490
44.206102
-7.609247
12.319733
68.483223
91.310965
50.728314
-14.856149
-80.802957
-112.326980
-105.804768
-81.165302
-41.669686
8.696282
56.163490
89.861584
95.296761
54.351765
-17.754910
-103.993043
-172.476266
-211.609537
-215.232988
-189.868831
-146.749764
-94.572070
-60.873976
-50.728314
-66.671498
-102.906008
-148.923835
-180.810204
-177.186753
-136.966447
-68.845569
-5.072831
37.321545
55.438800
61.236321
63.410392
63.410392
53.989420
18.841945
-15.943184
-30.074643
-14.856149
24.277122
59.424596
59.062251
17.754910
-34.060439
-67.396188
-68.845569
-60.149286
-47.104863
-32.248714
-15.943184
22.103051
49.278933
49.278933
17.754910
-27.538227
-64.859772
-77.179506
-66.671498
-52.540039
-51.090659
-58.699906
-55.438800
-31.161678
1.449380
20.291325
15.580839
-4.710486
-15.218494
7.971592
55.801145
100.007247
118.486847
103.268353
70.294949
37.683890
23.914776
21.016016
19.566635
1.811725
-34.060439
-70.657294
-88.774549
-84.426408
-61.236321
-42.394376
-33.698094
-23.190086
-14.493804
3.261106
31.524023
50.728314
62.323357
80.078267
113.051670
148.923835
173.200957
182.259584
170.302196
155.808392
141.676933
126.820784
112.326980
99.282557
101.818972
123.922023
152.909631
165.591710
153.271976
121.023263
86.600478
57.250525
37.683890
15.580839
-9.420973
-21.740706
-16.667874
-2.898761
-6.522212
-46.742518
-102.543663
-151.460251
-191.318211
-211.247192
-222.479890
-241.684180
-258.352054
-265.961302
-254.366258
-234.074933
-215.957678
-207.261396
-201.463874
-188.781796
-179.360823
-169.577506
-161.243568
-155.446047
-150.735561
-146.387419
-147.112110
-140.227553
-125.009059
-107.254149
-82.252337
-62.323357
-47.104863
-17.754910
17.754910
59.424596
102.181317
128.270165
140.589898
152.184941
169.939851
195.666353
214.870643
224.653960
239.510109
269.947098
316.327270
335.893905
309.080368
244.945286
171.026886
120.660917
98.557867
92.760345
77.541851
53.989420
24.277122
-1.811725
-20.653671
-41.307341
-77.179506
-128.994855
-175.375027
-205.087325
-219.218784
-232.263207
-244.945286
-257.265019
-249.293427
-227.915066
-210.160157
-189.144141
-175.012682
-159.069498
-139.865208
-107.616494
-68.483223
-21.740706
34.060439
88.774549
143.126314
195.666353
243.858251
285.527937
323.936517
351.474745
372.853105
389.158635
400.028988
406.551199
399.304297
371.041380
333.357490
290.963113
247.844047
210.884847
177.549098
140.952243
100.369592
65.584463
31.524023
-1.087035
-43.843757
-98.195521
-151.097906
-197.115733
-235.161968
-267.410682
-291.325458
-312.703819
-328.284658
-327.197623
-308.718023
-284.078556
-257.265019
-241.321835
-230.089137
-211.609537
-185.158345
-159.794188
-137.328792
-126.820784
-119.573882
-104.717733
-70.657294
-13.406769
35.872165
64.135082
71.019639
58.337561
39.495616
28.987608
19.204290
5.435176
-5.797522
-12.319733
-5.435176
19.204290
50.003623
64.497427
44.930792
10.508008
-21.378361
-31.886369
-21.016016
-7.971592
10.870353
34.785129
59.062251
82.252337
88.049859
67.033843
23.914776
-19.928980
-47.104863
-45.655482
-27.900573
-13.769114
-0.362345
5.435176
7.971592
5.435176
-11.595043
-47.829553
-85.875788
-117.399812
-126.458439
-102.543663
-73.193710
-47.104863
-29.349953
-25.364157
-28.987608
-38.770925
-53.264729
-56.163490
-56.163490
-42.756722
-13.044424
24.277122
67.758533
105.080078
143.126314
171.389231
184.071310
186.245380
188.057106
198.927459
225.378651
257.265019
279.730415
293.861874
287.702007
263.787231
232.987898
200.376839
163.417639
123.559678
79.353576
39.495616
9.783318
-5.072831
-7.609247
-2.898761
1.087035
-7.971592
-36.234510
-71.019639
-101.818972
-122.834988
-134.792376
-148.199145
-156.895427
-167.403435
-163.417639
-153.996666
-154.721357
-163.779984
-172.838611
-175.737372
-158.707153
-122.110298
-83.339372
-46.017827
-14.856149
15.218494
35.509820
51.453004
53.264729
39.857961
19.928980
5.072831
-6.884557
-15.218494
-22.465396
-41.307341
-56.888180
-69.207914
-79.353576
-90.223929
-103.268353
-121.385608
-141.314588
-162.692949
-178.998478
-182.621929
-176.462062
-165.954055
-150.010870
-123.197333
-94.934416
-64.497427
-47.829553
-40.944996
-45.655482
-47.467208
-30.799333
0.362345
47.829553
94.572070
132.980651
160.881223
182.259584
192.767592
205.087325
209.435466
210.884847
207.261396
204.000290
213.058917
226.103341
231.900862
219.218784
185.158345
138.053482
95.659106
63.410392
46.380172
32.248714
13.044424
-6.159867
-16.305529
-15.580839
-13.406769
-27.900573
-59.424596
-96.746141
-123.922023
-132.980651
-122.110298
-101.094282
-78.266541
-50.365969
-31.161678
-20.291325
-15.580839
-28.262918
-39.495616
-43.119067
-38.408580
-25.726502
-9.058627
4.348141
7.609247
4.710486
-0.724690
1.449380
8.333937
13.769114
22.465396
35.147474
50.728314
71.381984
96.383796
115.588086
120.298572
111.602290
91.673310
72.469019
53.989420
41.669686
21.016016
6.159867
-9.058627
-29.349953
-39.857961
-49.641278
-59.424596
-78.628886
-103.993043
-123.197333
-126.096094
-126.096094
-132.618306
-140.589898
-150.735561
-159.794188
-161.243568
-160.881223
-160.881223
-174.287992
-196.391043
-215.957678
-221.755200
-209.073121
-190.231176
-164.504674
-139.865208
-105.442423
-58.699906
-16.305529
22.827741
54.714110
80.802957
103.993043
123.559678
141.676933
155.083702
171.026886
197.840423
236.973694
269.947098
292.412494
290.963113
277.194000
257.265019
231.900862
212.334227
193.492282
183.346619
190.231176
200.014494
204.000290
194.579317
167.041090
126.096094
82.977027
46.742518
17.392565
-5.072831
-24.639467
-48.554243
-76.092470
-102.543663
-129.719545
-158.707153
-188.057106
-209.435466
-218.494094
-213.058917
-196.391043
-182.259584
-167.403435
-160.156533
-153.996666
-155.083702
-163.055294
-167.765780
-166.678745
-142.401623
-102.181317
-65.584463
-22.827741
18.479600
49.641278
74.280745
89.499239
100.007247
108.341184
115.588086
122.110298
130.806580
136.966447
147.112110
159.794188
168.128125
174.287992
169.215161
149.648525
123.559678
95.296761
72.469019
55.076455
29.712298
-1.811725
-35.872165
-73.556055
-104.717733
-120.660917
-130.444235
-143.488659
-161.243568
-187.332415
-206.899051
-221.030509
-222.117545
-214.870643
-209.073121
-200.014494
-190.593521
-187.332415
-177.911443
-168.852815
-160.881223
-135.517066
-111.239945
-76.817161
-32.611059
6.884557
33.698094
52.540039
69.207914
78.991231
93.847380
108.703529
122.110298
139.865208
155.446047
164.142329
171.026886
177.549098
182.259584
182.259584
179.723168
167.765780
146.387419
121.747953
108.703529
104.355388
98.920212
97.470831
98.920212
93.122690
82.252337
70.294949
53.989420
34.060439
14.856149
-1.811725
-11.957388
-19.566635
-21.378361
-27.900573
-44.206102
-54.351765
-67.396188
-80.078267
-88.412204
-86.600478
-78.991231
-66.671498
-55.801145
-47.829553
-42.756722
-38.046235
-27.900573
-18.479600
-13.769114
-14.493804
-13.769114
-14.493804
-9.420973
5.435176
18.117255
27.175882
35.509820
33.335749
24.639467
19.566635
14.856149
20.291325
21.378361
20.653671
21.740706
20.291325
24.639467
34.422784
44.930792
49.641278
49.278933
40.582651
13.769114
-13.044424
-29.712298
-34.785129
-35.872165
-30.436988
-27.175882
-30.799333
-43.481412
-69.570259
-95.296761
-115.588086
-132.255961
-139.865208
-136.966447
-121.747953
-94.209725
-62.685702
-32.248714
-10.145663
-9.420973
-19.566635
-31.886369
-42.032031
-39.133271
-22.827741
-1.449380
19.204290
44.568447
58.699906
63.410392
53.627074
42.032031
34.785129
39.133271
49.641278
59.062251
63.772737
62.685702
70.294949
80.802957
84.788753
82.252337
64.497427
37.321545
13.406769
1.087035
-6.159867
-13.044424
-28.987608
-48.916588
-60.873976
-62.323357
-51.090659
-43.481412
-45.293137
-53.264729
-66.671498
-67.758533
-54.714110
-32.248714
1.811725
29.349953
49.641278
56.525835
58.699906
53.627074
43.843757
28.987608
20.653671
20.653671
22.465396
31.524023
42.032031
48.916588
49.278933
48.916588
49.641278
46.017827
41.669686
42.032031
42.394376
55.801145
70.657294
76.454816
60.873976
33.335749
0.000000
-26.813537
-37.683890
-46.017827
-57.612870
-75.005435
-94.209725
-98.920212
-95.296761
-80.802957
-69.932604
-72.831365
-82.252337
-90.948619
-90.223929
-81.165302
-62.323357
-36.959200
-17.030220
7.246902
29.349953
47.104863
61.236321
59.786941
43.843757
21.740706
3.623451
-0.724690
2.174071
13.044424
26.088847
27.538227
30.799333
35.509820
34.785129
35.147474
34.785129
26.451192
16.305529
13.044424
15.943184
27.538227
38.046235
38.770925
32.248714
21.378361
1.811725
-17.030220
-36.959200
-51.453004
-56.525835
-52.902384
-46.017827
-35.509820
-22.465396
-15.218494
-12.682078
-7.609247
-6.884557
-7.246902
-1.087035
9.783318
14.131459
14.493804
7.971592
6.884557
5.797522
-1.087035
0.724690
-2.174071
-11.957388
-20.653671
-15.218494
-3.985796
4.348141
9.058627
13.769114
16.305529
26.088847
35.147474
45.655482
48.916588
40.582651
30.799333
27.900573
38.046235
46.380172
57.612870
60.149286
50.003623
37.321545
27.175882
16.305529
1.087035
-13.406769
-26.451192
-27.538227
-34.060439
-33.335749
-26.451192
-32.248714
-40.944996
-55.801145
-76.817161
-92.035655
-103.993043
-103.268353
-93.485035
-81.165302
-75.730125
-79.353576
-88.774549
-91.673310
-90.223929
-81.527647
-72.469019
-59.062251
-44.568447
-26.813537
3.261106
38.046235
72.831365
95.296761
105.442423
104.355388
105.442423
104.355388
110.152910
112.326980
113.051670
114.138706
97.833176
80.078267
67.033843
51.453004
40.582651
28.987608
17.030220
10.870353
1.811725
-0.362345
0.724690
-1.087035
-8.333937
-27.538227
-42.394376
-57.975216
-73.193710
-81.165302
-88.412204
-91.310965
-90.948619
-87.687514
-68.845569
-44.568447
-30.074643
-14.856149
-5.072831
2.536416
25.001812
49.641278
73.918400
100.369592
121.023263
138.053482
146.749764
146.025074
137.691137
114.501051
84.788753
56.163490
32.248714
15.943184
5.797522
-6.522212
-21.740706
-35.872165
-50.728314
-59.062251
-71.744329
-82.252337
-88.049859
-92.035655
-88.412204
-78.266541
-69.932604
-71.381984
-79.715921
-90.223929
-97.833176
-104.355388
-104.717733
-105.080078
-100.731937
-90.223929
-75.005435
-49.278933
-27.900573
-17.030220
-10.870353
-4.710486
6.522212
26.088847
46.380172
72.106674
85.875788
101.456627
111.602290
111.964635
112.326980
100.731937
79.715921
61.598667
40.582651
28.625263
26.813537
20.653671
21.016016
14.493804
7.971592
6.884557
7.246902
6.159867
-5.435176
-20.291325
-30.436988
-35.509820
-31.524023
-26.813537
-31.161678
-43.481412
-53.989420
-66.671498
-72.469019
-79.353576
-91.673310
-98.920212
-90.223929
-70.657294
-50.728314
-35.509820
-34.785129
-35.147474
-31.524023
-18.479600
4.348141
32.611059
58.699906
80.802957
99.644902
114.863396
128.632510
137.328792
138.053482
125.009059
110.152910
105.442423
114.863396
124.284368
134.430031
140.227553
139.865208
139.502863
133.342996
126.458439
110.152910
88.412204
58.699906
38.770925
26.451192
15.218494
1.449380
-19.204290
-36.959200
-57.612870
-83.339372
-108.703529
-132.255961
-157.982462
-186.607725
-207.986086
-221.030509
-219.218784
-208.348431
-197.840423
-184.433655
-167.403435
-153.271976
-134.792376
-116.312776
-103.268353
-83.339372
-66.309153
-47.467208
-22.103051
-1.811725
11.595043
32.611059
48.191898
62.323357
77.179506
85.151098
93.485035
103.630698
112.689325
123.197333
126.820784
121.385608
114.138706
105.442423
99.644902
95.296761
89.136894
75.005435
53.264729
33.698094
14.856149
-5.797522
-32.248714
-57.612870
-79.715921
-107.978839
-123.197333
-126.820784
-121.023263
-112.326980
-105.442423
-96.746141
-92.035655
-79.353576
-64.859772
-53.627074
-43.481412
-42.032031
-41.307341
-32.248714
-9.420973
25.001812
57.250525
79.715921
93.847380
101.818972
107.254149
108.703529
104.355388
105.442423
104.717733
107.254149
119.936227
138.053482
146.025074
147.112110
141.676933
128.632510
115.950431
102.543663
80.078267
56.163490
38.046235
17.030220
1.449380
-12.682078
-27.538227
-41.307341
-57.250525
-72.469019
-84.788753
-94.572070
-103.630698
-105.080078
-104.717733
-105.080078
-104.717733
-104.717733
-97.108486
-89.136894
-84.788753
-78.628886
-70.657294
-66.671498
-59.424596
-51.090659
-36.959200
-22.103051
-7.609247
5.072831
11.595043
15.218494
10.508008
6.884557
6.884557
9.783318
18.479600
30.436988
37.321545
43.119067
52.540039
56.525835
55.438800
48.916588
32.248714
12.319733
-2.536416
-13.406769
-19.928980
-21.740706
-28.987608
-39.857961
-47.829553
-52.177694
-57.975216
-65.222118
-70.294949
-69.932604
-69.932604
-63.772737
-55.801145
-47.829553
-38.408580
-29.712298
-22.465396
-12.682078
-1.087035
8.333937
15.218494
23.552431
35.509820
48.554243
73.556055
90.948619
104.717733
118.124502
118.849192
119.211537
118.124502
123.922023
126.096094
126.458439
120.660917
118.849192
118.849192
119.573882
111.239945
90.948619
71.019639
44.930792
22.103051
-3.261106
-22.103051
-43.843757
-65.584463
-79.353576
-91.673310
-101.818972
-107.616494
-114.501051
-120.660917
-129.719545
-138.778172
-142.401623
-147.474455
-140.227553
-123.922023
-108.703529
-94.572070
-80.802957
-70.657294
-56.525835
-42.394376
-23.914776
-4.710486
5.797522
15.943184
30.436988
47.829553
72.469019
88.049859
102.906008
119.573882
126.458439
124.284368
115.225741
108.703529
98.557867
86.600478
73.556055
62.685702
50.365969
41.669686
36.234510
27.900573
17.754910
0.362345
-23.190086
-50.003623
-77.541851
-102.906008
-118.849192
-126.458439
-125.371404
-114.501051
-102.906008
-98.195521
-98.195521
-98.195521
-97.833176
-98.557867
-95.659106
-88.049859
-79.715921
-65.222118
-46.742518
-24.277122
0.362345
16.667874
31.161678
45.655482
57.612870
74.643090
94.572070
110.877600
123.197333
134.067686
140.589898
142.401623
139.502863
133.705341
127.183129
120.660917
114.138706
103.630698
97.108486
88.412204
78.628886
66.671498
52.540039
30.436988
1.087035
-26.813537
-44.930792
-57.975216
-68.120878
-74.643090
-86.600478
-95.296761
-107.254149
-116.312776
-126.820784
-133.342996
-137.328792
-142.763968
-147.112110
-147.474455
-142.039278
-126.820784
-106.891804
-93.847380
-75.730125
-60.149286
-48.916588
-32.248714
-13.044424
8.333937
34.060439
53.989420
71.744329
79.353576
89.499239
105.442423
114.138706
124.284368
133.705341
141.676933
147.112110
146.749764
147.112110
146.025074
137.328792
126.096094
112.689325
94.209725
75.005435
62.685702
42.756722
27.538227
12.319733
-8.333937
-26.813537
-47.104863
-62.685702
-72.831365
-86.238133
-97.470831
-103.630698
-110.152910
-114.501051
-119.936227
-115.950431
-111.239945
-103.993043
-89.499239
-77.541851
-66.671498
-50.365969
-35.509820
-19.204290
-5.797522
5.072831
14.856149
24.639467
28.987608
36.234510
46.742518
55.801145
65.946808
72.831365
77.541851
82.614682
84.788753
78.628886
76.817161
76.092470
67.033843
48.554243
32.973404
24.639467
14.131459
5.435176
-2.174071
-10.145663
-23.914776
-40.944996
-53.264729
-64.135082
-72.831365
-82.977027
-92.035655
-100.007247
-104.717733
-100.369592
-94.934416
-90.948619
-91.310965
-86.238133
-78.628886
-71.019639
-67.033843
-57.250525
-44.568447
-33.698094
-21.016016
-7.971592
2.174071
9.058627
14.856149
23.552431
34.785129
48.191898
59.786941
66.309153
75.005435
81.165302
88.049859
91.673310
88.412204
82.252337
73.556055
67.033843
59.786941
56.163490
53.264729
45.293137
37.321545
30.074643
23.914776
14.131459
1.811725
-11.595043
-21.378361
-31.524023
-40.220306
-42.756722
-41.669686
-48.554243
-46.742518
-40.944996
-42.394376
-35.509820
-34.785129
-33.335749
-26.088847
-20.291325
-11.232698
-4.710486
2.174071
6.884557
9.420973
19.566635
31.524023
42.394376
54.714110
65.222118
74.280745
77.904196
75.730125
71.019639
65.584463
55.438800
45.655482
39.495616
32.611059
27.900573
28.625263
23.552431
15.943184
13.044424
2.898761
-9.420973
-27.175882
-46.017827
-55.438800
-55.801145
-55.801145
-49.278933
-49.641278
-46.017827
-41.669686
-41.669686
-45.293137
-48.916588
-50.728314
-56.888180
-56.163490
-53.627074
-43.481412
-33.698094
-27.900573
-22.827741
-20.291325
-17.754910
-11.232698
-7.971592
-3.985796
7.971592
15.943184
20.653671
25.726502
32.248714
30.074643
24.639467
19.928980
14.493804
13.769114
14.131459
18.479600
26.088847
27.900573
34.422784
32.611059
27.175882
21.016016
12.319733
6.884557
0.000000
0.000000
5.072831
7.609247
6.522212
7.609247
5.072831
1.087035
-5.072831
-17.392565
-31.886369
-48.554243
-60.873976
-70.657294
-72.106674
-70.294949
-65.222118
-62.323357
-63.410392
-57.612870
-53.627074
-44.568447
-34.422784
-27.175882
-20.653671
-13.044424
-1.811725
10.508008
21.016016
35.147474
46.017827
55.076455
60.511631
65.946808
69.570259
73.556055
77.179506
81.165302
84.788753
77.904196
76.817161
76.817161
71.019639
69.207914
60.511631
51.090659
40.944996
31.524023
19.928980
8.333937
-0.362345
-11.595043
-24.639467
-42.032031
-61.961012
-74.280745
-83.339372
-93.122690
-98.920212
-96.383796
-91.673310
-88.412204
-75.730125
-66.309153
-54.351765
-45.293137
-41.669686
-35.872165
-28.987608
-17.754910
-3.623451
12.319733
27.538227
42.032031
51.815349
56.163490
61.598667
63.772737
62.323357
67.396188
69.932604
72.469019
77.904196
76.817161
77.179506
76.092470
70.294949
69.932604
69.932604
65.584463
57.250525
50.003623
38.770925
19.204290
7.246902
-6.522212
-24.639467
-39.495616
-53.264729
-65.222118
-69.932604
-76.092470
-75.005435
-69.207914
-70.294949
-69.932604
-70.294949
-70.294949
-69.932604
-64.859772
-59.786941
-55.801145
-52.902384
-45.293137
-36.596855
-23.190086
-14.493804
-14.131459
-14.131459
-14.131459
-13.769114
-8.696282
-0.724690
7.246902
13.044424
19.928980
26.088847
30.074643
36.959200
43.119067
51.815349
56.525835
55.438800
56.525835
53.264729
43.481412
35.509820
28.262918
17.754910
9.058627
-1.811725
-7.246902
-7.609247
-14.131459
-12.319733
-5.797522
-8.696282
-13.044424
-16.305529
-21.016016
-21.378361
-20.291325
-23.552431
-27.900573
-31.161678
-35.872165
-34.785129
-34.785129
-35.147474
-34.422784
-39.857961
-41.307341
-34.060439
-35.509820
-34.785129
-28.987608
-21.378361
-10.508008
2.536416
25.364157
40.582651
51.453004
61.598667
69.570259
75.730125
82.614682
84.064063
77.541851
73.918400
63.410392
63.410392
61.236321
55.801145
55.801145
46.742518
41.307341
42.756722
39.133271
29.712298
23.914776
9.420973
-3.623451
-9.420973
-23.552431
-27.900573
-30.799333
-38.408580
-46.380172
-53.627074
-56.888180
-63.772737
-68.845569
-74.280745
-77.179506
-81.889992
-85.151098
-81.889992
-77.179506
-71.381984
-60.149286
-48.554243
-31.161678
-14.493804
-2.536416
9.058627
14.131459
19.566635
21.740706
21.016016
21.378361
21.016016
21.378361
21.016016
21.016016
21.016016
18.841945
11.232698
7.246902
6.884557
6.884557
6.884557
6.884557
6.884557
2.174071
-2.536416
-7.246902
-6.884557
-7.246902
-6.522212
-6.884557
-1.449380
0.000000
1.811725
8.333937
5.072831
0.724690
