-222.669207
-332.062954
-450.984544
-579.433976
-695.885384
-803.514715
-902.321970
-976.780295
-1038.534830
-1084.762510
-1114.051803
-1132.048839
-1135.930553
-1126.402710
-1096.054767
-1048.062672
-984.190839
-911.144047
-825.040582
-731.879455
-639.424095
-550.144682
-452.043193
-352.177288
-255.134448
-159.856024
-64.577599
35.288305
121.744654
185.616487
227.962453
256.193098
256.898864
237.843179
196.908744
139.741690
69.517962
-8.116310
-93.514009
-181.734773
-267.132472
-328.534124
-359.234950
-377.231985
-372.644506
-339.826382
-274.895899
-195.850095
-106.217799
1.764415
115.392759
233.255699
352.530172
471.451761
576.963794
668.360505
756.934152
837.038605
904.086386
956.313078
984.896605
1001.834992
1026.889689
1075.587550
1140.870915
1212.859059
1287.317383
1349.777684
1381.184276
1376.949679
1339.544075
1288.728915
1217.446538
1125.344061
985.955254
802.103183
596.372362
359.940716
101.630320
-177.500176
-460.159503
-720.587197
-949.608300
-1148.281460
-1321.194156
-1471.875221
-1589.032395
-1663.843602
-1694.897311
-1679.017574
-1628.908180
-1558.684452
-1466.581975
-1372.362199
-1275.672242
-1178.629402
-1080.527913
-976.780295
-882.560519
-798.574352
-725.527560
-647.893288
-552.614863
-446.044181
-316.888983
-179.617475
-30.347943
139.741690
314.418802
468.275813
602.724257
716.705484
804.926247
859.270238
859.270238
809.866610
706.118992
559.319641
385.701179
193.379914
3.528831
-172.912697
-343.708095
-486.272849
-597.783894
-674.712400
-696.591150
-674.712400
-599.548310
-485.214200
-332.062954
-143.623403
63.871833
275.601666
485.214200
666.243207
804.220481
912.555579
1000.423460
1076.999083
1123.226763
1145.811278
1159.926600
1165.572729
1165.925612
1171.218858
1187.451479
1241.442586
1325.428753
1423.177359
1517.750018
1591.855459
1633.495660
1629.966829
1556.214271
1418.236996
1219.916720
970.781283
676.123933
322.182229
-76.575623
-515.915026
-951.019832
-1349.071918
-1701.602089
-1999.082504
-2234.102618
-2397.840356
-2486.414002
-2483.943821
-2397.134590
-2247.865058
-2053.779378
-1834.639001
-1610.911144
-1381.890042
-1168.748677
-973.251464
-796.457054
-659.891312
-553.673513
-476.039241
-418.166420
-351.118639
-264.662291
-154.562778
-19.055685
138.683040
327.828358
533.912062
742.818830
934.787212
1092.878820
1222.386901
1324.722987
1378.714094
1367.421836
1270.026113
1091.467288
844.449150
549.791799
238.196062
-83.280401
-408.285694
-708.942057
-977.486061
-1196.273555
-1339.191192
-1403.063025
-1379.772743
-1277.789541
-1109.111440
-899.146023
-639.424095
-327.122592
5.646129
324.299527
604.135789
833.862658
1020.184911
1166.278495
1262.615569
1313.077846
1326.134519
1316.253793
1303.902887
1300.726939
1313.783612
1362.128591
1448.937822
1565.389230
1700.190557
1835.344767
1961.324017
2060.484156
2101.418590
2063.307220
1940.151034
1733.361564
1449.996471
1082.998094
625.308773
106.217799
-449.925895
-1013.480133
-1560.801750
-2063.307220
-2499.117792
-2861.881572
-3118.074670
-3254.993295
-3265.226904
-3156.538923
-2971.275319
-2725.315830
-2432.070012
-2093.302280
-1734.067330
-1389.653469
-1065.001059
-782.694615
-545.557202
-364.881078
-245.959489
-149.975298
-57.519938
29.995060
107.276449
195.144329
332.768720
523.325570
739.289999
960.194791
1174.394806
1379.066977
1557.978686
1694.544428
1777.119063
1785.235373
1700.543440
1506.810643
1210.741760
852.565460
461.923918
38.817136
-407.579928
-848.330863
-1246.735832
-1580.563201
-1831.463053
-1982.497000
-2001.199802
-1903.098313
-1715.717411
-1452.819536
-1111.934505
-693.768085
-238.196062
200.084692
605.547322
976.427412
1304.608653
1556.920037
1715.364528
1797.233397
1831.110170
1833.227468
1799.350695
1751.358600
1707.601101
1673.371445
1655.021526
1676.194509
1750.652834
1882.278213
2027.666031
2137.412661
2192.462418
2168.113487
2065.424518
1873.103254
1610.558261
1276.730891
830.333827
256.193098
-417.107770
-1114.757569
-1772.178700
-2384.077917
-2964.570541
-3478.368269
-3854.541605
-4071.917567
-4144.258593
-4092.031901
-3903.592349
-3569.059214
-3135.718823
-2646.975792
-2130.355000
-1602.441951
-1086.174042
-627.426071
-269.249771
13.762439
249.135437
441.809584
577.669560
654.598066
704.001694
746.700543
818.688687
933.022796
1095.349001
1292.610629
1490.930905
1670.901263
1830.404404
1981.438351
2091.890747
2115.886795
2035.076576
1856.870633
1589.385278
1229.797445
776.342720
248.782553
-315.477451
-892.088362
-1455.642600
-1962.382666
-2363.963582
-2644.505611
-2794.128026
-2818.124074
-2691.086174
-2407.368198
-1982.849884
-1450.702237
-861.740419
-252.664267
345.472510
903.733503
1399.181311
1809.231421
2109.182017
2289.505258
2360.081869
2362.199167
2318.794551
2239.395864
2138.471311
2035.782342
1964.147082
1950.737526
2002.258452
2107.770485
2245.747759
2387.606747
2474.768862
2479.356341
2393.958642
2224.221893
1968.381678
1591.149693
1076.646199
424.518315
-330.651422
-1129.225775
-1931.328958
-2696.732303
-3395.793634
-4015.456278
-4501.023361
-4824.264239
-4963.300162
-4913.543652
-4701.108053
-4323.523184
-3812.901404
-3199.590656
-2530.877267
-1858.635048
-1198.037970
-586.491637
-49.050745
386.054062
714.941069
967.605336
1144.046863
1243.912767
1282.024137
1286.611617
1310.254782
1363.540123
1446.820524
1548.803726
1655.021526
1783.823841
1912.979039
2028.724681
2121.885807
2144.823206
2085.538852
1912.626156
1627.143765
1243.559884
760.110100
206.436587
-405.815513
-1047.004023
-1683.605053
-2273.625521
-2766.956031
-3123.720799
-3319.218011
-3358.388030
-3232.761663
-2937.398546
-2478.650575
-1882.278213
-1199.802385
-485.214200
234.314348
918.907474
1523.043263
2023.431435
2403.133602
2658.268050
2780.012704
2798.362623
2740.842685
2632.507587
2498.412026
2351.612676
2221.751711
2138.471311
2119.768509
2167.407721
2267.273626
2386.900981
2484.649587
2514.291764
2467.711201
2327.263745
2093.655163
1751.358600
1263.321335
638.012563
-108.687981
-930.905498
-1779.589244
-2624.391277
-3416.260851
-4129.437504
-4713.458960
-5133.036912
-5352.883055
-5360.293599
-5188.086668
-4837.320912
-4318.935705
-3666.454937
-2926.106288
-2152.586633
-1378.361211
-645.423107
-6.704778
529.324582
946.785235
1269.320347
1506.104877
1633.848543
1674.782977
1655.374409
1630.672595
1626.437998
1654.315760
1717.481827
1802.173760
1912.273273
2023.078552
2125.767521
2215.399817
2255.981368
2210.812337
2049.191898
1773.237349
1394.240949
899.851789
306.302491
-357.823417
-1062.530877
-1768.296986
-2440.892088
-3027.736608
-3472.016374
-3749.735338
-3860.187734
-3798.080316
-3534.476674
-3062.672030
-2419.366222
-1665.255134
-859.623121
-33.171007
763.638930
1473.992519
2068.247583
2541.463759
2887.289152
3088.432493
3145.952431
3091.255558
2957.865763
2784.600183
2581.692427
2386.548098
2249.982356
2185.757640
2204.107559
2286.682194
2408.073964
2536.876279
2613.099019
2613.451902
2540.405110
2369.256828
2077.069659
1621.144753
1003.246524
261.839226
-582.257040
-1501.164514
-2439.480556
-3331.216035
-4130.143271
-4818.970993
-5357.823417
-5691.297904
-5771.402357
-5619.662644
-5281.953561
-4773.449079
-4110.028936
-3309.337286
-2446.538217
-1582.327617
-751.640906
8.469193
652.833651
1146.517044
1505.399111
1765.473922
1928.505893
1980.379702
1939.445268
1863.222528
1808.172772
1775.354647
1764.768156
1794.410332
1863.928294
1951.443292
2027.313148
2104.594537
2175.876914
2185.757640
2070.364881
1809.937187
1441.174395
980.662009
406.874162
-284.070859
-1046.651140
-1806.055473
-2531.583033
-3203.825252
-3768.085257
-4143.199944
-4305.879032
-4284.706048
-4078.269462
-3644.223304
-2975.509916
-2150.469334
-1261.909803
-350.412873
566.024420
1426.000423
2151.880867
2721.081234
3146.658197
3431.081939
3542.240102
3492.130708
3340.038111
3137.483238
2899.287176
2622.273978
2365.727998
2201.284494
2151.175101
2190.345120
2286.682194
2441.244971
2612.746136
2718.258169
2710.494742
2600.042346
2403.486485
2072.129296
1544.922013
831.039593
-5.293246
-924.200720
-1908.744442
-2919.048627
-3857.011786
-4657.703437
-5318.653398
-5819.394453
-6083.703861
-6046.298257
-5747.406310
-5262.544993
-4634.413155
-3848.189710
-2928.223587
-1984.967182
-1090.408639
-253.017150
512.386195
1145.811278
1586.915096
1858.635048
2024.490084
2102.124356
2060.484156
1922.506881
1778.883478
1692.780013
1646.905216
1622.203402
1638.436022
1731.597149
1872.044604
1987.084480
2087.656151
2175.171148
2216.105583
2120.121392
1819.817912
1373.773731
840.920319
196.202978
-575.905145
-1421.412944
-2242.218929
-3000.211730
-3678.452961
-4233.185122
-4575.834568
-4644.293881
-4493.612817
-4156.609500
-3601.171572
-2819.888489
-1869.927306
-872.679794
105.159150
1054.767450
1931.328958
2655.444986
3178.417672
3530.242078
3732.091185
3767.026607
3619.168608
3349.213071
3058.790317
2762.368551
2453.595878
2158.232762
1953.560590
1899.216600
1962.029783
2097.183993
2302.561931
2556.284847
2782.482885
2878.819959
2823.417320
2648.740207
2338.203119
1840.638013
1117.227751
222.316324
-774.578305
-1838.167831
-2926.106288
-3962.523820
-4861.316960
-5581.904157
-6096.054767
-6357.188228
-6319.429741
-5980.662009
-5418.519303
-4699.343638
-3837.250335
-2857.999859
-1842.049545
-886.089350
-28.936410
725.880443
1335.662361
1746.771120
1962.735549
2044.604418
2038.605406
1928.153010
1725.598137
1495.518385
1329.663350
1254.146376
1241.089703
1288.728915
1416.825464
1632.084127
1891.100289
2111.299315
2278.918766
2384.077917
2359.023220
2155.409697
1747.124003
1176.512104
485.567083
-330.651422
-1242.148352
-2182.228809
-3060.554732
-3828.075376
-4442.091891
-4840.849742
-4967.181876
-4810.854683
-4396.922860
-3760.321829
-2909.167902
-1893.217588
-799.280119
284.070859
1284.847202
2191.756652
2949.396570
3499.541252
3830.545557
3961.112287
3915.237490
3699.978827
3352.036135
2940.574494
2540.405110
2168.113487
1833.933235
1586.209330
1489.519373
1555.508504
1765.121039
2056.955325
2396.428823
2740.842685
2998.447315
3088.432493
2989.625238
2720.022585
2274.684170
1615.145741
717.764133
-362.410897
-1523.043263
-2675.559320
-3783.612111
-4792.857647
-5631.660668
-6219.210953
-6507.516409
-6494.459736
-6186.392829
-5611.193450
-4813.324864
-3852.424307
-2810.007763
-1751.711483
-731.173689
189.145317
958.077493
1535.394170
1914.037688
2099.654175
2122.944456
2018.138189
1795.116099
1507.869292
1205.801397
948.902534
796.809937
757.287035
828.569412
994.777331
1254.146376
1595.384290
1963.794199
2278.565883
2483.238055
2545.345473
2427.835415
2109.182017
1568.212294
831.039593
-54.696873
-1036.770414
-2061.542805
-3070.082575
-3971.345896
-4677.112005
-5135.154210
-5326.416825
-5221.610558
-4792.504764
-4067.682970
-3119.839085
-2028.371798
-859.623121
338.414849
1486.696309
2484.296704
3275.813395
3851.012774
4202.484297
4316.112640
4209.894841
3927.235514
3515.068106
3024.207778
2499.470675
2004.375750
1603.500600
1328.957583
1218.505187
1276.730891
1497.635684
1862.869645
2287.035077
2714.376456
3078.904651
3309.690169
3327.687204
3085.962312
2630.390289
1976.850872
1088.644223
-53.285341
-1367.068953
-2693.909238
-3912.767309
-5001.764415
-5945.373703
-6647.610982
-6975.439339
-6920.742466
-6558.331569
-5935.140095
-5058.931470
-3950.172913
-2749.664761
-1589.738161
-509.916014
475.333474
1316.959560
1921.095349
2253.864069
2370.668361
2323.734914
2131.766533
1789.822853
1385.418872
1011.009951
701.884396
495.447809
410.050109
489.801680
717.058367
1028.301221
1412.590867
1861.458113
2320.206084
2670.266074
2800.832804
2722.845649
2462.417955
1987.790246
1242.854118
256.193098
-845.860682
-1956.736538
-3039.734632
-4048.627285
-4883.548592
-5434.046157
-5666.948973
-5586.138754
-5178.205943
-4434.681347
-3394.029219
-2183.640342
-912.202696
377.584868
1632.084127
2760.604136
3633.283930
4221.187099
4555.014468
4644.646764
4486.202273
4108.617404
3611.052297
3050.674007
2451.125697
1860.752347
1359.658409
1038.534830
908.320982
950.666949
1167.337144
1551.273908
2060.131272
2592.631802
3064.436446
3413.790670
3553.885242
3418.378149
2998.800198
2342.437716
1490.578022
392.053074
-946.079469
-2386.548098
-3730.326770
-4872.962100
-5856.094290
-6648.669631
-7108.123368
-7125.061755
-6742.536523
-6084.056744
-5191.262616
-4062.036841
-2774.719458
-1504.340462
-372.997389
622.132825
1482.461712
2132.472299
2479.003458
2524.525372
2382.666384
2119.062743
1733.008681
1246.382949
743.524596
336.297551
60.695885
-78.340038
-22.231632
231.138401
621.779942
1069.588538
1552.685440
2082.362905
2560.166561
2846.001835
2864.704637
2646.270026
2229.515139
1569.270944
628.484720
-508.151599
-1682.546404
-2803.302985
-3864.775213
-4794.622062
-5445.691298
-5717.058367
-5632.366434
-5255.134448
-4563.483662
-3539.769920
-2271.508222
-924.553603
394.876138
1658.903239
2817.771191
3749.029572
4364.104736
4683.111017
4751.570330
4581.833580
4162.608512
3569.059214
2923.283224
2286.682194
1660.314772
1095.701884
706.471875
546.262968
596.019479
809.160844
1199.449502
1757.710495
2390.076929
2969.158021
3415.555085
3679.511610
3694.685581
3394.734985
2794.833792
1976.850872
956.665961
-307.008257
-1769.002752
-3228.174183
-4486.555156
-5515.562143
-6377.655445
-6987.084480
-7160.702943
-6848.401440
-6198.743736
-5355.706119
-4309.407862
-3038.323100
-1705.130920
-530.383231
434.751923
1265.791517
1955.325005
2350.201143
2384.077917
2166.701955
1857.223516
1477.521349
971.134166
417.107770
-31.406592
-297.480415
-400.522267
-349.001341
-70.929494
419.930835
1000.423460
1575.622839
2136.354012
2679.441033
3092.314207
3206.295434
2999.858847
2557.343496
1902.039664
980.309126
-183.852071
-1429.529254
-2617.333616
-3711.976851
-4687.345614
-5416.049121
-5757.287035
-5683.181594
-5274.543016
-4581.127814
-3570.117863
-2285.270661
-900.204672
445.691298
1709.365516
2857.294093
3786.788058
4395.158444
4692.285976
4748.041499
4578.657633
4170.371939
3562.001553
2897.169878
2261.627497
1664.549368
1128.520008
719.175665
556.849460
621.074176
861.034653
1267.203049
1794.763215
2397.134590
2953.278284
3369.680288
3598.701390
3545.063166
3174.183076
2524.878255
1668.783965
615.428047
-701.178629
-2182.228809
-3608.934999
-4808.737384
-5779.518668
-6587.973746
-7107.417602
-7136.001129
-6677.958924
-5927.376667
-5015.879737
-3888.418378
-2542.169525
-1164.161197
8.116310
925.612252
1723.833722
2366.786647
2692.144823
2645.564260
2354.788623
2002.258452
1571.741125
1013.833016
431.223093
-9.174959
-253.722916
-358.176300
-306.302491
-25.407580
455.924906
1007.834004
1520.573082
2022.725669
2512.880231
2846.707601
2883.407439
2592.631802
2077.069659
1348.366151
356.059002
-840.214553
-2084.127320
-3225.704002
-4237.772602
-5117.510057
-5718.117016
-5885.030701
-5627.426071
-5057.167055
-4209.541958
-3056.673019
-1683.605053
-246.665255
1122.168113
2374.550074
3486.837462
4323.876067
4816.853695
5000.000000
4929.423389
4643.940998
4120.615428
3425.082928
2700.261133
2041.781354
1458.818548
956.313078
632.366434
554.379279
700.472863
1024.772390
1476.109817
2055.190910
2670.266074
3186.533983
3535.182441
3633.989696
3426.494460
2897.522761
2104.947420
1135.577670
-57.519938
-1490.930905
-3002.329028
-4370.809514
-5457.689322
-6320.135507
-6978.615287
-7283.153363
-7076.716776
-6414.708166
-5521.208272
-4472.439833
-3232.408780
-1841.696662
-506.034300
549.086033
1362.128591
2048.839015
2524.525372
2643.094079
2398.546122
2003.669984
1599.618886
1121.109464
554.026396
22.937399
-302.067895
-407.227045
-370.174324
-174.324229
239.960477
833.156892
1436.939798
1948.973110
2399.604771
2780.012704
2975.509916
2831.533630
2341.026184
1631.025478
730.115040
-374.056038
-1632.084127
-2871.056532
-3935.351824
-4816.147929
-5485.919966
-5820.805985
-5726.233326
-5224.433623
-4424.447738
-3375.326417
-2097.536876
-675.065283
734.349637
2017.432423
3123.015033
4003.811137
4600.889265
4879.313995
4866.610205
4635.471805
4213.423671
3612.463829
2912.696732
2217.869998
1631.731244
1170.160209
836.685722
686.710424
763.991813
1044.886725
1476.815583
1986.731597
2541.110876
3061.260498
3455.430870
3639.635825
3516.479639
3065.142212
2348.436728
1451.760886
354.647470
-990.542734
-2485.355353
-3899.357753
-5055.402640
-5951.019832
-6657.491707
-7070.717764
-7030.136213
-6509.280824
-5670.830687
-4691.580210
-3571.176512
-2288.093726
-963.017856
169.736749
1009.951302
1671.607029
2184.346108
2416.190275
2278.565883
1887.924342
1488.813607
1094.290352
623.897240
131.272496
-228.315336
-335.238902
-259.721928
-57.872821
302.420778
829.275178
1435.175383
1975.439339
2411.602795
2764.485849
2970.922436
2908.462136
2481.120757
1788.764204
921.377655
-132.331145
-1338.485426
-2591.573153
-3708.095137
-4615.710354
-5319.359164
-5728.703508
-5736.819818
-5334.533136
-4606.535394
-3637.871409
-2438.774790
-1066.412591
340.532148
1627.849531
2730.256193
3645.281954
4302.350201
4648.528478
4692.991743
4498.200296
4155.550850
3654.104030
3010.092455
2337.497353
1757.004729
1328.604700
1012.421484
838.803021
874.797092
1141.576681
1582.680500
2076.716776
2587.338556
3084.903663
3485.425930
3709.153786
3631.166631
3216.881925
2510.057167
1614.087092
566.730186
-707.530524
-2173.406733
-3623.756087
-4848.260287
-5766.109111
-6467.640624
-6935.210671
-7021.667020
-6624.320700
-5842.684734
-4896.605265
-3844.660879
-2648.034441
-1366.010304
-203.966406
664.125909
1304.255770
1818.406380
2121.532924
2094.360929
1763.709507
1362.834357
1007.481121
620.721293
207.142353
-113.981227
-214.905780
-111.511045
112.216811
474.980591
1000.070577
1614.792858
2152.233750
2542.875291
2840.355706
3027.030842
2979.038747
2568.635754
1852.283153
971.487049
-49.756511
-1218.505187
-2464.888136
-3603.994636
-4496.082998
-5164.796386
-5580.139742
-5626.014539
-5247.371021
-4509.845437
-3561.295787
-2437.363258
-1156.397770
176.088644
1424.941774
2484.296704
3350.271720
3981.932388
4330.933729
4390.570965
4211.306373
3898.299104
3473.075023
2923.988990
2332.909874
1807.819888
1439.057096
1203.684099
1066.765474
1087.232691
1310.960548
1705.836686
2167.407721
2626.508575
3046.792293
3377.443715
3551.062178
3457.548169
3042.204813
2351.612676
1474.698285
467.922930
-742.818830
-2141.647258
-3524.243066
-4683.111017
-5536.735126
-6180.746701
-6623.262051
-6711.129932
-6346.954619
-5600.959842
-4682.052368
-3699.625944
-2597.219282
-1415.061049
-322.535112
491.213212
1064.648176
1519.161550
1808.878538
1820.876562
1557.625803
1212.506175
913.261345
606.958854
283.012210
37.052721
-17.644153
123.861952
365.586845
723.057379
1208.977345
1743.595173
2213.282518
2548.874303
2782.482885
2892.229515
2782.835768
2359.728986
1656.080175
798.927236
-180.323241
-1284.494319
-2447.596866
-3500.952784
-4327.757781
-4948.126191
-5332.768720
-5358.176300
-4982.002964
-4286.470464
-3388.030207
-2319.147435
-1107.699908
141.506105
1292.257746
2263.391912
3059.143200
3648.105018
3973.110311
4034.864846
3884.889548
3615.992660
3254.640412
2793.775143
2286.329310
1832.874585
1515.632719
1313.430729
1211.447526
1245.677183
1453.172419
1806.761239
2226.339191
2655.092102
3048.203825
3334.039099
3457.195285
3347.801539
2942.338909
2260.568847
1399.887077
436.163455
-695.885384
-2013.197826
-3341.096761
-4447.738020
-5240.313360
-5828.922295
-6252.029078
-6355.423813
-6021.596443
-5322.182229
-4463.970640
-3556.708307
-2555.226198
-1455.995483
-444.279766
293.598701
810.925259
1228.033030
1514.221187
1532.923989
1286.611617
1007.481121
794.692639
561.084057
286.188157
89.279413
109.393747
295.010234
536.735126
860.681770
1306.020185
1808.525655
2226.692074
2483.943821
2648.034441
2720.375468
2580.633778
2109.534900
1378.361211
536.382243
-390.994424
-1441.174395
-2568.635754
-3561.295787
-4287.176230
-4807.325852
-5111.158162
-5097.395723
-4690.874444
-3972.051662
-3085.609429
-2053.426494
-899.146023
285.482391
1359.305526
2235.514151
2945.867739
3480.132684
3775.495801
3814.312937
3647.046369
3392.617686
3079.610417
2688.263110
2257.392900
1879.455149
1640.200438
1512.456772
1471.875221
1542.451831
1767.591220
2118.004093
2482.532289
2807.890465
3077.140236
3251.817348
3276.166278
3056.320136
2546.757005
1805.349707
932.669913
-6.704778
-1094.290352
-2353.729974
-3579.292822
-4547.956807
-5224.433623
-5711.765121
-6032.535818
-6039.240596
-5627.073188
-4907.897523
-4097.678030
-3250.405816
-2307.502294
-1286.258734
-386.054062
230.432635
656.009598
1008.892653
1255.557908
1258.380973
1033.594467
807.749312
674.359517
536.029360
368.762792
282.659327
381.466582
624.955890
904.439269
1225.915732
1637.024490
2069.659115
2379.137554
2513.938881
2546.404122
2477.944809
2206.224857
1634.201426
845.154916
-7.057661
-914.672877
-1911.214623
-2922.930341
-3757.851648
-4323.170301
-4692.285976
-4858.493895
-4707.812831
-4185.545910
-3401.086880
-2507.234103
-1520.925965
-445.691298
627.426071
1560.448867
2281.388948
2843.178771
3260.639424
3467.781777
3437.433834
3249.700049
3033.382737
2792.363611
2487.472652
2151.880867
1901.333898
1798.292046
1779.942127
1794.763215
1906.274261
2159.291411
2491.354365
2780.012704
2975.157033
3114.192956
3174.183076
3070.082575
2695.320771
2056.955325
1262.968452
414.284706
-510.268897
-1601.030419
-2787.776131
-3860.540617
-4659.114969
-5190.909733
-5568.141718
-5741.407298
-5578.728209
-5088.573647
-4378.220058
-3611.758063
-2812.125062
-1932.740490
-1053.355918
-339.826382
133.036912
472.510410
753.052438
893.852777
828.216529
640.129861
514.856377
476.039241
418.519303
370.880090
446.044181
685.298892
993.012916
1295.786576
1634.907192
2025.548733
2380.196203
2573.929000
2596.160632
2514.644647
2329.028160
1936.622203
1272.849178
438.280754
-418.519303
-1303.197120
-2260.215964
-3182.299386
-3891.241443
-4327.404898
-4575.834568
-4647.116945
-4423.389089
-3861.952149
-3086.668078
-2230.220905
-1295.080810
-293.951584
676.476816
1503.281812
2149.763568
2662.855530
3038.675983
3220.410756
3198.179123
3041.499047
2858.705625
2679.793916
2450.419931
2194.932599
2012.492060
1951.796175
1969.440327
2029.783330
2163.173124
2397.134590
2673.442021
2907.403486
3079.610417
3179.476322
3179.476322
3013.621286
2609.570188
1952.149058
1131.695956
259.016162
-663.773026
-1710.071282
-2839.649940
-3852.424307
-4590.655657
-5054.696873
-5357.470534
-5494.389159
-5332.062954
-4845.084339
-4153.786435
-3421.554097
-2689.321759
-1900.628132
-1089.349989
-435.457689
-18.349919
255.134448
477.097890
612.252100
560.378291
394.523255
296.774649
293.598701
308.772673
333.474487
451.337427
730.820806
1091.114405
1432.705201
1767.944103
2122.238690
2438.774790
2618.745148
2616.274966
2473.004446
2205.519091
1744.300939
1041.357894
202.907756
-665.537441
-1565.742113
-2492.060131
-3337.920813
-3951.584445
-4295.998306
-4438.915943
-4384.924836
-4052.861882
-3431.434822
-2616.627850
-1743.242290
-836.685722
87.867881
955.254429
1663.490719
2182.228809
2556.990613
2806.831816
2901.757358
2816.359658
2638.153716
2472.651563
2337.144470
2184.698991
2032.959277
1968.734561
2023.431435
2136.706895
2276.448585
2470.181382
2730.961959
2996.330016
3168.536947
3228.879949
3212.647329
3106.782412
2798.009740
2224.927659
1448.232056
603.782906
-236.078763
-1166.278495
-2243.630461
-3293.457548
-4099.795328
-4628.061260
-4977.415485
-5211.376950
-5210.671184
-4877.196697
-4298.468488
-3629.755099
-2972.333969
-2285.270661
-1547.745077
-879.737455
-416.754887
-129.155198
97.042840
263.250759
303.832310
219.493260
146.446468
173.618463
241.724892
326.416825
490.860329
770.343708
1129.931541
1493.401087
1851.930270
2221.045945
2530.171501
2697.438069
2711.906274
2594.749100
2361.846284
1955.325005
1313.430729
514.503494
-318.653398
-1160.985249
-2046.015950
-2910.932317
-3611.758063
-4041.922507
-4262.121533
-4325.287600
-4135.436516
-3656.927094
-2969.510904
-2167.407721
-1316.606677
-428.400028
442.162467
1180.040934
1757.357612
2188.227821
2479.709224
2630.037406
2626.861458
2503.352389
2365.022232
2254.569836
2142.000141
2029.783330
1974.733573
2019.549721
2142.000141
2286.682194
2473.357329
2739.078269
3011.151105
3214.058861
3332.274684
3353.800550
3273.343214
3047.850942
2606.041358
1947.561578
1126.402710
254.075799
-607.664620
-1533.276872
-2568.635754
-3526.713247
-4218.011151
-4636.177571
-4878.255346
-5020.114334
-4932.246454
-4532.077070
-3924.059567
-3268.755734
-2666.737243
-2062.954337
-1405.180323
-842.331851
-506.387183
-329.945656
-182.087656
-47.286329
-24.701814
-119.274472
-156.327193
-56.814172
99.160138
269.249771
512.739078
878.325923
1313.783612
1726.656786
2099.654175
2462.065072
2755.310890
2875.644012
2806.126050
2592.631802
2268.332275
1778.177712
1063.589526
196.908744
-667.654739
-1494.459736
-2332.204108
-3131.484226
-3729.268121
-4034.159080
-4134.024984
-4082.504058
-3801.609147
-3245.465453
-2503.352389
-1707.248218
-910.085398
-101.277437
676.123933
1317.665326
1777.119063
2090.126332
2278.565883
2356.905921
2309.972475
2186.463406
2073.540829
2011.786294
1971.557626
1951.443292
2001.552685
2152.939516
2363.963582
2565.459807
2798.009740
3094.078622
3362.269744
3497.423954
3505.540264
3435.316536
3282.165290
2943.397558
2339.261769
1525.866328
648.951937
-197.614511
-1074.528901
-2080.245607
-3105.017997
-3908.179829
-4406.097819
-4702.166702
-4911.426353
-4965.770344
-4712.400311
-4187.310325
-3575.411109
-2990.331004
-2427.835415
-1822.993860
-1239.325288
-822.923283
-598.136777
-454.513374
-320.064930
-232.549933
-242.783542
-272.072835
-181.734773
14.468205
229.373985
485.567083
849.742395
1313.077846
1766.885454
2156.821229
2515.350413
2817.418308
2976.921448
2944.103324
2753.899358
2427.129649
1942.621215
1270.026113
436.516338
-437.574988
-1276.730891
-2095.772461
-2895.052580
-3566.589032
-3971.345896
-4099.442445
-4054.979180
-3837.250335
-3379.561013
-2712.259157
-1932.034724
-1136.636319
-350.412873
412.520291
1066.765474
1547.745077
1882.631096
2097.889759
2203.048910
2200.931611
2102.830122
1987.084480
1907.685793
1871.691721
1896.746418
1975.792222
2131.413650
2350.201143
2580.986661
2822.711553
3105.017997
3388.030207
3563.060202
3581.763004
3470.957725
3296.633496
3011.151105
2490.648599
1725.598137
837.744372
-38.817136
-874.444209
-1769.708519
-2743.665749
-3607.170584
-4194.367986
-4508.433905
-4678.876420
-4765.685652
-4625.943962
-4188.721858
-3603.994636
-3024.207778
-2488.531301
-1941.209683
-1372.009316
-929.846849
-688.474839
-548.380267
-427.694262
-341.237914
-339.473498
-385.348296
-335.944668
-148.916649
89.279413
344.766744
682.828711
1135.930553
1633.142776
2065.777401
2421.130637
2738.372503
2952.219634
2970.569553
2797.303973
2487.119769
2057.308208
1461.994495
667.654739
-201.849107
-1033.947350
-1836.756299
-2605.688475
-3292.046016
-3767.732373
-3973.110311
-3977.697791
-3813.607171
-3439.198250
-2848.824899
-2120.474275
-1365.657421
-626.014539
110.805279
781.988849
1311.313431
1678.311807
1917.566518
2047.780366
2075.305244
2017.785306
1934.504905
1875.926318
1837.462065
1821.935211
1876.632084
2030.136213
2269.038041
2520.290776
2748.253229
3003.387677
3296.633496
3539.769920
3631.166631
3570.117863
3396.852283
3141.364952
2726.374479
2083.421554
1259.439622
371.938740
-468.628696
-1286.258734
-2186.110523
-3095.490155
-3810.078340
-4228.950526
-4415.625662
-4521.137695
-4520.079046
-4264.238831
-3769.849672
-3198.532006
-2673.089138
-2209.400805
-1733.008681
-1264.027101
-933.728562
-784.106147
-712.118004
-625.661656
-555.437928
-564.260004
-586.491637
-458.395088
-187.028019
123.861952
462.276801
883.972052
1388.947703
1888.630108
2301.503282
2630.390289
2881.290140
2989.272355
2900.345825
2633.213353
2231.985320
1730.538500
1101.348013
331.004305
-503.211236
-1308.843249
-2024.137201
-2662.502647
-3221.822288
-3585.997600
-3717.975863
-3684.804856
-3477.309620
-3081.021949
-2522.408074
-1870.985955
-1204.036982
-524.031336
142.917637
718.469899
1183.216882
1541.393182
1774.295998
1891.453172
1932.740490
1928.858776
1894.629120
1851.930270
1842.755311
1883.689745
1953.207707
2062.248571
2263.039029
2511.115816
2745.430164
2976.921448
3193.944527
3367.210107
3439.198250
3390.147505
3222.528054
2928.929353
2496.294728
1906.274261
1156.397770
309.478439
-510.621780
-1283.435669
-2127.179053
-3004.446326
-3690.098101
-4071.917567
-4244.830263
-4370.809514
-4390.923848
-4125.555791
-3631.519514
-3093.725739
-2614.157668
-2167.054838
-1673.371445
-1212.859059
-913.614228
-770.343708
-684.240243
-571.317665
-488.037264
-513.091961
-525.795751
-365.939728
-78.340038
199.026043
500.035288
927.729550
1435.881149
1887.924342
2224.221893
2523.113840
2770.837744
2832.945162
2686.498694
2398.546122
2011.786294
1509.633707
841.978968
49.756511
-745.641894
-1479.638648
-2153.292399
-2776.130990
-3292.398899
-3563.060202
-3572.588044
-3448.020326
-3202.413720
-2756.369539
-2124.003105
-1435.881149
-780.224434
-144.329169
474.980591
985.249488
1336.721011
1592.914108
1771.825817
1839.579363
1814.171783
1762.297974
1725.951020
1723.480838
1750.299951
1816.994848
1935.210671
2109.182017
2346.319430
2591.926036
2795.539558
2997.741548
3216.529042
3344.625591
3317.100713
3173.477310
2967.746489
2669.560308
2186.110523
1526.924977
789.399393
10.233609
-734.702520
-1436.234032
-2192.109535
-2923.636107
-3461.782765
-3736.678665
-3840.073400
-3915.590373
-3903.239466
-3643.870421
-3213.353095
-2780.365587
-2407.368198
-2070.364881
-1711.129932
-1368.480486
-1160.985249
-1074.881784
-1010.657068
-919.613240
-785.870562
-694.120968
-617.898229
-377.584868
-18.349919
341.237914
709.647823
1130.637307
1603.500600
2024.137201
2291.622556
2489.237067
2626.508575
2586.985673
2392.899993
2076.363893
1651.845578
1146.517044
542.028372
-132.684029
-795.751288
-1435.881149
-2028.724681
-2532.641683
-2931.399534
-3137.483238
-3141.012069
-3047.498059
-2837.885525
-2457.477592
-1940.856800
-1367.774719
-820.805985
-295.716000
238.548945
695.885384
1030.771402
1308.490366
1521.631731
1647.258099
1703.719387
1731.950032
1783.118075
1846.989908
1911.920390
2005.787282
2128.590585
2261.274614
2427.482532
2601.453878
2725.315830
2835.415343
2941.280260
3001.623262
2979.744513
2854.471028
2649.093091
2391.135578
2019.549721
1517.750018
905.497918
210.318301
-450.278778
-1054.061684
-1721.010657
-2432.775778
-3039.381749
-3420.495448
-3594.113911
-3731.738302
-3831.251323
-3708.448020
-3384.854259
-3005.504976
-2662.149764
-2342.437716
-1961.676900
-1566.447879
-1289.787564
-1130.284424
-991.954266
-820.100219
-636.601030
-518.385207
-426.282730
-224.433623
89.632296
401.933799
698.002682
1034.653116
1427.411956
1789.822853
2033.665043
2219.281530
2370.668361
2383.372150
2226.339191
1962.382666
1637.377373
1245.677183
724.116028
97.395723
-524.737102
-1121.815230
-1701.602089
-2227.750723
-2670.971840
-2947.279272
-3037.264451
-3025.619310
-2905.639071
-2609.217305
-2137.059778
-1603.500600
-1082.645211
-558.613875
10.586492
544.851436
946.785235
1254.146376
1511.751006
1706.895335
1812.760251
1856.870633
1884.748394
1935.563554
1975.792222
2000.846919
2058.366857
2153.645282
2281.036065
2419.719105
2517.114828
2603.218293
2718.258169
2818.829840
2852.706613
2784.600183
2628.272990
2421.130637
2127.179053
1704.072270
1155.339121
502.152587
-175.735761
-799.280119
-1422.118710
-2103.888771
-2759.545487
-3238.054909
-3481.191333
-3585.644717
-3674.218364
-3663.278989
-3429.670407
-3062.672030
-2685.087162
-2366.433764
-2068.247583
-1708.659750
-1380.125626
-1182.511116
-1070.294304
-954.548663
-777.048486
-615.428047
-519.796739
-380.055050
-95.631308
263.603642
596.019479
911.144047
1274.260710
1669.842614
1980.379702
2170.936552
2294.092738
2341.379067
2250.335239
2001.552685
1662.079187
1289.434681
844.802033
282.659327
-320.064930
-885.030701
-1397.064013
-1866.045592
-2310.325358
-2644.858494
-2781.424236
-2795.892441
-2752.840709
-2600.395229
-2281.741831
-1833.933235
-1382.948691
-958.783259
-484.861317
39.875785
490.507446
832.451126
1121.109464
1403.415908
1648.316748
1785.588256
1866.751359
1958.148070
2068.600466
2155.056814
2191.756652
2225.986308
2308.560943
2408.779730
2475.474628
2506.175453
2539.699344
2589.102971
2612.746136
2588.044322
2510.762933
2373.844308
2162.820241
1875.220552
1524.101913
1069.235655
477.803656
-157.032959
-735.408286
-1285.200085
-1907.332910
-2552.403134
-3049.262474
-3310.748818
-3419.789682
-3525.301715
-3571.529395
-3424.024278
-3089.844026
-2701.672666
-2389.724045
-2117.651210
-1778.883478
-1418.589879
-1183.216882
-1063.236643
-923.142071
-718.469899
-539.558190
-432.987508
-295.363117
-21.878749
323.593761
635.542381
925.612252
1249.558896
1605.970781
1893.570471
2061.895688
2161.408709
2198.814313
2110.240666
1863.575411
1514.926953
1135.224787
715.293952
208.553885
-368.409909
-923.142071
-1400.945727
-1826.522690
-2216.458466
-2524.878255
-2677.676618
-2693.909238
-2638.859482
-2484.649587
-2190.698003
-1796.174748
-1384.360223
-973.604348
-526.148634
-54.696873
375.467570
719.881431
1030.065636
1317.312443
1566.094996
1749.594184
1874.514786
1994.847907
2131.413650
2235.514151
2284.212012
2332.204108
2404.545134
2478.650575
2506.881220
2499.823558
2493.471663
2498.412026
2479.709224
2423.953702
2342.437716
2206.577740
1992.024843
1723.480838
1417.178347
1035.711765
521.208272
-72.341026
-625.308773
-1122.168113
-1669.489731
-2263.744795
-2774.719458
-3094.784388
-3233.114546
-3336.156398
-3426.494460
-3366.151457
-3097.960336
-2738.725386
-2451.125697
-2233.043969
-1934.504905
-1557.272920
-1277.789541
-1140.870915
-1012.421484
-795.751288
-555.085045
-397.346319
-271.367069
-32.112358
318.653398
652.833651
924.553603
1195.214906
1511.751006
1814.171783
1979.321053
2012.492060
2008.257463
1951.090409
1749.594184
1397.064013
995.835980
622.838591
197.261627
-330.651422
-865.975016
-1302.138471
-1661.020538
-2006.493048
-2319.853201
-2500.529325
-2507.586986
-2432.775778
-2317.030136
-2111.652198
-1786.999788
-1390.006352
-991.954266
-607.664620
-195.497212
237.843179
623.544357
931.258381
1212.506175
1495.871268
1739.360576
1903.451196
2020.961253
2156.821229
2283.153363
2346.319430
2355.494389
2369.256828
2402.780718
2391.135578
2335.027172
2277.154351
2225.633425
2167.407721
2098.595525
2017.079540
1921.095349
1782.412309
1587.267979
1361.775708
1108.758557
778.812901
335.944668
-173.265580
-644.364458
-1075.940433
-1580.563201
-2145.528972
-2622.979745
-2898.228527
-3026.325076
-3151.245677
-3225.704002
-3114.898723
-2834.709577
-2517.820594
-2264.450561
-2019.196838
-1691.368480
-1358.952643
-1155.692004
-1039.593479
-909.026749
-703.295928
-504.269885
-393.111723
-256.898864
2.117298
331.004305
627.426071
880.443221
1154.633355
1458.818548
1686.781001
1781.000776
1803.585292
1783.118075
1674.077211
1429.529254
1088.291340
747.053426
422.753899
43.757499
-376.526219
-805.279130
-1174.747689
-1475.404051
-1777.471946
-2038.958289
-2182.228809
-2238.690098
-2247.512174
-2192.815301
-2037.899640
-1754.534547
-1423.883125
-1092.878820
-701.884396
-240.666243
224.433623
654.245183
1026.536806
1360.364175
1676.194509
1921.801115
2079.539840
2187.874938
2252.805420
2285.270661
2269.743807
2213.635401
2184.698991
2158.938528
2081.657139
1995.906557
1943.679864
1921.801115
1902.745430
1857.929282
1824.758275
1814.524667
1740.066342
1597.501588
1434.822500
1235.090691
949.608300
532.853412
26.113346
-440.398052
-869.150963
-1389.653469
-1966.264380
-2466.299668
-2776.836756
-2908.109253
-3021.737596
-3118.780436
-3027.736608
-2757.075305
-2445.479568
-2193.168184
-1976.497989
-1672.665679
-1349.777684
-1185.334180
-1109.111440
-993.718682
-823.276166
-643.305808
-536.382243
-421.695250
-177.853059
134.095561
438.986520
721.292964
990.895617
1273.554944
1512.103889
1611.616910
1637.730256
1646.552333
1542.098948
1302.491354
1007.481121
739.642882
503.564119
184.204954
-223.022090
-558.260992
-815.865622
-1093.937469
-1393.182299
-1681.840638
-1883.689745
-1981.791234
-2084.127320
-2158.232762
-2100.712824
-1903.804079
-1604.912132
-1290.493331
-955.960195
-488.743031
65.636248
568.847484
995.835980
1370.950667
1718.540476
2005.787282
2155.056814
2214.694050
2247.512174
2204.460442
2107.770485
2006.845931
1911.920390
1846.989908
1776.413297
1693.132896
1664.549368
1676.194509
1693.838662
1727.715435
1745.712471
1761.945091
1773.237349
1683.605053
1513.162538
1345.190204
1140.870915
834.215541
370.527207
-163.031971
-589.314701
-952.431364
-1412.590867
-1927.094361
-2332.204108
-2551.344484
-2620.862446
-2673.442021
-2703.789964
-2599.689463
-2375.255840
-2112.005082
-1893.570471
-1736.537511
-1531.512457
-1292.963512
-1176.159221
-1162.396782
-1100.289364
-936.198744
-747.406310
-637.306797
-533.912062
-304.185193
15.526854
325.711059
591.079116
829.628061
1059.707813
1246.030066
1340.955607
1355.776696
1331.427765
1249.558896
1088.997106
869.856729
657.774014
507.445832
343.708095
99.160138
-183.852071
-426.988496
-658.479780
-963.723622
-1303.902887
-1604.912132
-1844.872609
-2050.603430
-2199.872962
-2200.578728
-2025.548733
-1734.420213
-1370.597784
-925.965135
-381.113699
239.960477
819.394453
1285.905851
1637.377373
1893.570471
2062.601454
2097.889759
1984.614299
1815.936199
1651.139812
1482.814595
1340.249841
1259.086739
1250.970428
1300.374056
1380.478509
1501.164514
1657.138824
1783.823841
1847.695674
1887.924342
1893.570471
1831.110170
1690.662714
1473.639636
1224.857082
991.601383
747.053426
441.809584
73.752558
-287.599689
-548.733150
-762.227398
-1072.058720
-1448.584939
-1746.418237
-1914.743454
-2000.846919
-2107.417602
-2235.514151
-2263.391912
-2153.998165
-1978.615287
-1845.931258
-1782.059426
-1668.783965
-1469.757922
-1308.843249
-1263.674218
-1250.264662
-1153.574705
-983.837956
-844.096266
-765.050462
-629.543369
-393.464606
-101.277437
195.850095
462.982568
706.471875
941.844873
1153.221822
1306.725951
1408.003388
1429.176371
1353.306514
1221.328252
1058.296281
862.799068
608.370386
278.071847
-80.810219
-416.049121
-756.581269
-1114.757569
-1417.884113
-1623.967817
-1738.654810
-1819.112146
-1840.285130
-1681.840638
-1376.243913
-1036.064648
-695.885384
-340.179265
55.755523
465.805632
784.106147
1005.010939
1177.923636
1279.553956
1304.255770
1261.909803
1205.095631
1201.919684
1212.153292
1182.511116
1182.511116
1260.851154
1397.064013
1529.748041
1592.561225
1623.614934
1664.549368
1648.669631
1572.799774
1484.931894
1387.183287
1286.964500
1173.336156
1051.238620
969.369751
906.556567
829.628061
737.172701
581.198391
356.059002
106.923566
-141.858988
-408.991460
-749.523608
-1146.869927
-1495.165502
-1711.835698
-1800.056461
-1856.517750
-1926.035712
-1917.566518
-1774.648881
-1591.149693
-1503.987579
-1515.632719
-1515.632719
-1482.814595
-1526.219211
-1674.077211
-1794.057449
-1774.648881
-1631.731244
-1460.582963
-1268.614581
-953.490013
-500.741054
-6.351895
439.692286
808.102195
1123.226763
1355.776696
1440.468629
1410.120686
1327.193168
1193.803374
989.131202
748.464959
564.965770
485.919966
428.047145
347.589809
269.249771
202.201990
94.925542
-98.454372
-366.998377
-639.424095
-892.441245
-1176.159221
-1445.761875
-1591.855459
-1557.625803
-1371.303550
-1129.225775
-849.742395
-476.039241
-45.874797
355.000353
654.245183
844.802033
951.019832
966.546686
883.619169
774.225422
704.707460
677.182582
689.180606
757.287035
903.027737
1128.167125
1369.186252
1566.094996
1704.072270
1745.712471
1692.074247
1561.860399
1375.185264
1172.277507
977.838944
802.808949
691.650787
681.770061
764.697579
881.854753
1003.246524
1125.344061
1217.093655
1192.391841
1010.304185
759.404333
459.453737
38.817136
-499.329522
-1044.180958
-1460.230080
-1712.894347
-1888.277225
-2034.723693
-2084.127320
-2014.609358
-1858.282165
-1742.183640
-1755.593196
-1791.940151
-1796.527631
-1846.637024
-1986.731597
-2137.412661
-2139.177077
-1965.911497
-1740.772108
-1490.225139
-1143.341097
-688.474839
-183.146305
274.190133
618.956878
881.501870
1059.002047
1141.576681
1142.282448
1078.410615
1014.891665
1015.597431
1020.184911
1031.477168
1112.640271
1231.914743
1318.018209
1289.787564
1118.992166
861.740419
516.267909
67.047780
-409.344343
-898.793140
-1351.542099
-1659.609006
-1822.993860
-1830.757287
-1685.369469
-1408.709154
-1015.950314
-611.546334
-284.423742
1.058649
249.135437
394.170372
445.691298
405.815513
308.066907
258.663279
287.599689
399.816501
570.611899
747.406310
970.781283
1229.797445
1400.592844
1470.816571
1463.758910
1355.776696
1178.982285
956.665961
743.171713
630.249135
593.549298
648.599054
842.331851
1122.520997
1449.290705
1769.002752
1973.674924
2049.191898
2015.315125
1831.110170
1483.167478
970.075517
407.932811
-50.109394
-436.869222
-841.626085
-1178.982285
-1360.364175
-1376.596796
-1281.318371
-1256.969440
-1326.487402
-1417.178347
-1532.571106
-1679.723340
-1936.975086
-2291.975439
-2560.519444
-2688.615993
-2752.487826
-2765.191615
-2663.914179
-2372.785659
-1921.095349
-1487.754958
-1107.347025
-710.000706
-320.417814
38.817136
309.478439
470.393112
640.835627
875.149975
1111.581622
1353.306514
1598.207354
1881.925330
2186.463406
2365.727998
2411.955678
2403.839368
2276.095702
1955.325005
1451.055120
838.097255
264.662291
-274.190133
-840.920319
-1310.960548
-1599.618886
-1710.424165
-1671.607029
-1610.558261
-1495.165502
-1256.263674
-1009.951302
-850.801045
-802.808949
-787.634978
-706.118992
-636.601030
-663.067260
-664.831675
-536.735126
-304.538076
-61.401651
133.389795
351.118639
651.775002
915.731527
1063.589526
1119.345049
1141.576681
1195.920672
1215.682123
1154.986238
1117.580634
1175.100572
1286.964500
1388.947703
1464.817559
1584.444915
1752.770132
1858.282165
1874.161903
1848.401440
1786.646905
1669.842614
1470.816571
1232.267627
1043.828075
894.205660
716.705484
522.619804
372.997389
272.072835
123.509069
-164.090620
-528.265933
-842.684734
-1120.756581
-1470.110805
-1929.564542
-2357.964571
-2627.567224
-2782.835768
-2934.928365
-3085.962312
-3111.369892
-2966.334957
-2771.190627
-2617.333616
-2451.831463
-2168.466370
-1779.942127
-1424.588891
-1134.166137
-803.867598
-352.177288
144.682052
563.554238
901.263321
1253.440610
1625.732232
1922.859764
2088.009034
2153.998165
2211.518103
2256.334251
2207.636389
2074.952361
1942.268332
1839.226480
1700.896323
1440.468629
1083.350977
744.936128
398.052086
-45.521914
-573.787847
-1092.525937
-1495.165502
-1776.766180
-2029.430447
-2221.751711
-2290.916790
-2235.867034
-2077.775425
-1908.391559
-1750.652834
-1537.158586
-1301.785588
-1111.581622
-951.725598
-781.635966
-544.851436
-272.778601
-39.522902
189.851083
465.805632
759.051450
1043.828075
1262.968452
1401.298610
1511.751006
1565.389230
1552.685440
1527.277860
1499.400099
1482.814595
1480.344414
1457.759898
1483.520361
1616.557273
1781.353659
1914.037688
1971.910509
1991.671960
2034.723693
2030.136213
1900.981015
1691.721364
1445.408991
1202.625450
973.251464
712.118004
460.512386
254.428682
9.527842
-341.943680
-780.224434
-1204.742748
-1503.281812
-1739.007693
-2047.074599
-2402.427835
-2659.679582
-2738.372503
-2696.379420
-2665.678594
-2684.381396
-2649.798857
-2532.994566
-2400.663420
-2305.032112
-2228.103606
-2063.307220
-1802.173760
-1526.219211
-1267.203049
-925.612252
-440.750935
136.565742
667.654739
1092.173054
1483.520361
1904.509845
2281.036065
2519.937893
2597.925048
2577.104947
2560.519444
2518.879243
2391.135578
2203.754676
1998.376738
1758.416261
1439.409980
989.131202
477.450773
-6.704778
-503.564119
-1042.063660
-1590.443927
-2067.894700
-2360.787635
-2490.295716
-2562.989625
-2594.749100
-2556.284847
-2423.247936
-2201.990260
-1988.496012
-1820.876562
-1633.142776
-1433.410968
-1245.324300
-1052.650152
-848.683746
-575.199379
-236.078763
95.278425
412.520291
719.175665
1026.889689
1356.482462
1651.845578
1855.811984
2014.256475
2133.530948
2223.516127
2286.329310
2282.094714
2236.572800
2180.111511
2092.949397
1990.260428
1894.276237
1796.174748
1704.778037
1630.672595
1546.686428
1472.933870
1409.767803
1320.841273
1194.509140
1018.067612
822.217517
668.713388
522.619804
338.061966
150.681064
-39.522902
-267.485355
-570.611899
-954.901546
-1335.309478
-1605.265015
-1793.704566
-1991.319077
-2229.515139
-2451.478580
-2543.228174
-2512.527348
-2486.414002
-2511.115816
-2521.702308
-2427.835415
-2237.984332
-2067.541817
-1928.505893
-1704.072270
-1342.367140
-902.674854
-508.857365
-194.791446
136.918625
553.320630
983.485073
1302.844237
1508.222175
1685.722352
1922.859764
2154.703931
2256.687134
2239.042981
2192.462418
2177.641330
2157.526996
2050.250547
1810.995836
1477.874232
1099.936481
649.657703
118.215823
-456.277790
-1022.655092
-1513.162538
-1932.034724
-2324.440680
-2639.565248
-2818.829840
-2865.057520
-2807.890465
-2749.311878
-2719.669701
-2632.507587
-2461.006422
-2207.989272
-1923.918413
-1665.255134
-1363.893006
-972.545698
-557.202343
-145.387818
232.197050
576.963794
953.490013
1310.254782
1583.739149
1816.994848
2004.375750
2165.996189
2333.968523
2445.479568
2507.234103
2559.107912
2570.047286
2561.225210
2505.822570
2360.081869
2195.285482
2013.903592
1810.995836
1629.261063
1417.178347
1187.098596
1008.892653
853.624109
736.466935
656.715365
543.087021
416.754887
287.246806
142.564754
63.166067
31.053709
-13.409556
-46.580563
-104.100501
-218.434611
-386.759828
-660.597078
-992.307149
-1251.323311
-1429.529254
-1556.567154
-1685.369469
-1845.931258
-1960.971134
-1990.613311
-1990.260428
-1990.260428
-1991.671960
-1969.793211
-1868.868657
-1720.304891
-1585.503564
-1433.058085
-1216.387889
-931.611264
-575.905145
-226.550921
69.870845
340.179265
589.667584
811.983909
1006.775355
1134.519020
1238.619521
1363.893006
1456.701249
1491.989555
1454.936834
1377.302562
1337.779660
1312.724963
1236.149340
1080.880796
822.217517
492.624744
131.978262
-277.366081
-717.411250
-1139.459383
-1523.749030
-1834.991884
-2066.836051
-2250.688122
-2377.373139
-2444.420919
-2464.888136
-2421.483520
-2319.853201
-2192.815301
-2018.491072
-1785.235373
-1500.811631
-1159.926600
-802.456066
-412.873174
33.171007
474.274825
879.737455
1222.034018
1496.224151
1739.007693
1968.028795
2155.762580
2300.091750
2387.606747
2418.660456
2422.542170
2384.783683
2299.738867
2181.875926
2032.606394
1864.986943
1710.424165
1550.568142
1384.007340
1200.861035
1003.599407
819.041570
643.658692
486.272849
340.532148
201.143341
78.340038
-30.347943
-108.335098
-152.092597
-195.144329
-227.962453
-225.139389
-183.852071
-113.275461
-40.228668
23.290282
82.574635
84.339050
1.764415
-167.972334
-387.465594
-556.849460
-635.895264
-657.068248
-651.775002
-645.775990
-661.302844
-703.295928
-823.276166
-1022.302209
-1217.799421
-1368.480486
-1443.997459
-1426.706190
-1350.836333
-1230.503211
-1104.171078
-991.601383
-863.504834
-717.764133
-565.671536
-399.816501
-253.370033
-130.919613
-17.997036
40.228668
50.462277
50.462277
58.578587
94.219776
130.213847
140.094573
171.854048
209.965417
204.672172
144.682052
29.642177
-90.338062
-166.560802
-231.844167
-292.187169
-328.887007
-348.648458
-338.414849
-328.181241
-346.531160
-361.705131
-358.529183
-349.707107
-332.415837
-298.891947
-244.900840
-152.798363
-57.167055
27.877761
120.333122
203.966406
298.891947
412.520291
514.856377
609.429035
667.654739
683.887360
669.419154
630.602018
574.140730
500.741054
400.875150
297.480415
212.788482
126.685017
33.876773
-58.578587
-139.741690
-184.557838
-188.086668
-159.856024
-100.218787
-40.934434
0.705766
27.171995
37.405604
56.108406
93.866893
152.798363
240.313360
351.824405
460.865269
564.612887
658.479780
744.230362
812.336792
843.743383
852.212577
851.506811
861.034653
880.090338
901.263321
917.848825
926.670901
918.907474
884.677818
838.803021
773.166773
701.884396
644.717341
577.316677
495.094926
383.936763
232.549933
53.991107
-142.211871
-333.121604
-479.215188
-576.963794
-629.190486
-650.716353
-674.359517
-712.470887
-790.810925
-892.088362
-982.073541
-1066.059708
-1135.224787
-1178.629402
-1186.392829
-1147.928576
-1078.057732
-1017.361846
-965.488037
-925.965135
-888.559531
-833.509775
-786.576329
-745.994777
-668.360505
-563.201355
-449.220128
-344.060978
-251.605618
-145.387818
-20.114334
91.396711
182.087656
247.723904
292.540052
320.064930
301.715012
241.372009
177.500176
131.978262
115.745642
112.216811
89.279413
75.869857
61.401651
26.819112
-21.878749
-97.042840
-175.735761
-239.607594
-307.361141
-363.469546
-388.877126
-371.232973
-316.183217
-252.664267
-204.319289
-163.031971
-118.568706
-74.458325
-33.523890
8.469193
64.224716
143.270520
229.373985
310.537088
388.877126
446.749947
500.388171
569.906133
639.424095
713.882419
786.576329
840.567436
882.560519
887.853765
846.919331
798.927236
761.521632
729.056391
707.883407
678.241231
657.068248
653.539417
645.775990
610.840567
550.850448
478.509422
419.225069
361.352248
279.836262
208.201002
154.209895
103.041852
43.404616
-34.935422
-101.630320
-131.272496
-153.504129
-181.381890
-190.909733
-191.262616
-178.558826
-164.090620
-173.971346
-177.853059
-176.794410
-180.676124
-190.556849
-202.554873
-203.966406
-187.028019
-181.381890
-182.793422
-170.795398
-153.151246
-149.975298
-177.853059
-230.079752
-281.953561
-324.299527
-382.878114
-442.515350
-493.683393
-516.620792
-512.739078
-518.032324
-520.855389
-516.620792
-511.327546
-512.386195
-533.912062
-573.434964
-606.958854
-640.482744
-666.243207
-668.007622
-663.420143
-656.362481
-642.600042
-623.191474
-582.609923
-516.267909
-448.161479
-371.585856
-291.481403
-227.609570
-165.149270
-102.688969
-32.112358
53.285341
132.684029
201.143341
260.074811
318.653398
374.761804
428.752911
468.628696
499.329522
527.207284
550.850448
579.433976
611.193450
632.366434
631.307785
614.016515
589.314701
558.966758
522.266921
474.980591
416.754887
358.882066
320.770697
287.246806
248.076787
211.376950
163.384854
106.570682
46.227680
-19.761451
-76.575623
-116.451408
-143.270520
-166.913685
-186.322253
-197.614511
-187.028019
-150.328181
-111.863928
-66.694897
-16.585504
35.641189
105.159150
171.501165
216.317312
241.019126
253.370033
272.778601
305.949608
337.709083
375.114687
419.930835
445.691298
451.337427
442.515350
413.578940
391.700191
357.117651
295.716000
244.195074
205.377938
174.677112
130.213847
65.636248
-3.175947
-59.284353
-117.157174
-170.795398
-222.669207
-268.544005
-289.716988
-317.241866
-355.706119
-392.405957
-431.223093
-461.218152
-473.216176
-488.743031
-483.449785
-456.630673
-427.341379
-392.053074
-372.291623
-352.177288
-315.477451
-265.015174
-205.025055
-158.797375
-147.152234
-149.269532
-153.151246
-164.090620
-169.383866
-176.088644
-178.205943
-162.679088
-131.272496
-107.629332
-85.750582
-63.166067
-38.464253
-20.114334
-28.583527
-44.463265
-46.227680
-45.874797
-50.462277
-57.167055
-61.754535
-58.931470
-45.521914
-27.171995
-7.410544
7.410544
16.938387
19.408568
-0.352883
-33.523890
-65.283365
-94.925542
-102.336086
-83.280401
-50.109394
1.764415
51.168043
89.985179
117.157174
138.330157
154.915661
189.498200
231.138401
267.838238
304.538076
316.183217
320.417814
329.592773
326.063942
303.479427
279.130496
261.839226
260.780577
266.426706
264.309408
259.016162
249.135437
221.257675
176.441527
116.804291
62.460301
22.584515
-13.409556
-55.049757
-95.984191
-137.977274
-175.735761
-207.142353
-235.725880
-250.546969
-249.841203
-236.078763
-217.375962
-198.320277
-180.676124
-170.795398
-160.914673
-144.682052
-121.391771
-93.514009
-73.752558
-54.696873
-19.761451
30.700826
80.457336
121.038888
147.505117
167.266568
183.499188
182.440539
177.500176
196.202978
242.783542
283.012210
291.128520
272.425718
252.311384
244.547957
231.491284
204.319289
181.734773
176.088644
180.323241
172.912697
144.682052
108.687981
66.342014
16.232621
-41.287317
-77.281389
-77.987155
-73.752558
-77.987155
-88.573647
-101.983203
-122.097537
-161.267556
-223.727857
-272.425718
-282.306444
-273.837250
-272.072835
-284.070859
-292.187169
-296.774649
-314.771685
-345.119627
-361.352248
-340.885031
-287.599689
-232.197050
-199.026043
-161.973322
-110.805279
-67.753546
-30.347943
18.702802
82.927518
156.327193
200.437575
211.024067
211.376950
211.024067
211.376950
210.671184
203.613522
211.729833
221.610558
214.552897
187.028019
148.210883
117.862940
85.397699
39.875785
-2.823064
-34.229656
-69.870845
-107.629332
-143.976286
-165.149270
-178.205943
-189.851083
-209.612534
-235.725880
-251.605618
-260.074811
-271.014186
-279.836262
-268.544005
-242.783542
-210.671184
-196.908744
-199.026043
-187.380902
-158.797375
-137.271508
-127.037900
-111.158162
-85.044816
-45.169031
-3.175947
23.643165
58.578587
94.572659
115.039876
132.331145
144.329169
171.501165
215.258663
252.664267
280.189145
305.949608
324.652410
337.356200
355.353236
360.646482
363.469546
375.114687
390.288658
401.580916
404.756864
390.641541
366.292611
333.474487
320.064930
327.828358
335.238902
323.240878
287.246806
238.196062
189.145317
145.740702
95.278425
46.227680
-13.409556
-78.340038
-142.917637
-208.553885
-254.428682
-274.543016
-293.951584
-311.595737
-340.885031
-371.585856
-386.054062
-390.288658
-398.757852
-402.992448
-388.524243
-357.823417
-318.653398
-300.303479
-286.188157
-258.663279
-224.433623
-188.086668
-146.093585
-89.279413
-27.877761
-15.173971
-66.694897
-133.742678
-120.686005
14.821088
200.437575
304.185193
298.186181
214.905780
113.981227
39.170019
-21.172983
-50.109394
-9.527842
94.925542
193.027031
221.610558
169.383866
75.164091
-25.760463
-114.334110
-183.852071
-210.318301
-163.031971
-77.987155
-59.637236
-146.799351
-283.365093
-360.646482
-323.240878
-226.198038
-136.212859
-83.280401
-77.281389
-88.573647
-110.452396
-131.272496
-128.802315
-84.339050
-9.174959
71.988143
144.682052
196.908744
200.437575
158.797375
109.393747
98.807255
140.800339
212.788482
299.597713
374.056038
407.932811
409.697226
400.169384
396.287670
417.813537
402.639565
309.831322
177.500176
81.163103
88.220764
178.558826
271.367069
314.418802
291.834286
220.551909
116.804291
1.058649
-79.045804
-102.336086
-84.691933
-54.696873
-41.640200
-59.637236
-111.158162
-208.906768
-329.592773
-419.577952
-440.045169
-391.347308
-327.828358
-283.717976
-248.429670
-224.080740
-192.674148
-154.562778
-133.036912
-105.512033
-80.810219
-40.581551
22.584515
92.455360
125.273484
81.163103
-21.172983
-120.686005
-162.679088
-122.450420
-3.528831
149.269532
279.836262
287.952573
123.509069
-121.038888
-286.188157
-295.716000
-194.438563
-93.514009
-28.230644
43.051733
115.039876
133.036912
37.052721
-139.035923
-287.246806
-335.591785
-299.244830
-227.962453
-155.974310
-72.341026
40.934434
126.332134
140.800339
65.636248
-76.928506
-227.256687
-335.591785
-357.117651
-269.602654
-93.866893
126.332134
314.065919
395.934787
341.590797
194.085680
52.932458
-12.703790
7.410544
63.518950
119.627355
193.732797
292.187169
377.231985
410.050109
367.704143
289.716988
233.608582
196.908744
164.443503
141.858988
138.683040
157.738725
180.323241
193.379914
209.965417
221.610558
207.142353
127.037900
-6.704778
-135.859976
-215.258663
-235.372997
-218.081728
-177.853059
-125.273484
-95.984191
-108.335098
-161.267556
-237.137413
-317.594749
-389.935775
-434.399040
-415.343355
-325.358176
-198.673160
-88.573647
-28.230644
-1.764415
17.291270
15.879737
-13.056673
-47.639212
-58.931470
-17.291270
64.930482
166.913685
254.781565
324.299527
359.940716
351.118639
299.950596
245.606606
218.434611
221.257675
248.076787
276.660315
303.832310
323.946644
333.121604
311.242854
259.369045
167.266568
55.049757
-50.109394
-148.916649
-222.316324
-265.720940
-289.011222
-301.009246
-310.184205
-333.121604
-356.764768
-390.994424
-429.811560
-461.571035
-483.096902
-478.509422
-440.750935
-389.935775
-333.474487
-287.952573
-252.664267
-206.083704
-148.563766
-97.748606
-69.165079
-45.521914
-13.409556
34.582539
94.219776
148.916649
204.319289
267.485355
326.416825
360.999365
354.294587
335.944668
340.532148
356.411885
362.410897
348.295575
332.415837
327.828358
320.417814
293.598701
243.136425
179.617475
110.452396
35.641189
-46.933446
-109.040864
-129.155198
-124.567718
-120.333122
-143.976286
-185.263604
-217.375962
-239.960477
-274.543016
-316.888983
-342.649446
-346.531160
-331.357188
-305.949608
-281.600678
-247.371021
-220.551909
-202.201990
-184.204954
-158.444491
-102.688969
-34.935422
17.997036
52.226692
77.987155
101.630320
137.977274
179.617475
231.138401
285.482391
324.652410
347.589809
359.587833
378.643518
403.345331
412.520291
397.346319
362.058014
324.652410
295.363117
271.014186
239.254711
201.143341
172.206931
141.858988
110.099513
63.518950
-5.999012
-86.456348
-164.443503
-232.197050
-278.071847
-308.772673
-332.062954
-348.648458
-375.114687
-407.227045
-443.574000
-464.041217
-460.865269
-435.104806
-399.816501
-372.644506
-352.177288
-322.182229
-283.717976
-233.961465
-183.499188
-136.212859
-89.632296
-42.698850
6.704778
60.343002
128.449432
199.731809
263.250759
316.888983
367.704143
408.638577
435.457689
449.220128
455.572023
460.159503
464.041217
461.923918
449.925895
422.048133
384.642529
349.354224
318.653398
286.188157
247.723904
202.907756
153.504129
98.454372
33.523890
-43.757499
-119.980239
-182.793422
-219.846143
-239.254711
-265.368057
-293.951584
-300.303479
-285.835274
-266.426706
-251.605618
-261.839226
-273.837250
-272.072835
-273.484367
-264.309408
-237.490296
-192.674148
-128.449432
-65.636248
-12.350907
12.703790
13.409556
13.762439
34.582539
69.165079
97.395723
120.333122
131.625379
143.270520
154.562778
157.385842
154.562778
142.917637
131.272496
123.509069
101.983203
69.165079
42.698850
17.644153
-7.410544
-43.051733
-88.926530
-130.919613
-173.265580
-217.375962
-261.486343
-296.068883
-308.066907
-305.596725
-304.890959
-316.888983
-342.649446
-374.761804
-397.699202
-392.053074
-357.470534
-307.361141
-272.425718
-255.487331
-245.606606
-230.785518
-199.026043
-159.150258
-107.629332
-46.933446
20.820100
71.282377
114.334110
155.974310
206.789470
260.074811
294.304467
315.124568
338.414849
368.057026
398.404969
414.990472
403.345331
395.581904
388.877126
378.290634
359.587833
320.770697
278.071847
241.724892
211.729833
193.027031
180.323241
160.561790
133.036912
108.687981
95.631308
96.337074
100.571671
92.808243
85.750582
71.988143
58.931470
49.756511
47.992095
61.048768
86.809231
104.453384
110.805279
116.098525
116.098525
113.628344
108.335098
109.746630
123.156186
148.210883
175.735761
184.557838
169.030983
136.565742
89.985179
40.934434
4.234597
-15.879737
-24.348931
-31.053709
-52.226692
-82.927518
-121.744654
-166.560802
-209.259651
-242.430658
-264.662291
-283.717976
-299.597713
-311.242854
-315.477451
-321.476463
-330.651422
-344.413861
-357.823417
-376.173336
-406.521279
-439.692286
-457.689322
-445.338415
-401.580916
-356.411885
-327.828358
-315.830334
-310.889971
-298.891947
-290.069871
-285.482391
-266.073823
-225.845155
-168.325217
-106.217799
-51.873809
-8.469193
25.054697
47.639212
53.991107
46.227680
43.051733
52.932458
73.046792
97.748606
115.039876
113.981227
108.687981
108.687981
113.981227
116.098525
116.098525
115.392759
122.803303
134.801327
129.860964
112.922577
97.042840
94.572659
99.513021
100.218787
93.514009
98.454372
111.863928
142.917637
171.854048
183.852071
195.497212
200.790458
212.788482
232.197050
256.545981
277.718964
301.009246
321.123580
327.475475
332.768720
334.180253
347.589809
363.116663
369.115675
357.823417
325.711059
289.011222
257.604630
235.725880
218.434611
192.321265
165.502153
147.505117
129.155198
105.512033
83.633284
65.283365
53.638224
55.049757
47.639212
31.406592
0.352883
-31.053709
-59.284353
-76.575623
-92.455360
-120.333122
-152.798363
-182.440539
-196.555861
-205.730821
-209.612534
-215.964429
-232.197050
-258.663279
-296.774649
-333.827370
-359.587833
-355.353236
-326.769709
-303.126544
-284.070859
-268.191121
-254.075799
-235.020114
-228.315336
-238.901828
-258.310396
-275.954549
-285.129508
-276.307432
-245.959489
-192.321265
-136.212859
-87.867881
-58.578587
-43.757499
-29.289294
-15.173971
-4.940363
3.528831
15.173971
28.936410
42.698850
58.931470
77.634272
96.689957
103.041852
101.277437
82.574635
44.110382
7.410544
-31.053709
-64.577599
-75.869857
-61.401651
-42.345967
-26.466229
-20.467217
-29.642177
-42.345967
-57.167055
-67.753546
-66.342014
-48.344978
-13.762439
10.233609
26.819112
47.639212
61.401651
72.341026
68.812196
56.108406
53.638224
63.166067
83.280401
111.511045
145.034935
189.145317
232.902816
249.488320
247.018138
238.196062
227.962453
219.846143
208.201002
177.147293
147.858000
130.213847
118.215823
115.039876
118.921589
122.803303
116.098525
95.631308
57.872821
20.114334
-14.468205
-36.699838
-42.698850
-33.523890
-16.232621
-3.881714
1.058649
-13.762439
-43.051733
-73.046792
-97.395723
-116.451408
-131.625379
-142.211871
-143.623403
-128.802315
-114.334110
-101.630320
-94.925542
-95.984191
-91.396711
-83.633284
-65.636248
-44.463265
-7.763427
28.583527
51.520926
61.401651
53.991107
51.873809
63.871833
83.986167
95.984191
93.866893
88.220764
91.043828
110.452396
140.447456
177.500176
210.318301
226.550921
208.906768
160.208907
102.688969
65.989131
70.576611
92.455360
109.040864
102.688969
81.515986
47.286329
9.174959
-28.936410
-53.285341
-48.344978
-50.109394
-75.869857
-126.685017
-180.323241
-205.025055
-197.261627
-169.030983
-139.035923
-121.744654
-132.684029
-169.383866
-206.436587
-225.845155
-215.258663
-176.088644
-133.036912
-104.453384
-97.748606
-116.804291
-146.093585
-163.384854
-161.620439
-127.743666
-87.514998
-71.282377
-68.106430
-75.516974
-70.223728
-46.933446
-9.527842
23.643165
46.227680
38.464253
11.998024
-16.585504
-40.934434
-55.049757
-62.460301
-55.755523
-56.108406
-62.813184
-75.869857
-101.983203
-120.686005
-123.156186
-122.803303
-118.215823
-103.041852
-83.986167
-64.930482
-51.168043
-47.639212
-46.580563
-37.405604
-17.291270
12.350907
38.464253
58.225704
76.222740
95.631308
113.628344
135.859976
159.503141
172.206931
188.086668
197.261627
213.494248
240.666243
284.423742
327.828358
355.706119
369.468558
362.763780
342.649446
317.594749
286.541040
254.428682
231.491284
219.140377
205.377938
197.614511
175.382878
139.035923
103.041852
58.578587
14.468205
-26.819112
-58.931470
-77.987155
-81.868869
-79.751570
-66.342014
-50.462277
-37.405604
-32.818124
-41.287317
-63.871833
-92.455360
-118.568706
-130.919613
-127.743666
-107.629332
-75.164091
-51.873809
-36.346955
-23.643165
-13.409556
-4.234597
5.293246
7.057661
7.057661
16.938387
33.876773
53.285341
70.929494
76.222740
58.931470
30.700826
-0.705766
-39.522902
-71.635260
-98.454372
-124.920601
-140.447456
-157.385842
-172.912697
-180.323241
-188.439551
-204.319289
-230.432635
-268.544005
-302.773661
-304.890959
-286.893923
-267.838238
-257.604630
-261.839226
-267.485355
-277.013198
-279.483379
-280.189145
-264.309408
-232.197050
-198.673160
-169.736749
-144.682052
-114.334110
-81.163103
-49.756511
-20.114334
17.997036
58.225704
101.630320
129.508081
150.681064
175.029995
208.553885
247.018138
284.776625
311.595737
329.239890
333.121604
313.360152
299.244830
286.893923
272.778601
250.546969
224.080740
194.438563
183.852071
184.204954
181.381890
164.090620
136.918625
101.277437
58.225704
20.820100
-9.174959
-26.466229
-45.169031
-50.815160
-61.048768
-72.341026
-86.809231
-105.864916
-125.273484
-139.035923
-143.976286
-139.388807
-120.333122
-88.926530
-46.227680
-4.940363
28.936410
59.990119
87.514998
105.159150
115.039876
119.980239
124.920601
139.035923
166.207919
177.500176
177.500176
173.971346
169.736749
171.148281
166.207919
152.798363
133.389795
113.275461
74.105441
31.053709
-3.528831
-23.290282
-31.759475
-37.758487
-51.520926
-79.045804
-119.980239
-160.561790
-197.967394
-229.726869
-244.547957
-241.724892
-231.844167
-231.491284
-224.786506
-218.787494
-217.728845
-218.081728
-217.728845
-210.671184
-193.732797
-175.382878
-149.975298
-117.157174
-81.163103
-41.993083
-11.998024
8.469193
14.115322
13.762439
13.762439
13.409556
13.762439
14.468205
21.878749
45.874797
81.515986
104.100501
110.805279
101.630320
88.220764
65.989131
38.464253
21.172983
8.116310
7.410544
1.058649
0.352883
5.999012
8.116310
8.469193
4.940363
-12.350907
-26.466229
-32.465241
-32.818124
-21.172983
-9.527842
-1.411532
4.940363
14.821088
21.878749
27.524878
22.231632
9.527842
-0.352883
8.469193
28.583527
57.167055
86.103465
103.747618
110.452396
106.923566
98.807255
88.926530
89.279413
96.337074
104.806267
105.864916
101.630320
106.570682
117.157174
128.096549
130.213847
116.451408
98.101489
75.164091
52.226692
34.582539
22.584515
19.055685
13.409556
5.293246
-11.645141
-31.053709
-49.403628
-68.812196
-79.751570
-82.574635
-91.043828
-100.924554
-112.569694
-125.626367
-137.624391
-144.682052
-137.271508
-124.567718
-106.217799
-89.632296
-80.810219
-64.577599
-39.170019
-10.233609
14.115322
27.524878
25.054697
12.703790
1.764415
-6.704778
1.411532
14.821088
38.111370
59.284353
66.694897
70.929494
80.104453
88.573647
83.633284
79.398687
68.106430
49.050745
25.760463
-1.058649
-19.055685
-28.230644
-35.641189
-40.581551
-40.934434
-48.344978
-58.225704
-64.930482
-77.281389
-85.397699
-93.161126
-94.925542
-97.395723
-103.041852
-101.630320
-102.688969
-101.630320
-102.336086
-101.983203
-97.042840
-87.867881
-68.106430
-53.638224
-39.522902
-27.524878
-21.172983
-20.114334
-20.820100
-20.467217
-16.585504
-1.764415
16.585504
41.287317
68.812196
92.455360
113.275461
128.449432
137.977274
147.152234
151.386830
157.032959
155.268544
147.858000
142.917637
143.270520
142.564754
147.505117
147.858000
133.742678
115.392759
99.865904
89.279413
72.693909
53.991107
34.582539
17.291270
7.763427
-5.293246
-13.762439
-20.467217
-31.406592
-48.344978
-68.106430
-86.103465
-104.806267
-109.393747
-108.687981
-103.394735
-101.630320
-107.629332
-109.393747
-109.040864
-105.864916
-99.160138
-89.632296
-65.636248
-38.464253
-12.703790
13.762439
32.465241
51.873809
65.283365
81.163103
93.866893
95.278425
89.985179
79.045804
74.811208
77.987155
90.690945
100.571671
103.394735
97.748606
79.751570
55.402640
36.699838
23.643165
3.881714
-14.115322
-35.288305
-60.343002
-74.105441
-89.632296
-104.453384
-113.275461
-133.036912
-146.093585
-163.384854
-178.558826
-184.204954
-181.734773
-174.677112
-163.031971
-147.858000
-136.212859
-129.860964
-127.743666
-122.097537
-122.803303
-110.099513
-87.867881
-63.871833
-31.053709
7.410544
38.464253
75.869857
106.570682
124.567718
130.566730
119.274472
104.453384
94.572659
100.924554
120.333122
138.330157
158.091608
164.090620
163.737737
157.385842
145.034935
130.919613
111.158162
92.455360
75.869857
67.047780
57.167055
49.050745
40.581551
26.819112
9.174959
-10.586492
-27.877761
-41.287317
-51.873809
-58.225704
-67.400663
-75.164091
-74.105441
-78.692921
-82.927518
-89.632296
-100.571671
-99.513021
-88.220764
-78.340038
-60.695885
-36.699838
-15.526854
8.116310
22.231632
33.876773
44.110382
47.639212
51.520926
58.931470
64.224716
73.752558
83.280401
89.279413
88.220764
88.926530
86.456348
81.163103
82.574635
79.398687
70.223728
58.225704
45.521914
33.171007
20.467217
8.822076
0.705766
-16.585504
-47.639212
-78.692921
-116.098525
-148.210883
-166.913685
-176.441527
-178.205943
-171.148281
-161.973322
-152.092597
-143.976286
-142.211871
-136.565742
-134.801327
-125.273484
-106.923566
-83.986167
-56.461289
-25.054697
6.351895
35.288305
59.990119
78.692921
87.162114
91.043828
100.218787
111.511045
125.273484
144.682052
169.383866
187.733785
196.908744
193.379914
177.147293
160.561790
146.799351
130.566730
117.157174
96.689957
79.045804
56.814172
33.523890
19.055685
5.293246
-9.527842
-33.876773
-60.695885
-86.456348
-113.628344
-137.624391
-143.623403
-143.270520
-138.330157
-131.625379
-128.449432
-131.625379
-133.389795
-128.802315
-128.802315
-118.215823
-99.865904
-86.103465
-69.870845
-49.403628
-37.405604
-19.408568
5.646129
31.406592
50.109394
60.695885
67.753546
69.517962
75.869857
86.809231
101.277437
122.097537
145.740702
155.621427
157.032959
149.975298
133.389795
114.686993
94.572659
64.577599
47.639212
32.818124
13.762439
0.705766
-8.116310
-16.232621
-22.231632
-40.228668
-68.459313
-97.042840
-122.803303
-142.564754
-150.328181
-149.975298
-147.505117
-135.859976
-131.272496
-128.449432
-131.978262
-137.271508
-133.389795
-120.333122
-100.924554
-82.927518
-56.814172
-41.287317
-26.819112
-6.704778
17.291270
42.345967
65.989131
84.691933
94.925542
95.278425
98.101489
106.570682
120.686005
138.683040
149.975298
155.268544
144.682052
125.626367
109.746630
99.865904
94.925542
94.925542
85.044816
72.693909
50.109394
29.642177
11.998024
1.058649
-7.763427
-15.173971
-22.937399
-33.171007
-40.581551
-46.580563
-53.638224
-54.696873
-56.108406
-63.166067
-70.576611
-81.163103
-81.163103
-85.750582
-87.162114
-77.634272
-64.930482
-49.403628
-34.229656
-24.701814
-19.408568
-15.173971
-10.233609
-1.058649
8.469193
24.701814
44.816148
60.343002
61.754535
67.047780
63.166067
55.402640
54.343990
53.991107
61.401651
69.517962
69.870845
67.400663
62.107418
50.109394
39.170019
29.289294
21.172983
17.644153
8.116310
-4.234597
-12.703790
-19.055685
-20.820100
-23.996048
-31.406592
-42.345967
-54.343990
-61.754535
-70.929494
-73.399675
-68.812196
-67.400663
-72.341026
-80.810219
-87.162114
-93.161126
-89.279413
-76.575623
-63.518950
-46.227680
-22.584515
-14.821088
-12.703790
-15.879737
-20.820100
-20.467217
-14.821088
-9.174959
5.646129
20.820100
35.641189
41.640200
42.345967
48.344978
47.286329
48.344978
47.639212
53.991107
54.696873
54.343990
54.696873
53.991107
55.402640
61.048768
61.754535
54.343990
44.816148
33.171007
17.997036
4.587480
-9.880726
-13.762439
-17.644153
-24.348931
-28.583527
-33.523890
-38.817136
-41.287317
-40.581551
-41.993083
-49.050745
-63.518950
-67.753546
-68.812196
-61.401651
-42.345967
-23.643165
-6.704778
-0.352883
0.352883
-6.704778
-16.938387
-21.172983
-8.822076
5.293246
22.231632
41.640200
56.814172
61.401651
61.754535
58.578587
47.639212
41.993083
35.641189
31.406592
27.171995
27.171995
32.818124
34.582539
34.229656
26.466229
14.115322
-0.705766
-11.998024
-15.526854
-20.820100
-25.054697
-29.289294
-37.758487
-47.992095
-59.637236
-65.989131
-69.870845
-75.516974
-69.165079
-60.695885
-55.402640
-53.991107
-55.049757
-52.579575
-43.757499
-37.405604
-28.230644
-14.115322
0.000000
14.115322
23.643165
32.818124
41.993083
51.520926
55.402640
53.991107
55.049757
53.638224
58.578587
75.164091
88.926530
95.984191
95.984191
89.985179
77.987155
70.576611
67.753546
68.459313
67.047780
55.755523
43.757499
23.290282
-0.705766
-18.349919
-31.759475
-38.817136
-45.521914
-51.520926
-61.754535
-68.812196
-75.164091
-73.399675
-67.400663
-55.755523
-46.933446
-55.755523
-62.813184
-68.459313
-66.342014
-55.755523
-35.641189
-11.292258
7.410544
14.821088
13.056673
14.115322
13.409556
25.407580
39.875785
50.462277
60.695885
67.753546
67.753546
68.459313
65.636248
60.695885
55.402640
54.343990
49.403628
38.817136
30.347943
26.466229
28.230644
22.231632
13.056673
3.175947
-20.820100
-50.109394
-74.105441
-91.043828
-101.630320
-97.748606
-91.396711
-84.691933
-81.163103
-81.868869
-81.515986
-87.867881
-88.926530
-88.573647
-88.926530
-85.750582
-72.341026
-53.991107
-34.582539
-17.644153
-4.234597
12.703790
23.996048
31.053709
37.405604
41.993083
46.933446
57.519938
70.929494
90.690945
106.923566
117.157174
123.156186
122.450420
118.568706
107.982215
98.807255
89.279413
80.457336
70.223728
62.460301
55.755523
50.462277
42.345967
23.643165
9.527842
-5.999012
-28.230644
-45.521914
-63.871833
-77.634272
-86.103465
-89.279413
-82.927518
-80.810219
-75.516974
-74.811208
-75.164091
-75.164091
-81.868869
-77.987155
-74.105441
-75.516974
-66.342014
-54.696873
-39.170019
-26.819112
-13.762439
4.587480
23.643165
41.993083
52.579575
57.872821
64.930482
70.929494
77.281389
85.397699
92.808243
105.512033
109.393747
107.982215
92.808243
72.693909
47.286329
26.113346
13.409556
6.351895
6.351895
0.705766
-6.704778
-16.232621
-27.877761
-44.110382
-65.283365
-83.986167
-103.747618
-116.451408
-116.098525
-115.039876
-109.393747
-104.453384
-95.631308
-90.338062
-85.750582
-81.163103
-85.750582
-89.279413
-76.222740
-56.814172
-43.404616
-23.290282
1.411532
19.761451
33.171007
47.639212
60.343002
69.517962
80.457336
92.102477
98.454372
102.688969
101.983203
102.336086
102.688969
101.630320
96.337074
88.926530
83.986167
74.811208
63.166067
52.579575
39.170019
28.583527
20.467217
14.821088
10.586492
0.000000
-13.762439
-29.642177
-43.757499
-56.814172
-65.989131
-74.811208
-74.811208
-75.164091
-73.399675
-66.342014
-61.401651
-61.754535
-61.048768
-61.401651
-60.695885
-52.226692
-41.287317
-22.231632
-4.940363
8.469193
26.113346
33.523890
40.581551
48.344978
47.286329
49.050745
55.049757
63.871833
72.693909
76.928506
81.868869
86.809231
89.632296
86.809231
78.340038
71.635260
67.400663
61.048768
49.403628
37.405604
31.406592
18.702802
6.351895
-3.881714
-16.232621
-24.701814
-37.052721
-49.403628
-60.695885
-67.753546
-75.164091
-82.927518
-88.926530
-86.809231
-80.457336
-82.927518
-78.340038
-75.164091
-73.752558
-68.106430
-63.518950
-58.931470
-49.756511
-35.994072
-24.348931
-10.586492
0.352883
11.998024
21.525866
27.171995
33.523890
40.581551
50.462277
59.990119
68.106430
67.400663
73.752558
73.046792
63.871833
57.872821
47.992095
38.111370
26.819112
21.525866
14.468205
9.174959
2.117298
-7.410544
-17.644153
-30.347943
-42.698850
-51.168043
-61.754535
-68.106430
-68.459313
-64.224716
-59.990119
-62.107418
-56.461289
-60.343002
-61.754535
-61.401651
-57.167055
-45.874797
-39.522902
-33.171007
-27.171995
-21.172983
-13.762439
-3.528831
14.115322
31.053709
44.463265
57.872821
61.754535
61.401651
68.459313
75.164091
78.692921
87.162114
88.573647
89.279413
81.515986
69.517962
61.048768
52.932458
48.344978
45.874797
39.170019
28.583527
12.703790
4.940363
-3.881714
-12.350907
-20.820100
-32.818124
-41.287317
-52.226692
-64.930482
-75.164091
-74.458325
-75.516974
-72.693909
-71.635260
-80.457336
-86.809231
-92.102477
-95.631308
-89.279413
-81.868869
-71.635260
-58.931470
-50.815160
-36.699838
-21.172983
-7.057661
12.703790
31.053709
47.992095
54.696873
61.401651
67.047780
74.105441
84.339050
92.808243
99.513021
102.336086
106.570682
103.394735
98.454372
92.102477
86.103465
76.928506
68.459313
65.636248
53.285341
45.521914
36.699838
27.524878
17.644153
0.705766
-13.056673
-24.701814
-43.051733
-56.814172
-65.283365
-74.458325
-77.281389
-85.044816
-88.573647
-89.985179
-95.278425
-95.278425
-94.219776
-85.044816
-75.869857
-61.401651
-41.640200
-23.643165
-3.881714
11.998024
24.348931
34.935422
41.993083
47.286329
51.520926
58.578587
64.224716
74.458325
81.163103
83.280401
88.926530
88.573647
88.573647
88.220764
83.280401
76.222740
66.342014
53.285341
39.170019
25.054697
7.763427
-6.351895
-20.467217
-29.995060
-47.992095
-62.813184
-77.634272
-98.454372
-110.805279
-120.686005
-128.449432
-135.154210
-136.212859
-136.565742
-133.036912
-125.979250
-116.098525
-102.336086
-88.573647
-73.399675
-62.813184
-49.756511
-35.288305
-19.055685
6.704778
25.054697
37.052721
47.639212
56.814172
65.636248
71.988143
81.515986
93.866893
103.747618
113.628344
116.451408
115.745642
111.863928
104.806267
99.160138
89.279413
77.634272
64.577599
54.343990
40.581551
26.466229
12.350907
-2.823064
-23.290282
-38.817136
-53.285341
-70.929494
-82.927518
-94.572659
-95.631308
-101.277437
-99.513021
-94.219776
-96.337074
-91.749594
-85.750582
-76.222740
-64.577599
-50.109394
-31.406592
-16.938387
-5.646129
4.234597
13.409556
23.290282
36.346955
48.344978
63.871833
83.986167
100.218787
110.452396
118.568706
125.979250
129.860964
129.155198
129.155198
119.627355
113.981227
104.806267
96.337074
89.632296
79.751570
69.517962
50.815160
32.112358
13.409556
-9.174959
-32.818124
-46.580563
-61.754535
-79.045804
-90.690945
-104.100501
-113.981227
-117.862940
-122.803303
-122.097537
-123.509069
-128.802315
-123.861952
-117.510057
-113.275461
-106.923566
-98.807255
-88.573647
-76.928506
-61.401651
-44.463265
-31.053709
-16.938387
-1.058649
13.056673
27.171995
39.522902
53.638224
74.105441
88.926530
98.101489
104.806267
109.746630
107.629332
102.336086
97.748606
87.514998
72.693909
61.401651
50.815160
34.935422
25.407580
14.821088
1.764415
-7.763427
-17.997036
-31.759475
-45.521914
-60.343002
-71.988143
-81.515986
-88.926530
-88.573647
-94.925542
-93.161126
-85.044816
-81.868869
-78.340038
-71.635260
-65.283365
-56.461289
-46.580563
-38.464253
-25.760463
-9.880726
12.703790
26.819112
42.345967
59.637236
71.282377
82.221752
91.396711
100.218787
106.570682
114.686993
121.038888
123.156186
122.450420
122.097537
113.275461
103.747618
91.749594
79.045804
66.694897
55.049757
44.463265
30.347943
11.292258
-3.528831
-16.938387
-31.759475
-45.169031
-57.519938
-69.517962
-79.398687
-82.574635
-91.043828
-96.337074
-100.924554
-102.688969
-97.042840
-94.925542
-89.632296
-85.750582
-78.692921
-73.399675
-62.107418
-47.639212
-32.465241
-14.821088
-3.881714
9.527842
21.878749
37.052721
47.286329
53.991107
69.517962
76.222740
80.810219
82.574635
81.163103
82.221752
81.163103
82.574635
78.692921
73.046792
62.107418
50.462277
41.640200
28.936410
16.585504
3.881714
-6.704778
-18.702802
-28.936410
-37.405604
-47.992095
-54.696873
-61.401651
-67.047780
-70.929494
-78.340038
-82.221752
-87.867881
-88.573647
-88.573647
-84.339050
-79.751570
-71.988143
-65.283365
-55.049757
-41.640200
-29.642177
-16.585504
-4.587480
8.116310
17.644153
31.053709
42.698850
52.579575
62.107418
68.812196
67.047780
72.693909
74.458325
77.987155
82.221752
81.868869
78.340038
74.458325
75.164091
68.459313
61.048768
50.815160
42.345967
29.642177
19.408568
7.057661
-4.940363
-10.939375
-17.644153
-26.819112
-36.699838
-45.521914
-56.108406
-61.401651
-66.694897
-75.869857
-80.810219
-82.221752
-81.515986
-82.221752
-81.515986
-76.222740
-68.812196
-59.284353
-50.462277
-40.581551
-33.523890
-25.054697
-20.114334
-14.468205
-3.528831
4.587480
11.645141
20.114334
25.760463
29.642177
38.464253
48.697862
55.049757
53.991107
58.578587
56.108406
53.638224
55.402640
52.226692
47.639212
52.226692
47.639212
40.934434
40.228668
30.347943
22.584515
15.173971
7.410544
3.881714
-3.175947
-11.292258
-17.644153
-23.643165
-30.347943
-34.935422
-40.228668
-41.640200
-40.228668
-43.404616
-47.992095
-47.639212
-43.051733
-35.994072
-30.347943
-23.290282
-20.467217
-16.232621
-9.174959
-5.646129
0.705766
6.704778
7.057661
12.703790
13.762439
13.762439
21.525866
31.406592
35.288305
41.287317
47.286329
41.993083
40.228668
41.640200
40.228668
45.169031
42.345967
40.934434
39.170019
32.112358
26.113346
20.114334
11.645141
5.999012
1.764415
-5.293246
-11.292258
-17.644153
-24.701814
-27.524878
-27.524878
-27.171995
-28.583527
-34.229656
-33.876773
-33.523890
-37.758487
-41.640200
-40.581551
-40.934434
-41.287317
-35.641189
-33.876773
-33.171007
-26.113346
-27.877761
-21.525866
-14.115322
-12.703790
-3.528831
2.470181
8.822076
15.173971
23.643165
30.347943
34.582539
39.875785
47.286329
47.286329
49.756511
55.049757
53.991107
55.049757
53.991107
55.049757
48.344978
47.992095
45.874797
36.699838
30.700826
24.348931
17.997036
13.409556
8.116310
1.058649
-4.587480
-11.645141
-14.115322
-18.349919
-26.113346
-34.229656
-39.875785
-44.110382
-48.697862
-53.638224
-55.049757
-53.991107
-55.402640
-50.109394
-47.286329
-47.992095
-46.933446
-40.934434
-34.582539
-28.583527
-22.584515
-17.644153
-13.409556
-8.116310
-1.764415
2.823064
6.704778
9.527842
17.291270
20.467217
20.467217
20.467217
20.467217
20.467217
20.467217
20.820100
19.761451
13.409556
13.762439
13.762439
8.469193
5.646129
1.058649
-3.528831
-9.880726
-14.468205
-19.761451
-20.820100
-25.760463
-28.230644
-26.466229
-28.936410
-34.229656
-33.876773
-34.229656
-39.522902
-41.993083
-37.758487
-33.876773
-26.466229
-20.467217
-18.349919
-11.292258
-2.823064
0.705766
3.881714
11.645141
17.291270
24.348931
27.524878
26.819112
31.053709
35.994072
41.287317
47.639212
47.639212
47.992095
47.286329
47.639212
47.286329
48.344978
44.463265
40.581551
40.934434
35.288305
31.406592
24.348931
19.761451
15.173971
7.057661
-0.352883
-7.410544
-16.232621
-19.761451
-25.760463
-27.171995
-27.171995
-27.171995
-27.877761
-33.876773
-34.229656
-39.522902
-41.640200
-38.817136
-30.700826
-23.643165
-19.761451
-14.468205
-9.880726
-4.940363
-0.705766
4.234597
11.645141
13.409556
15.879737
21.878749
26.466229
27.524878
31.759475
35.288305
39.522902
42.698850
47.992095
47.286329
41.640200
37.758487
30.347943
22.231632
19.761451
21.525866
13.762439
6.704778
-1.058649
-8.822076
-14.468205
-20.820100
-26.113346
-30.700826
-37.405604
-46.227680
-47.992095
-47.639212
-47.992095
-47.286329
-40.581551
-44.816148
-48.344978
-47.286329
-48.344978
-44.110382
-37.052721
-28.936410
-24.701814
-19.761451
-15.173971
-10.586492
-6.351895
-0.705766
5.646129
13.409556
20.467217
23.643165
31.406592
39.522902
41.640200
47.286329
47.639212
47.992095
45.169031
40.228668
41.287317
40.581551
41.287317
39.522902
31.759475
27.524878
24.701814
16.232621
8.822076
7.410544
4.234597
-0.352883
-7.057661
-14.468205
-17.291270
-23.996048
-26.466229
-33.876773
-30.700826
-28.936410
-35.288305
-33.523890
-34.582539
-33.876773
-34.229656
-33.876773
-34.582539
-29.642177
-22.937399
-16.585504
-13.409556
-9.174959
-5.646129
-1.764415
6.351895
5.999012
8.822076
13.409556
16.232621
21.525866
19.408568
24.701814
27.524878
27.524878
25.407580
19.761451
20.820100
20.114334
20.467217
20.114334
20.820100
18.349919
8.116310
6.704778
0.705766
0.000000
-2.117298
-7.057661
-12.350907
-13.762439
-17.997036
-20.820100
-20.820100
-27.877761
-27.171995
-33.876773
-32.818124
-27.171995
-27.524878
-27.171995
-27.524878
-27.171995
-27.524878
-22.937399
-19.055685
-13.056673
-6.704778
-7.410544
-3.881714
3.881714
7.057661
10.233609
18.349919
20.820100
20.467217
20.467217
27.877761
34.582539
33.523890
34.229656
33.876773
28.936410
26.819112
27.877761
26.819112
27.877761
25.760463
