-109.656727
-112.690707
-119.192094
-112.690707
-92.319695
-60.246186
-39.008322
-20.804438
23.404993
68.047850
62.846741
28.606103
18.637309
40.308599
62.413315
68.481276
75.416089
79.316921
50.710818
-8.668516
-57.645631
-48.977115
-11.702497
4.334258
11.702497
41.175451
54.611650
21.671290
-35.107490
-74.982663
-69.348128
-78.016644
-119.625520
-152.999307
-153.432732
-130.027739
-103.588766
-47.243412
42.475728
143.030513
204.143551
201.109570
183.339112
185.072816
195.475035
213.245492
217.146325
230.149098
244.452150
225.381415
213.245492
229.282247
260.922330
283.460472
278.692788
251.820388
226.248266
200.676144
176.837725
149.965326
111.390430
75.849515
36.407767
-11.702497
-50.277393
-52.877947
-35.107490
-10.835645
-21.671290
-60.246186
-67.180999
-79.750347
-111.390430
-135.228849
-149.098474
-139.129681
-132.194868
-159.500693
-166.435506
-145.197642
-136.095700
-136.962552
-136.095700
-118.758669
-75.416089
-50.277393
-55.478502
-64.147018
-85.384882
-122.659501
-168.169209
-215.846047
-240.117892
-252.687240
-294.296117
-341.106103
-383.581831
-409.587379
-410.020804
-411.754508
-424.323856
-423.890430
-415.221914
-405.253121
-397.018031
-388.782940
-349.341193
-295.162968
-276.092233
-268.723994
-236.650485
-176.837725
-113.124133
-76.716366
-30.339806
65.013870
167.302358
229.282247
293.429265
401.352288
520.110957
562.586685
546.983356
569.954924
641.036755
687.413315
676.144244
675.277393
731.622746
773.231623
716.452843
653.606103
685.246186
756.328017
764.129681
717.319695
693.047850
695.648405
638.002774
511.442441
428.658114
425.624133
420.856449
347.174064
262.222607
220.613731
193.741331
123.959778
45.509709
34.240638
39.875173
2.600555
-95.787101
-214.979196
-328.103329
-472.000693
-651.005548
-823.075589
-945.735090
-1019.417476
-1105.235784
-1214.025659
-1289.008322
-1317.180999
-1324.115811
-1317.180999
-1276.872399
-1175.450763
-1026.785714
-880.287795
-757.194868
-629.334258
-484.570042
-365.811373
-313.366852
-305.998613
-281.726768
-242.285021
-237.950763
-244.018724
-219.746879
-167.735784
-107.489598
-79.750347
-31.206657
94.486824
250.953537
358.443135
431.258669
507.108183
607.229542
700.849515
738.124133
768.030513
794.902913
760.662275
655.339806
515.343273
445.561720
454.663662
467.666436
475.034674
512.309293
561.719834
609.830097
670.943135
740.724688
833.477809
930.565187
963.505548
966.539528
983.443135
1010.748960
1038.054785
1016.383495
942.267684
857.316227
771.497920
680.478502
589.892510
509.275312
455.963939
379.247573
226.248266
39.008322
-124.393204
-262.656033
-412.621359
-599.861304
-762.395978
-878.120666
-1008.581831
-1185.852982
-1326.716366
-1388.262829
-1424.237171
-1497.486130
-1578.970180
-1582.871012
-1522.624827
-1478.415395
-1443.307906
-1339.285714
-1157.246879
-984.743412
-869.452150
-732.489598
-505.374480
-262.656033
-81.917476
65.447295
227.548544
363.644244
409.587379
374.046463
342.406380
351.508322
321.601942
240.117892
146.931345
82.350902
26.005548
-54.611650
-132.194868
-159.500693
-152.565881
-143.897365
-132.194868
-98.387656
-30.339806
29.472954
66.747573
89.285714
113.124133
135.228849
161.234397
195.908460
251.386963
346.307212
456.397365
576.889736
710.818308
851.681692
1013.349515
1183.252427
1324.549237
1465.846047
1616.244799
1752.773925
1832.524272
1832.090846
1802.184466
1756.241331
1666.955617
1522.191401
1352.721914
1184.986130
1001.213592
789.268377
559.552705
332.004161
103.588766
-163.401526
-454.230236
-742.024965
-1001.647018
-1220.960472
-1426.837725
-1634.015257
-1817.787795
-1973.387656
-2099.947989
-2180.565187
-2211.338419
-2174.063800
-2079.143551
-1976.421637
-1872.399445
-1731.102635
-1539.961859
-1319.348128
-1120.405687
-934.466019
-710.384882
-455.097087
-223.214286
-9.101942
216.712899
441.227462
614.597781
708.651179
768.463939
830.010402
862.950763
823.075589
726.421637
633.668516
540.915395
398.751734
211.945215
37.708044
-112.257282
-275.225381
-450.329404
-577.323162
-634.101942
-658.373786
-682.212205
-670.509709
-582.090846
-452.063107
-312.500000
-171.203190
1.733703
198.075589
379.680999
557.385576
768.030513
989.944521
1172.850208
1312.846741
1422.936893
1545.162968
1680.825243
1803.051318
1930.045076
2045.769764
2129.854369
2186.633148
2219.140083
2229.542302
2206.137309
2112.517337
1953.016644
1726.768377
1449.375867
1150.745492
835.644938
501.040222
118.325243
-320.301664
-791.002080
-1237.430652
-1649.185160
-2006.761442
-2303.224688
-2555.911928
-2760.922330
-2916.088766
-2998.439667
-2996.272538
-2919.556172
-2779.559639
-2590.585992
-2370.405687
-2127.253814
-1868.932039
-1578.103329
-1286.407767
-1018.550624
-769.764216
-524.878641
-276.959085
-38.141470
185.506241
401.785714
617.198336
819.174757
996.445908
1152.479196
1284.674064
1354.889043
1346.653953
1270.371012
1152.045770
1021.151179
854.715673
649.271845
408.720527
139.996533
-131.761442
-395.717753
-624.133148
-805.738558
-934.899445
-995.579057
-982.142857
-901.092233
-770.197642
-586.858530
-373.613037
-146.931345
82.350902
329.837032
616.331484
908.893897
1168.949376
1398.665049
1612.343967
1790.915395
1922.243412
2029.299584
2153.259362
2278.952843
2376.473648
2445.388350
2513.436200
2570.214979
2562.413315
2467.493065
2298.457004
2086.078363
1818.654646
1480.149098
1096.567268
686.113037
219.313454
-339.805825
-941.400832
-1516.990291
-2031.466713
-2493.065187
-2919.989598
-3278.432732
-3535.020804
-3707.090846
-3796.809986
-3779.039528
-3636.442441
-3389.389736
-3116.331484
-2810.766297
-2456.657420
-2066.140777
-1645.717753
-1248.699723
-903.692788
-577.323162
-274.791956
-0.433426
254.854369
501.473648
757.194868
1006.414702
1234.830097
1421.203190
1596.740638
1753.640777
1856.362691
1890.169903
1855.062413
1763.176144
1602.808599
1357.489598
1041.088766
680.478502
277.825936
-132.628294
-540.915395
-926.664355
-1248.699723
-1512.222607
-1706.397365
-1811.286408
-1798.717060
-1675.624133
-1466.279473
-1182.385576
-832.177531
-442.527739
-22.104716
420.423024
863.817614
1274.271845
1634.448682
1936.113037
2176.664355
2356.536061
2489.597781
2583.651179
2642.163662
2671.203190
2704.143551
2756.588072
2810.332871
2841.106103
2808.165742
2731.449376
2606.189320
2398.144938
2119.452150
1789.181692
1396.497920
917.995839
316.834258
-373.179612
-1077.496533
-1757.541609
-2405.946602
-3018.377254
-3564.493759
-4008.321775
-4334.691401
-4543.602635
-4609.049931
-4527.132455
-4310.852982
-3992.718447
-3596.567268
-3138.002774
-2615.291262
-2042.302358
-1479.282247
-972.174064
-535.714286
-161.667822
166.868932
436.026352
657.940361
859.916782
1048.457004
1229.195562
1380.461165
1509.622053
1641.383495
1762.742718
1837.291956
1859.396671
1836.858530
1775.745492
1660.887656
1448.942441
1137.309293
753.294036
324.635922
-130.894591
-579.923717
-999.913315
-1379.160888
-1693.828017
-1936.113037
-2070.908460
-2067.874480
-1927.011096
-1678.224688
-1358.356449
-963.505548
-488.904300
45.943135
604.628988
1157.680305
1672.156727
2138.522885
2507.368239
2774.791956
2999.739945
3185.246186
3316.140777
3370.319001
3368.585298
3361.217060
3340.846047
3266.296810
3140.169903
2982.836338
2791.695562
2525.138696
2164.961859
1750.606796
1312.413315
804.438280
173.803745
-553.918169
-1298.110264
-2012.395978
-2708.044383
-3404.993065
-4037.794730
-4531.033287
-4898.144938
-5156.466713
-5287.794730
-5248.786408
-5034.240638
-4707.437587
-4309.552705
-3815.013870
-3203.883495
-2515.603329
-1841.626214
-1220.093620
-631.067961
-68.047850
432.992372
846.914008
1202.756588
1509.622053
1780.513176
1999.826630
2162.794730
2303.224688
2422.416782
2476.595007
2447.555479
2367.371706
2258.148405
2106.882802
1878.467406
1563.366852
1168.949376
715.585992
214.979196
-305.565187
-792.302358
-1233.963245
-1636.182386
-1996.792649
-2267.683773
-2396.844660
-2382.975035
-2255.981276
-2033.200416
-1716.366158
-1308.079057
-829.576976
-289.961859
302.964632
909.760749
1477.548544
1966.886269
2383.841886
2765.690014
3121.532594
3414.528433
3603.502080
3705.357143
3760.835645
3787.274619
3779.472954
3725.728155
3625.606796
3466.972954
3214.719140
2841.539528
2387.742718
1910.107490
1395.197642
788.834951
58.945908
-739.424411
-1535.194175
-2306.692094
-3045.683079
-3750.866852
-4374.133148
-4878.207351
-5263.956311
-5514.909847
-5609.830097
-5530.513176
-5283.027046
-4922.850208
-4490.724688
-3955.443828
-3322.642164
-2625.260055
-1911.407767
-1243.932039
-625.000000
-42.909154
491.938280
961.338419
1368.325243
1714.199029
2018.463939
2285.887656
2506.501387
2686.373093
2832.004161
2913.488211
2896.151179
2791.695562
2620.492372
2391.210125
2093.446602
1706.830791
1235.263523
697.382108
114.424411
-479.802358
-1061.459778
-1596.307212
-2065.273925
-2458.391123
-2740.551318
-2858.876560
-2824.635922
-2660.800971
-2384.275312
-2001.560333
-1516.123440
-953.103329
-332.004161
323.335645
971.740638
1579.403606
2118.151872
2588.418863
3010.142164
3369.452150
3645.544383
3840.585992
3958.044383
4030.426491
4091.106103
4121.012483
4098.474341
4009.622053
3842.753121
3581.830791
3223.821082
2760.055479
2223.040915
1635.748960
946.168516
131.761442
-771.931345
-1690.794036
-2565.013870
-3384.622053
-4182.558946
-4895.977809
-5457.697642
-5853.415395
-6082.697642
-6156.813454
-6045.423024
-5748.526352
-5332.871012
-4824.895978
-4222.000693
-3535.887656
-2770.457698
-2005.027739
-1300.710818
-643.637309
-28.606103
541.348821
1055.825243
1487.083911
1853.762136
2169.296117
2440.620666
2686.373093
2910.454230
3099.861304
3220.353675
3247.659501
3171.809986
3017.076976
2788.661581
2473.994452
2054.871706
1535.194175
939.667129
290.828710
-382.281553
-1045.423024
-1656.986824
-2213.072122
-2685.072816
-3030.946602
-3203.883495
-3183.945908
-3003.640777
-2683.772538
-2245.579057
-1696.861997
-1050.624133
-358.443135
352.808599
1058.425798
1713.765603
2281.119972
2766.556865
3164.875173
3507.714979
3778.172677
3947.208738
4033.027046
4081.137309
4121.879334
4146.584605
4145.284327
4071.601942
3935.506241
3728.328710
3432.298890
3031.813454
2527.305825
1927.877947
1242.198336
438.626907
-486.303745
-1463.678918
-2423.717060
-3340.846047
-4206.830791
-5013.869626
-5695.214979
-6191.054092
-6485.783634
-6594.140083
-6535.627601
-6280.773232
-5842.579750
-5273.058252
-4622.052705
-3891.730236
-3094.660194
-2257.714979
-1459.778086
-737.257282
-70.214979
553.918169
1116.938280
1581.570735
1965.152566
2286.321082
2573.682386
2827.669903
3041.348821
3217.319695
3345.180305
3389.823162
3335.644938
3189.580444
2964.632455
2676.837725
2293.689320
1790.915395
1197.555479
543.082524
-149.965326
-842.579750
-1498.786408
-2093.880028
-2611.823856
-3033.113731
-3315.707351
-3408.027046
-3317.441054
-3061.286408
-2662.534674
-2129.420943
-1481.015950
-770.197642
-22.971567
729.455617
1455.443828
2124.653259
2704.576976
3181.345354
3565.794036
3871.359223
4081.137309
4188.193481
4228.068655
4237.170596
4228.935506
4202.929958
4133.581831
4014.389736
3840.152566
3575.762829
3199.549237
2716.712899
2137.222607
1479.282247
738.990985
-134.361997
-1103.935506
-2102.548544
-3079.490291
-3986.217060
-4829.230236
-5566.487517
-6139.476422
-6529.126214
-6731.102635
-6740.638003
-6563.800277
-6167.649098
-5602.461859
-4941.920943
-4213.765603
-3420.162968
-2564.147018
-1697.295423
-889.823162
-164.701803
501.907074
1097.867545
1619.278779
2044.469487
2392.510402
2686.373093
2931.258669
3120.232316
3277.132455
3414.528433
3517.250347
3530.686546
3417.128988
3203.450069
2914.788488
2547.243412
2082.177531
1507.888350
847.347434
124.826630
-651.872399
-1416.868932
-2117.718447
-2730.582524
-3227.721914
-3590.932732
-3791.175451
-3788.141470
-3592.666436
-3222.087379
-2693.307906
-2043.602635
-1300.277393
-506.674757
304.264910
1116.504854
1877.167129
2539.441748
3085.991678
3521.584605
3862.690707
4101.508322
4228.502080
4273.144938
4272.278086
4241.504854
4196.861997
4140.950069
4069.001387
3981.449376
3829.316921
3577.063107
3233.356449
2787.794730
2247.312760
1600.208044
846.914008
-21.237864
-1009.882108
-2066.574202
-3120.232316
-4104.975728
-4994.798890
-5776.265603
-6383.495146
-6794.816227
-6998.959778
-6982.489598
-6751.907074
-6295.509709
-5655.339806
-4912.881415
-4109.309986
-3238.990985
-2327.496533
-1425.537448
-601.595007
109.223301
736.823856
1289.441748
1740.638003
2095.613731
2375.606796
2603.155340
2773.491678
2900.918863
3018.377254
3156.206657
3283.633842
3330.877254
3282.333564
3143.637309
2931.692094
2637.395978
2236.477115
1715.499307
1088.332178
369.712205
-428.224688
-1241.331484
-2005.461165
-2683.339112
-3267.163662
-3731.362691
-4023.925104
-4091.972954
-3928.138003
-3565.360610
-3021.411234
-2323.595700
-1503.987517
-627.167129
276.092233
1177.184466
2021.931345
2758.755201
3346.480583
3802.877947
4130.114424
4323.855756
4384.968793
4339.025659
4225.901526
4074.202497
3903.432732
3744.798890
3617.371706
3513.782940
3405.859917
3246.359223
3043.082524
2776.525659
2392.510402
1872.399445
1239.597781
517.943828
-309.466019
-1274.271845
-2324.029126
-3371.185853
-4339.025659
-5216.279473
-5989.944521
-6585.904993
-6943.047850
-7062.673370
-6972.520804
-6667.822469
-6113.904300
-5336.771845
-4455.617198
-3552.791262
-2625.260055
-1670.856449
-733.356449
104.889043
796.203190
1369.192094
1845.960472
2190.533981
2399.878641
2509.101942
2594.486824
2649.098474
2655.166436
2652.565881
2671.203190
2737.083911
2782.593620
2750.086685
2652.999307
2498.699723
2268.550624
1923.110264
1446.341886
887.656033
253.554092
-471.133842
-1257.801664
-2018.463939
-2691.140777
-3262.395978
-3724.861304
-4020.024272
-4069.001387
-3892.163662
-3515.516644
-2956.830791
-2216.106103
-1330.183773
-377.513870
561.719834
1474.081137
2334.431345
3087.725381
3676.317614
4087.205270
4346.393897
4456.484050
4414.875173
4237.604022
3994.452150
3739.164355
3486.477115
3227.721914
2997.139390
2848.907767
2744.885576
2644.764216
2516.903606
2353.502080
2116.851595
1761.009015
1262.135922
663.574896
-20.804438
-842.146325
-1804.351595
-2823.769071
-3805.045076
-4700.502774
-5502.773925
-6178.918169
-6633.581831
-6823.422330
-6773.578363
-6503.987517
-5999.913315
-5259.188627
-4362.864078
-3426.230929
-2479.628988
-1500.086685
-527.479196
343.706657
1027.652566
1550.797503
1960.384882
2230.409154
2359.570042
2386.009015
2372.572816
2344.833564
2273.318308
2187.066574
2150.658807
2197.468793
2272.884882
2312.326630
2309.726075
2267.683773
2173.630374
1967.753121
1631.848128
1181.085298
618.932039
-54.178225
-815.273925
-1606.276006
-2340.065881
-2981.536061
-3535.887656
-3942.874480
-4116.244799
-4030.859917
-3722.694175
-3209.084605
-2498.699723
-1626.647018
-664.008322
315.967406
1287.274619
2206.570735
3009.275312
3632.975035
4059.032594
4309.552705
4394.504161
4297.416782
4055.998613
3759.968793
3441.400832
3108.963245
2767.857143
2476.595007
2296.289875
2199.202497
2141.123440
2112.083911
2115.551318
2107.316227
1984.223301
1693.394591
1275.572122
769.764216
138.696255
-697.815534
-1687.326630
-2695.908460
-3652.045770
-4535.800971
-5362.777393
-6033.720527
-6429.871706
-6564.667129
-6483.616505
-6180.218447
-5608.096394
-4791.522191
-3841.886269
-2884.882108
-1931.778779
-954.837032
-25.572122
743.325243
1295.943135
1692.961165
1978.588766
2111.217060
2093.446602
1989.857836
1871.532594
1760.575589
1629.247573
1504.854369
1491.418169
1597.607490
1752.340499
1899.705270
2047.936893
2197.035368
2273.751734
2185.766297
1929.178225
1545.596394
1036.321082
377.513870
-417.822469
-1262.135922
-2070.041609
-2821.168516
-3472.174064
-3951.976422
-4165.655340
-4104.542302
-3821.515257
-3310.939667
-2564.147018
-1608.876560
-546.549931
512.742718
1516.123440
2431.952150
3191.314147
3731.362691
4040.828710
4183.859223
4163.488211
3941.574202
3541.088766
3067.354369
2633.928571
2254.247573
1895.804438
1606.276006
1468.446602
1512.656033
1664.355062
1856.362691
2100.814840
2350.468100
2488.297503
2417.215673
2133.755201
1724.167822
1191.920943
424.323856
-602.461859
-1751.040222
-2880.981276
-3930.738558
-4912.447989
-5777.565881
-6371.792649
-6638.349515
-6635.315534
-6386.095700
-5845.613731
-5000.000000
-3945.041609
-2881.414702
-1891.036755
-918.862691
21.671290
815.707351
1363.124133
1662.187933
1814.753814
1831.223994
1695.995146
1450.676144
1186.719834
983.009709
829.143551
733.789875
758.928571
964.805825
1316.747573
1705.530513
2076.976422
2431.518724
2729.282247
2889.649792
2832.871012
2554.611650
2081.744105
1418.602635
572.988904
-392.683773
-1389.563107
-2350.034674
-3228.155340
-3961.945215
-4440.013870
-4581.744105
-4411.407767
-3981.882802
-3312.673370
-2417.649098
-1348.821082
-214.545770
881.588072
1883.235090
2730.582524
3350.814840
3724.861304
3886.095700
3871.792649
3671.983356
3271.931345
2736.650485
2197.035368
1756.241331
1417.302358
1173.283634
1070.561720
1161.147712
1425.970874
1791.348821
2213.072122
2688.106796
3124.133148
3359.916782
3315.273925
3028.779473
2581.917476
1966.886269
1061.893204
-134.361997
-1454.143551
-2736.217060
-3928.138003
-5024.271845
-5935.766297
-6536.927878
-6776.178918
-6716.366158
-6400.832178
-5781.033287
-4853.502080
-3755.201110
-2687.673370
-1718.966713
-784.067268
85.384882
780.166436
1194.521498
1360.090153
1389.563107
1285.540915
1057.558946
768.897365
517.510402
367.111650
283.027046
293.429265
485.870319
895.891123
1433.772538
1964.719140
2464.025659
2946.861997
3351.681692
3551.057559
3486.910541
3175.277393
2647.364771
1883.668516
875.953537
-258.321775
-1380.894591
-2447.988904
-3441.834258
-4282.246879
-4821.428571
-4976.161581
-4801.490985
-4364.164355
-3675.450763
-2729.715673
-1602.808599
-437.326630
660.974341
1679.524965
2543.342580
3152.739251
3475.641470
3568.828017
3506.414702
3270.631068
2835.471567
2277.219140
1767.943828
1399.965326
1149.878641
1006.414702
1039.355062
1316.747573
1781.813454
2305.391817
2839.805825
3400.225381
3932.905687
4258.841886
4248.439667
3931.171983
3411.927878
2685.072816
1633.581831
277.392510
-1200.156033
-2640.429958
-3976.248266
-5205.443828
-6241.764910
-6929.178225
-7227.375173
-7182.732316
-6837.291956
-6193.221221
-5250.953537
-4126.647018
-2996.705964
-1954.750347
-977.808599
-98.821082
566.054092
969.140083
1133.408460
1140.343273
1024.618585
783.633842
505.374480
295.162968
200.676144
211.945215
337.638696
649.705270
1173.717060
1809.552705
2447.988904
3036.581137
3574.462552
4003.554092
4192.527739
4072.902219
3668.515950
3024.878641
2126.820388
986.043689
-296.896671
-1574.202497
-2761.789182
-3849.254508
-4767.683773
-5373.613037
-5565.620666
-5385.315534
-4910.714286
-4161.754508
-3151.438974
-1958.217753
-729.455617
430.825243
1473.647712
2347.434119
2985.003467
3340.846047
3454.403606
3383.755201
3155.339806
2787.794730
2324.462552
1892.337032
1594.140083
1436.806519
1409.500693
1526.959085
1853.762136
2367.805132
2968.099861
3559.292649
4105.409154
4568.307906
4841.366158
4782.420250
4385.402219
3738.297503
2878.380721
1736.737171
287.794730
-1324.549237
-2907.853675
-4334.691401
-5596.393897
-6673.890430
-7424.583911
-7747.052705
-7668.169209
-7260.748960
-6559.899445
-5577.323162
-4390.169903
-3182.645631
-2100.814840
-1117.371706
-218.880028
509.708738
976.508322
1152.045770
1150.745492
1067.094313
898.925104
687.413315
512.309293
461.598474
542.649098
729.022191
1058.859223
1573.335645
2227.375173
2887.916089
3448.769071
3906.900139
4252.773925
4395.804438
4223.300971
3726.595007
2966.799584
1972.087379
747.659501
-635.835645
-2026.699029
-3313.106796
-4453.016644
-5397.884882
-6033.720527
-6250.866852
-6041.088766
-5488.470874
-4667.562413
-3602.201803
-2343.099861
-1002.947295
270.457698
1399.098474
2356.102635
3076.022885
3518.117198
3692.787795
3668.082524
3491.244799
3162.708044
2730.149098
2309.292649
2008.061720
1848.127601
1809.986130
1912.274619
2203.536755
2675.970874
3233.356449
3782.506935
4296.983356
4740.377947
5000.000000
4929.785021
4497.659501
3796.376560
2893.550624
1744.972261
285.194175
-1376.993759
-3020.544383
-4508.495146
-5805.738558
-6926.144244
-7718.446602
-8064.320388
-7989.771151
-7578.883495
-6878.033981
-5868.585298
-4619.018724
-3312.239945
-2128.554092
-1088.332178
-156.033287
631.501387
1175.017337
1410.800971
1422.936893
1341.452843
1174.583911
940.100555
730.755895
632.801664
690.013870
862.083911
1147.278086
1603.242025
2210.471567
2873.179612
3459.604716
3906.900139
4205.097087
4308.685853
4135.748960
3650.312067
2876.213592
1859.396671
627.167129
-757.194868
-2186.199723
-3511.182386
-4662.361304
-5596.393897
-6243.932039
-6507.888350
-6340.152566
-5795.336338
-4943.654646
-3850.554785
-2576.716366
-1227.028433
91.019417
1289.441748
2310.592926
3098.127601
3606.969487
3843.619972
3869.625520
3738.730929
3465.239251
3077.323162
2658.200416
2309.726075
2110.350208
2054.871706
2125.520111
2344.833564
2732.316227
3231.189320
3732.229542
4171.289875
4537.101248
4772.884882
4753.814147
4375.000000
3674.150485
2748.786408
1662.187933
337.205270
-1233.096394
-2880.547850
-4404.906380
-5681.345354
-6731.536061
-7528.172677
-7949.029126
-7914.788488
-7485.696949
-6786.147712
-5840.412621
-4652.392510
-3328.276699
-2071.775312
-1014.216366
-115.291262
663.574896
1262.135922
1576.369626
1608.876560
1491.851595
1326.282940
1118.238558
905.859917
768.463939
774.098474
919.296117
1165.915395
1530.859917
2044.902913
2642.163662
3181.345354
3570.995146
3792.475728
3844.920250
3663.314840
3189.147018
2413.314840
1401.699029
201.976422
-1129.507628
-2492.631761
-3760.835645
-4830.530513
-5680.911928
-6252.600555
-6458.477809
-6231.362691
-5611.563800
-4703.970180
-3576.629681
-2285.020804
-927.531207
387.482663
1569.868239
2583.651179
3366.851595
3866.158114
4074.635922
4064.233703
3923.370319
3670.249653
3302.704577
2875.346741
2523.404993
2321.428571
2255.981276
2300.190707
2472.260749
2799.497226
3222.087379
3646.844660
3998.352982
4274.878641
4455.183773
4389.736477
3962.812067
3218.186546
2271.584605
1183.252427
-96.653953
-1599.774619
-3166.175451
-4597.780860
-5781.466713
-6717.233010
-7394.677531
-7688.106796
-7561.546463
-7074.809293
-6329.750347
-5349.341193
-4140.516644
-2832.004161
-1615.811373
-614.164355
203.710125
892.857143
1401.699029
1636.615811
1617.111650
1461.078363
1259.535368
1018.984050
799.237171
684.379334
726.421637
891.123440
1121.705964
1464.545770
1947.815534
2524.705270
3028.346047
3354.282247
3504.247573
3486.043689
3255.461165
2739.684466
1959.518031
965.239251
-189.840499
-1456.744105
-2764.823162
-3959.344660
-4931.952150
-5656.206657
-6110.870319
-6232.662968
-5955.270458
-5297.763523
-4347.260749
-3205.617198
-1929.611650
-591.192788
689.580444
1824.722607
2770.457698
3488.644244
3959.344660
4155.686546
4115.811373
3937.673370
3645.544383
3270.197642
2857.576283
2493.498613
2277.652566
2206.137309
2233.443135
2379.941054
2689.407074
3112.864078
3532.420250
3878.727462
4136.182386
4290.915395
4229.368932
3816.747573
3091.192788
2167.995839
1114.337725
-128.294036
-1594.140083
-3122.832871
-4496.792649
-5608.096394
-6492.285021
-7145.891123
-7425.450763
-7278.519417
-6761.442441
-5999.046463
-5049.843967
-3892.597087
-2639.129681
-1474.514563
-536.581137
214.112344
844.746879
1292.909154
1473.214286
1386.095700
1179.785021
961.771845
716.452843
478.935506
335.038141
365.811373
559.119279
843.013176
1221.827323
1734.570042
2327.496533
2864.944521
3225.988211
3411.061026
3415.828710
3209.518031
2734.049931
1963.418863
987.777393
-141.296810
-1365.291262
-2606.622746
-3765.169903
-4724.341193
-5445.128294
-5865.117892
-5947.035368
-5656.640083
-5007.801664
-4091.972954
-2962.898752
-1714.632455
-434.292649
790.568655
1871.966019
2769.590846
3426.664355
3826.716366
3965.412621
3878.294036
3663.748266
3348.647712
2960.731623
2556.345354
2202.236477
1989.857836
1936.546463
2017.597087
2205.703883
2516.903606
2951.196255
3417.995839
3831.050624
4126.213592
4273.144938
4259.708738
3972.780860
3342.146325
2450.589459
1398.231623
245.752427
-1063.193481
-2496.966019
-3879.594313
-5022.104716
-5855.149098
-6461.945215
-6805.218447
-6788.314840
-6367.458391
-5644.070735
-4787.187933
-3808.945908
-2720.180305
-1625.346741
-706.050624
-64.580444
406.119972
761.529126
939.233703
875.520111
634.535368
379.247573
177.704577
19.937587
-72.815534
-23.404993
216.279473
577.756588
1005.981276
1516.990291
2114.251040
2709.344660
3149.705270
3378.120666
3410.627601
3265.863384
2887.916089
2228.675451
1349.687933
314.233703
-821.775312
-1985.090153
-3101.595007
-4042.995839
-4737.343967
-5189.407074
-5375.346741
-5234.483356
-4738.644244
-3950.242718
-2966.799584
-1875.866852
-748.526352
364.511096
1351.421637
2176.664355
2821.168516
3235.523578
3414.961859
3361.650485
3173.543689
2928.224688
2636.529126
2328.363384
2030.166436
1821.688627
1757.975035
1824.289182
2010.662275
2303.658114
2712.378641
3169.642857
3574.029126
3896.497920
4121.879334
4229.368932
4123.613037
3690.620666
2959.431345
2049.237171
1034.587379
-104.889043
-1399.965326
-2741.851595
-3948.075589
-4907.246879
-5631.934813
-6131.674757
-6315.447295
-6132.108183
-5645.371012
-4994.365465
-4227.201803
-3315.273925
-2330.097087
-1421.636616
-756.761442
-314.667129
31.640083
270.891123
337.205270
203.710125
0.000000
-160.800971
-279.993065
-338.505548
-295.596394
-81.917476
298.630374
738.124133
1227.461859
1779.646325
2386.009015
2928.224688
3272.364771
3411.061026
3344.313454
3077.323162
2574.982663
1839.892510
932.732316
-108.356449
-1223.994452
-2331.830791
-3301.404300
-4038.661581
-4560.506241
-4855.235784
-4866.504854
-4544.902913
-3917.735784
-3098.561026
-2148.491678
-1116.071429
-78.016644
861.650485
1639.216366
2266.383495
2737.950763
3002.340499
3037.014563
2892.683773
2705.443828
2512.135922
2285.020804
2055.305132
1868.065187
1824.722607
1929.611650
2119.885576
2391.210125
2748.786408
3182.645631
3597.434119
3915.135229
4126.647018
4223.300971
4159.587379
3825.416089
3174.410541
2306.692094
1340.585992
290.828710
-907.160194
-2207.437587
-3439.233703
-4455.183773
-5210.644938
-5768.030513
-6087.031900
-6065.794036
-5729.022191
-5173.370319
-4506.328017
-3715.759362
-2806.865465
-1920.943135
-1215.325936
-743.325243
-382.714979
-82.350902
80.617198
61.113037
-90.152566
-209.778086
-258.321775
-251.386963
-167.735784
43.776006
418.255895
856.882802
1304.178225
1808.252427
2372.572816
2901.352288
3242.024965
3359.916782
3305.305132
3079.490291
2650.832178
1972.520804
1120.839112
166.868932
-880.721221
-1942.614424
-2926.924411
-3708.824549
-4254.074202
-4610.350208
-4742.978502
-4570.475035
-4078.970180
-3356.449376
-2500.433426
-1562.500000
-589.459085
353.242025
1155.079750
1810.419556
2340.499307
2686.373093
2837.205270
2786.927878
2649.098474
2524.705270
2381.674757
2216.539528
2056.171983
1991.591540
2069.608183
2236.043689
2469.660194
2760.922330
3130.201110
3520.284327
3839.719140
4041.695562
4118.411928
4093.273232
3888.696255
3386.789182
2615.291262
1679.524965
698.248960
-354.542302
-1561.199723
-2798.196949
-3909.067268
-4757.281553
-5364.077670
-5800.970874
-5980.842580
-5827.409847
-5384.448682
-4798.890430
-4136.182386
-3369.452150
-2526.438974
-1732.836338
-1158.547157
-778.432732
-462.465326
-214.112344
-95.353675
-133.061720
-218.880028
-231.449376
-197.642164
-122.659501
40.308599
354.975728
787.101248
1233.963245
1678.658114
2162.794730
2681.171983
3089.025659
3281.900139
3294.036061
3151.438974
2818.134535
2260.748960
1497.052705
629.767684
-313.366852
-1323.248960
-2321.861997
-3195.214979
-3840.152566
-4286.147712
-4541.868932
-4538.834951
-4232.836338
-3665.048544
-2943.394591
-2114.251040
-1209.691401
-279.126214
567.787795
1254.767684
1826.022885
2272.018031
2561.979889
2660.800971
2614.857836
2537.274619
2464.025659
2368.671983
2244.278779
2159.760749
2197.035368
2334.431345
2522.104716
2746.619279
3028.346047
3381.588072
3706.657420
3925.970874
4034.760749
4041.695562
3931.605409
3612.170596
3023.578363
2219.573509
1308.079057
347.607490
-718.186546
-1892.770458
-3050.884189
-4041.695562
-4801.057559
-5372.746186
-5755.461165
-5866.418169
-5671.809986
-5236.217060
-4680.565187
-4044.729542
-3305.305132
-2523.404993
-1818.221221
-1310.679612
-937.500000
-621.966019
-382.714979
-263.089459
-260.055479
-254.854369
-188.973648
-84.518031
67.180999
310.766297
690.013870
1143.810680
1589.372399
2043.602635
2512.135922
2962.031900
3277.132455
3396.757975
3338.678918
3114.597781
2705.010402
2086.511789
1311.113037
439.927184
-494.538835
-1468.013176
-2418.949376
-3220.353675
-3810.679612
-4215.065881
-4427.877947
-4397.971567
-4085.471567
-3543.689320
-2865.377947
-2084.778086
-1227.028433
-359.309986
418.255895
1055.825243
1590.239251
2034.067268
2339.632455
2465.759362
2469.226768
2440.620666
2404.212899
2345.700416
2277.219140
2247.746186
2297.590153
2405.079750
2563.713592
2777.825936
3056.952150
3353.848821
3607.402913
3798.977115
3905.166436
3911.667822
3779.906380
3465.672677
2943.394591
2225.208044
1362.257282
400.052011
-626.733703
-1711.598474
-2806.432039
-3788.141470
-4586.945215
-5172.936893
-5546.983356
-5686.113037
-5559.552705
-5205.443828
-4694.868239
-4102.808599
-3429.264910
-2698.509015
-2008.495146
-1462.812067
-1073.162275
-751.126907
-475.034674
-299.497226
-236.217060
-219.746879
-153.866158
-18.637309
146.931345
363.644244
692.180999
1116.504854
1555.998613
1959.951456
2359.136616
2767.857143
3089.892510
3230.322469
3181.345354
2999.739945
2677.271151
2162.794730
1464.979196
656.640083
-192.874480
-1077.929958
-1974.687933
-2775.225381
-3402.392510
-3843.619972
-4119.278779
-4203.363384
-4028.259362
-3618.671983
-3064.320388
-2422.850208
-1702.929958
-911.494452
-132.628294
530.513176
1092.233010
1587.205270
1990.291262
2251.647018
2369.972261
2421.983356
2467.926491
2490.898058
2467.059639
2434.552705
2454.056865
2520.371012
2610.523578
2726.681692
2884.015257
3066.920943
3251.560333
3414.095007
3546.723301
3612.604022
3544.122746
3344.746879
3028.346047
2567.180999
1917.042302
1083.131068
156.033287
-777.132455
-1744.538835
-2742.718447
-3664.615118
-4416.608877
-4936.286408
-5283.460472
-5466.799584
-5401.352288
-5072.815534
-4577.409847
-4022.191401
-3430.998613
-2760.488904
-2060.072816
-1478.415395
-1062.326630
-729.889043
-415.221914
-173.803745
-58.079057
-6.501387
97.087379
254.420943
416.088766
592.926491
839.979196
1186.719834
1562.500000
1888.436200
2207.871012
2538.141470
2813.366852
2949.462552
2913.488211
2737.517337
2431.518724
1961.685160
1303.744799
528.779473
-298.630374
-1170.249653
-2037.101248
-2837.205270
-3470.873786
-3901.699029
-4168.255895
-4243.671983
-4068.567961
-3647.711512
-3053.918169
-2353.068655
-1565.100555
-724.687933
82.350902
802.704577
1425.104022
1956.050624
2359.570042
2595.787101
2682.038835
2695.908460
2695.475035
2666.435506
2571.948682
2455.790569
2401.612344
2429.785021
2510.402219
2614.857836
2765.690014
2988.470874
3232.056172
3433.599168
3562.326630
3610.870319
3561.893204
3368.585298
2944.694868
2291.955617
1474.947989
566.920943
-400.918863
-1469.746879
-2599.254508
-3641.643551
-4490.724688
-5110.090153
-5532.246879
-5756.761442
-5706.050624
-5372.746186
-4841.799584
-4216.799584
-3516.383495
-2736.650485
-1949.982663
-1290.742025
-823.075589
-456.830791
-126.993759
114.424411
205.877254
182.905687
187.673370
264.823162
362.777393
478.502080
674.843967
987.343967
1363.557559
1729.802358
2096.047157
2481.796117
2827.236477
3028.779473
3040.481969
2897.451456
2623.092926
2169.729542
1497.486130
681.345354
-193.307906
-1115.638003
-2060.939667
-2939.927184
-3630.807906
-4108.009709
-4410.107490
-4514.996533
-4354.195562
-3897.364771
-3236.390430
-2497.832871
-1689.927184
-795.769764
104.455617
888.522885
1509.622053
2034.934119
2456.657420
2716.712899
2791.695562
2743.585298
2687.239945
2636.529126
2534.240638
2387.742718
2291.522191
2303.224688
2385.575589
2489.164355
2637.829404
2851.941748
3085.991678
3294.036061
3449.635922
3512.049237
3470.006935
3288.401526
2930.825243
2388.176144
1663.054785
787.101248
-158.633842
-1146.411234
-2169.296117
-3180.911928
-4072.035368
-4729.975728
-5136.529126
-5361.910541
-5400.918863
-5176.837725
-4711.771845
-4096.307212
-3450.936200
-2792.128988
-2080.010402
-1393.463939
-889.823162
-564.320388
-312.066574
-92.753121
46.809986
29.472954
-34.240638
-6.934813
101.421637
234.049931
400.052011
673.543689
1060.592926
1474.081137
1834.257975
2182.298890
2545.076283
2825.502774
2915.221914
2804.264910
2562.846741
2211.771845
1683.859223
945.301664
117.024965
-712.118585
-1552.097781
-2375.606796
-3106.796117
-3634.708738
-3946.341886
-4093.706657
-4065.967406
-3782.073509
-3259.795423
-2613.990985
-1910.974341
-1171.549931
-377.513870
391.816921
1026.352288
1531.726768
1956.050624
2288.054785
2480.062413
2525.572122
2509.535368
2496.099168
2467.059639
2384.708738
2301.057559
2269.417476
2294.556172
2363.037448
2446.255201
2579.750347
2757.888350
2919.989598
3049.583911
3157.073509
3193.481276
3116.764910
2907.420250
2574.982663
2127.253814
1520.457698
740.291262
-110.523578
-951.369626
-1798.283634
-2663.834951
-3481.709431
-4121.445908
-4519.330791
-4739.944521
-4841.799584
-4746.879334
-4416.175451
-3930.305132
-3400.658807
-2860.610264
-2275.052011
-1665.655340
-1168.949376
-842.146325
-599.427878
-370.579057
-183.339112
-117.458391
-139.996533
-107.923024
9.101942
152.999307
320.301664
558.252427
901.959085
1284.674064
1623.613037
1947.815534
2309.292649
2601.421637
2720.613731
2664.701803
2481.796117
2195.301664
1746.705964
1093.099861
322.035368
-445.995146
-1234.830097
-2055.738558
-2800.364078
-3352.115118
-3681.085298
-3863.124133
-3921.636616
-3735.696949
-3266.730236
-2646.497920
-1993.758669
-1316.314147
-562.153259
222.780860
894.590846
1396.931345
1817.354369
2193.567961
2436.719834
2509.101942
2474.427878
2457.957698
2459.257975
2382.541609
2263.349515
2210.904993
2255.547850
2342.233010
2426.751040
2528.172677
2701.542996
2913.054785
3059.119279
3135.402219
3162.708044
3100.728155
2898.751734
2553.744799
2078.276699
1492.718447
760.228849
-99.254508
-949.202497
-1762.742718
-2557.645631
-3315.273925
-3938.106796
-4332.090846
-4504.594313
-4562.673370
-4477.288488
-4169.122746
-3707.957698
-3189.580444
-2705.443828
-2225.208044
-1675.624133
-1175.884189
-865.984743
-691.314147
-517.076976
-329.403606
-213.678918
-212.812067
-202.843273
-52.444521
156.466713
348.907767
567.787795
895.457698
1311.546463
1683.859223
1951.282940
2201.803051
2449.722607
2578.883495
2496.099168
2234.309986
1883.668516
1462.378641
893.290569
169.902913
-582.957698
-1285.540915
-1945.214979
-2566.747573
-3077.756588
-3392.423717
-3509.448682
-3504.247573
-3371.619279
-3031.813454
-2518.637309
-1927.877947
-1331.484050
-730.322469
-90.152566
535.280860
1059.292649
1470.613731
1816.054092
2097.347434
2279.386269
2364.337725
2402.912621
2434.986130
2449.722607
2410.280860
2364.337725
2363.037448
2405.513176
2457.957698
2496.099168
2551.144244
2637.395978
2721.914008
2768.723994
2770.024272
2708.911234
2566.747573
2331.397365
2005.894591
1586.771845
1069.261442
436.459778
-258.321775
-953.103329
-1645.717753
-2328.796810
-2957.264216
-3471.740638
-3817.614424
-4026.959085
-4134.882108
-4076.369626
-3840.585992
-3486.910541
-3093.793343
-2700.676144
-2250.780166
-1749.739945
-1318.481276
-1023.318308
-809.205964
-593.793343
-379.680999
-240.551318
-182.038835
-110.523578
40.742025
230.582524
413.488211
618.932039
908.893897
1241.331484
1525.225381
1747.139390
1953.450069
2139.823162
2227.375173
2143.723994
1914.008322
1618.845354
1248.699723
739.857836
119.192094
-518.810680
-1126.040222
-1708.997920
-2278.519417
-2744.018724
-3022.711512
-3147.104716
-3170.509709
-3074.722607
-2796.029820
-2332.264216
-1800.450763
-1264.303051
-698.248960
-79.316921
536.581137
1033.287101
1413.834951
1756.241331
2055.305132
2258.581831
2343.966713
2368.238558
2398.578363
2419.816227
2381.241331
2324.462552
2316.227462
2343.099861
2367.371706
2378.207351
2406.813454
2489.164355
2581.484050
2621.792649
2615.724688
2565.013870
2453.190014
2252.947295
1951.716366
1560.766297
1066.227462
453.796810
-219.313454
-897.624827
-1582.871012
-2261.615811
-2903.519417
-3438.800277
-3808.079057
-4046.029820
-4168.255895
-4118.845354
-3897.798197
-3570.561720
-3195.648405
-2788.661581
-2305.391817
-1786.147712
-1347.520804
-1032.853675
-765.429958
-490.638003
-239.251040
-89.719140
-26.438974
68.914702
226.681692
384.015257
528.346047
710.384882
969.573509
1252.600555
1476.248266
1659.153953
1859.396671
2037.968100
2087.378641
1988.990985
1795.249653
1531.726768
1176.751040
691.747573
116.591540
-469.400139
-1054.524965
-1662.187933
-2226.941748
-2662.968100
-2964.199029
-3156.640083
-3242.891817
-3162.708044
-2873.179612
-2444.521498
-1970.353675
-1423.803745
-792.735784
-115.724688
533.113731
1086.165049
1578.970180
2035.800971
2381.674757
2590.585992
2714.112344
2781.293343
2780.426491
2689.840499
2529.906380
2398.144938
2314.927184
2204.403606
2089.979196
2024.098474
2030.599861
2105.582524
2183.599168
2246.879334
2338.332178
2392.510402
2343.966713
2220.873786
2031.900139
1754.507628
1323.248960
696.081831
-14.736477
-683.945908
-1376.560333
-2134.622053
-2874.913315
-3493.845354
-3905.166436
-4150.052011
-4302.184466
-4262.742718
-3981.882802
-3587.898752
-3143.637309
-2659.500693
-2109.483356
-1487.950763
-968.706657
-656.206657
-422.590153
-188.540222
-2.600555
74.115811
18.203883
-37.708044
6.067961
71.081831
137.829404
273.491678
502.340499
796.636616
1077.063107
1308.512483
1576.369626
1867.198336
2027.132455
2019.764216
1890.603329
1678.224688
1399.965326
970.873786
380.547850
-244.885576
-859.049931
-1479.282247
-2061.373093
-2565.447295
-2931.692094
-3128.033981
-3214.285714
-3164.441748
-2891.383495
-2443.221221
-1909.240638
-1337.118585
-738.990985
-66.747573
620.665742
1201.889736
1659.587379
2027.132455
2311.893204
2504.767684
2583.217753
2550.277393
2472.694175
2359.136616
2178.831484
2000.260055
1876.733703
1797.850208
1761.442441
1722.000693
1718.099861
1819.088072
1979.889043
2127.687240
2251.647018
2328.796810
2357.836338
2321.428571
2177.531207
1949.549237
1614.077670
1109.136616
459.431345
-233.183079
-902.825936
-1565.533981
-2252.513870
-2920.423024
-3450.069348
-3761.702497
-3914.701803
-3936.806519
-3803.311373
-3504.680999
-3085.558252
-2638.696255
-2180.565187
-1663.488211
-1136.442441
-752.860610
-550.450763
-437.326630
-316.400832
-214.545770
-251.386963
-392.250347
-474.601248
-445.561720
-352.808599
-230.582524
-52.877947
260.055479
648.404993
992.111650
1301.577670
1643.117198
1972.087379
2161.927878
2135.922330
1959.951456
1747.139390
1441.140777
942.267684
295.596394
-369.278779
-990.811373
-1574.635922
-2144.590846
-2627.427184
-2900.052011
-2990.638003
-2984.570042
-2835.904993
-2486.997226
-1961.685160
-1358.789875
-786.234397
-208.044383
429.091540
1043.689320
1521.324549
1839.892510
2057.905687
2217.839806
2299.757282
2246.445908
2118.151872
1987.690707
1843.359917
1692.527739
1552.097781
1479.282247
1502.253814
1552.964632
1585.904993
1670.423024
1844.660194
2052.271151
2226.941748
2322.728849
2376.907074
2387.309293
2292.389043
2079.143551
1777.045770
1382.194868
865.551318
234.049931
-453.796810
-1071.428571
-1629.680999
-2215.239251
-2768.290569
-3183.079057
-3367.718447
-3372.919556
-3313.106796
-3170.943135
-2863.644244
-2455.790569
-2061.806519
-1716.366158
-1389.129681
-1050.624133
-805.305132
-755.027739
-808.772538
-808.339112
-781.466713
-795.336338
-887.656033
-946.601942
-833.911234
-592.493065
-340.672677
-55.911928
304.264910
732.489598
1142.943828
1464.979196
1749.739945
2005.894591
2135.055479
2057.038835
1819.954924
1516.990291
1173.717060
708.217753
102.721914
-531.380028
-1097.000693
-1586.771845
-2014.996533
-2361.737171
-2543.342580
-2547.243412
-2438.020111
-2220.006935
-1851.161581
-1349.254508
-796.203190
-296.896671
157.766990
628.467406
1074.895978
1404.733010
1593.706657
1674.323856
1710.298197
1720.700416
1655.253121
1545.596394
1456.310680
1393.897365
1337.118585
1302.877947
1330.183773
1445.475035
1580.703883
1666.955617
1763.176144
1895.804438
2037.534674
2152.392510
2174.063800
2116.418169
2037.534674
1901.005548
1684.726075
1423.370319
1095.700416
699.115811
241.418169
-273.058252
-723.821082
-1100.901526
-1517.857143
-1931.345354
-2261.182386
-2455.357143
-2502.600555
-2505.634535
-2503.033981
-2397.711512
-2210.038141
-2031.033287
-1860.263523
-1722.000693
-1562.500000
-1415.135229
-1394.764216
-1442.874480
-1434.639390
-1346.653953
-1252.167129
-1209.257975
-1171.549931
-980.842580
-652.305825
-326.369626
-5.634535
344.140083
722.087379
1100.034674
1384.795423
1571.168516
1747.139390
1849.427878
1782.246879
1591.106103
1331.917476
1067.094313
780.166436
363.644244
-94.920250
-480.669209
-810.072816
-1095.700416
-1338.852288
-1546.463245
-1632.281553
-1620.145631
-1597.607490
-1478.415395
-1270.804438
-1035.454230
-772.798197
-531.380028
-290.395284
30.339806
323.335645
527.045770
719.053398
891.990291
1054.091540
1211.425104
1295.943135
1359.656727
1456.310680
1504.420943
1519.157420
1555.131761
1583.737864
1624.913315
1642.683773
1598.040915
1602.375173
1666.522191
1705.097087
1727.201803
1734.136616
1747.572816
1809.552705
1814.753814
1719.833564
1615.377947
1477.548544
1256.934813
951.369626
544.382802
140.863384
-234.049931
-706.050624
-1236.997226
-1703.796810
-2064.840499
-2300.190707
-2515.603329
-2753.120666
-2830.703883
-2734.916782
-2613.124133
-2499.133148
-2373.439667
-2190.967406
-1928.311373
-1750.173370
-1677.357836
-1546.029820
-1361.390430
-1190.620666
-1084.864771
-1032.853675
-878.120666
-597.260749
-341.972954
-127.427184
136.529126
475.901526
843.013176
1142.510402
1355.755895
1584.604716
1803.051318
1893.637309
1858.529820
1735.870319
1585.471567
1411.234397
1097.867545
676.577670
278.259362
-107.489598
-490.204577
-859.483356
-1207.957698
-1458.911234
-1604.542302
-1735.003467
-1790.481969
-1718.966713
-1563.366852
-1358.789875
-1140.776699
-903.259362
-600.294730
-252.253814
51.577670
335.904993
605.929265
846.047157
1042.389043
1196.688627
1331.484050
1463.678918
1536.494452
1529.126214
1503.120666
1491.851595
1494.452150
1479.715673
1423.370319
1360.957004
1361.823856
1396.497920
1445.908460
1509.622053
1593.273232
1706.830791
1805.651872
1840.759362
1846.827323
1861.563800
1821.255201
1659.153953
1354.022191
968.273232
589.025659
192.441054
-318.567961
-914.961859
-1471.480583
-1933.945908
-2299.323856
-2612.257282
-2867.111650
-2965.932732
-2937.760055
-2854.108877
-2717.579750
-2521.237864
-2245.579057
-1947.815534
-1750.606796
-1644.850902
-1511.789182
-1354.889043
-1229.195562
-1182.819001
-1192.354369
-1144.677531
-988.210818
-801.404300
-580.357143
-296.463245
53.311373
465.065881
872.052705
1249.133148
1638.349515
1993.758669
2225.641470
2317.527739
2298.890430
2210.471567
2041.002080
1728.068655
1279.472954
768.897365
241.418169
-260.055479
-743.758669
-1215.325936
-1605.409154
-1890.603329
-2075.242718
-2130.721221
-2063.973648
-1884.968793
-1620.579057
-1321.948682
-986.043689
-605.929265
-195.041609
182.038835
480.669209
701.716366
882.021498
1028.085992
1120.839112
1167.215673
1169.382802
1155.513176
1138.176144
1121.705964
1129.074202
1181.085298
1250.433426
1294.642857
1332.784327
1402.999307
1535.627601
1678.224688
1773.144938
1837.291956
1901.872399
1972.954230
2021.064494
1995.492372
1901.438974
1781.380028
1595.873786
1314.580444
950.936200
550.450763
163.834951
-256.588072
-769.764216
-1275.138696
-1690.794036
-2008.061720
-2233.443135
-2450.589459
-2603.588766
-2609.223301
-2530.773232
-2424.583911
-2305.391817
-2179.264910
-2022.364771
-1874.133148
-1814.320388
-1793.082524
-1735.003467
-1654.819695
-1584.171290
-1542.995839
-1486.217060
-1299.843967
-1022.018031
-712.118585
-365.377947
29.906380
478.502080
942.701110
1347.520804
1703.363384
2041.435506
2280.253121
2385.575589
2356.102635
2215.239251
2037.968100
1777.912621
1379.594313
920.596394
451.629681
-13.002774
-445.128294
-872.919556
-1238.730929
-1478.848821
-1672.156727
-1812.586685
-1835.124827
-1745.839112
-1555.131761
-1328.883495
-1117.805132
-862.517337
-543.082524
-234.049931
31.640083
255.287795
442.094313
623.266297
740.724688
793.169209
858.616505
929.264910
974.774619
994.712205
989.944521
1011.182386
1093.966713
1164.181692
1207.524272
1261.702497
1318.047850
1404.733010
1499.219834
1575.069348
1667.822469
1764.476422
1833.824549
1883.235090
1896.671290
1864.597781
1813.453537
1697.728849
1501.820388
1243.932039
901.959085
531.380028
176.404300
-228.848821
-667.042302
-1089.199029
-1482.749653
-1782.246879
-2002.860610
-2220.873786
-2369.972261
-2418.949376
-2441.054092
-2431.518724
-2428.484743
-2401.178918
-2304.524965
-2249.046463
-2264.216366
-2261.182386
-2203.103329
-2077.409847
-1922.243412
-1793.949376
-1601.508322
-1283.373786
-904.126214
-491.071429
-55.911928
404.386269
894.590846
1343.186546
1697.728849
2017.597087
2288.054785
2447.555479
2467.059639
2354.368932
2190.100555
2013.696255
1742.371706
1363.990985
967.839806
577.756588
209.344660
-172.070042
-569.088072
-885.488904
-1128.640777
-1370.058946
-1568.567961
-1679.524965
-1688.626907
-1611.043689
-1540.828710
-1456.744105
-1262.135922
-991.244799
-719.486824
-477.201803
-259.622053
-16.470180
246.185853
440.794036
568.221221
679.611650
771.497920
835.211512
861.650485
863.384189
898.491678
948.769071
976.074896
1001.647018
1053.224688
1152.912621
1285.540915
1412.534674
1536.494452
1680.825243
1853.328710
2036.667822
2202.669903
2308.859223
2339.199029
2308.425798
2233.876560
2091.279473
1858.529820
1516.123440
1078.363384
634.535368
184.639390
-304.264910
-797.936893
-1257.368239
-1654.386269
-1963.418863
-2229.108877
-2432.385576
-2519.070735
-2548.543689
-2588.418863
-2641.296810
-2665.568655
-2631.761442
-2572.382108
-2594.486824
-2656.466713
-2654.299584
-2567.614424
-2399.445215
-2194.868239
-1967.753121
-1628.814147
-1170.683079
-677.011096
-138.696255
431.258669
1013.782940
1568.567961
2006.328017
2338.332178
2626.993759
2837.638696
2900.052011
2801.664355
2563.280166
2298.023578
2047.070042
1705.097087
1288.141470
865.117892
451.196255
80.617198
-279.559639
-654.039528
-961.338419
-1218.359917
-1474.947989
-1684.292649
-1843.359917
-1917.042302
-1890.169903
-1866.331484
-1846.827323
-1721.567268
-1503.554092
-1234.396671
-961.338419
-731.622746
-471.567268
-164.268377
97.087379
307.298890
485.436893
628.467406
767.163662
858.616505
899.791956
976.941748
1072.295423
1136.875867
1209.691401
1289.008322
1409.067268
1600.208044
1763.609570
1900.138696
2061.373093
2211.338419
2360.436893
2486.997226
2522.538141
2500.433426
2412.014563
2233.876560
2045.769764
1819.521498
1488.384189
1101.334951
680.045076
271.757975
-101.855062
-504.507628
-930.565187
-1319.348128
-1668.689320
-1979.455617
-2259.448682
-2514.303051
-2699.375867
-2832.004161
-2994.972261
-3152.305825
-3215.152566
-3184.379334
-3094.226768
-3024.878641
-2959.864771
-2769.157420
-2434.986130
-2047.936893
-1648.318308
-1231.796117
-758.928571
-228.415395
290.828710
781.900139
1267.337032
1707.264216
2051.404300
2288.488211
2440.620666
2563.280166
2638.262829
2596.220527
2447.555479
2259.882108
2068.741331
1876.733703
1648.318308
1363.124133
1046.723301
698.682386
303.831484
-105.322469
-515.776699
-939.667129
-1379.160888
-1830.357143
-2226.508322
-2495.665742
-2662.534674
-2734.916782
-2718.446602
-2604.889043
-2354.368932
-2006.328017
-1614.944521
-1185.419556
-749.393204
-355.409154
-16.470180
261.355756
503.207351
701.716366
816.140777
867.718447
911.061026
962.205270
1043.255895
1135.142164
1213.158807
1328.883495
1487.083911
1643.117198
1795.249653
1963.418863
2129.420943
2293.255895
2408.547157
2469.226768
2537.274619
2593.186546
2592.753121
2507.801664
2339.632455
2162.794730
1999.393204
1743.671983
1374.393204
953.970180
537.447989
135.228849
-316.400832
-838.678918
-1316.747573
-1725.034674
-2093.446602
-2437.586685
-2757.021498
-2972.867545
-3058.252427
-3119.798890
-3199.549237
-3217.319695
-3132.368239
-2958.564494
-2793.862691
-2688.540222
-2530.339806
-2259.882108
-1966.452843
-1688.626907
-1401.699029
-1055.825243
-618.498613
-174.237171
230.149098
683.512483
1199.722607
1693.828017
2092.146325
2379.941054
2639.563107
2887.482663
3014.476422
2969.833564
2830.703883
2633.928571
2389.476422
2057.905687
1609.309986
1151.612344
714.719140
215.846047
-335.904993
-868.585298
-1340.152566
-1725.901526
-2105.582524
-2492.631761
-2758.755201
-2876.647018
-2902.652566
-2855.409154
-2740.551318
-2514.303051
-2165.828710
-1808.252427
-1460.644938
-1070.128294
-676.144244
-312.066574
-36.407767
147.798197
349.341193
560.419556
699.549237
800.104022
900.225381
1033.720527
1229.628988
1404.733010
1549.063800
1745.405687
1966.886269
2155.859917
2312.760055
2419.816227
2530.773232
2662.968100
2705.877254
2675.537448
2646.064494
2604.022191
2561.113037
2457.957698
2246.445908
2030.166436
1849.427878
1597.607490
1269.070735
885.922330
455.097087
69.348128
-332.437587
-811.806519
-1276.005548
-1684.726075
-2037.968100
-2335.298197
-2644.764216
-2913.488211
-3044.816227
-3121.099168
-3194.348128
-3242.024965
-3255.894591
-3157.506935
-2985.436893
-2870.579057
-2747.919556
-2539.008322
-2252.947295
-1890.169903
-1518.723994
-1147.278086
-669.642857
-133.061720
376.213592
904.126214
1420.769764
1919.209431
2376.473648
2669.036061
2846.307212
3003.207351
3061.719834
2990.204577
2805.998613
2502.600555
2200.502774
1897.104716
1513.522885
1129.941054
761.962552
361.477115
-38.574896
-460.731623
-896.757975
-1268.203883
-1663.488211
-2133.755201
-2565.447295
-2913.488211
-3156.640083
-3280.166436
-3359.916782
-3325.676144
-3114.164355
-2799.930652
-2405.513176
-1915.742025
-1406.466713
-884.622053
-402.652566
-53.311373
276.525659
603.328710
834.778086
996.879334
1086.165049
1152.912621
1316.314147
1523.925104
1703.796810
1932.212205
2169.729542
2397.278086
2650.398752
2841.972954
2981.536061
3104.195562
3093.793343
2995.405687
2882.281553
2704.143551
2557.645631
2423.717060
2208.304438
2003.727462
1824.289182
1611.477115
1462.378641
1307.645631
1045.856449
744.192094
357.142857
-70.648405
-427.357836
-855.149098
-1363.990985
-1824.722607
-2285.454230
-2674.670596
-2942.094313
-3201.716366
-3346.480583
-3356.449376
-3388.089459
-3385.922330
-3316.140777
-3203.450069
-2972.867545
-2749.219834
-2625.260055
-2432.385576
-2154.559639
-1813.020111
-1370.925798
-951.369626
-515.776699
54.178225
614.164355
1142.510402
1708.564494
2211.771845
2676.404300
3040.481969
3170.509709
3213.852288
3224.687933
3105.495839
2884.015257
2544.642857
2093.880028
1705.963939
1327.149792
883.755201
479.368932
71.515257
-366.244799
-781.900139
-1275.138696
-1774.445215
-2159.760749
-2564.147018
-2989.771151
-3343.013176
-3627.773925
-3740.464632
-3674.583911
-3559.726075
-3320.908460
-2923.890430
-2464.025659
-1936.113037
-1385.662275
-876.820388
-331.137309
165.135229
515.343273
823.509015
1104.368932
1376.560333
1677.791262
1901.438974
2081.310680
2339.632455
2609.656727
2848.040915
3050.450763
3154.039528
3209.084605
3228.155340
3115.031207
2912.621359
2685.506241
2421.116505
2160.194175
1895.804438
1613.210818
1437.673370
1345.353675
1254.334258
1189.320388
1096.133842
975.641470
896.757975
760.662275
509.275312
195.908460
-186.806519
-590.759362
-963.505548
-1373.959778
-1779.646325
-2100.381415
-2382.541609
-2587.552011
-2704.576976
-2793.429265
-2789.095007
-2709.778086
-2657.766990
-2599.254508
-2519.937587
-2406.380028
-2229.108877
-2053.138003
-1907.073509
-1723.300971
-1458.911234
-1115.638003
-717.753121
-325.069348
79.750347
531.380028
972.607490
1365.724688
1712.465326
1996.359223
2236.043689
2398.144938
2426.751040
2379.941054
2304.958391
2196.168516
2051.404300
1832.957698
1555.565187
1284.240638
1003.814147
659.240638
258.755201
-177.271151
-656.206657
-1180.218447
-1748.873093
-2326.196255
-2834.604716
-3243.758669
-3570.561720
-3798.543689
-3870.925798
-3772.104716
-3504.247573
-3109.830097
-2637.829404
-2069.174757
-1466.279473
-911.494452
-399.185160
69.348128
500.606796
888.522885
1164.615118
1357.923024
1578.536755
1822.122053
2074.809293
2320.128294
2527.305825
2729.282247
2940.794036
3061.286408
3095.527046
3072.555479
2930.825243
2714.545770
2419.816227
2041.868932
1711.165049
1426.837725
1141.210125
929.264910
761.962552
644.937587
635.402219
638.869626
623.699723
597.694175
490.638003
338.072122
210.644938
44.642857
-169.902913
-394.850902
-650.572122
-817.874480
-867.285021
-934.032594
-984.743412
-1014.649792
-1056.692094
-1051.057559
-1089.632455
-1222.260749
-1344.920250
-1496.619279
-1685.159501
-1861.563800
-2049.670596
-2136.355756
-2079.143551
-1995.492372
-1886.702497
-1696.861997
-1433.339112
-1064.060333
-649.271845
-331.137309
-39.875173
263.956311
549.583911
829.143551
1040.655340
1181.952150
1326.716366
1436.373093
1499.219834
1558.599168
1562.066574
1518.290569
1441.574202
1274.705270
1048.890430
820.475035
548.717060
259.622053
-41.608877
-401.352288
-738.557559
-1025.485437
-1311.546463
-1569.434813
-1829.490291
-2124.219834
-2343.966713
-2500.866852
-2609.656727
-2619.192094
-2583.217753
-2480.062413
-2242.545076
-1932.645631
-1546.896671
-1077.063107
-629.334258
-183.339112
261.355756
642.770458
1002.513870
1314.147018
1527.392510
1692.961165
1808.685853
1880.634535
1968.186546
2041.002080
2073.075589
2099.947989
2098.214286
2057.905687
2009.795423
1903.606103
1735.870319
1537.361304
1286.841193
1043.689320
852.548544
686.113037
575.156033
532.246879
533.980583
595.960472
721.653953
869.018724
1002.513870
1077.063107
1073.595700
1048.457004
1024.185160
940.533981
805.738558
618.932039
401.352288
244.018724
114.857836
-54.178225
-231.882802
-426.924411
-630.201110
-826.109570
-1061.026352
-1312.846741
-1535.194175
-1765.343273
-2011.095700
-2233.443135
-2402.912621
-2433.252427
-2350.901526
-2259.015257
-2161.927878
-2005.461165
-1754.941054
-1423.803745
-1093.966713
-848.647712
-621.532594
-365.811373
-98.387656
183.339112
433.859223
656.206657
892.423717
1098.300971
1254.334258
1397.364771
1507.888350
1584.171290
1592.839806
1475.814840
1286.841193
1100.901526
898.925104
660.107490
335.471567
-72.382108
-458.564494
-790.568655
-1097.434119
-1396.931345
-1720.266990
-2024.098474
-2223.474341
-2321.861997
-2361.737171
-2347.434119
-2262.916089
-2105.582524
-1852.895284
-1558.165742
-1253.033981
-895.457698
-542.215673
-231.449376
54.611650
295.596394
538.748266
803.571429
1003.814147
1138.176144
1269.937587
1410.800971
1583.304438
1731.969487
1781.813454
1784.847434
1792.649098
1771.411234
1733.703190
1649.185160
1487.950763
1340.585992
1204.923717
1087.031900
1047.156727
1028.952843
1018.117198
1059.292649
1100.901526
1170.249653
1298.977115
1393.030513
1450.242718
1461.078363
1393.897365
1340.152566
1340.585992
1313.280166
1245.665742
1118.238558
924.930652
774.098474
660.540915
469.833564
205.443828
-155.599861
-576.456311
-936.633148
-1288.141470
-1644.850902
-1946.948682
-2245.579057
-2510.835645
-2682.472261
-2803.398058
-2816.400832
-2732.749653
-2663.834951
-2600.988211
-2513.002774
-2388.609570
-2158.460472
-1867.198336
-1603.675451
-1327.583218
-1018.550624
-673.977115
-226.248266
263.956311
695.214979
1071.428571
1348.387656
1564.667129
1786.147712
1921.376560
1944.781553
1887.135922
1729.368932
1552.097781
1389.129681
1180.651872
964.805825
750.260055
470.266990
142.163662
-226.248266
-630.634535
-984.743412
-1327.149792
-1738.037448
-2135.488904
-2474.861304
-2698.509015
-2744.885576
-2694.608183
-2597.520804
-2416.782247
-2166.695562
-1836.858530
-1446.341886
-1069.261442
-732.489598
-421.289875
-152.132455
100.988211
374.046463
636.269071
910.194175
1186.719834
1435.072816
1674.323856
1911.841193
2125.520111
2306.258669
2399.878641
2373.873093
2287.621359
2182.298890
2074.809293
1966.452843
1828.190014
1661.754508
1546.896671
1511.789182
1521.324549
1544.296117
1534.327323
1488.817614
1447.642164
1391.296810
1313.713592
1237.430652
1120.405687
973.040915
833.044383
714.285714
671.376560
694.348128
667.042302
569.521498
425.624133
263.522885
125.260055
-67.180999
-381.848128
-775.398752
-1203.623440
-1582.437587
-1863.297503
-2093.013176
-2285.887656
-2444.521498
-2561.979889
-2630.461165
-2616.591540
-2544.209431
-2451.022885
-2369.538835
-2322.295423
-2249.046463
-2095.180305
-1843.359917
-1515.256588
-1180.218447
-869.018724
-542.649098
-173.803745
237.083911
643.203883
950.502774
1126.040222
1218.359917
1269.937587
1323.682386
1364.857836
1345.787101
1268.203883
1158.980583
1069.694868
1005.114424
928.398058
809.639390
622.399445
358.009709
27.739251
-342.839806
-725.988211
-1080.530513
-1425.104022
-1770.110957
-2050.537448
-2232.142857
-2296.289875
-2239.511096
-2152.392510
-2045.769764
-1877.167129
-1677.357836
-1436.373093
-1177.184466
-937.066574
-670.509709
-397.451456
-129.160888
182.472261
513.176144
861.217060
1216.192788
1506.588072
1748.006241
1985.090153
2165.395284
2290.221914
2358.269764
2339.199029
2302.357836
2239.077670
2127.687240
2037.968100
1953.883495
1852.028433
1754.074202
1627.947295
1503.120666
1429.438280
1342.753121
1241.764910
1148.578363
1030.686546
939.667129
886.355756
811.373093
767.597087
738.990985
650.572122
574.289182
507.108183
426.490985
407.853675
345.006935
208.911234
81.484050
-69.348128
-211.945215
-321.601942
-489.337725
-706.050624
-913.228155
-1162.881415
-1362.690707
-1510.488904
-1689.927184
-1844.660194
-1995.492372
-2155.859917
-2234.743412
-2265.083218
-2283.287101
-2242.978502
-2215.672677
-2180.131761
-2067.007628
-1917.909154
-1703.363384
-1425.970874
-1176.317614
-932.298890
-650.572122
-358.876560
-31.206657
290.828710
520.110957
708.651179
853.415395
959.604716
1082.697642
1155.513176
1147.711512
1125.606796
1061.459778
987.777393
947.902219
878.987517
787.534674
688.713592
522.711512
336.338419
139.129681
-114.424411
-371.012483
-621.532594
-889.823162
-1109.136616
-1254.334258
-1337.118585
-1309.812760
-1241.331484
-1171.116505
-1052.357836
-916.695562
-751.993759
-559.119279
-405.253121
-262.222607
-92.319695
76.716366
274.791956
477.201803
641.036755
806.171983
981.276006
1118.671983
1251.733703
1367.458391
1447.642164
1518.723994
1538.661581
1493.151872
1438.106796
1368.758669
1278.172677
1170.683079
1026.352288
873.786408
748.092926
624.566574
492.371706
361.477115
240.551318
140.429958
61.979889
-8.235090
-65.880721
-94.053398
-113.990985
-130.461165
-154.299584
-165.135229
-159.067268
-132.194868
-104.889043
-80.183773
-44.209431
-10.402219
32.073509
67.180999
84.084605
97.954230
100.988211
94.053398
75.849515
43.342580
8.668516
-29.039528
-92.753121
-170.336338
-261.355756
-343.706657
-409.153953
-453.796810
-478.935506
-485.003467
-475.034674
-461.598474
-439.927184
-428.658114
-426.490985
-441.227462
-478.068655
-532.246879
-572.122053
-581.223994
-564.320388
-547.850208
-538.314840
-520.110957
-493.238558
-459.864771
-436.893204
-435.159501
-435.592926
-434.726075
-442.094313
-442.094313
-420.856449
-380.981276
-330.270458
-286.927878
-261.355756
-227.981969
-178.138003
-141.730236
-124.393204
-138.696255
-157.333564
-160.367545
-152.565881
-130.027739
-102.721914
-69.348128
-24.271845
30.773232
91.452843
162.101248
214.545770
245.752427
274.791956
302.097781
329.837032
365.377947
384.882108
399.618585
415.655340
419.122746
417.389043
401.785714
374.479889
336.771845
280.859917
204.576976
137.395978
96.653953
71.948682
42.475728
15.603329
3.467406
31.640083
65.013870
77.583218
85.818308
97.520804
131.328017
159.934119
181.605409
213.678918
272.624827
336.338419
395.717753
445.128294
492.805132
555.651872
611.997226
632.801664
639.736477
648.404993
663.141470
678.311373
668.342580
642.770458
636.269071
627.167129
616.764910
598.994452
564.753814
525.745492
478.068655
415.655340
335.038141
254.420943
150.398752
33.807212
-81.484050
-192.007628
-278.259362
-349.341193
-415.655340
-465.499307
-499.306519
-536.581137
-570.821775
-608.096394
-648.838419
-690.880721
-747.659501
-813.973648
-850.814840
-860.350208
-847.347434
-822.208738
-813.973648
-782.333564
-724.254508
-673.543689
-641.036755
-615.898058
-594.226768
-568.221221
-538.314840
-500.606796
-427.357836
-328.103329
-228.415395
-135.228849
-72.382108
-12.569348
66.314147
110.957004
126.560333
137.829404
145.631068
170.769764
202.843273
226.681692
264.389736
293.862691
283.460472
254.854369
213.245492
170.769764
137.395978
85.384882
8.668516
-51.577670
-96.220527
-135.662275
-164.701803
-204.143551
-237.517337
-260.055479
-295.162968
-325.069348
-335.471567
-330.270458
-305.998613
-282.593620
-267.857143
-225.381415
-147.798197
-57.645631
38.574896
123.959778
213.245492
305.998613
397.451456
491.071429
576.456311
638.869626
685.246186
723.387656
741.591540
758.495146
768.030513
756.328017
736.390430
716.019417
702.583218
695.214979
679.178225
655.339806
621.532594
563.453537
482.836338
387.049237
287.361304
191.574202
94.053398
-14.303051
-112.257282
-191.574202
-250.086685
-298.630374
-336.771845
-384.448682
-429.524965
-459.864771
-478.068655
-489.337725
-494.972261
-501.473648
-494.105409
-474.167822
-448.162275
-403.952843
-356.709431
-299.063800
-231.449376
-160.800971
-93.186546
-21.237864
48.110264
115.291262
173.370319
226.248266
279.993065
325.502774
364.511096
403.085992
446.428571
486.303745
516.643551
526.178918
521.411234
517.510402
519.244105
485.003467
420.423024
328.536755
220.180305
110.523578
-23.404993
-162.534674
-287.361304
-388.349515
-477.201803
-555.218447
-622.399445
-672.676838
-716.886269
-767.163662
-828.710125
-892.857143
-952.236477
-978.675451
-978.675451
-951.803051
-905.426491
-836.511789
-748.526352
-641.903606
-511.875867
-396.584605
-295.162968
-202.843273
-99.254508
24.271845
141.296810
247.919556
350.208044
462.031900
586.425104
695.648405
774.531900
831.310680
880.287795
911.494452
921.896671
895.457698
841.712899
784.500693
707.784327
605.495839
490.638003
382.281553
291.695562
187.673370
68.914702
-53.744799
-153.866158
-234.483356
-315.100555
-407.420250
-507.975035
-594.660194
-663.141470
-703.883495
-719.920250
-725.554785
-718.619972
-703.883495
-687.846741
-652.305825
-598.994452
-545.249653
-499.306519
-459.431345
-416.088766
-347.607490
-259.188627
-146.497920
-17.337032
106.189320
225.381415
338.505548
458.564494
580.357143
679.178225
745.925798
788.834951
823.075589
855.149098
884.188627
900.658807
904.559639
903.692788
903.692788
884.622053
845.180305
792.302358
742.891817
673.977115
582.090846
474.601248
351.508322
247.486130
153.432732
61.113037
-53.744799
-156.900139
-248.786408
-335.904993
-424.757282
-514.909847
-590.325936
-648.838419
-688.280166
-724.687933
-755.894591
-772.364771
-750.260055
-703.016644
-657.073509
-611.130374
-560.852982
-497.139390
-410.020804
-317.267684
-233.616505
-161.667822
-93.186546
-16.470180
71.081831
147.798197
205.877254
266.990291
328.970180
378.380721
418.689320
442.094313
458.997920
479.368932
485.436893
468.966713
439.927184
406.986824
362.343967
307.298890
228.848821
136.529126
41.175451
-60.246186
-161.667822
-271.757975
-383.581831
-485.003467
-569.088072
-635.835645
-694.781553
-749.393204
-792.735784
-819.174757
-830.443828
-819.174757
-793.169209
-749.393204
-702.149792
-638.436200
-568.221221
-498.006241
-410.454230
-327.236477
-249.653259
-171.203190
-88.418863
3.467406
109.223301
205.010402
288.228155
373.613037
446.428571
516.643551
579.490291
625.866852
671.809986
708.651179
734.656727
745.925798
742.458391
729.022191
714.719140
697.815534
656.640083
604.628988
547.850208
494.538835
446.428571
384.015257
305.565187
231.449376
159.934119
100.554785
49.843967
-7.368239
-42.909154
-67.180999
-89.719140
-91.019417
-82.784327
-72.815534
-56.345354
-41.608877
-30.339806
-19.070735
-12.135922
-13.869626
-30.773232
-68.047850
-106.189320
-113.990985
-84.518031
-45.943135
-16.903606
-7.368239
-9.535368
0.433426
29.039528
68.481276
95.787101
99.687933
78.450069
43.776006
2.167129
-33.373786
-76.716366
-172.503467
-307.732316
-417.822469
-435.592926
-332.004161
-179.871706
-66.747573
-49.410541
-110.957004
-187.239945
-251.386963
-303.831484
-362.777393
-410.454230
-436.026352
-408.720527
-324.202497
-221.480583
-155.599861
-173.803745
-282.160194
-439.493759
-561.719834
-583.824549
-506.674757
-400.918863
-352.808599
-351.508322
-335.471567
-245.319001
-107.056172
-13.436200
-6.501387
-62.413315
-98.821082
-74.982663
6.067961
84.951456
156.466713
237.950763
325.502774
433.859223
531.813454
585.558252
571.255201
507.541609
404.819695
323.769071
344.573509
455.963939
599.861304
696.515257
686.113037
601.595007
509.708738
410.454230
305.131761
188.973648
91.886269
74.549237
143.463939
238.817614
303.831484
276.959085
172.936893
40.308599
-91.452843
-166.002080
-185.072816
-159.500693
-106.622746
-66.314147
-58.945908
-42.475728
0.000000
49.843967
84.518031
57.645631
-3.900832
-45.509709
-48.110264
-42.475728
-67.614424
-116.591540
-157.766990
-150.398752
-99.687933
-42.909154
4.767684
25.572122
-17.770458
-108.356449
-216.712899
-265.690014
-224.081137
-115.724688
2.600555
86.251734
136.529126
160.367545
158.633842
100.554785
-16.470180
-156.900139
-281.726768
-352.808599
-354.542302
-315.533981
-253.120666
-205.443828
-214.979196
-295.596394
-416.955617
-527.479196
-576.022885
-546.549931
-479.368932
-403.085992
-319.001387
-240.984743
-174.237171
-134.795423
-141.296810
-179.438280
-221.914008
-223.214286
-182.038835
-86.251734
29.039528
126.560333
189.407074
214.545770
227.981969
248.352982
284.760749
332.004161
373.179612
387.482663
392.250347
395.717753
406.986824
424.323856
437.760055
447.295423
448.162275
432.992372
406.553398
358.009709
292.995839
211.945215
138.262829
69.348128
13.436200
-11.269071
-20.371012
-31.640083
-49.410541
-66.314147
-79.316921
-78.883495
-69.348128
-68.047850
-75.416089
-75.416089
-63.280166
-51.144244
-62.846741
-80.617198
-84.951456
-71.948682
-48.110264
-24.705270
-1.733703
21.237864
38.141470
39.875173
31.206657
24.271845
35.107490
60.246186
79.750347
93.186546
101.421637
109.656727
112.257282
92.753121
51.144244
-1.733703
-48.110264
-86.685160
-106.189320
-117.891817
-116.591540
-123.092926
-146.497920
-188.540222
-249.219834
-281.726768
-291.695562
-286.494452
-260.055479
-229.715673
-204.576976
-185.506241
-180.305132
-185.506241
-196.775312
-208.911234
-202.409847
-175.537448
-135.228849
-79.316921
-27.305825
8.235090
31.206657
30.339806
18.203883
17.770458
37.274619
64.580444
99.687933
133.495146
178.138003
235.783634
286.061026
299.497226
279.559639
233.183079
186.806519
160.367545
136.962552
133.495146
151.699029
185.506241
215.846047
226.681692
207.610957
172.070042
130.461165
87.985437
50.710818
26.438974
26.438974
45.076283
69.781553
73.682386
51.144244
11.702497
-16.036755
-30.773232
-44.209431
-50.277393
-49.843967
-34.674064
4.767684
40.308599
51.144244
42.909154
11.702497
-20.371012
-67.614424
-117.024965
-139.563107
-130.027739
-88.852288
-39.441748
-8.668516
12.135922
17.770458
0.000000
-31.206657
-82.350902
-143.897365
-196.341886
-226.248266
-235.783634
-229.715673
-213.245492
-195.908460
-182.038835
-176.404300
-186.806519
-201.109570
-214.112344
-222.347434
-232.749653
-245.319001
-247.486130
-222.780860
-179.871706
-136.095700
-111.390430
-108.789875
-102.288488
-84.084605
-57.645631
-29.039528
-5.201110
10.402219
23.838419
46.376560
77.149792
115.724688
154.733010
181.171983
184.205964
184.205964
185.506241
202.409847
230.582524
248.786408
251.820388
250.520111
254.420943
268.723994
278.692788
258.321775
221.914008
188.106796
158.200416
142.597087
143.030513
139.996533
125.693481
103.155340
86.685160
65.880721
56.778779
64.580444
64.147018
48.543689
24.705270
14.736477
33.807212
74.982663
108.789875
132.194868
128.727462
112.690707
103.155340
109.223301
130.461165
153.866158
175.970874
205.010402
232.316227
247.919556
260.488904
252.687240
216.279473
168.602635
123.092926
77.583218
56.778779
46.809986
38.574896
31.206657
12.569348
-17.337032
-55.478502
-109.223301
-176.404300
-250.086685
-330.270458
-390.083218
-413.921637
-407.420250
-390.516644
-375.780166
-387.482663
-418.689320
-466.366158
-519.244105
-565.620666
-585.124827
-567.787795
-525.312067
-478.068655
-439.493759
-422.590153
-413.488211
-404.819695
-400.485437
-390.083218
-376.647018
-338.072122
-282.160194
-217.579750
-157.766990
-97.520804
-35.540915
23.404993
78.450069
120.058946
143.897365
161.667822
180.738558
193.741331
207.177531
232.316227
271.757975
315.533981
348.907767
365.377947
368.411928
373.613037
377.513870
375.780166
358.876560
334.171290
304.698336
272.624827
242.718447
216.712899
203.710125
188.973648
160.800971
127.427184
87.552011
46.809986
12.569348
-16.903606
-41.175451
-52.011096
-39.875173
-9.968793
30.773232
66.314147
74.549237
64.580444
52.444521
51.577670
69.348128
114.424411
167.302358
219.313454
266.556865
318.567961
368.411928
404.819695
431.258669
429.958391
405.253121
364.944521
318.567961
293.862691
292.995839
283.893897
270.891123
249.653259
220.180305
188.973648
154.299584
113.990985
57.645631
-11.702497
-80.617198
-131.761442
-174.670596
-208.044383
-230.582524
-256.588072
-289.528433
-326.369626
-361.910541
-385.315534
-393.117198
-391.383495
-384.448682
-386.182386
-381.848128
-376.647018
-368.845354
-348.907767
-335.904993
-324.635922
-311.633148
-296.463245
-275.225381
-250.953537
-241.851595
-237.083911
-224.081137
-211.511789
-196.775312
-180.738558
-155.599861
-126.126907
-102.288488
-104.889043
-122.226075
-136.529126
-143.030513
-134.361997
-120.925798
-106.622746
-81.484050
-40.742025
-3.900832
8.235090
-0.866852
-13.002774
-17.770458
-25.572122
-33.807212
-47.676838
-46.376560
-24.271845
0.866852
31.206657
46.376560
62.846741
75.416089
74.549237
55.478502
32.506935
18.637309
17.337032
33.807212
41.608877
42.475728
36.841193
32.506935
33.807212
31.206657
19.504161
16.903606
35.107490
64.147018
103.155340
139.129681
172.503467
208.044383
238.384189
255.721221
273.058252
302.531207
341.539528
380.981276
397.884882
390.516644
384.882108
384.882108
388.782940
394.417476
379.247573
350.641470
312.933426
259.622053
201.109570
138.696255
92.319695
67.180999
74.549237
84.518031
83.651179
75.416089
35.107490
-13.436200
-69.781553
-128.294036
-157.766990
-158.633842
-149.531900
-133.495146
-142.163662
-156.033287
-162.534674
-171.203190
-178.138003
-189.840499
-188.973648
-160.367545
-108.789875
-61.546463
-23.838419
3.033981
22.104716
49.410541
70.214979
80.183773
81.050624
73.248960
62.846741
50.710818
50.277393
49.843967
51.577670
52.444521
24.271845
-30.339806
-101.421637
-155.166436
-173.370319
-181.605409
-185.072816
-180.305132
-179.871706
-192.441054
-215.846047
-252.687240
-286.494452
-309.466019
-310.332871
-295.162968
-277.392510
-267.423717
-260.488904
-251.386963
-238.817614
-234.483356
-230.582524
-213.678918
-187.673370
-155.166436
-126.993759
-105.755895
-89.285714
-55.045076
-12.569348
36.407767
89.285714
136.095700
167.302358
177.271151
164.701803
143.897365
141.730236
146.064494
162.534674
183.772538
191.140777
197.208738
201.542996
201.109570
199.809293
186.373093
156.900139
131.761442
110.090153
85.384882
64.580444
48.543689
35.540915
24.271845
5.201110
-19.504161
-40.742025
-58.079057
-67.614424
-66.747573
-67.614424
-65.013870
-56.778779
-46.809986
-39.008322
-28.172677
-24.271845
-25.572122
-24.705270
-25.572122
-24.271845
-26.438974
-16.470180
7.801664
29.906380
53.744799
76.282940
100.121359
118.758669
126.126907
124.826630
127.860610
138.262829
153.866158
177.704577
200.676144
223.214286
225.814840
214.545770
192.874480
162.534674
132.194868
115.724688
100.121359
87.118585
72.382108
41.608877
0.433426
-42.475728
-78.450069
-103.155340
-125.260055
-139.996533
-150.398752
-166.435506
-183.339112
-200.676144
-210.644938
-205.443828
-183.339112
-152.565881
-127.860610
-113.124133
-102.721914
-99.687933
-100.988211
-100.121359
-95.787101
-74.549237
-32.073509
22.971567
78.450069
122.659501
147.798197
157.766990
177.271151
199.809293
227.981969
256.154646
274.358530
276.959085
263.522885
227.115118
180.738558
143.030513
104.889043
78.883495
56.778779
33.373786
10.835645
-20.371012
-62.413315
-111.823856
-166.435506
-218.013176
-250.953537
-270.024272
-286.061026
-305.131761
-329.403606
-341.106103
-344.573509
-338.072122
-315.533981
-286.494452
-259.622053
-238.817614
-226.681692
-226.681692
-225.814840
-226.248266
-198.942441
-159.500693
-119.192094
-71.515257
-26.438974
25.138696
67.614424
98.821082
120.925798
143.897365
167.735784
185.939667
197.208738
195.475035
177.271151
168.602635
169.469487
168.602635
175.104022
177.271151
163.834951
133.495146
91.019417
51.577670
29.472954
30.773232
51.144244
61.113037
59.812760
42.042302
9.968793
-31.640083
-72.382108
-91.019417
-90.152566
-67.614424
-37.708044
-12.569348
0.866852
-1.733703
-13.002774
-26.872399
-41.608877
-34.674064
-10.835645
19.504161
58.512483
84.084605
102.288488
116.158114
129.594313
145.197642
170.769764
186.806519
196.341886
201.542996
200.676144
201.542996
200.676144
206.310680
224.081137
239.251040
230.582524
214.545770
195.041609
162.968100
143.030513
131.328017
114.857836
107.056172
99.687933
90.585992
74.982663
38.574896
0.866852
-44.209431
-84.951456
-126.126907
-161.234397
-191.574202
-217.146325
-241.418169
-273.058252
-305.131761
-336.338419
-351.074896
-351.941748
-348.907767
-336.771845
-326.803051
-326.369626
-308.165742
-274.358530
-231.015950
-183.339112
-140.863384
-108.789875
-89.285714
-84.084605
-77.149792
-59.379334
-29.039528
10.402219
54.611650
101.855062
134.361997
150.398752
147.798197
122.659501
91.019417
61.546463
42.475728
41.608877
51.577670
59.812760
54.611650
43.776006
31.640083
20.371012
12.569348
-0.433426
-27.305825
-59.812760
-91.886269
-118.758669
-132.194868
-133.495146
-120.492372
-104.889043
-87.118585
-79.316921
-71.081831
-60.679612
-56.345354
-43.776006
-20.804438
2.167129
36.407767
73.248960
96.220527
119.192094
132.194868
143.463939
162.968100
186.806519
209.344660
233.616505
250.953537
250.520111
240.984743
228.415395
221.914008
215.846047
224.514563
224.081137
213.245492
198.509015
174.237171
152.132455
128.727462
112.257282
97.087379
86.685160
69.781553
46.376560
23.838419
5.201110
-9.101942
-20.804438
-35.107490
-57.212205
-65.880721
-74.549237
-94.053398
-112.257282
-129.160888
-143.463939
-150.832178
-145.631068
-139.563107
-134.361997
-133.061720
-136.962552
-144.764216
-151.699029
-147.798197
-134.361997
-117.024965
-100.554785
-81.050624
-60.246186
-45.943135
-29.039528
-18.203883
-10.835645
-7.368239
-9.535368
-4.334258
6.501387
23.404993
47.243412
63.713592
67.180999
65.880721
50.710818
21.237864
-13.002774
-52.011096
-84.951456
-100.554785
-99.687933
-92.319695
-91.886269
-98.387656
-109.656727
-136.095700
-172.070042
-210.211512
-243.151872
-264.389736
-261.355756
-238.384189
-208.911234
-168.602635
-140.863384
-124.826630
-117.024965
-126.560333
-119.192094
-99.254508
-67.614424
-15.169903
39.008322
85.384882
125.260055
162.968100
198.509015
237.950763
275.658807
303.398058
323.335645
336.771845
343.273232
345.006935
345.440361
340.239251
335.904993
328.103329
317.701110
309.899445
286.061026
247.052705
201.542996
154.299584
109.656727
74.115811
55.478502
44.209431
26.005548
-2.167129
-41.175451
-81.050624
-119.192094
-157.766990
-182.905687
-196.775312
-202.409847
-198.942441
-193.741331
-186.806519
-176.837725
-175.537448
-175.970874
-175.537448
-176.837725
-167.735784
-153.866158
-130.894591
-97.520804
-58.079057
-17.770458
13.436200
39.441748
61.546463
73.248960
81.050624
84.084605
83.651179
83.651179
85.818308
94.486824
101.421637
109.656727
116.591540
116.158114
106.622746
94.486824
74.982663
52.444521
28.606103
3.467406
-16.903606
-39.441748
-48.977115
-57.645631
-69.781553
-89.719140
-113.990985
-143.030513
-169.469487
-185.939667
-204.143551
-217.579750
-225.814840
-225.814840
-225.814840
-226.681692
-220.180305
-216.712899
-209.778086
-189.407074
-166.868932
-140.863384
-107.056172
-71.948682
-37.708044
-6.067961
22.971567
45.509709
69.348128
91.452843
116.158114
134.361997
151.699029
165.135229
181.605409
197.642164
210.644938
230.582524
241.851595
243.151872
241.851595
232.749653
218.880028
204.576976
194.174757
175.970874
159.500693
144.330791
123.959778
107.489598
85.818308
57.645631
28.606103
-0.433426
-34.674064
-64.580444
-93.186546
-119.625520
-139.129681
-151.265603
-159.934119
-156.033287
-148.231623
-136.095700
-121.359223
-116.158114
-110.090153
-106.622746
-100.121359
-94.486824
-75.849515
-52.444521
-29.039528
-6.934813
8.235090
31.640083
46.376560
56.778779
63.713592
70.214979
74.549237
78.450069
89.719140
107.056172
126.993759
133.928571
134.361997
129.594313
120.492372
110.523578
102.721914
89.719140
74.982663
56.345354
32.073509
14.303051
4.767684
-11.702497
-29.039528
-48.977115
-80.617198
-110.523578
-136.095700
-155.599861
-164.701803
-161.667822
-151.699029
-140.429958
-128.727462
-121.359223
-116.158114
-122.659501
-127.427184
-137.829404
-149.531900
-145.631068
-127.860610
-104.889043
-81.050624
-58.945908
-34.240638
-16.470180
2.167129
25.572122
39.441748
48.977115
53.744799
59.379334
67.614424
89.285714
111.390430
135.228849
155.599861
172.070042
173.803745
157.766990
134.795423
104.455617
73.682386
48.110264
30.773232
24.705270
25.572122
22.971567
8.668516
-13.869626
-37.274619
-58.945908
-75.849515
-84.518031
-76.716366
-72.815534
-58.512483
-43.776006
-29.039528
-18.637309
-13.436200
-9.535368
-17.337032
-16.036755
-17.770458
-10.402219
5.634535
14.736477
29.039528
42.475728
63.713592
83.217753
97.954230
109.223301
100.121359
88.852288
76.282940
67.614424
62.846741
56.345354
50.710818
49.843967
42.042302
29.039528
19.070735
5.634535
-8.668516
-28.172677
-57.645631
-74.115811
-81.050624
-74.115811
-67.180999
-61.979889
-65.013870
-75.416089
-86.251734
-95.353675
-101.421637
-103.155340
-100.121359
-98.387656
-86.685160
-72.382108
-58.945908
-44.642857
-32.940361
-27.739251
-33.807212
-42.475728
-41.608877
-35.107490
-25.572122
-14.303051
-3.467406
13.002774
30.773232
59.379334
76.716366
74.549237
76.716366
72.382108
61.546463
57.645631
61.979889
70.214979
78.450069
83.651179
83.651179
84.084605
81.484050
73.248960
63.713592
48.543689
36.407767
28.606103
24.271845
25.572122
24.705270
16.470180
-0.866852
-14.736477
-33.807212
-52.011096
-68.914702
-85.818308
-93.186546
-87.118585
-74.982663
-63.713592
-52.011096
-49.843967
-50.277393
-50.277393
-50.277393
-46.376560
-28.172677
-6.067961
23.838419
49.843967
63.713592
74.115811
81.050624
76.282940
75.416089
68.914702
66.314147
67.180999
68.047850
76.282940
74.115811
78.883495
80.183773
66.747573
56.345354
42.042302
18.637309
3.033981
-19.070735
-36.407767
-46.809986
-51.144244
-49.843967
-50.277393
-51.577670
-62.846741
-77.583218
-96.220527
-112.690707
-127.427184
-132.628294
-126.126907
-120.925798
-112.690707
-98.821082
-84.951456
-71.948682
-52.877947
-37.708044
-27.305825
-19.504161
-7.368239
7.368239
26.005548
49.843967
71.515257
83.217753
95.353675
104.022191
100.121359
100.988211
94.053398
91.452843
92.319695
91.886269
97.954230
101.855062
97.520804
91.886269
71.081831
37.708044
9.968793
-11.269071
-20.804438
-25.572122
-32.940361
-33.373786
-36.407767
-45.509709
-64.580444
-89.285714
-104.455617
-124.393204
-133.061720
-135.228849
-129.160888
-111.390430
-93.186546
-74.549237
-57.212205
-42.909154
-37.274619
-27.739251
-18.637309
-9.968793
4.767684
21.671290
45.509709
68.481276
91.452843
114.857836
130.027739
140.429958
142.597087
133.061720
121.359223
109.656727
100.121359
93.186546
91.452843
93.186546
86.251734
81.917476
63.280166
39.875173
10.402219
-23.404993
-53.744799
-78.016644
-101.421637
-118.325243
-123.959778
-126.560333
-124.826630
-126.560333
-132.194868
-141.730236
-156.466713
-172.503467
-176.404300
-173.370319
-155.166436
-124.826630
-97.087379
-62.846741
-32.940361
-3.033981
21.237864
35.974341
44.209431
48.543689
59.812760
74.549237
93.619972
117.458391
148.231623
163.834951
174.237171
185.072816
179.438280
166.435506
152.999307
133.495146
111.823856
99.687933
91.452843
92.753121
87.552011
74.982663
57.212205
29.906380
-3.900832
-41.608877
-74.115811
-101.421637
-124.393204
-136.962552
-140.863384
-134.795423
-128.294036
-124.826630
-126.993759
-133.928571
-142.163662
-149.098474
-151.699029
-143.463939
-129.594313
-110.090153
-76.282940
-39.008322
-2.167129
23.404993
45.076283
57.645631
58.079057
60.679612
68.481276
78.883495
100.554785
123.959778
146.064494
170.336338
187.673370
192.874480
191.140777
180.738558
158.200416
137.829404
121.359223
104.022191
100.121359
90.585992
74.982663
56.345354
32.506935
5.201110
-26.872399
-60.679612
-94.053398
-114.857836
-144.764216
-170.336338
-183.339112
-192.441054
-193.307906
-191.140777
-184.205964
-183.772538
-177.271151
-172.503467
-164.268377
-153.432732
-141.730236
-129.160888
-107.056172
-84.518031
-58.512483
-28.606103
-0.866852
28.606103
56.778779
86.685160
111.823856
131.761442
143.463939
152.565881
159.067268
159.067268
159.067268
159.934119
169.036061
175.104022
176.837725
169.902913
154.733010
127.860610
95.787101
66.314147
34.240638
6.501387
-14.303051
-26.005548
-43.776006
-57.645631
-71.515257
-87.985437
-100.121359
-112.257282
-127.860610
-136.095700
-143.463939
-150.832178
-148.231623
-132.628294
-115.291262
-97.520804
-78.016644
-65.447295
-58.079057
-52.877947
-47.243412
-40.308599
-29.039528
-18.203883
1.300277
39.441748
76.282940
110.090153
134.361997
148.665049
149.531900
138.696255
126.993759
117.024965
109.656727
109.223301
117.458391
116.158114
122.226075
120.492372
110.090153
94.053398
65.013870
34.674064
0.000000
-32.940361
-54.611650
-60.679612
-65.880721
-67.614424
-66.314147
-77.149792
-94.486824
-116.591540
-140.863384
-155.166436
-166.002080
-167.735784
-163.401526
-145.631068
-126.560333
-109.223301
-86.251734
-76.282940
-74.982663
-75.849515
-75.416089
-68.047850
-48.110264
-24.271845
6.501387
29.472954
60.679612
81.917476
98.821082
110.523578
107.923024
109.223301
108.356449
109.223301
108.356449
109.223301
117.458391
115.724688
108.356449
106.622746
92.319695
69.781553
46.376560
22.538141
-7.368239
-23.838419
-35.540915
-40.742025
-47.676838
-52.011096
-63.713592
-82.784327
-99.687933
-124.393204
-138.262829
-145.631068
-143.030513
-132.628294
-112.690707
-89.285714
-66.747573
-44.642857
-33.807212
-21.237864
-10.835645
-2.600555
11.269071
28.172677
51.144244
74.549237
96.653953
108.356449
123.959778
134.361997
140.863384
143.463939
139.129681
133.495146
135.662275
142.597087
142.163662
142.597087
133.061720
117.458391
99.687933
74.982663
52.877947
29.039528
6.934813
-17.337032
-34.240638
-47.676838
-59.812760
-68.047850
-82.350902
-98.387656
-115.724688
-133.495146
-144.764216
-154.733010
-159.500693
-147.798197
-136.962552
-124.393204
-110.523578
-91.886269
-78.016644
-71.515257
-58.512483
-44.642857
-26.438974
-3.467406
13.869626
33.373786
51.144244
58.945908
59.812760
67.614424
74.982663
82.784327
90.585992
97.954230
106.622746
109.223301
108.789875
103.155340
97.520804
90.152566
79.750347
65.880721
50.277393
34.674064
19.504161
4.767684
-2.167129
-15.169903
-29.906380
-40.308599
-51.144244
-57.212205
-67.614424
-75.849515
-80.617198
-94.486824
-100.121359
-101.421637
-97.087379
-91.886269
-87.985437
-76.716366
-69.348128
-66.314147
-67.614424
-59.812760
-58.079057
-48.543689
-29.906380
-13.869626
10.402219
30.773232
45.076283
55.045076
58.945908
58.512483
58.512483
59.812760
69.348128
81.917476
82.784327
87.552011
93.619972
85.818308
83.651179
76.282940
63.280166
52.877947
39.875173
26.438974
17.770458
4.767684
-7.368239
-16.470180
-32.940361
-44.209431
-52.877947
-62.846741
-74.549237
-80.183773
-92.319695
-102.288488
-110.090153
-116.591540
-117.891817
-115.291262
-108.789875
-103.588766
-94.920250
-87.552011
-73.248960
-58.945908
-45.943135
-26.872399
-12.569348
2.167129
22.538141
39.008322
56.345354
73.682386
85.818308
97.087379
102.288488
108.356449
108.789875
109.223301
107.489598
100.554785
100.121359
100.988211
96.653953
90.585992
84.518031
73.682386
63.280166
48.110264
34.674064
23.838419
11.269071
-5.201110
-19.504161
-30.339806
-37.708044
-45.943135
-55.911928
-61.546463
-67.180999
-67.614424
-66.314147
-58.945908
-58.079057
-58.512483
-58.512483
-58.079057
-49.843967
-36.407767
-21.671290
-9.101942
6.501387
14.736477
24.271845
32.940361
35.540915
41.608877
48.543689
50.277393
55.045076
60.246186
69.781553
76.716366
74.115811
76.716366
71.081831
66.747573
65.013870
60.679612
60.246186
52.877947
45.076283
36.407767
26.872399
18.637309
7.801664
1.733703
-10.402219
-24.271845
-37.708044
-55.911928
-75.849515
-83.651179
-94.053398
-101.421637
-100.121359
-95.787101
-85.384882
-83.651179
-82.784327
-87.118585
-92.753121
-99.254508
-100.121359
-100.554785
-95.353675
-82.350902
-67.180999
-51.144244
-39.441748
-31.640083
-20.371012
-3.467406
-0.433426
5.201110
16.036755
23.404993
35.974341
48.543689
65.447295
82.784327
94.920250
100.988211
99.687933
100.988211
97.954230
86.251734
74.549237
65.447295
58.512483
50.277393
51.144244
46.376560
35.540915
26.005548
9.535368
-5.201110
-20.804438
-38.574896
-51.577670
-60.246186
-66.747573
-67.180999
-66.747573
-67.614424
-63.713592
-57.212205
-51.144244
-49.843967
-50.710818
-49.410541
-42.909154
-40.742025
-30.339806
-18.637309
-6.934813
8.235090
27.305825
49.410541
57.645631
67.614424
75.849515
75.416089
75.416089
75.416089
75.416089
80.617198
84.951456
81.917476
88.418863
90.152566
80.617198
71.081831
56.778779
39.875173
22.538141
7.368239
-1.300277
-9.101942
-16.036755
-20.804438
-29.039528
-36.841193
-47.676838
-60.679612
-67.614424
-79.316921
-83.651179
-88.418863
-92.753121
-91.886269
-87.118585
-78.883495
-70.648405
-66.747573
-61.113037
-50.277393
-49.843967
-37.708044
-33.807212
-29.039528
-19.504161
-16.903606
-10.835645
2.167129
9.968793
24.271845
39.008322
47.676838
50.710818
50.277393
44.209431
41.175451
42.475728
41.608877
41.175451
44.209431
51.144244
49.410541
50.710818
44.642857
32.506935
21.237864
9.535368
-2.167129
-8.668516
-14.736477
-22.971567
-30.339806
-34.674064
-32.940361
-41.175451
-50.710818
-50.277393
-57.212205
-61.546463
-70.648405
-75.416089
-68.481276
-63.280166
-52.444521
-45.076283
-32.940361
-21.671290
-13.436200
-7.801664
-1.733703
4.334258
9.968793
16.036755
25.572122
41.175451
57.212205
68.914702
77.583218
83.651179
84.084605
82.784327
76.716366
74.115811
66.314147
58.945908
58.945908
51.577670
50.277393
49.843967
43.342580
33.373786
24.271845
14.736477
3.467406
-9.101942
-16.470180
-19.504161
-26.005548
-24.705270
-30.773232
-36.841193
-41.608877
-45.943135
-52.011096
-58.079057
-50.710818
-50.710818
-46.376560
-41.608877
-39.875173
-33.373786
-27.305825
-24.271845
-25.572122
-17.337032
-9.968793
-1.733703
10.402219
21.237864
29.039528
39.875173
52.877947
58.945908
58.079057
64.580444
68.481276
64.580444
58.945908
58.079057
60.246186
63.713592
59.379334
54.611650
49.410541
41.175451
28.172677
11.702497
0.000000
-9.968793
-17.337032
-22.104716
-31.640083
-33.373786
-40.308599
-48.977115
-61.546463
-69.348128
-79.750347
-90.585992
-97.954230
-100.988211
-100.554785
-99.254508
-92.319695
-82.350902
-70.648405
-62.846741
-51.577670
-41.608877
-35.540915
-22.538141
-10.402219
-2.600555
12.135922
28.172677
39.875173
44.642857
50.710818
49.843967
50.710818
49.843967
51.144244
45.943135
40.742025
42.042302
41.608877
42.475728
42.042302
37.274619
30.339806
24.271845
12.569348
8.235090
6.501387
-0.866852
0.866852
-0.866852
-7.368239
-9.968793
-17.770458
-24.271845
-26.872399
-35.974341
-41.608877
-42.475728
-49.843967
-48.977115
-41.608877
-36.407767
-30.773232
-24.271845
-25.572122
-18.637309
-16.903606
-12.569348
-6.501387
0.000000
-0.433426
2.600555
7.801664
11.702497
16.470180
21.671290
26.005548
25.138696
24.271845
29.906380
33.807212
33.807212
42.475728
49.410541
58.079057
71.081831
75.416089
75.849515
73.682386
67.180999
61.546463
52.877947
45.076283
41.608877
39.875173
29.472954
26.005548
15.169903
0.866852
-9.101942
-23.404993
-37.274619
-48.977115
-49.843967
-54.611650
-59.379334
-58.512483
-58.945908
-58.512483
-58.512483
-64.580444
-67.614424
-66.747573
-67.180999
-67.180999
-64.580444
-56.345354
-46.809986
-37.708044
-28.172677
-19.070735
-9.535368
-1.733703
0.866852
7.801664
15.603329
23.404993
31.206657
38.574896
46.809986
51.144244
58.945908
56.345354
49.843967
47.676838
37.708044
32.940361
26.005548
18.203883
16.036755
16.903606
16.470180
16.903606
16.903606
12.135922
6.067961
0.000000
0.433426
-4.767684
-9.535368
-6.501387
-0.433426
0.433426
1.300277
9.535368
3.900832
-0.433426
0.000000
-6.934813
-5.634535
-7.801664
-0.866852
6.501387
12.135922
16.903606
21.237864
19.504161
14.736477
9.101942
8.235090
8.668516
8.235090
8.235090
10.402219
17.770458
9.101942
8.668516
6.067961
-0.433426
-5.634535
-12.135922
-17.337032
-16.470180
-17.770458
-10.402219
-8.235090
-6.934813
0.866852
-0.433426
0.433426
-1.733703
-9.968793
-16.903606
-17.337032
-23.838419
-26.005548
-18.203883
-21.671290
-27.305825
-22.971567
-29.472954
-33.373786
-39.008322
-42.475728
-42.042302
-39.875173
-32.506935
-34.674064
-25.138696
-17.337032
-14.736477
-7.368239
-9.535368
-17.337032
-14.736477
-7.801664
-2.167129
0.866852
9.535368
18.203883
22.104716
27.305825
29.472954
25.572122
23.838419
16.470180
7.801664
13.002774
17.770458
15.169903
22.538141
21.237864
13.869626
9.535368
2.167129
-9.101942
-21.671290
-24.705270
-30.773232
-34.240638
-33.373786
-27.305825
-23.838419
-17.770458
-16.036755
-17.337032
-16.470180
-16.903606
-16.470180
-10.402219
-1.733703
10.402219
18.637309
28.606103
39.875173
42.042302
42.042302
41.608877
42.042302
42.475728
37.708044
31.640083
35.540915
39.875173
47.676838
49.410541
42.042302
39.441748
31.640083
21.237864
13.002774
2.167129
-0.433426
0.000000
-0.433426
0.866852
-4.767684
-9.535368
-7.801664
-10.402219
-22.104716
-25.572122
-24.705270
-25.138696
-25.138696
-17.770458
-10.402219
-5.201110
0.000000
0.866852
-3.900832
-9.101942
-7.801664
-1.733703
0.433426
-0.433426
5.201110
10.835645
16.470180
16.903606
16.036755
10.402219
6.501387
0.866852
-2.600555
-7.368239
2.167129
7.801664
8.668516
7.801664
9.968793
4.767684
