-380.775578
-610.973597
-788.778878
-923.267327
-1021.039604
-1066.006601
-1053.630363
-991.336634
-880.363036
-740.924092
-569.719472
-375.825083
-164.191419
56.518152
281.353135
496.699670
707.920792
899.752475
1067.244224
1221.534653
1355.198020
1477.722772
1582.508251
1659.653465
1724.834983
1799.092409
1852.310231
1894.801980
1934.405941
1953.382838
1947.607261
1912.953795
1841.996700
1738.448845
1586.633663
1372.112211
1100.660066
781.353135
420.379538
17.739274
-411.303630
-845.709571
-1274.339934
-1684.818482
-2056.518152
-2370.874587
-2607.260726
-2774.752475
-2877.475248
-2914.603960
-2872.524752
-2760.313531
-2597.772277
-2396.452145
-2157.178218
-1896.452145
-1645.627063
-1405.115512
-1167.904290
-927.392739
-708.745875
-502.887789
-298.267327
-91.584158
127.475248
346.947195
577.970297
828.382838
1080.858086
1320.544554
1537.541254
1725.247525
1868.399340
1922.854785
1877.062706
1746.699670
1547.854785
1278.877888
935.643564
545.792079
139.438944
-266.501650
-660.478548
-1003.712871
-1262.788779
-1432.343234
-1518.151815
-1542.904290
-1479.372937
-1320.544554
-1108.085809
-863.861386
-591.584158
-300.330033
-5.363036
270.627063
515.264026
733.910891
931.105611
1085.808581
1195.957096
1300.330033
1401.402640
1486.386139
1553.217822
1620.874587
1706.683168
1813.531353
1923.267327
2036.716172
2169.554455
2278.465347
2329.620462
2321.369637
2262.788779
2134.488449
1905.115512
1576.320132
1163.778878
692.244224
166.666667
-405.528053
-990.924092
-1557.343234
-2093.234323
-2577.557756
-2974.009901
-3250.000000
-3411.303630
-3480.610561
-3463.696370
-3349.009901
-3145.627063
-2879.125413
-2577.145215
-2262.376238
-1941.419142
-1635.313531
-1365.924092
-1117.986799
-874.587459
-648.514851
-455.445545
-281.765677
-87.046205
144.389439
402.640264
684.818482
988.861386
1310.231023
1627.475248
1920.792079
2173.267327
2379.950495
2491.749175
2468.646865
2318.069307
2060.231023
1715.759076
1272.689769
752.475248
188.118812
-374.587459
-912.541254
-1400.990099
-1794.141914
-2061.468647
-2205.445545
-2247.112211
-2174.092409
-1976.897690
-1677.392739
-1323.432343
-948.844884
-562.706271
-176.980198
189.356436
519.389439
802.392739
1046.617162
1231.848185
1362.211221
1452.145215
1541.666667
1642.326733
1724.009901
1796.617162
1880.363036
1989.273927
2116.336634
2248.349835
2379.950495
2509.488449
2603.960396
2645.627063
2622.524752
2535.891089
2363.448845
2075.907591
1668.729373
1165.016502
600.660066
-16.501650
-679.042904
-1350.247525
-1998.762376
-2601.072607
-3119.636964
-3523.514851
-3779.702970
-3896.864686
-3910.891089
-3818.069307
-3611.386139
-3311.881188
-2946.782178
-2559.818482
-2171.204620
-1797.854785
-1461.221122
-1176.567657
-917.491749
-679.455446
-467.409241
-291.254125
-132.425743
44.966997
261.963696
510.726073
783.415842
1083.333333
1398.102310
1720.297030
2032.590759
2315.181518
2538.778878
2663.778878
2642.326733
2484.323432
2206.683168
1816.419142
1319.719472
722.359736
72.194719
-588.696370
-1216.584158
-1770.214521
-2207.508251
-2484.735974
-2615.924092
-2612.211221
-2462.871287
-2169.966997
-1759.900990
-1273.514851
-770.214521
-264.026403
215.346535
635.313531
992.161716
1272.277228
1478.135314
1611.386139
1683.168317
1714.933993
1733.085809
1755.363036
1780.115512
1812.293729
1884.488449
2006.188119
2170.792079
2360.148515
2559.818482
2746.287129
2895.214521
2961.633663
2933.168317
2792.904290
2521.039604
2092.409241
1518.564356
845.297030
95.297030
-711.221122
-1554.867987
-2380.775578
-3113.036304
-3724.009901
-4182.343234
-4480.198020
-4606.023102
-4563.943894
-4388.201320
-4094.059406
-3691.419142
-3212.046205
-2717.409241
-2240.511551
-1805.280528
-1413.778878
-1070.544554
-784.653465
-542.079208
-336.633663
-161.303630
0.825083
177.392739
404.290429
692.656766
1019.389439
1360.973597
1728.960396
2124.587459
2514.026403
2853.135314
3112.211221
3242.574257
3209.158416
2996.287129
2622.112211
2121.699670
1502.062706
769.389439
-47.029703
-872.937294
-1631.600660
-2290.841584
-2813.531353
-3158.003300
-3313.118812
-3281.353135
-3086.221122
-2740.099010
-2240.511551
-1651.402640
-1038.366337
-444.719472
112.623762
627.887789
1057.755776
1382.425743
1610.561056
1756.600660
1824.669967
1844.471947
1843.234323
1866.749175
1908.003300
1953.795380
2039.191419
2193.894389
2412.541254
2665.429043
2929.042904
3179.042904
3389.026403
3508.663366
3495.462046
3335.808581
3021.864686
2529.702970
1860.973597
1059.405941
180.693069
-756.188119
-1723.597360
-2674.917492
-3515.264026
-4201.320132
-4712.458746
-5021.864686
-5129.950495
-5040.016502
-4785.066007
-4404.702970
-3919.141914
-3351.485149
-2770.214521
-2226.072607
-1756.188119
-1353.960396
-1013.201320
-742.161716
-534.240924
-367.574257
-219.471947
-77.557756
91.171617
330.033003
650.577558
1030.940594
1436.881188
1868.399340
2340.346535
2817.244224
3235.561056
3538.778878
3697.607261
3672.442244
3429.042904
2995.049505
2409.653465
1684.405941
836.221122
-105.610561
-1056.930693
-1937.706271
-2703.795380
-3300.742574
-3707.095710
-3883.250825
-3829.207921
-3581.683168
-3150.990099
-2568.481848
-1877.475248
-1152.640264
-469.884488
153.877888
724.834983
1194.306931
1527.640264
1742.986799
1860.148515
1907.178218
1886.963696
1850.660066
1847.772277
1875.412541
1931.518152
2029.290429
2201.732673
2464.521452
2779.702970
3096.947195
3406.765677
3675.742574
3845.709571
3870.462046
3724.834983
3398.514851
2886.963696
2184.818482
1322.607261
372.112211
-642.739274
-1693.894389
-2742.574257
-3678.630363
-4424.504950
-4963.283828
-5297.029703
-5416.254125
-5317.656766
-5030.528053
-4598.597360
-4069.306931
-3458.745875
-2820.544554
-2234.735974
-1742.161716
-1323.844884
-973.597360
-700.082508
-503.300330
-364.686469
-234.323432
-97.359736
66.419142
302.805281
630.775578
1024.339934
1448.432343
1900.577558
2390.264026
2895.214521
3352.310231
3695.957096
3872.937294
3867.161716
3646.452145
3214.521452
2603.960396
1855.610561
967.409241
-29.290429
-1053.630363
-2015.676568
-2836.221122
-3501.237624
-3989.273927
-4238.036304
-4221.947195
-3975.247525
-3540.841584
-2940.594059
-2216.171617
-1446.782178
-708.745875
-25.990099
603.135314
1134.900990
1520.627063
1763.201320
1904.290429
1967.821782
1960.808581
1912.541254
1885.313531
1894.801980
1940.181518
2023.514851
2174.504950
2426.567657
2748.762376
3079.207921
3396.039604
3701.320132
3942.656766
4050.742574
3982.260726
3723.597360
3275.990099
2626.237624
1791.666667
845.709571
-173.679868
-1254.950495
-2365.511551
-3410.066007
-4270.214521
-4904.290429
-5339.521452
-5561.881188
-5546.617162
-5301.980198
-4871.287129
-4318.069307
-3685.231023
-3000.825083
-2340.759076
-1781.353135
-1320.132013
-930.280528
-606.023102
-384.488449
-256.188119
-164.191419
-76.732673
23.927393
180.693069
428.630363
779.290429
1174.917492
1600.660066
2079.207921
2603.135314
3128.300330
3556.518152
3824.257426
3918.316832
3820.544554
3492.161716
2947.194719
2220.709571
1346.534653
324.257426
-790.016502
-1865.099010
-2814.356436
-3606.023102
-4219.059406
-4606.848185
-4707.508251
-4524.339934
-4108.085809
-3495.462046
-2712.046205
-1825.495050
-933.580858
-116.336634
619.636964
1272.277228
1772.689769
2087.871287
2246.287129
2303.217822
2279.290429
2172.854785
2035.478548
1948.844884
1925.742574
1951.320132
2043.316832
2253.300330
2582.508251
2969.884488
3346.947195
3716.171617
4058.580858
4290.841584
4334.570957
4153.877888
3760.726073
3139.851485
2296.204620
1277.640264
151.815182
-1046.617162
-2288.366337
-3481.435644
-4489.686469
-5247.524752
-5765.264026
-6056.930693
-6087.046205
-5829.207921
-5343.234323
-4696.782178
-3956.683168
-3152.227723
-2359.323432
-1682.755776
-1150.165017
-715.759076
-373.349835
-151.815182
-50.742574
-28.465347
-13.613861
13.201320
91.584158
271.864686
565.594059
946.369637
1374.587459
1855.198020
2414.603960
3007.425743
3518.564356
3872.524752
4037.541254
3984.735974
3692.656766
3150.990099
2410.478548
1495.874587
408.415842
-776.815182
-1953.795380
-3000.000000
-3862.623762
-4520.214521
-4927.392739
-5025.990099
-4814.356436
-4351.485149
-3663.366337
-2775.577558
-1769.801980
-766.501650
155.940594
978.960396
1683.168317
2210.808581
2531.765677
2670.792079
2686.881188
2597.772277
2419.554455
2217.409241
2059.405941
1971.122112
1938.943894
1977.310231
2148.102310
2456.683168
2846.947195
3257.838284
3658.003300
4030.940594
4289.191419
4359.735974
4198.844884
3799.917492
3164.191419
2288.778878
1221.122112
35.066007
-1238.861386
-2556.930693
-3812.706271
-4871.699670
-5658.828383
-6198.432343
-6476.072607
-6445.957096
-6111.386139
-5537.128713
-4804.042904
-3964.933993
-3048.679868
-2168.316832
-1417.904290
-816.831683
-348.184818
12.376238
226.485149
303.217822
301.980198
273.927393
254.950495
284.653465
417.491749
676.155116
1023.514851
1422.854785
1903.877888
2477.310231
3075.907591
3591.584158
3950.907591
4132.425743
4090.346535
3786.303630
3224.009901
2451.320132
1483.498350
335.396040
-933.168317
-2189.356436
-3301.155116
-4223.597360
-4945.544554
-5382.838284
-5468.234323
-5214.521452
-4677.392739
-3896.039604
-2901.402640
-1787.128713
-674.917492
339.933993
1245.462046
2021.864686
2590.759076
2912.541254
3020.627063
2990.511551
2841.996700
2584.570957
2295.379538
2058.168317
1912.541254
1829.620462
1845.297030
2022.689769
2362.211221
2792.491749
3250.825083
3699.257426
4122.112211
4431.105611
4515.264026
4343.234323
3918.316832
3245.874587
2303.630363
1158.003300
-110.561056
-1469.884488
-2866.749175
-4191.831683
-5297.442244
-6088.696370
-6582.508251
-6808.580858
-6704.620462
-6271.864686
-5577.970297
-4727.722772
-3790.429043
-2795.792079
-1846.534653
-1059.405941
-475.247525
-33.003300
295.379538
462.458746
459.570957
367.161716
271.039604
205.445545
199.669967
296.204620
533.415842
899.339934
1338.696370
1853.547855
2472.359736
3119.224422
3666.666667
4033.003300
4200.907591
4157.178218
3837.871287
3214.108911
2346.534653
1299.092409
86.221122
-1242.574257
-2555.693069
-3708.333333
-4634.900990
-5328.382838
-5727.722772
-5751.650165
-5388.201320
-4712.871287
-3810.231023
-2726.897690
-1521.864686
-324.257426
755.775578
1669.554455
2400.990099
2916.666667
3153.877888
3170.792079
3047.029703
2826.320132
2519.389439
2172.854785
1883.250825
1732.673267
1714.108911
1804.455446
2033.828383
2422.442244
2922.854785
3443.069307
3941.419142
4377.062706
4685.231023
4744.224422
4495.049505
3967.409241
3204.207921
2216.584158
1027.227723
-318.894389
-1749.587459
-3175.330033
-4493.811881
-5554.455446
-6294.966997
-6738.036304
-6880.775578
-6711.633663
-6211.633663
-5422.854785
-4488.861386
-3505.775578
-2509.488449
-1581.270627
-822.607261
-269.801980
116.336634
376.237624
482.260726
406.353135
239.686469
90.346535
28.465347
67.656766
198.432343
461.633663
874.587459
1395.214521
2004.950495
2695.957096
3372.112211
3932.343234
4285.066007
4402.640264
4297.854785
3906.353135
3178.630363
2186.056106
1004.125413
-298.267327
-1661.716172
-3004.537954
-4169.966997
-5060.231023
-5666.666667
-5960.808581
-5869.224422
-5373.349835
-4549.917492
-3526.402640
-2379.125413
-1139.851485
87.458746
1174.092409
2053.630363
2696.782178
3103.547855
3255.775578
3175.742574
2964.933993
2671.204620
2309.818482
1941.006601
1653.465347
1542.079208
1601.072607
1783.828383
2093.646865
2543.729373
3098.184818
3682.755776
4215.759076
4646.452145
4926.155116
4932.755776
4587.046205
3920.379538
3018.564356
1929.455446
660.066007
-801.567657
-2347.772277
-3812.706271
-5066.831683
-6015.264026
-6658.003300
-6982.673267
-6967.821782
-6628.300330
-5969.059406
-5058.580858
-4026.815182
-2970.297030
-1968.646865
-1103.547855
-428.630363
32.590759
305.693069
439.768977
424.092409
258.250825
27.640264
-163.366337
-208.745875
-94.059406
140.264026
490.511551
962.046205
1563.118812
2269.801980
3003.712871
3658.828383
4159.653465
4441.419142
4465.759076
4214.933993
3650.577558
2783.828383
1669.554455
365.924092
-1031.765677
-2414.603960
-3686.468647
-4732.260726
-5491.749175
-5931.930693
-5996.699670
-5681.518152
-4999.587459
-4009.900990
-2840.759076
-1593.234323
-341.171617
815.594059
1817.656766
2582.095710
3071.369637
3288.778878
3262.788779
3064.768977
2747.524752
2372.937294
1989.273927
1670.379538
1475.247525
1445.132013
1587.458746
1877.887789
2303.217822
2835.808581
3423.679868
4011.138614
4516.501650
4862.211221
5000.000000
4834.570957
4320.132013
3495.049505
2429.042904
1224.009901
-96.534653
-1570.132013
-3079.620462
-4453.795380
-5540.016502
-6259.075908
-6674.092409
-6799.092409
-6585.808581
-6047.029703
-5240.099010
-4267.739274
-3246.287129
-2230.610561
-1329.207921
-643.151815
-169.966997
113.448845
240.924092
236.798680
89.108911
-136.963696
-352.722772
-491.749175
-453.795380
-224.009901
149.339934
637.788779
1209.158416
1874.587459
2636.138614
3373.762376
3968.646865
4332.508251
4439.356436
4292.904290
3853.960396
3095.297030
2083.333333
884.900990
-453.382838
-1834.158416
-3129.950495
-4218.234323
-5035.891089
-5563.943894
-5769.389439
-5591.171617
-5035.891089
-4172.854785
-3098.597360
-1917.904290
-704.620462
433.993399
1409.240924
2191.831683
2750.825083
3037.541254
3066.831683
2884.488449
2596.534653
2265.676568
1904.290429
1581.683168
1381.600660
1337.458746
1457.920792
1733.910891
2132.013201
2654.702970
3244.636964
3828.382838
4350.660066
4753.300330
4969.059406
4933.993399
4570.132013
3876.237624
2910.478548
1745.462046
485.148515
-865.924092
-2300.330033
-3702.557756
-4923.679868
-5792.079208
-6285.891089
-6500.000000
-6438.531353
-6068.069307
-5402.640264
-4525.990099
-3566.831683
-2621.287129
-1719.884488
-978.547855
-468.646865
-164.603960
-38.778878
-16.914191
-96.122112
-296.204620
-495.874587
-619.636964
-614.273927
-420.792079
-50.742574
461.221122
1076.732673
1737.623762
2455.445545
3209.158416
3861.798680
4309.405941
4484.735974
4375.412541
4011.138614
3360.973597
2401.402640
1232.260726
-56.518152
-1408.003300
-2713.283828
-3883.663366
-4801.980198
-5399.339934
-5693.481848
-5631.600660
-5203.795380
-4451.732673
-3441.831683
-2296.617162
-1117.161716
38.778878
1063.531353
1887.788779
2500.825083
2851.072607
2955.858086
2851.897690
2588.696370
2278.465347
1962.458746
1650.165017
1422.854785
1343.646865
1441.419142
1724.009901
2108.910891
2594.884488
3172.029703
3759.900990
4303.217822
4724.422442
4951.320132
4964.521452
4686.056106
4069.306931
3160.478548
2013.613861
762.788779
-534.653465
-1928.217822
-3345.297030
-4615.099010
-5579.620462
-6141.089109
-6402.640264
-6413.366337
-6108.498350
-5512.376238
-4685.231023
-3754.950495
-2835.808581
-1941.831683
-1158.003300
-605.610561
-271.039604
-113.861386
-77.145215
-123.762376
-279.702970
-463.283828
-584.983498
-599.422442
-438.531353
-101.897690
387.788779
1001.237624
1647.689769
2329.620462
3060.643564
3730.198020
4211.221122
4421.204620
4341.171617
4007.838284
3398.927393
2494.636964
1375.000000
112.623762
-1224.834983
-2529.290429
-3704.620462
-4654.290429
-5294.966997
-5639.026403
-5641.914191
-5263.613861
-4564.768977
-3612.211221
-2506.188119
-1341.996700
-201.320132
827.145215
1665.841584
2309.818482
2723.184818
2884.900990
2823.432343
2600.660066
2321.782178
2034.240924
1742.161716
1516.089109
1424.092409
1493.399340
1732.260726
2087.046205
2554.867987
3113.036304
3695.132013
4228.960396
4657.590759
4910.891089
4962.458746
4742.986799
4184.405941
3316.419142
2198.844884
961.633663
-318.069307
-1670.792079
-3063.531353
-4344.471947
-5358.910891
-5975.247525
-6251.650165
-6279.290429
-6023.927393
-5482.260726
-4693.069307
-3793.316832
-2903.052805
-2037.541254
-1249.587459
-665.429043
-321.369637
-165.016502
-125.412541
-145.214521
-261.138614
-446.369637
-591.584158
-632.838284
-504.537954
-183.168317
281.765677
864.273927
1498.762376
2158.828383
2868.399340
3535.891089
4033.003300
4274.339934
4231.023102
3917.079208
3322.607261
2439.768977
1340.346535
95.709571
-1219.884488
-2509.075908
-3688.118812
-4627.887789
-5254.125413
-5565.181518
-5543.729373
-5161.303630
-4445.132013
-3463.283828
-2344.059406
-1171.204620
-16.914191
994.224422
1820.132013
2422.442244
2797.442244
2951.320132
2868.399340
2614.273927
2299.504950
1981.023102
1693.481848
1468.646865
1352.722772
1412.128713
1656.765677
2025.990099
2499.174917
3055.280528
3637.376238
4177.392739
4593.234323
4830.033003
4866.336634
4643.976898
4095.297030
3229.785479
2101.485149
868.811881
-390.676568
-1716.996700
-3076.320132
-4325.495050
-5298.267327
-5872.937294
-6123.349835
-6118.399340
-5813.943894
-5251.650165
-4476.897690
-3599.834983
-2740.099010
-1910.478548
-1175.742574
-656.353135
-360.148515
-253.712871
-263.613861
-324.257426
-461.633663
-637.376238
-761.551155
-787.128713
-628.300330
-262.376238
251.650165
875.412541
1541.254125
2216.171617
2926.155116
3562.293729
4012.376238
4216.171617
4124.174917
3761.138614
3147.689769
2277.640264
1214.521452
11.138614
-1281.353135
-2522.277228
-3612.211221
-4468.234323
-5030.528053
-5307.755776
-5253.300330
-4840.346535
-4153.877888
-3231.435644
-2156.353135
-1032.178218
46.617162
970.297030
1723.597360
2320.544554
2693.069307
2820.957096
2738.448845
2504.537954
2227.310231
1934.405941
1660.066007
1486.798680
1436.468647
1496.287129
1708.745875
2056.105611
2529.702970
3078.795380
3580.858086
4033.415842
4408.415842
4617.986799
4642.326733
4429.867987
3925.742574
3123.762376
2047.854785
856.848185
-308.168317
-1516.089109
-2794.141914
-4027.227723
-5008.250825
-5568.069307
-5814.356436
-5872.937294
-5665.016502
-5167.079208
-4454.207921
-3667.491749
-2912.128713
-2133.663366
-1374.587459
-847.772277
-578.382838
-478.960396
-461.633663
-449.669967
-537.953795
-697.194719
-783.003300
-761.138614
-593.234323
-237.211221
273.927393
894.801980
1533.003300
2146.039604
2798.679868
3426.980198
3873.762376
4054.867987
3944.719472
3594.059406
3039.603960
2235.973597
1224.834983
97.359736
-1117.574257
-2331.270627
-3403.052805
-4236.386139
-4772.277228
-5034.653465
-5031.353135
-4695.544554
-4051.155116
-3186.881188
-2152.227723
-1070.544554
-44.554455
857.260726
1569.719472
2143.151815
2564.768977
2743.811881
2695.957096
2492.986799
2231.023102
1992.986799
1762.376238
1585.808581
1548.679868
1633.250825
1836.221122
2156.765677
2589.933993
3115.924092
3637.788779
4063.118812
4373.349835
4549.917492
4562.293729
4364.273927
3872.937294
3059.405941
1988.861386
807.343234
-357.260726
-1540.016502
-2797.854785
-4023.927393
-5000.412541
-5577.970297
-5807.343234
-5836.221122
-5641.501650
-5157.590759
-4443.481848
-3660.478548
-2917.904290
-2174.092409
-1447.194719
-890.676568
-603.547855
-512.376238
-493.811881
-479.785479
-518.151815
-619.224422
-681.105611
-640.264026
-453.795380
-83.333333
448.844884
1068.069307
1688.531353
2280.528053
2891.914191
3477.310231
3894.389439
4032.590759
3881.188119
3483.085809
2872.112211
2018.976898
963.283828
-186.881188
-1385.726073
-2567.656766
-3615.511551
-4418.316832
-4900.577558
-5060.231023
-4948.019802
-4525.990099
-3807.755776
-2874.587459
-1811.468647
-729.372937
276.402640
1153.465347
1830.445545
2300.330033
2605.198020
2696.782178
2586.633663
2342.821782
2043.729373
1783.415842
1574.257426
1425.742574
1416.254125
1560.231023
1830.445545
2208.745875
2651.402640
3144.389439
3662.128713
4097.359736
4375.000000
4475.247525
4391.501650
4113.861386
3558.580858
2680.280528
1580.858086
423.267327
-724.422442
-1896.452145
-3109.735974
-4232.673267
-5040.841584
-5484.323432
-5657.590759
-5604.372937
-5304.867987
-4744.636964
-4000.000000
-3239.686469
-2512.788779
-1792.491749
-1162.953795
-718.234323
-506.600660
-463.696370
-475.247525
-535.478548
-646.039604
-745.874587
-786.716172
-692.656766
-437.293729
-30.528053
539.603960
1188.118812
1825.907591
2452.145215
3053.217822
3566.006601
3893.564356
3938.943894
3719.059406
3262.376238
2565.594059
1637.788779
528.877888
-645.627063
-1819.719472
-2931.930693
-3877.062706
-4573.432343
-4964.933993
-5036.716172
-4806.930693
-4266.501650
-3455.445545
-2473.597360
-1413.778878
-376.237624
581.683168
1415.841584
2042.079208
2448.432343
2667.079208
2686.056106
2538.366337
2275.577558
1967.821782
1714.521452
1542.079208
1443.069307
1485.148515
1683.993399
2012.788779
2446.782178
2916.666667
3418.729373
3924.092409
4322.194719
4543.316832
4576.320132
4401.815182
4006.188119
3317.244224
2305.280528
1150.577558
-18.151815
-1215.759076
-2460.396040
-3689.768977
-4713.696370
-5356.848185
-5680.693069
-5787.541254
-5639.026403
-5213.696370
-4518.976898
-3702.145215
-2935.643564
-2185.643564
-1461.221122
-882.838284
-500.000000
-359.735974
-363.448845
-387.376238
-486.386139
-626.650165
-727.310231
-747.524752
-603.135314
-285.066007
174.092409
769.801980
1432.343234
2088.696370
2740.924092
3329.207921
3763.613861
3971.534653
3900.165017
3565.181518
2989.273927
2162.128713
1117.574257
-81.683168
-1340.346535
-2552.805281
-3629.537954
-4485.148515
-5057.755776
-5300.742574
-5205.445545
-4782.178218
-4052.805281
-3074.257426
-1957.095710
-799.917492
280.940594
1216.584158
1991.749175
2548.267327
2867.986799
2963.283828
2836.221122
2581.270627
2257.425743
1908.415842
1624.174917
1438.118812
1371.287129
1475.660066
1726.485149
2099.422442
2585.396040
3098.597360
3625.412541
4125.412541
4452.557756
4573.019802
4499.587459
4209.983498
3689.356436
2825.495050
1641.501650
392.326733
-809.405941
-2015.264026
-3260.726073
-4452.557756
-5309.818482
-5700.495050
-5808.580858
-5727.722772
-5387.376238
-4749.587459
-3877.062706
-3001.237624
-2247.937294
-1500.412541
-806.518152
-332.920792
-130.775578
-171.204620
-280.528053
-392.739274
-591.996700
-788.366337
-884.488449
-857.673267
-648.927393
-264.026403
293.729373
990.511551
1683.993399
2326.732673
2974.834983
3539.191419
3882.425743
3924.504950
3659.653465
3168.729373
2436.881188
1440.181518
272.689769
-940.181518
-2147.277228
-3264.026403
-4210.396040
-4867.986799
-5163.366337
-5144.801980
-4809.405941
-4150.990099
-3231.848185
-2157.590759
-1038.366337
58.168317
1068.481848
1887.376238
2437.293729
2745.462046
2883.250825
2823.432343
2567.244224
2189.356436
1822.607261
1543.729373
1344.059406
1218.646865
1251.237624
1494.224422
1863.861386
2290.841584
2768.976898
3297.854785
3828.795380
4225.247525
4385.726073
4367.986799
4179.455446
3770.627063
3061.468647
2036.303630
860.148515
-303.217822
-1454.207921
-2625.000000
-3771.864686
-4732.673267
-5294.554455
-5489.273927
-5461.633663
-5226.897690
-4759.900990
-4033.003300
-3158.828383
-2363.036304
-1675.742574
-1030.940594
-501.650165
-177.805281
-126.650165
-271.039604
-415.016502
-554.867987
-743.811881
-897.277228
-948.844884
-816.831683
-468.646865
21.864686
642.739274
1330.445545
1988.036304
2622.524752
3201.732673
3635.726073
3835.396040
3706.270627
3281.353135
2665.016502
1839.108911
801.567657
-378.712871
-1598.597360
-2719.471947
-3681.930693
-4443.069307
-4896.039604
-5013.613861
-4821.782178
-4330.033003
-3575.907591
-2576.732673
-1454.620462
-363.036304
636.551155
1504.950495
2200.495050
2667.079208
2870.049505
2860.561056
2697.194719
2389.026403
2014.026403
1667.491749
1418.316832
1290.841584
1266.501650
1371.699670
1653.465347
2068.069307
2543.316832
3045.379538
3552.805281
4004.537954
4283.415842
4322.194719
4183.580858
3896.864686
3355.610561
2451.732673
1265.264026
66.006601
-1045.792079
-2187.706271
-3380.775578
-4475.247525
-5225.660066
-5544.966997
-5615.924092
-5492.574257
-5111.798680
-4468.646865
-3633.663366
-2797.029703
-2025.990099
-1279.290429
-651.815182
-245.462046
-51.980198
-52.805281
-140.676568
-275.990099
-484.735974
-653.052805
-728.547855
-707.508251
-500.825083
-103.135314
446.369637
1106.023102
1738.036304
2330.858086
2934.818482
3434.405941
3709.983498
3696.782178
3374.174917
2825.082508
2077.557756
1077.145215
-54.867987
-1239.686469
-2422.442244
-3457.920792
-4299.917492
-4875.825083
-5086.633663
-4992.986799
-4600.247525
-3878.300330
-2935.643564
-1817.244224
-646.039604
417.904290
1372.524752
2162.953795
2708.745875
3036.716172
3115.924092
2964.933993
2696.782178
2321.369637
1939.768977
1646.864686
1410.478548
1288.778878
1339.108911
1540.016502
1887.376238
2318.894389
2766.914191
3269.389439
3748.349835
4067.244224
4200.082508
4126.237624
3864.686469
3413.778878
2621.287129
1517.739274
346.534653
-807.755776
-1968.646865
-3164.603960
-4321.782178
-5167.904290
-5574.257426
-5708.333333
-5627.062706
-5295.792079
-4702.557756
-3849.834983
-2946.369637
-2118.811881
-1302.805281
-610.148515
-125.000000
144.389439
191.006601
140.676568
18.151815
-210.396040
-435.231023
-580.033003
-624.587459
-483.910891
-162.953795
309.405941
898.514851
1502.062706
2094.059406
2700.495050
3215.346535
3511.963696
3536.716172
3292.079208
2810.643564
2122.112211
1198.019802
82.095710
-1088.696370
-2265.676568
-3333.745875
-4184.818482
-4789.603960
-5064.768977
-5013.613861
-4688.943894
-4024.339934
-3094.059406
-2010.313531
-829.207921
282.590759
1245.462046
2070.957096
2665.016502
3052.805281
3230.610561
3122.112211
2843.646865
2496.699670
2130.775578
1818.069307
1558.168317
1365.924092
1349.422442
1498.762376
1765.676568
2139.026403
2560.231023
3014.438944
3483.085809
3825.907591
3970.709571
3957.508251
3761.963696
3365.924092
2697.607261
1667.904290
505.775578
-593.234323
-1708.333333
-2840.759076
-3966.584158
-4922.442244
-5416.254125
-5561.881188
-5537.541254
-5257.425743
-4752.062706
-3995.462046
-3087.458746
-2279.290429
-1496.699670
-747.112211
-218.234323
106.023102
215.346535
160.066007
101.485149
-69.719472
-308.580858
-448.019802
-514.026403
-427.392739
-154.290429
233.498350
772.689769
1370.049505
1903.465347
2451.320132
2959.570957
3274.752475
3355.610561
3160.066007
2731.435644
2144.801980
1318.894389
277.227723
-816.006601
-1918.316832
-2952.557756
-3804.867987
-4450.495050
-4793.316832
-4785.891089
-4532.590759
-3993.811881
-3157.178218
-2173.267327
-1083.333333
-8.250825
933.168317
1767.739274
2409.653465
2809.818482
3033.415842
3029.702970
2830.445545
2558.168317
2226.072607
1928.217822
1714.933993
1524.339934
1446.369637
1541.254125
1758.663366
2085.396040
2441.831683
2788.366337
3184.818482
3527.640264
3673.267327
3658.003300
3473.184818
3129.125413
2616.749175
1789.191419
733.085809
-290.841584
-1275.577558
-2283.828383
-3299.504950
-4263.613861
-4875.825083
-5075.082508
-5122.524752
-5014.851485
-4691.006601
-4124.174917
-3318.894389
-2553.217822
-1904.702970
-1220.297030
-641.501650
-249.587459
-31.353135
-9.488449
-18.151815
-43.316832
-207.508251
-341.584158
-351.485149
-277.640264
-45.792079
273.514851
668.729373
1197.607261
1695.957096
2133.250825
2580.445545
2890.676568
2984.323432
2862.623762
2495.874587
1990.099010
1363.448845
500.412541
-489.686469
-1479.785479
-2432.343234
-3228.135314
-3845.709571
-4267.739274
-4378.300330
-4235.148515
-3871.699670
-3206.683168
-2356.435644
-1412.541254
-427.805281
457.920792
1267.739274
1981.023102
2460.808581
2758.250825
2889.026403
2819.719472
2652.640264
2409.653465
2132.425743
1952.970297
1817.656766
1696.369637
1708.745875
1844.884488
2083.745875
2397.277228
2679.042904
2968.646865
3278.465347
3442.244224
3430.693069
3294.966997
2989.273927
2541.254125
1855.198020
886.551155
-81.683168
-993.399340
-1965.759076
-2951.320132
-3899.339934
-4603.960396
-4898.514851
-5017.326733
-5003.300330
-4750.412541
-4306.105611
-3620.462046
-2872.937294
-2219.471947
-1523.514851
-897.277228
-470.709571
-171.617162
-31.353135
35.478548
84.158416
-7.425743
-103.547855
-91.584158
-29.702970
149.752475
445.957096
802.392739
1265.264026
1708.745875
2075.495050
2463.283828
2764.438944
2850.247525
2727.310231
2365.099010
1860.561056
1248.349835
407.590759
-545.379538
-1476.897690
-2394.389439
-3184.405941
-3794.554455
-4203.382838
-4283.003300
-4120.874587
-3755.775578
-3107.673267
-2274.339934
-1342.409241
-383.663366
476.897690
1265.676568
1940.181518
2383.663366
2649.339934
2770.214521
2735.148515
2594.059406
2366.749175
2135.313531
2005.775578
1917.079208
1845.297030
1882.013201
2056.105611
2309.818482
2569.719472
2799.092409
3031.353135
3273.514851
3376.237624
3262.376238
3032.178218
2695.957096
2212.458746
1508.250825
553.217822
-394.389439
-1220.709571
-2107.260726
-3028.877888
-3891.914191
-4518.151815
-4727.310231
-4787.128713
-4782.590759
-4537.128713
-4093.646865
-3452.145215
-2752.887789
-2176.155116
-1563.118812
-982.260726
-597.359736
-332.920792
-192.244224
-113.861386
-29.290429
-52.392739
-82.920792
13.201320
163.778878
396.864686
716.996700
1091.996700
1531.765677
1924.504950
2220.297030
2499.587459
2714.933993
2714.933993
2471.534653
2054.042904
1517.739274
897.689769
145.627063
-755.363036
-1638.613861
-2429.455446
-3116.749175
-3609.735974
-3908.003300
-3990.924092
-3809.818482
-3452.557756
-2889.438944
-2101.072607
-1277.640264
-444.719472
364.273927
1042.904290
1646.452145
2108.085809
2367.574257
2526.815182
2542.491749
2426.155116
2307.755776
2177.805281
2079.620462
2055.693069
2011.551155
2028.465347
2179.455446
2361.798680
2566.419142
2767.326733
2901.815182
3027.640264
3100.247525
2982.673267
2748.349835
2429.455446
1971.947195
1404.702970
643.151815
-250.412541
-1018.151815
-1751.237624
-2525.165017
-3259.075908
-3939.356436
-4305.693069
-4332.095710
-4327.970297
-4237.211221
-3975.660066
-3550.330033
-2935.231023
-2378.712871
-1930.280528
-1438.531353
-1028.465347
-723.184818
-507.013201
-396.864686
-247.937294
-113.861386
-68.481848
33.415842
226.897690
476.485149
778.052805
1091.996700
1456.270627
1824.669967
2105.198020
2290.429043
2417.491749
2475.660066
2330.858086
1941.419142
1441.419142
882.013201
290.016502
-413.778878
-1263.201320
-2015.264026
-2612.211221
-3095.709571
-3397.277228
-3566.831683
-3517.326733
-3195.132013
-2787.128713
-2205.445545
-1448.844884
-702.557756
37.953795
682.755776
1217.409241
1759.488449
2125.412541
2283.003300
2375.412541
2354.372937
2299.917492
2233.085809
2100.660066
2057.755776
2103.135314
2116.336634
2173.267327
2314.768977
2492.574257
2699.257426
2835.808581
2901.402640
2990.924092
2960.808581
2743.399340
2441.006601
2061.881188
1582.095710
929.042904
76.320132
-722.772277
-1381.188119
-2101.897690
-2879.950495
-3589.933993
-4038.366337
-4142.326733
-4184.818482
-4215.759076
-4037.953795
-3644.801980
-3119.636964
-2621.287129
-2205.033003
-1708.333333
-1226.897690
-913.366337
-713.283828
-557.343234
-378.712871
-219.471947
-165.016502
-73.432343
134.900990
383.250825
672.442244
981.435644
1361.386139
1773.927393
2061.468647
2265.264026
2447.607261
2536.303630
2430.280528
2068.481848
1581.270627
1069.719472
450.082508
-321.369637
-1151.402640
-1905.115512
-2514.026403
-3020.214521
-3400.165017
-3554.455446
-3473.597360
-3197.194719
-2786.716172
-2222.359736
-1478.960396
-709.158416
-19.801980
598.597360
1153.465347
1641.089109
1967.409241
2096.122112
2146.864686
2151.402640
2092.821782
2002.887789
1917.491749
1913.366337
1985.561056
2064.356436
2182.755776
2392.739274
2621.287129
2828.382838
2969.059406
3064.768977
3155.940594
3100.660066
2839.108911
2495.874587
2088.283828
1584.570957
928.217822
80.033003
-720.709571
-1369.224422
-2049.092409
-2770.627063
-3431.930693
-3873.762376
-3975.660066
-3991.749175
-4011.138614
-3853.135314
-3528.465347
-3054.455446
-2574.257426
-2238.861386
-1844.059406
-1422.442244
-1140.264026
-923.679868
-796.204620
-670.792079
-471.534653
-347.772277
-211.633663
41.254125
324.669967
680.693069
1073.019802
1446.782178
1858.498350
2184.818482
2386.551155
2547.029703
2577.145215
2435.643564
2106.023102
1589.521452
1028.465347
420.379538
-314.768977
-1096.947195
-1833.333333
-2452.557756
-2906.765677
-3252.887789
-3424.504950
-3377.475248
-3143.976898
-2730.610561
-2199.669967
-1558.168317
-842.821782
-175.742574
430.693069
979.785479
1422.029703
1760.726073
1964.933993
2031.353135
2063.943894
2045.379538
1979.372937
1959.983498
1971.122112
2022.689769
2134.075908
2248.762376
2432.343234
2674.504950
2848.597360
2988.448845
3079.620462
3105.610561
3082.508251
2877.062706
2505.363036
2120.049505
1645.627063
1056.105611
330.033003
-514.026403
-1202.145215
-1772.689769
-2432.755776
-3077.970297
-3614.273927
-3889.851485
-3875.412541
-3874.174917
-3846.122112
-3617.161716
-3252.475248
-2779.290429
-2375.412541
-2083.333333
-1688.943894
-1311.056106
-1080.858086
-912.541254
-781.765677
-590.759076
-359.735974
-220.709571
-31.353135
281.353135
626.650165
1012.376238
1375.412541
1731.435644
2103.547855
2334.570957
2433.580858
2486.798680
2417.079208
2181.105611
1759.488449
1198.019802
645.214521
60.643564
-621.699670
-1311.881188
-1946.369637
-2460.808581
-2829.207921
-3103.135314
-3209.570957
-3116.336634
-2883.663366
-2524.752475
-2050.330033
-1470.297030
-815.594059
-213.283828
308.993399
807.755776
1249.174917
1603.135314
1831.683168
1945.544554
2021.039604
2060.643564
2051.567657
2049.504950
2066.831683
2113.036304
2188.943894
2242.986799
2344.471947
2507.013201
2631.600660
2732.260726
2794.554455
2811.056106
2810.231023
2671.617162
2404.290429
2117.161716
1735.561056
1257.013201
634.075908
-147.689769
-791.666667
-1341.584158
-2003.712871
-2683.580858
-3318.481848
-3680.280528
-3729.372937
-3813.118812
-3868.811881
-3737.623762
-3436.468647
-2937.293729
-2517.326733
-2231.848185
-1813.943894
-1408.415842
-1117.574257
-900.577558
-783.415842
-591.996700
-365.924092
-268.564356
-133.250825
112.623762
417.491749
779.702970
1109.735974
1443.894389
1834.158416
2128.300330
2307.755776
2431.518152
2444.719472
2301.567657
1961.221122
1449.257426
911.303630
342.821782
-368.399340
-1143.564356
-1833.333333
-2400.577558
-2820.132013
-3121.287129
-3280.528053
-3169.966997
-2873.349835
-2485.561056
-1955.033003
-1320.132013
-617.161716
47.442244
537.953795
977.310231
1392.739274
1667.491749
1788.778878
1772.277228
1719.059406
1711.221122
1673.679868
1628.300330
1669.554455
1781.353135
1955.033003
2129.125413
2336.221122
2622.112211
2880.775578
3036.716172
3094.884488
3120.462046
3098.184818
2908.415842
2551.567657
2120.874587
1641.089109
1103.135314
391.501650
-400.577558
-1028.465347
-1582.508251
-2173.267327
-2797.854785
-3347.359736
-3563.531353
-3561.881188
-3611.798680
-3631.188119
-3509.075908
-3186.468647
-2748.349835
-2469.059406
-2236.798680
-1900.165017
-1587.046205
-1345.709571
-1216.996700
-1101.485149
-844.471947
-585.396040
-408.003300
-172.854785
178.217822
636.963696
1091.171617
1457.095710
1827.557756
2212.046205
2477.310231
2583.745875
2576.732673
2474.834983
2251.650165
1831.683168
1257.013201
680.280528
118.399340
-490.099010
-1132.838284
-1734.735974
-2210.396040
-2532.178218
-2776.402640
-2914.603960
-2866.749175
-2687.293729
-2404.702970
-2045.792079
-1613.448845
-1080.033003
-545.792079
-93.646865
325.082508
712.458746
1071.782178
1370.049505
1545.792079
1680.693069
1806.105611
1891.914191
1961.633663
2039.603960
2124.174917
2228.960396
2301.567657
2356.848185
2473.184818
2589.108911
2661.716172
2674.504950
2634.488449
2599.009901
2540.016502
2349.009901
2083.745875
1794.141914
1432.343234
995.874587
434.818482
-195.957096
-713.283828
-1227.722772
-1847.772277
-2458.745875
-3002.475248
-3308.168317
-3415.429043
-3559.818482
-3634.900990
-3542.079208
-3303.217822
-2922.029703
-2587.871287
-2297.854785
-1901.815182
-1535.891089
-1258.663366
-1021.452145
-834.983498
-577.970297
-313.531353
-168.316832
5.363036
269.389439
579.207921
935.231023
1240.511551
1502.887789
1812.706271
2040.841584
2167.904290
2252.475248
2210.808581
2054.042904
1754.950495
1269.389439
770.214521
270.214521
-325.495050
-933.168317
-1574.669967
-2128.712871
-2483.910891
-2750.825083
-2902.227723
-2881.188119
-2750.412541
-2437.706271
-2014.851485
-1556.105611
-985.561056
-420.379538
74.669967
514.851485
853.135314
1159.653465
1433.168317
1560.231023
1615.511551
1640.676568
1662.541254
1746.699670
1837.871287
1919.966997
2046.204620
2185.643564
2335.396040
2528.465347
2683.168317
2781.353135
2830.033003
2778.877888
2697.194719
2599.009901
2361.386139
2046.617162
1692.244224
1264.026403
828.382838
281.353135
-324.669967
-801.155116
-1294.554455
-1848.184818
-2375.412541
-2874.587459
-3138.613861
-3233.910891
-3398.102310
-3478.135314
-3419.141914
-3221.947195
-2890.676568
-2644.801980
-2415.841584
-2063.943894
-1739.686469
-1467.409241
-1231.435644
-1015.676568
-703.382838
-388.613861
-172.854785
88.283828
437.706271
811.056106
1180.693069
1483.498350
1759.900990
2060.643564
2235.973597
2264.851485
2247.937294
2144.801980
1927.805281
1580.445545
1088.696370
593.234323
133.250825
-401.402640
-960.808581
-1472.359736
-1915.016502
-2231.023102
-2480.610561
-2659.240924
-2665.841584
-2556.518152
-2370.874587
-2083.333333
-1725.660066
-1286.716172
-800.330033
-359.735974
70.132013
492.574257
850.660066
1158.415842
1422.854785
1628.712871
1806.518152
1924.504950
1991.749175
2113.036304
2249.174917
2337.871287
2404.290429
2448.844884
2517.326733
2620.049505
2628.300330
2580.033003
2554.455446
2497.112211
2415.841584
2254.950495
1985.148515
1736.798680
1468.646865
1085.396040
621.287129
54.042904
-481.435644
-953.382838
-1515.264026
-2103.960396
-2648.927393
-3087.458746
-3307.343234
-3455.858086
-3594.059406
-3578.795380
-3420.792079
-3127.887789
-2779.290429
-2481.848185
-2133.663366
-1723.597360
-1375.412541
-1094.884488
-873.762376
-619.636964
-309.818482
-61.056106
127.475248
344.884488
642.326733
983.498350
1289.191419
1535.478548
1768.564356
1988.448845
2123.762376
2123.762376
2068.894389
1946.369637
1680.280528
1299.504950
823.019802
335.808581
-123.349835
-661.303630
-1211.633663
-1688.943894
-2110.973597
-2400.165017
-2606.023102
-2735.973597
-2687.293729
-2552.805281
-2350.660066
-2015.264026
-1625.000000
-1160.478548
-664.191419
-244.636964
172.442244
591.996700
954.207921
1281.353135
1529.702970
1699.669967
1876.237624
2020.627063
2118.811881
2231.435644
2328.382838
2394.389439
2457.095710
2473.597360
2474.009901
2506.188119
2485.973597
2420.792079
2348.184818
2244.636964
2150.577558
2023.514851
1796.617162
1573.432343
1341.996700
1026.402640
634.900990
127.887789
-374.587459
-811.468647
-1353.547855
-1960.808581
-2525.165017
-2971.122112
-3203.382838
-3399.752475
-3591.584158
-3597.359736
-3417.079208
-3096.534653
-2760.726073
-2467.409241
-2082.095710
-1632.013201
-1254.537954
-968.234323
-755.775578
-515.676568
-237.623762
-45.379538
124.587459
324.669967
567.244224
865.099010
1122.937294
1372.112211
1648.102310
1851.485149
1977.722772
2019.801980
1976.897690
1872.937294
1632.838284
1255.775578
830.858086
372.112211
-118.399340
-622.937294
-1143.564356
-1599.422442
-1958.745875
-2263.613861
-2488.448845
-2596.947195
-2581.683168
-2451.320132
-2244.636964
-1981.023102
-1624.587459
-1199.669967
-764.026403
-327.970297
101.072607
505.775578
870.874587
1186.056106
1451.732673
1695.132013
1884.900990
2014.026403
2124.587459
2204.620462
2285.066007
2348.184818
2351.072607
2347.772277
2328.795380
2294.141914
2256.188119
2179.867987
2100.660066
2025.165017
1934.405941
1856.435644
1728.547855
1569.719472
1432.343234
1224.834983
943.069307
561.056106
80.033003
-360.561056
-836.633663
-1426.155116
-2011.138614
-2577.557756
-2965.759076
-3176.155116
-3400.577558
-3493.811881
-3387.376238
-3141.089109
-2757.013201
-2424.092409
-2094.471947
-1629.537954
-1222.359736
-939.768977
-749.174917
-620.874587
-408.415842
-204.207921
-136.138614
-49.092409
125.412541
386.138614
707.095710
974.422442
1234.323432
1533.415842
1765.676568
1907.178218
1966.584158
1923.267327
1782.178218
1529.702970
1147.689769
698.432343
240.099010
-256.600660
-757.013201
-1226.072607
-1693.069307
-2065.594059
-2323.844884
-2500.825083
-2530.940594
-2478.547855
-2377.475248
-2128.300330
-1796.204620
-1404.702970
-958.333333
-545.792079
-120.049505
308.168317
652.227723
960.808581
1240.099010
1461.221122
1653.877888
1776.402640
1855.198020
1950.907591
2036.303630
2106.848185
2145.627063
2141.501650
2141.501650
2129.950495
2102.722772
2070.132013
2003.712871
1929.042904
1857.673267
1818.894389
1799.092409
1719.471947
1587.458746
1461.633663
1328.382838
1122.524752
775.577558
292.491749
-163.366337
-589.933993
-1102.722772
-1696.369637
-2294.141914
-2701.320132
-2887.788779
-3052.805281
-3198.844884
-3191.831683
-2965.346535
-2570.957096
-2249.174917
-2035.891089
-1737.211221
-1358.910891
-1053.630363
-918.316832
-899.339934
-808.168317
-601.485149
-442.656766
-358.085809
-219.059406
43.316832
419.554455
785.478548
1080.033003
1375.000000
1652.640264
1839.108911
1915.016502
1886.963696
1741.749175
1490.511551
1131.188119
719.059406
318.894389
-110.973597
-587.458746
-1023.927393
-1365.924092
-1626.237624
-1840.759076
-2049.092409
-2166.666667
-2133.250825
-2053.630363
-1966.584158
-1809.405941
-1561.056106
-1219.884488
-856.848185
-547.029703
-189.356436
235.148515
636.551155
995.049505
1275.577558
1504.537954
1747.112211
1907.590759
1972.359736
2030.528053
2041.254125
2014.438944
1968.234323
1867.986799
1808.993399
1785.478548
1724.834983
1685.231023
1660.066007
1646.452145
1700.082508
1765.676568
1805.280528
1816.419142
1753.300330
1654.702970
1545.379538
1340.346535
986.386139
505.775578
-17.326733
-484.735974
-985.148515
-1575.495050
-2144.801980
-2555.693069
-2737.623762
-2828.795380
-2938.531353
-2950.907591
-2752.475248
-2400.990099
-2093.646865
-1940.594059
-1793.729373
-1551.567657
-1327.145215
-1242.574257
-1284.240924
-1262.376238
-1060.231023
-835.396040
-667.491749
-450.082508
-110.561056
383.250825
848.184818
1180.280528
1494.636964
1770.214521
1931.105611
1953.382838
1837.871287
1663.366337
1439.356436
1064.768977
655.940594
313.531353
14.851485
-261.551155
-590.759076
-916.666667
-1107.673267
-1278.052805
-1504.537954
-1714.108911
-1890.264026
-1959.158416
-1983.910891
-2035.891089
-1956.683168
-1701.732673
-1365.511551
-992.574257
-604.785479
-142.739274
419.554455
904.290429
1255.363036
1551.980198
1787.953795
1966.584158
2013.613861
1917.904290
1829.207921
1762.788779
1664.191419
1562.293729
1462.458746
1441.419142
1507.013201
1552.392739
1610.148515
1713.283828
1808.580858
1892.326733
1941.006601
1944.719472
1935.643564
1838.696370
1643.564356
1449.669967
1214.933993
887.376238
441.831683
-60.643564
-449.257426
-779.290429
-1219.471947
-1744.636964
-2180.693069
-2379.537954
-2416.254125
-2516.501650
-2669.554455
-2689.768977
-2514.026403
-2273.514851
-2134.075908
-2065.594059
-1906.765677
-1658.828383
-1482.260726
-1417.904290
-1343.646865
-1136.963696
-838.283828
-596.947195
-414.603960
-170.792079
172.442244
561.468647
900.165017
1165.429043
1390.676568
1553.217822
1640.264026
1677.392739
1660.478548
1569.306931
1367.986799
1080.858086
800.330033
547.029703
256.600660
-95.297030
-471.122112
-825.495050
-1147.689769
-1486.798680
-1791.254125
-2016.089109
-2150.990099
-2219.884488
-2242.161716
-2131.600660
-1842.409241
-1459.158416
-1037.953795
-606.848185
-144.389439
363.861386
794.966997
1118.811881
1370.874587
1541.254125
1636.551155
1650.165017
1579.207921
1525.165017
1500.825083
1471.122112
1462.458746
1481.023102
1536.303630
1636.138614
1714.521452
1772.277228
1853.135314
1880.775578
1864.686469
1833.745875
1773.927393
1742.161716
1676.567657
1530.528053
1386.963696
1248.762376
1091.996700
872.112211
504.537954
91.171617
-258.250825
-637.788779
-1087.871287
-1596.534653
-2087.046205
-2355.198020
-2454.207921
-2565.594059
-2638.201320
-2622.112211
-2439.356436
-2118.811881
-1916.254125
-1818.069307
-1681.105611
-1526.815182
-1401.402640
-1382.838284
-1454.620462
-1400.165017
-1195.132013
-975.247525
-742.986799
-463.696370
-68.481848
449.669967
914.603960
1256.600660
1557.343234
1784.653465
1909.240924
1900.165017
1733.498350
1527.227723
1306.930693
993.811881
651.815182
354.785479
101.072607
-106.023102
-356.023102
-650.165017
-882.425743
-1094.471947
-1366.749175
-1657.590759
-1911.303630
-2062.293729
-2089.933993
-2091.996700
-2003.712871
-1717.409241
-1288.366337
-781.765677
-283.828383
169.554455
670.379538
1131.600660
1412.128713
1546.204620
1578.382838
1553.630363
1515.676568
1392.739274
1233.910891
1179.867987
1202.557756
1280.528053
1396.864686
1495.049505
1631.600660
1773.927393
1816.006601
1798.267327
1737.623762
1618.811881
1484.323432
1318.481848
1164.603960
1102.310231
1057.755776
996.287129
976.485149
980.610561
972.772277
866.749175
594.059406
284.240924
-3.300330
-381.600660
-886.551155
-1447.194719
-1898.514851
-2102.310231
-2212.458746
-2360.148515
-2453.382838
-2378.712871
-2137.376238
-1903.877888
-1834.158416
-1828.795380
-1757.013201
-1663.778878
-1663.778878
-1774.339934
-1832.920792
-1677.805281
-1385.313531
-1101.072607
-808.580858
-406.353135
140.264026
694.306931
1110.148515
1390.264026
1595.297030
1726.897690
1715.759076
1555.693069
1342.821782
1158.003300
974.422442
761.138614
555.693069
437.706271
392.326733
308.580858
128.712871
-96.947195
-325.495050
-612.211221
-995.049505
-1411.716172
-1743.399340
-1943.069307
-2059.405941
-2109.735974
-2007.425743
-1688.531353
-1199.257426
-681.518152
-215.346535
239.686469
676.980198
1009.488449
1180.280528
1214.933993
1185.231023
1125.000000
1013.613861
875.825083
815.181518
872.937294
995.049505
1125.000000
1228.135314
1336.221122
1460.808581
1495.874587
1410.066007
1251.650165
1077.970297
945.544554
819.719472
693.894389
684.818482
842.821782
1102.310231
1376.650165
1578.382838
1738.036304
1905.115512
1962.458746
1789.603960
1392.739274
885.726073
405.528053
-84.983498
-687.293729
-1302.392739
-1732.260726
-1873.762376
-1850.247525
-1885.313531
-1955.033003
-1911.303630
-1754.125413
-1653.465347
-1771.452145
-2034.240924
-2239.273927
-2351.072607
-2484.735974
-2672.442244
-2739.273927
-2516.089109
-2068.069307
-1603.960396
-1185.231023
-680.280528
-60.231023
537.128713
949.669967
1152.227723
1271.452145
1385.726073
1434.405941
1395.214521
1344.884488
1354.785479
1419.966997
1488.861386
1540.429043
1587.458746
1587.458746
1448.844884
1149.339934
750.000000
296.204620
-228.960396
-841.584158
-1442.656766
-1886.138614
-2120.874587
-2191.831683
-2146.039604
-1964.933993
-1614.273927
-1144.801980
-696.369637
-339.108911
-49.504950
174.504950
299.504950
295.379538
205.445545
143.976898
162.541254
216.584158
277.227723
372.937294
570.957096
857.260726
1113.861386
1270.214521
1336.221122
1351.072607
1312.293729
1203.382838
1037.541254
875.825083
772.277228
740.924092
806.518152
983.910891
1257.013201
1587.046205
1906.353135
2155.528053
2316.006601
2365.511551
2294.966997
2133.250825
1821.782178
1362.211221
854.785479
408.415842
88.696370
-224.422442
-607.673267
-984.323432
-1217.821782
-1281.765677
-1360.561056
-1612.623762
-1965.759076
-2264.438944
-2468.234323
-2705.445545
-3017.326733
-3271.864686
-3342.821782
-3241.749175
-3110.148515
-2952.557756
-2632.013201
-2119.224422
-1546.204620
-1091.171617
-750.825083
-358.085809
121.699670
565.181518
875.412541
1084.570957
1316.006601
1616.336634
1893.976898
2099.009901
2263.201320
2387.376238
2449.257426
2408.415842
2258.663366
2066.006601
1794.141914
1386.551155
887.376238
356.848185
-103.960396
-490.099010
-886.963696
-1278.465347
-1599.422442
-1818.894389
-1915.429043
-1959.570957
-1989.686469
-1963.696370
-1900.990099
-1783.003300
-1606.848185
-1405.940594
-1157.590759
-886.551155
-660.066007
-441.419142
-205.445545
53.630363
313.531353
495.874587
595.297030
678.630363
753.712871
840.759076
933.168317
985.148515
1044.554455
1115.511551
1185.643564
1283.828383
1401.402640
1512.376238
1596.122112
1667.491749
1768.976898
1915.016502
2053.217822
2155.528053
2235.973597
2323.844884
2401.402640
2400.990099
2301.980198
2159.240924
1974.422442
1681.105611
1252.475248
763.613861
343.234323
-37.953795
-525.990099
-1150.165017
-1730.198020
-2073.432343
-2242.161716
-2479.372937
-2841.584158
-3174.504950
-3306.105611
-3297.442244
-3360.148515
-3505.363036
-3562.706271
-3429.042904
-3187.706271
-2974.834983
-2747.112211
-2313.118812
-1683.580858
-1048.679868
-543.316832
-103.547855
443.069307
1091.584158
1650.990099
2000.825083
2222.772277
2451.320132
2723.597360
2909.240924
2911.716172
2832.508251
2751.650165
2638.201320
2431.518152
2104.785479
1742.986799
1393.976898
958.333333
413.366337
-176.155116
-709.158416
-1122.524752
-1541.254125
-2036.716172
-2469.471947
-2741.749175
-2830.445545
-2817.244224
-2830.445545
-2773.927393
-2565.594059
-2262.788779
-1922.442244
-1608.910891
-1285.478548
-899.339934
-540.841584
-267.739274
-21.039604
245.049505
550.330033
816.006601
953.795380
1052.392739
1197.194719
1377.062706
1551.155116
1644.389439
1679.042904
1741.336634
1819.306931
1862.211221
1865.511551
1816.831683
1753.300330
1703.382838
1647.277228
1637.788779
1696.782178
1766.914191
1851.072607
1915.841584
1960.396040
2022.689769
2029.702970
1945.132013
1772.689769
1508.250825
1179.867987
807.755776
374.587459
-43.729373
-418.316832
-846.947195
-1321.782178
-1801.980198
-2169.554455
-2320.957096
-2414.603960
-2590.759076
-2833.745875
-3038.778878
-3070.132013
-3023.514851
-3049.092409
-3099.422442
-3068.481848
-2886.138614
-2591.996700
-2313.118812
-1998.349835
-1535.066007
-958.333333
-377.887789
98.184818
500.825083
978.960396
1507.013201
1934.405941
2203.795380
2345.709571
2500.412541
2724.009901
2870.874587
2858.910891
2729.372937
2551.980198
2398.102310
2215.759076
1888.201320
1452.145215
948.019802
407.590759
-141.089109
-738.036304
-1343.646865
-1888.201320
-2368.811881
-2773.102310
-3099.422442
-3329.620462
-3365.924092
-3247.937294
-3070.132013
-2839.521452
-2573.019802
-2228.960396
-1794.141914
-1387.788779
-1049.504950
-741.749175
-441.006601
-92.409241
240.099010
511.138614
774.752475
1037.953795
1316.006601
1575.907591
1759.900990
1910.891089
2051.155116
2148.927393
2211.633663
2222.772277
2195.132013
2186.056106
2134.075908
2002.475248
1832.508251
1654.290429
1523.514851
1445.132013
1357.260726
1264.851485
1193.069307
1143.976898
1158.003300
1183.580858
1168.316832
1120.049505
1019.389439
929.867987
883.663366
819.306931
702.145215
514.026403
276.815182
61.056106
-169.966997
-497.937294
-910.478548
-1365.099010
-1721.122112
-1937.706271
-2139.026403
-2372.112211
-2626.650165
-2828.382838
-2903.465347
-2905.940594
-2896.864686
-2848.184818
-2722.772277
-2502.062706
-2214.521452
-1911.303630
-1558.993399
-1106.435644
-581.683168
-47.442244
408.003300
784.240924
1171.617162
1578.795380
1933.168317
2167.904290
2269.801980
2308.168317
2368.399340
2413.366337
2382.013201
2242.161716
2021.039604
1802.392739
1596.122112
1344.059406
1015.676568
579.207921
87.458746
-376.237624
-845.297030
-1319.306931
-1788.366337
-2265.676568
-2681.518152
-2998.349835
-3217.821782
-3299.092409
-3268.151815
-3152.227723
-2945.544554
-2691.006601
-2389.026403
-2024.339934
-1637.376238
-1228.135314
-814.356436
-424.917492
-8.663366
425.330033
834.983498
1192.656766
1475.247525
1703.382838
1922.029703
2121.287129
2268.564356
2339.933993
2333.745875
2291.666667
2245.874587
2188.118812
2120.049505
2034.240924
1899.339934
1732.673267
1545.379538
1357.673267
1212.458746
1070.544554
893.151815
725.247525
608.910891
564.356436
591.171617
610.561056
584.158416
558.580858
514.851485
460.396040
410.891089
358.498350
308.580858
252.062706
161.303630
63.531353
-21.039604
-140.264026
-286.303630
-487.623762
-754.537954
-988.861386
-1168.316832
-1306.930693
-1394.801980
-1508.250825
-1649.752475
-1768.976898
-1878.712871
-1929.867987
-1918.729373
-1884.488449
-1783.003300
-1631.188119
-1455.858086
-1241.749175
-1009.900990
-762.376238
-469.471947
-168.729373
113.448845
408.828383
667.079208
891.501650
1072.194719
1159.653465
1198.432343
1212.458746
1198.432343
1165.429043
1094.059406
970.297030
832.920792
680.280528
504.125413
318.069307
114.273927
-106.435644
-317.656766
-528.052805
-742.986799
-977.722772
-1246.699670
-1520.627063
-1739.686469
-1868.811881
-1901.815182
-1847.359736
-1731.435644
-1547.442244
-1318.069307
-1085.808581
-860.973597
-626.650165
-372.524752
-100.660066
161.716172
382.425743
605.198020
820.544554
986.798680
1086.221122
1112.623762
1102.310231
1102.310231
1113.861386
1117.574257
1124.587459
1089.933993
998.762376
870.462046
702.145215
543.729373
443.069307
365.511551
325.495050
313.943894
304.455446
294.141914
242.161716
168.316832
117.986799
91.584158
103.135314
158.415842
231.023102
328.382838
431.518152
484.323432
512.788779
556.518152
613.448845
689.356436
760.726073
835.396040
933.993399
1017.739274
1051.980198
1028.877888
945.132013
843.646865
727.310231
587.871287
454.207921
318.894389
172.854785
17.326733
-163.778878
-326.732673
-426.567657
-494.224422
-554.455446
-616.749175
-676.155116
-709.158416
-744.636964
-819.306931
-912.128713
-1010.726073
-1087.458746
-1120.049505
-1136.138614
-1132.425743
-1095.297030
-1040.016502
-971.534653
-933.168317
-933.168317
-921.204620
-882.013201
-815.594059
-734.735974
-668.729373
-589.933993
-469.884488
-348.184818
-237.623762
-156.353135
-90.759076
11.963696
116.749175
195.132013
247.937294
255.363036
259.075908
254.950495
211.221122
143.976898
79.620462
35.066007
29.702970
47.442244
70.957096
106.848185
126.650165
125.825083
101.072607
43.316832
-21.452145
-82.508251
-159.653465
-225.660066
-275.165017
-307.755776
-308.993399
-295.792079
-288.778878
-266.089109
-235.148515
-205.858086
-158.003300
-104.372937
-51.155116
15.676568
91.584158
169.141914
257.425743
359.735974
469.884488
580.033003
678.217822
753.712871
823.432343
871.287129
894.389439
899.752475
884.900990
874.174917
860.973597
839.108911
817.244224
792.491749
759.075908
727.722772
705.033003
691.831683
684.818482
657.178218
609.735974
573.019802
534.240924
488.448845
422.442244
325.082508
246.699670
202.970297
153.465347
87.458746
11.138614
-67.656766
-115.924092
-162.953795
-223.597360
-262.376238
-279.290429
-268.976898
-250.825083
-247.524752
-245.874587
-231.848185
-238.861386
-264.851485
-313.118812
-367.986799
-398.927393
-438.943894
-491.336634
-551.567657
-617.161716
-670.379538
-713.696370
-745.049505
-749.174917
-754.125413
-765.676568
-760.726073
-736.386139
-700.907591
-658.003300
-643.564356
-646.452145
-629.950495
-602.722772
-568.894389
-542.491749
-514.851485
-465.346535
-425.330033
-408.003300
-390.264026
-367.986799
-334.983498
-302.392739
-296.617162
-272.689769
-207.095710
-123.762376
-42.079208
13.613861
63.118812
136.551155
211.633663
275.165017
327.970297
361.798680
392.739274
411.303630
407.590759
401.402640
399.752475
382.013201
375.000000
386.963696
416.666667
463.283828
484.323432
486.386139
479.785479
462.871287
435.231023
384.900990
323.019802
278.465347
233.910891
195.132013
169.141914
158.828383
168.316832
176.980198
158.828383
134.488449
120.462046
101.897690
94.884488
84.983498
70.132013
77.970297
88.283828
89.933993
97.772277
120.874587
170.379538
223.184818
261.138614
292.491749
332.920792
360.561056
370.874587
359.735974
329.620462
313.531353
288.366337
250.825083
228.135314
217.409241
238.448845
279.702970
303.630363
313.531353
310.231023
283.828383
247.937294
192.656766
116.336634
37.953795
-43.316832
-120.049505
-172.029703
-210.808581
-237.623762
-268.976898
-310.231023
-320.132013
-310.231023
-296.204620
-296.617162
-324.257426
-369.636964
-411.303630
-465.759076
-530.115512
-584.983498
-637.376238
-671.617162
-691.006601
-692.656766
-654.290429
-596.534653
-549.092409
-512.376238
-490.099010
-469.059406
-441.419142
-415.841584
-395.214521
-371.699670
-351.485149
-326.732673
-291.666667
-244.636964
-183.580858
-115.924092
-55.693069
9.488449
87.871287
162.953795
216.584158
242.161716
264.026403
285.478548
299.504950
312.706271
336.221122
356.848185
379.537954
380.363036
365.511551
355.610561
350.247525
357.673267
351.897690
319.306931
273.514851
233.498350
179.867987
112.211221
48.679868
-5.775578
-34.653465
-49.917492
-68.894389
-85.808581
-96.534653
-88.696370
-64.768977
-51.155116
-26.815182
5.775578
32.178218
59.818482
64.356436
63.118812
63.943894
62.293729
55.280528
57.343234
72.607261
104.785479
130.775578
135.726073
144.801980
160.478548
174.504950
184.405941
168.729373
154.290429
150.577558
141.501650
119.636964
102.310231
88.283828
79.207921
68.481848
41.666667
24.339934
25.577558
39.603960
52.392739
37.128713
-3.300330
-33.003300
-51.567657
-63.531353
-57.343234
-42.904290
-25.990099
-4.125413
6.188119
15.264026
40.016502
68.894389
87.046205
88.283828
84.570957
87.458746
87.458746
77.557756
66.419142
56.105611
62.706271
77.557756
89.108911
106.435644
122.112211
139.438944
139.438944
112.211221
73.844884
45.379538
17.326733
-5.363036
-33.828383
-73.432343
-110.973597
-146.864686
-183.580858
-226.072607
-284.653465
-360.148515
-420.792079
-465.759076
-496.287129
-528.877888
-560.643564
-584.158416
-585.396040
-568.481848
-542.079208
-513.201320
-462.458746
-395.627063
-322.607261
-258.663366
-197.194719
-116.749175
-26.815182
65.594059
133.250825
195.544554
260.726073
327.557756
385.313531
423.267327
451.320132
472.359736
485.148515
493.811881
501.237624
502.887789
499.587459
464.108911
392.326733
312.706271
239.273927
168.729373
99.422442
27.640264
-32.590759
-89.933993
-146.039604
-191.831683
-230.610561
-261.138614
-285.066007
-317.656766
-355.198020
-364.273927
-346.122112
-318.481848
-293.729373
-287.953795
-268.564356
-234.735974
-212.871287
-191.419142
-164.191419
-127.062706
-73.432343
-13.201320
42.904290
99.422442
160.478548
216.996700
251.237624
269.389439
289.191419
317.244224
347.359736
379.125413
401.402640
407.178218
406.353135
406.765677
412.128713
415.429043
398.927393
370.049505
346.534653
325.907591
297.029703
264.438944
223.597360
185.643564
156.765677
127.887789
87.046205
35.066007
-6.188119
-37.541254
-66.831683
-90.346535
-116.749175
-155.940594
-200.907591
-254.950495
-304.455446
-345.709571
-372.937294
-403.877888
-437.706271
-459.983498
-459.158416
-443.069307
-421.617162
-395.214521
-356.435644
-312.293729
-269.389439
-223.597360
-167.079208
-95.709571
-32.178218
7.425743
29.290429
51.567657
89.521452
135.313531
164.603960
173.679868
176.155116
174.092409
177.805281
179.455446
172.442244
159.653465
136.963696
122.524752
96.534653
65.181518
32.590759
2.062706
-16.501650
-33.415842
-40.016502
-40.429043
-39.191419
-47.854785
-70.544554
-93.234323
-103.960396
-94.471947
-101.485149
-129.125413
-174.092409
-209.158416
-224.834983
-232.260726
-221.122112
-195.132013
-162.541254
-145.627063
-136.963696
-133.250825
-117.986799
-89.933993
-81.683168
-75.907591
-56.930693
-29.702970
-3.712871
-7.838284
-52.805281
-99.009901
-116.336634
-117.574257
-73.432343
-0.412541
93.234323
193.481848
247.112211
264.438944
279.290429
280.940594
245.874587
173.679868
132.838284
222.359736
430.280528
650.165017
765.676568
754.537954
654.702970
525.165017
391.914191
283.828383
247.937294
246.699670
242.161716
187.293729
116.749175
105.198020
146.039604
160.478548
81.683168
-90.346535
-271.039604
-388.613861
-434.405941
-422.442244
-360.973597
-271.452145
-186.881188
-142.739274
-160.478548
-240.511551
-368.811881
-515.676568
-656.353135
-739.273927
-708.333333
-545.792079
-298.267327
-50.742574
107.260726
141.914191
77.145215
-19.801980
-71.782178
-44.141914
63.943894
224.834983
393.151815
533.828383
596.534653
556.105611
423.267327
234.323432
63.943894
-31.765677
-51.567657
-11.551155
58.168317
87.871287
35.478548
-93.234323
-264.438944
-387.788779
-401.402640
-320.132013
-198.844884
-127.062706
-148.102310
-249.587459
-388.201320
-516.089109
-587.458746
-566.831683
-460.808581
-294.554455
-120.874587
-3.712871
21.452145
-39.191419
-137.376238
-191.831683
-164.191419
-56.105611
96.534653
250.000000
378.712871
429.867987
414.191419
364.273927
308.168317
290.016502
300.330033
321.782178
343.234323
370.874587
403.465347
431.518152
445.132013
436.468647
417.491749
388.201320
342.821782
289.603960
232.673267
175.330033
123.762376
84.983498
56.930693
22.689769
-30.940594
-108.910891
-196.369637
-278.052805
-356.023102
-431.518152
-489.686469
-504.125413
-472.359736
-412.541254
-348.597360
-308.993399
-275.990099
-221.122112
-147.689769
-86.633663
-61.468647
-47.029703
-20.214521
42.491749
134.075908
236.386139
327.145215
393.151815
423.679868
424.917492
405.528053
377.475248
368.811881
362.623762
358.498350
361.798680
385.313531
414.603960
404.290429
326.732673
208.745875
76.320132
-43.316832
-140.676568
-217.821782
-268.564356
-307.755776
-350.660066
-400.990099
-449.669967
-496.287129
-553.630363
-648.102310
-748.349835
-764.851485
-658.828383
-500.000000
-392.326733
-407.178218
-497.112211
-568.069307
-561.056106
-482.260726
-355.610561
-191.419142
-20.214521
93.646865
115.099010
84.570957
67.244224
99.422442
185.231023
304.042904
446.782178
589.521452
669.966997
666.254125
578.795380
481.435644
446.369637
467.821782
504.950495
508.250825
455.033003
353.135314
246.699670
150.990099
95.709571
73.432343
30.115512
-45.792079
-160.891089
-287.541254
-373.762376
-407.178218
-393.564356
-352.722772
-314.768977
-300.742574
-329.207921
-403.052805
-462.046205
-468.234323
-419.554455
-323.844884
-226.072607
-168.316832
-148.927393
-160.066007
-163.778878
-129.125413
-50.330033
61.468647
148.514851
205.033003
255.775578
302.805281
340.346535
362.211221
384.075908
407.178218
454.620462
498.762376
516.501650
511.551155
481.848185
444.719472
405.528053
383.663366
386.551155
391.914191
380.775578
356.023102
313.118812
257.838284
207.920792
149.339934
89.108911
34.240924
-19.389439
-55.280528
-78.795380
-92.821782
-102.310231
-109.323432
-127.062706
-165.841584
-223.597360
-290.841584
-354.372937
-397.277228
-403.465347
-373.349835
-321.782178
-272.277228
-243.811881
-238.036304
-240.099010
-234.735974
-219.884488
-196.782178
-176.567657
-151.402640
-123.349835
-101.485149
-65.594059
-14.438944
31.765677
58.580858
64.356436
51.980198
35.891089
7.013201
-25.577558
-36.303630
-16.089109
20.214521
63.943894
73.019802
26.402640
-34.653465
-95.709571
-130.363036
-155.528053
-196.782178
-241.336634
-283.415842
-307.343234
-314.768977
-338.283828
-368.811881
-396.452145
-414.191419
-424.917492
-435.643564
-447.194719
-438.118812
-393.564356
-325.495050
-254.950495
-200.082508
-158.828383
-120.874587
-75.495050
-42.491749
-25.990099
-1.650165
58.993399
136.551155
224.009901
306.930693
376.237624
429.867987
475.247525
513.201320
542.904290
570.957096
591.996700
614.273927
636.138614
665.016502
685.231023
682.343234
664.191419
654.290429
643.976898
601.072607
515.676568
418.729373
349.834983
309.818482
274.752475
221.947195
167.904290
129.950495
107.673267
65.181518
-14.026403
-101.897690
-184.405941
-229.372937
-250.412541
-270.214521
-269.389439
-256.600660
-235.148515
-213.283828
-201.732673
-193.894389
-192.244224
-200.907591
-204.620462
-183.580858
-143.976898
-89.108911
-22.277228
33.003300
67.656766
90.346535
96.122112
99.834983
105.610561
112.623762
119.224422
123.762376
129.125413
138.613861
160.891089
180.693069
179.867987
148.102310
65.594059
-51.567657
-183.993399
-304.867987
-410.478548
-498.762376
-554.042904
-566.419142
-566.006601
-579.207921
-622.937294
-684.818482
-728.547855
-758.250825
-774.752475
-781.353135
-760.726073
-699.669967
-613.036304
-525.990099
-448.844884
-390.676568
-339.108911
-291.254125
-249.587459
-194.719472
-115.924092
-9.075908
98.184818
194.719472
275.165017
340.759076
379.537954
398.102310
414.191419
438.531353
473.597360
488.448845
487.211221
485.561056
487.623762
494.224422
480.198020
456.270627
428.630363
390.676568
337.458746
264.851485
199.669967
176.155116
175.330033
165.841584
136.138614
108.910891
103.135314
111.798680
106.435644
74.257426
32.178218
-3.712871
-28.465347
-44.141914
-46.617162
-24.339934
16.089109
61.056106
86.633663
87.871287
94.884488
113.861386
120.049505
120.874587
131.600660
152.227723
198.844884
245.874587
276.402640
291.666667
289.603960
284.240924
273.927393
247.937294
215.759076
191.006601
174.504950
163.366337
141.501650
111.798680
94.471947
76.732673
54.042904
25.990099
-33.828383
-94.884488
-139.438944
-178.217822
-197.607261
-205.445545
-207.920792
-196.369637
-183.993399
-176.155116
-178.217822
-195.132013
-206.683168
-204.620462
-188.118812
-167.491749
-139.026403
-117.986799
-110.561056
-125.000000
-165.016502
-209.158416
-241.336634
-226.897690
-190.594059
-158.415842
-144.389439
-153.465347
-165.016502
-171.204620
-189.356436
-220.709571
-245.049505
-246.287129
-231.848185
-231.435644
-240.099010
-261.138614
-271.452145
-275.990099
-284.653465
-291.254125
-288.366337
-274.339934
-256.188119
-240.099010
-242.574257
-235.973597
-215.346535
-192.244224
-174.917492
-164.603960
-156.765677
-138.201320
-111.386139
-81.270627
-55.280528
-40.841584
-25.990099
-4.950495
25.577558
53.217822
77.970297
109.735974
145.214521
189.356436
233.085809
270.627063
296.204620
318.069307
347.359736
384.075908
415.841584
448.019802
483.498350
506.188119
518.564356
502.887789
476.485149
439.768977
402.640264
363.036304
341.171617
330.445545
320.544554
313.943894
297.442244
262.788779
200.907591
134.488449
77.557756
30.528053
7.838284
0.412541
0.412541
-2.062706
-7.838284
-23.514851
-46.617162
-61.056106
-55.280528
-27.640264
-0.412541
16.089109
15.676568
11.138614
-8.250825
-16.089109
-16.089109
3.300330
45.379538
75.495050
83.745875
70.544554
47.854785
28.052805
15.264026
8.250825
17.739274
29.290429
38.778878
22.689769
-15.676568
-60.231023
-96.534653
-122.524752
-137.376238
-146.039604
-150.577558
-161.303630
-183.993399
-214.521452
-243.399340
-253.300330
-255.775578
-254.950495
-261.551155
-266.914191
-287.128713
-314.356436
-341.171617
-350.660066
-340.346535
-329.207921
-318.894389
-325.907591
-335.808581
-332.508251
-315.594059
-302.392739
-294.554455
-285.478548
-275.990099
-277.227723
-279.702970
-277.227723
-264.438944
-242.986799
-203.382838
-152.227723
-106.023102
-55.280528
-18.564356
13.613861
38.366337
58.993399
85.396040
127.062706
172.854785
221.534653
275.577558
311.056106
334.570957
363.861386
384.900990
407.178218
429.455446
443.069307
452.970297
465.346535
470.709571
470.297030
460.808581
430.693069
395.214521
357.673267
322.194719
281.353135
231.435644
192.244224
163.778878
142.326733
120.049505
98.184818
82.095710
68.894389
48.679868
22.277228
-15.264026
-58.993399
-93.646865
-113.861386
-119.636964
-101.485149
-71.369637
-49.917492
-34.653465
-37.541254
-56.105611
-74.257426
-79.207921
-68.069307
-47.029703
-29.290429
-23.514851
-24.339934
-33.828383
-54.042904
-69.306931
-66.006601
-55.693069
-39.603960
-30.940594
-38.778878
-51.155116
-65.181518
-77.145215
-98.597360
-120.462046
-134.488449
-150.165017
-163.366337
-187.293729
-216.171617
-232.260726
-239.273927
-238.861386
-238.861386
-246.287129
-237.623762
-220.297030
-205.033003
-194.719472
-189.356436
-181.518152
-166.254125
-147.689769
-130.363036
-113.036304
-105.610561
-91.584158
-68.481848
-45.792079
-21.039604
-1.650165
7.425743
25.990099
54.042904
88.696370
116.749175
138.201320
160.891089
177.392739
194.719472
193.481848
179.455446
175.742574
174.504950
179.455446
179.042904
167.491749
154.702970
143.151815
129.537954
112.211221
98.597360
94.471947
104.785479
113.036304
109.735974
92.821782
68.894389
50.330033
47.029703
55.693069
67.244224
72.607261
70.544554
59.818482
49.092409
47.442244
49.504950
67.656766
90.346535
99.422442
93.646865
85.808581
80.033003
90.759076
108.085809
120.462046
109.735974
86.221122
54.867987
27.227723
17.326733
14.851485
21.039604
25.165017
20.214521
10.313531
-8.663366
-43.729373
-80.445545
-119.636964
-151.402640
-180.280528
-203.382838
-224.422442
-247.524752
-264.851485
-270.627063
-259.900990
-249.174917
-234.735974
-223.597360
-235.561056
-262.376238
-293.316832
-310.231023
-308.580858
-292.491749
-259.075908
-226.897690
-186.881188
-141.914191
-99.009901
-53.630363
-14.026403
8.663366
21.452145
32.178218
47.854785
71.782178
108.498350
157.590759
207.920792
254.537954
286.716172
295.792079
293.729373
284.240924
267.739274
263.201320
262.376238
265.676568
271.864686
269.389439
252.887789
226.072607
194.306931
164.603960
129.125413
79.620462
31.765677
-4.125413
-34.240924
-64.768977
-87.871287
-110.148515
-129.950495
-145.627063
-167.491749
-182.755776
-195.957096
-200.082508
-198.432343
-191.419142
-176.155116
-146.039604
-109.323432
-75.495050
-46.204620
-21.039604
1.237624
18.151815
28.052805
36.303630
58.993399
92.409241
129.125413
175.330033
209.158416
228.960396
231.023102
212.046205
186.468647
170.379538
167.079208
168.316832
165.841584
160.478548
153.465347
130.775578
92.409241
47.442244
11.551155
-33.415842
-84.570957
-126.237624
-157.590759
-179.455446
-184.405941
-182.755776
-183.993399
-179.455446
-174.092409
-183.580858
-206.683168
-224.422442
-231.023102
-214.521452
-196.369637
-183.168317
-173.679868
-167.491749
-158.003300
-145.627063
-124.587459
-96.122112
-72.194719
-57.755776
-58.580858
-64.356436
-62.706271
-56.105611
-29.290429
4.950495
47.442244
89.933993
115.099010
125.825083
138.201320
143.976898
142.739274
131.600660
116.749175
109.323432
103.547855
103.135314
94.884488
100.660066
111.386139
129.537954
134.488449
108.085809
75.082508
56.105611
57.343234
70.957096
84.570957
94.059406
100.660066
95.709571
72.607261
44.966997
22.277228
3.300330
-4.950495
-14.851485
-21.452145
-29.290429
-32.178218
-31.353135
-20.627063
-5.363036
9.075908
16.914191
9.900990
1.237624
-26.815182
-51.567657
-57.343234
-48.267327
-17.326733
16.501650
40.429043
45.379538
37.541254
31.353135
32.178218
31.765677
20.627063
2.887789
-30.115512
-55.693069
-63.118812
-57.755776
-33.415842
-6.600660
1.237624
-4.950495
-33.415842
-73.019802
-110.561056
-142.326733
-151.815182
-148.927393
-135.313531
-117.986799
-109.323432
-110.148515
-113.036304
-106.435644
-103.960396
-100.660066
-90.346535
-74.257426
-54.867987
-42.491749
-24.339934
-2.475248
23.514851
51.155116
68.894389
72.607261
70.132013
63.943894
63.118812
68.069307
80.033003
90.346535
103.547855
118.399340
139.851485
161.303630
168.729373
160.478548
139.026403
113.861386
78.382838
41.254125
9.488449
-0.412541
0.412541
0.000000
-3.712871
-19.389439
-40.429043
-67.656766
-103.547855
-147.277228
-176.980198
-182.343234
-160.891089
-127.887789
-101.072607
-85.396040
-79.207921
-74.257426
-79.207921
-78.382838
-65.181518
-44.554455
-18.976898
14.026403
49.917492
88.283828
132.013201
160.478548
176.980198
183.993399
183.168317
183.580858
183.168317
186.468647
201.320132
224.422442
239.686469
237.211221
224.834983
206.270627
176.155116
147.277228
118.399340
91.996700
61.881188
30.940594
-6.188119
-50.742574
-80.858086
-98.184818
-118.811881
-145.627063
-171.204620
-206.683168
-241.749175
-276.815182
-301.155116
-299.092409
-276.402640
-247.524752
-217.409241
-194.306931
-183.580858
-172.854785
-159.653465
-135.726073
-103.547855
-69.719472
-40.016502
-26.815182
-20.627063
-5.363036
16.501650
51.980198
97.772277
131.188119
146.039604
153.877888
160.478548
171.617162
186.468647
196.369637
207.095710
197.194719
167.904290
131.600660
94.884488
60.643564
40.841584
27.227723
10.726073
-11.963696
-32.178218
-61.056106
-84.158416
-98.184818
-110.973597
-122.112211
-127.475248
-137.376238
-168.316832
-191.006601
-205.445545
-203.382838
-178.217822
-143.564356
-107.260726
-84.570957
-75.495050
-71.369637
-71.782178
-72.194719
-62.706271
-36.303630
-7.425743
22.277228
53.217822
84.158416
110.148515
133.250825
149.339934
158.003300
154.702970
150.165017
151.815182
153.465347
162.953795
174.092409
182.343234
177.805281
160.066007
137.788779
122.524752
107.673267
93.646865
81.683168
59.818482
37.953795
17.739274
8.663366
1.237624
-11.551155
-17.739274
-30.940594
-50.330033
-66.831683
-82.095710
-100.247525
-103.960396
-106.435644
-113.036304
-110.561056
-112.211221
-108.085809
-98.184818
-90.759076
-85.808581
-79.620462
-79.620462
-70.957096
-58.993399
-52.805281
-39.191419
-17.326733
4.950495
26.402640
38.366337
40.841584
35.478548
24.752475
18.976898
22.277228
28.052805
39.603960
54.455446
56.105611
54.867987
56.105611
49.917492
47.442244
56.518152
67.656766
72.607261
66.419142
50.742574
26.402640
-2.475248
-22.689769
-31.353135
-32.590759
-25.577558
-23.927393
-33.003300
-44.966997
-59.818482
-75.082508
-87.871287
-84.158416
-69.306931
-62.293729
-56.518152
-63.531353
-75.907591
-80.033003
-79.620462
-72.194719
-58.580858
-41.666667
-38.778878
-41.254125
-35.478548
-31.765677
-17.739274
5.775578
34.653465
66.419142
82.095710
88.283828
93.234323
102.722772
102.722772
108.085809
115.511551
123.762376
122.937294
118.811881
119.224422
109.735974
104.785479
98.184818
87.046205
75.907591
55.693069
28.465347
1.650165
-14.851485
-27.227723
-31.765677
-33.415842
-46.617162
-64.356436
-87.871287
-119.224422
-142.739274
-143.151815
-130.775578
-116.336634
-106.848185
-105.610561
-119.224422
-130.775578
-132.013201
-124.174917
-102.722772
-68.069307
-31.353135
-7.013201
16.914191
23.927393
28.052805
44.141914
62.706271
86.221122
106.435644
119.224422
127.887789
125.825083
118.811881
125.825083
133.250825
145.214521
151.402640
150.990099
135.313531
104.372937
55.280528
12.788779
-19.389439
-43.316832
-47.442244
-48.679868
-58.168317
-73.844884
-91.584158
-121.699670
-139.438944
-153.465347
-160.066007
-159.240924
-159.240924
-160.891089
-169.141914
-162.953795
-153.465347
-134.900990
-100.660066
-75.495050
-53.630363
-33.828383
-28.052805
-18.564356
1.237624
26.402640
55.693069
87.871287
115.099010
129.950495
140.676568
144.801980
153.877888
167.079208
183.168317
199.669967
207.095710
196.369637
177.805281
152.640264
125.825083
110.148515
98.597360
91.171617
84.570957
70.957096
48.679868
26.402640
5.775578
-7.013201
-15.676568
-23.927393
-42.079208
-66.006601
-94.471947
-124.587459
-146.039604
-158.415842
-154.702970
-146.452145
-139.851485
-129.125413
-124.174917
-129.125413
-142.739274
-148.102310
-144.801980
-128.300330
-94.884488
-60.643564
-24.339934
-2.062706
21.452145
32.178218
34.240924
40.841584
38.778878
47.029703
61.056106
77.557756
93.234323
101.072607
106.848185
111.386139
104.785479
99.834983
89.521452
77.145215
63.531353
51.567657
31.353135
8.250825
-11.551155
-26.402640
-35.478548
-40.016502
-43.316832
-52.392739
-61.468647
-70.957096
-93.646865
-114.686469
-137.788779
-157.178218
-167.491749
-162.541254
-141.501650
-127.062706
-104.785479
-84.570957
-70.132013
-57.343234
-47.029703
-28.052805
-4.950495
23.927393
46.204620
68.481848
87.871287
101.072607
117.986799
133.250825
153.877888
174.917492
182.755776
183.993399
182.755776
169.554455
157.178218
147.277228
134.900990
127.475248
125.825083
113.448845
98.597360
78.382838
55.693069
34.653465
11.963696
-9.488449
-34.653465
-51.980198
-64.356436
-71.369637
-77.145215
-80.858086
-78.382838
-82.920792
-93.234323
-109.735974
-129.125413
-134.900990
-135.726073
-126.650165
-108.085809
-78.382838
-55.280528
-33.003300
-19.389439
-12.376238
-2.062706
2.062706
9.488449
23.514851
32.590759
39.603960
38.778878
31.353135
32.590759
31.353135
32.178218
32.590759
40.429043
37.541254
23.514851
11.963696
2.062706
-0.825083
2.062706
7.425743
14.438944
23.514851
24.339934
19.389439
3.712871
-14.438944
-41.254125
-63.943894
-80.445545
-94.471947
-95.709571
-89.108911
-82.095710
-76.732673
-70.957096
-66.419142
-70.957096
-77.145215
-80.858086
-75.495050
-63.943894
-53.630363
-40.841584
-25.577558
-8.663366
2.887789
10.313531
16.501650
15.264026
18.976898
24.752475
30.940594
39.191419
50.742574
66.419142
80.033003
98.597360
115.924092
127.475248
123.762376
113.861386
96.947195
82.920792
74.257426
71.369637
71.782178
71.782178
71.782178
72.194719
68.894389
60.643564
46.617162
29.702970
13.201320
-3.300330
-8.663366
-14.026403
-22.689769
-23.514851
-28.052805
-36.716172
-40.429043
-39.603960
-40.429043
-44.966997
-40.016502
-40.016502
-35.891089
-29.702970
-24.752475
-20.627063
-15.264026
-9.488449
-0.412541
11.138614
17.326733
11.551155
7.425743
2.062706
-0.412541
7.013201
15.676568
24.752475
31.765677
28.052805
19.801980
7.013201
-6.188119
-8.250825
-6.600660
0.825083
8.250825
6.188119
-7.838284
-25.577558
-43.729373
-55.280528
-56.105611
-56.105611
-56.105611
-55.693069
-63.943894
-73.432343
-79.207921
-80.033003
-78.382838
-68.894389
-57.343234
-55.693069
-55.693069
-56.105611
-54.455446
-48.679868
-44.141914
-35.891089
-25.165017
-13.613861
-7.013201
-8.663366
-9.900990
-7.838284
0.825083
11.963696
24.752475
40.016502
53.217822
62.293729
69.719472
77.145215
82.095710
87.871287
93.646865
95.709571
87.871287
81.270627
78.382838
72.194719
71.369637
65.181518
63.118812
54.042904
41.666667
33.003300
25.577558
17.326733
6.188119
-2.062706
-7.838284
-10.313531
-18.976898
-32.178218
-48.267327
-61.056106
-69.719472
-71.369637
-72.607261
-68.481848
-63.531353
-55.693069
-59.818482
-58.580858
-54.867987
-52.392739
-35.478548
-14.026403
5.775578
21.452145
41.666667
46.617162
53.630363
55.693069
56.930693
63.531353
65.181518
74.669967
79.207921
80.858086
76.732673
70.132013
58.580858
56.518152
52.805281
47.442244
44.554455
31.765677
21.864686
8.663366
-6.188119
-25.990099
-38.778878
-49.092409
-61.056106
-64.768977
-72.607261
-78.795380
-84.158416
-95.709571
-104.372937
-110.973597
-111.798680
-108.498350
-96.122112
-87.871287
-78.795380
-63.943894
-48.679868
-39.603960
-28.465347
-12.788779
1.650165
15.676568
31.353135
48.267327
62.293729
74.257426
80.033003
78.795380
80.445545
73.432343
73.432343
80.858086
78.382838
85.808581
86.633663
77.557756
69.719472
54.042904
37.541254
20.214521
7.838284
-2.887789
-13.201320
-20.214521
-34.240924
-47.442244
-55.280528
-64.768977
-73.019802
-80.858086
-87.046205
-91.996700
-102.722772
-109.323432
-112.211221
-106.848185
-94.884488
-84.570957
-63.531353
-43.729373
-28.877888
-16.914191
-5.775578
0.412541
-0.412541
6.600660
18.564356
28.052805
44.141914
65.594059
81.270627
97.359736
108.085809
118.399340
119.636964
120.049505
115.511551
109.323432
104.372937
98.184818
94.884488
90.346535
94.059406
88.696370
75.907591
61.468647
45.792079
24.752475
1.650165
-16.089109
-27.227723
-37.541254
-51.567657
-63.943894
-77.970297
-89.933993
-97.772277
-103.547855
-104.372937
-98.597360
-94.471947
-96.122112
-94.884488
-96.534653
-91.171617
-83.745875
-69.719472
-47.029703
-25.165017
-3.300330
18.976898
35.478548
44.554455
59.818482
63.943894
64.356436
70.544554
76.320132
80.445545
85.396040
88.283828
81.270627
88.283828
81.270627
67.244224
54.042904
41.254125
22.277228
2.062706
-9.075908
-24.339934
-38.778878
-48.267327
-56.105611
-68.069307
-74.257426
-86.221122
-94.471947
-99.834983
-103.960396
-105.610561
-113.448845
-106.848185
-103.547855
-101.485149
-93.234323
-80.033003
-67.244224
-52.805281
-37.953795
-23.514851
-7.838284
0.000000
12.788779
24.752475
39.603960
48.267327
51.980198
60.643564
71.369637
80.445545
79.207921
82.095710
87.871287
87.871287
87.871287
87.458746
87.046205
76.732673
66.831683
57.343234
43.729373
32.590759
23.514851
15.264026
5.775578
0.825083
-4.950495
-10.313531
-19.389439
-25.990099
-30.115512
-37.128713
-40.016502
-46.617162
-56.930693
-62.706271
-64.356436
-56.518152
-55.280528
-54.455446
-42.904290
-33.415842
-29.702970
-18.151815
-8.663366
-1.237624
14.438944
28.052805
37.128713
47.442244
58.993399
65.594059
76.320132
85.808581
90.759076
96.122112
95.297030
89.521452
81.270627
79.620462
72.194719
72.194719
68.481848
62.706271
55.693069
38.778878
29.702970
15.676568
2.887789
-3.712871
-15.264026
-28.877888
-37.541254
-47.442244
-65.181518
-78.382838
-89.108911
-104.372937
-113.036304
-119.636964
-127.887789
-123.349835
-118.811881
-119.636964
-109.735974
-101.485149
-92.821782
-78.382838
-66.006601
-54.867987
-40.016502
-25.577558
-14.026403
-5.775578
9.488449
25.990099
42.079208
51.980198
64.356436
72.194719
79.620462
77.970297
71.369637
71.782178
71.782178
79.207921
79.620462
80.033003
77.557756
69.306931
59.818482
46.617162
31.353135
9.075908
-9.075908
-21.864686
-38.366337
-47.029703
-56.518152
-63.531353
-65.594059
-73.844884
-84.158416
-95.297030
-106.435644
-111.798680
-111.386139
-105.610561
-98.184818
-88.696370
-73.019802
-59.405941
-43.729373
-31.353135
-25.577558
-13.613861
-0.825083
9.900990
25.577558
39.603960
54.042904
69.306931
81.270627
95.297030
106.435644
117.574257
129.125413
136.551155
134.075908
128.300330
122.524752
118.399340
120.049505
113.861386
110.973597
106.023102
99.422442
84.983498
65.594059
42.904290
21.452145
-1.650165
-20.627063
-34.653465
-47.854785
-57.755776
-71.369637
-84.983498
-93.646865
-98.597360
-104.372937
-103.135314
-103.960396
-102.310231
-96.947195
-90.759076
-86.221122
-77.557756
-64.356436
-49.092409
-29.290429
-19.801980
-5.363036
9.075908
19.389439
30.940594
31.353135
36.303630
42.079208
47.029703
53.217822
56.518152
61.881188
65.181518
71.369637
72.194719
70.544554
62.706271
55.693069
47.854785
41.254125
32.590759
23.102310
11.963696
-4.537954
-15.264026
-27.640264
-41.666667
-51.980198
-57.343234
-63.531353
-73.019802
-81.683168
-90.759076
-103.135314
-110.973597
-111.798680
-117.986799
-120.462046
-114.273927
-106.848185
-100.247525
-86.221122
-76.320132
-67.656766
-52.805281
-40.429043
-29.702970
-18.564356
-7.425743
3.300330
19.801980
32.590759
52.805281
66.831683
80.445545
97.359736
107.673267
115.099010
122.524752
127.887789
127.475248
126.650165
120.049505
114.686469
109.323432
100.660066
91.996700
83.333333
66.006601
46.204620
28.465347
7.013201
-11.138614
-27.227723
-44.141914
-57.343234
-66.419142
-71.369637
-71.782178
-71.369637
-72.194719
-70.957096
-63.531353
-63.943894
-59.818482
-51.567657
-44.554455
-37.128713
-30.115512
-16.089109
-4.537954
2.475248
21.864686
36.303630
42.904290
54.042904
65.181518
72.607261
71.782178
71.782178
71.782178
71.782178
78.382838
80.445545
80.033003
78.382838
71.369637
66.831683
48.679868
26.815182
10.313531
-2.475248
-16.089109
-33.415842
-43.316832
-54.867987
-65.594059
-76.732673
-87.046205
-99.422442
-103.960396
-107.673267
-112.623762
-110.561056
-117.161716
-120.462046
-115.511551
-110.561056
-101.897690
-89.933993
-80.033003
-68.481848
-58.580858
-50.330033
-46.617162
-36.303630
-26.815182
-16.914191
0.825083
16.914191
32.590759
47.029703
68.069307
78.382838
85.396040
88.283828
87.046205
88.696370
96.122112
94.884488
97.772277
100.247525
94.884488
94.884488
82.508251
72.194719
56.930693
46.617162
33.415842
19.389439
9.075908
-2.062706
-13.613861
-22.689769
-29.702970
-37.128713
-42.079208
-47.854785
-47.442244
-47.854785
-47.854785
-47.854785
-47.442244
-47.854785
-47.442244
-47.854785
-40.841584
-28.877888
-18.976898
-4.537954
7.425743
21.864686
24.752475
29.702970
39.191419
39.191419
46.617162
61.468647
70.132013
77.970297
89.521452
96.947195
94.059406
88.283828
85.808581
77.970297
68.069307
60.643564
50.742574
43.316832
32.178218
21.039604
11.138614
-5.363036
-21.864686
-35.066007
-42.491749
-52.392739
-64.356436
-78.382838
-93.646865
-104.785479
-115.924092
-125.825083
-127.475248
-127.475248
-124.174917
-115.099010
-111.798680
-109.735974
-103.547855
-98.184818
-92.821782
-82.508251
-68.069307
-53.630363
-39.191419
-25.165017
-9.488449
3.712871
16.914191
29.702970
35.891089
50.742574
63.118812
73.432343
84.983498
88.696370
95.709571
95.709571
96.534653
91.584158
87.046205
86.221122
76.320132
72.607261
64.356436
56.105611
46.617162
31.353135
19.801980
5.363036
-5.363036
-15.264026
-21.452145
-30.115512
-39.603960
-46.617162
-47.854785
-52.805281
-56.518152
-55.280528
-56.105611
-55.280528
-55.693069
-63.118812
-63.118812
-55.280528
-48.679868
-39.191419
-27.640264
-11.551155
1.650165
13.201320
22.277228
30.528053
40.429043
46.204620
52.392739
55.693069
60.231023
69.306931
78.382838
80.033003
87.871287
85.808581
79.207921
74.257426
68.894389
58.993399
51.567657
43.729373
29.290429
21.864686
12.376238
-0.412541
-7.425743
-17.739274
-24.752475
-36.303630
-48.267327
-47.854785
-54.867987
-62.293729
-69.306931
-77.557756
-87.458746
-81.270627
-78.795380
-80.445545
-75.495050
-68.069307
-57.343234
-51.155116
-42.904290
-38.778878
-29.290429
-18.564356
-11.138614
-4.125413
9.075908
21.452145
28.465347
40.016502
51.155116
61.056106
66.006601
72.607261
80.858086
73.844884
72.194719
67.244224
63.531353
61.056106
54.867987
56.105611
55.693069
53.217822
47.029703
41.666667
33.003300
20.627063
15.676568
4.125413
-16.914191
-25.165017
-35.478548
-39.603960
-41.254125
-46.617162
-48.679868
-54.042904
-59.818482
-64.356436
-63.943894
-63.531353
-64.356436
-60.231023
-54.867987
-49.092409
-46.204620
-39.191419
-31.765677
-25.165017
-16.089109
-6.600660
-1.237624
4.950495
8.250825
10.726073
16.914191
14.438944
18.151815
22.689769
26.815182
32.178218
31.765677
31.765677
31.765677
31.765677
25.165017
17.326733
10.313531
2.475248
-7.425743
-14.026403
-22.277228
-23.927393
-27.640264
-33.003300
-30.528053
-34.653465
-39.603960
-46.617162
-47.442244
-40.016502
-40.016502
-40.016502
-34.240924
-30.940594
-25.577558
-15.264026
-8.250825
-3.300330
2.475248
7.838284
8.250825
7.425743
13.201320
16.501650
18.564356
28.052805
32.178218
32.178218
31.353135
36.716172
44.966997
48.679868
47.029703
48.679868
46.204620
52.805281
52.392739
47.442244
47.854785
48.267327
44.141914
44.554455
49.092409
43.316832
38.366337
32.590759
26.815182
23.514851
23.927393
23.514851
14.026403
6.600660
9.075908
4.950495
-0.825083
0.825083
-2.062706
-7.013201
-10.313531
-16.501650
-22.277228
-30.528053
-32.178218
-33.003300
-41.254125
-35.891089
-34.240924
-40.841584
-39.191419
-40.429043
-33.828383
-29.702970
-21.452145
-16.501650
-12.376238
-8.250825
-4.125413
0.825083
4.950495
13.613861
20.627063
25.165017
23.102310
25.577558
18.976898
16.089109
13.201320
7.425743
8.250825
7.838284
7.425743
0.825083
-3.712871
-10.726073
-14.851485
-21.864686
-23.927393
-27.640264
-33.003300
-31.765677
-40.016502
-39.191419
-40.841584
-47.442244
-47.442244
-50.330033
-48.679868
-47.029703
-48.267327
-44.141914
-37.953795
-33.003300
-29.290429
-22.689769
-12.376238
-7.425743
-6.600660
2.062706
8.250825
16.501650
22.277228
28.877888
32.178218
34.240924
41.666667
34.240924
35.066007
41.254125
46.617162
48.267327
41.254125
39.191419
45.379538
44.141914
38.366337
46.617162
47.442244
40.429043
40.016502
34.240924
30.115512
25.577558
19.801980
11.963696
7.425743
6.188119
-0.825083
-5.363036
-11.138614
-17.739274
-25.990099
-32.178218
-31.353135
-36.303630
-40.841584
-39.603960
-40.016502
-40.016502
-35.891089
-30.940594
-33.003300
-30.940594
-26.402640
-19.389439
-16.501650
-13.613861
-7.838284
-4.950495
3.300330
10.313531
18.151815
23.927393
26.815182
33.828383
35.891089
35.891089
40.429043
