-10.600407
27.561058
81.411126
129.324966
192.079376
265.434193
332.852782
397.303256
453.697422
518.571913
599.559023
690.298507
785.702171
889.586160
993.046133
1089.297829
1175.373134
1249.151967
1303.002035
1343.707598
1365.756445
1368.724559
1347.099729
1297.489824
1230.495251
1140.603799
1017.215061
870.929444
716.163501
549.101085
365.926052
163.670285
-57.242198
-278.578697
-499.491180
-731.428087
-939.196065
-1121.523066
-1288.585482
-1441.231343
-1573.524423
-1685.888738
-1763.907734
-1805.461330
-1808.005427
-1777.476255
-1716.417910
-1629.070556
-1529.002714
-1412.398236
-1274.168928
-1108.802578
-932.835821
-744.996608
-549.949118
-359.989824
-177.238806
-4.240163
164.518318
320.132293
471.506106
613.975577
728.035957
816.655360
875.593623
900.186567
894.674355
864.569199
799.694708
705.139077
584.718453
440.976934
284.938942
119.148575
-43.673677
-198.439620
-331.156716
-446.065129
-538.076662
-596.590909
-622.455902
-619.911805
-593.622795
-538.500678
-458.785617
-360.837856
-237.449118
-95.403664
58.090231
214.976255
371.438263
518.995929
658.497286
795.454545
921.811398
1040.959973
1162.652646
1272.048847
1358.124152
1428.510855
1487.873134
1545.963365
1588.789009
1621.438263
1638.398915
1627.798507
1581.580733
1492.113297
1372.540706
1218.198779
1021.455224
792.486431
526.204206
228.120760
-101.339891
-445.217096
-786.126187
-1113.466757
-1412.822252
-1679.104478
-1912.737449
-2110.329037
-2261.278833
-2368.130936
-2414.348711
-2407.988467
-2349.050204
-2241.774084
-2089.976255
-1891.960651
-1670.200136
-1428.086839
-1174.525102
-925.203528
-681.394166
-441.824966
-219.216418
-10.600407
192.927408
368.894166
519.843962
662.737449
793.758480
915.451153
1016.367028
1096.506106
1144.843962
1157.140434
1133.395522
1077.001357
982.445726
848.032564
689.026459
501.611262
291.723202
65.298507
-162.822252
-382.038670
-573.694030
-734.396201
-866.689281
-947.252374
-977.357531
-967.181140
-918.419267
-829.799864
-706.411126
-541.892809
-337.940977
-103.459973
150.525780
412.143826
660.617368
885.345997
1093.113976
1285.193351
1456.495929
1609.141791
1738.466757
1824.118046
1872.879919
1895.352782
1900.016961
1900.864993
1909.769335
1911.889417
1892.384668
1842.350746
1750.763229
1613.381954
1436.567164
1222.438942
971.845319
677.578019
339.213026
-45.793758
-474.898236
-916.723202
-1365.332429
-1785.532564
-2164.603121
-2497.879919
-2775.186567
-2988.466757
-3122.879919
-3178.426052
-3146.624830
-3033.836499
-2848.965400
-2598.795794
-2299.440299
-1974.219810
-1625.678426
-1273.744912
-917.995251
-581.326323
-273.490502
15.264586
268.402307
486.346676
679.274084
843.368385
983.717775
1113.466757
1222.438942
1325.050882
1406.037992
1455.223881
1467.520353
1437.839213
1359.820217
1238.127544
1084.633650
895.522388
678.426052
430.800543
167.062415
-108.124152
-394.759159
-671.641791
-913.331072
-1110.922659
-1259.328358
-1344.131615
-1360.244233
-1319.962687
-1213.534600
-1053.680461
-843.792402
-584.718453
-295.539349
16.960651
341.757123
670.369742
976.509498
1263.992537
1523.490502
1743.130936
1913.161465
2046.726594
2137.466079
2180.715739
2204.884668
2212.516961
2207.004749
2198.948440
2180.291723
2143.826323
2078.951832
1971.251696
1809.701493
1590.061058
1329.291045
1026.543419
672.489824
270.946404
-167.910448
-644.928765
-1149.932157
-1661.719810
-2151.458616
-2608.972185
-3008.395522
-3333.616011
-3581.665536
-3729.647218
-3777.561058
-3733.039349
-3592.265943
-3359.905020
-3043.164858
-2664.094301
-2248.134328
-1799.525102
-1335.651289
-868.385346
-417.656038
0.848033
382.462687
730.580054
1026.119403
1263.144505
1451.407734
1605.325645
1731.682497
1828.782225
1890.264586
1918.249661
1916.129579
1882.208277
1798.677069
1660.447761
1485.329037
1277.137042
1019.759159
718.283582
381.614654
21.624830
-340.061058
-710.651289
-1071.489145
-1398.829715
-1673.592266
-1883.056309
-2033.582090
-2101.848711
-2075.559701
-1962.771370
-1770.267978
-1509.497965
-1173.677069
-774.677748
-343.029172
100.915875
545.708955
980.325645
1397.557666
1775.356174
2098.456581
2367.282904
2585.227273
2740.841248
2832.852782
2877.798507
2887.126866
2881.614654
2857.445726
2800.203528
2723.032564
2617.452510
2475.831072
2284.599729
2036.974220
1747.371099
1421.726594
1037.567843
587.262551
89.043419
-452.849389
-1027.391452
-1620.590231
-2216.757123
-2781.546811
-3281.462008
-3720.742877
-4090.485075
-4350.831072
-4483.124152
-4494.572592
-4386.448440
-4165.959973
-3837.347354
-3410.362958
-2912.991859
-2376.611262
-1818.605834
-1251.696065
-684.362280
-150.101764
328.612619
756.445047
1126.187246
1424.694708
1660.447761
1847.014925
1996.268657
2126.865672
2229.053596
2281.207598
2299.864315
2290.959973
2228.205563
2108.208955
1946.658752
1733.802578
1463.704206
1138.907734
756.869064
336.244912
-106.004071
-556.309362
-1012.974898
-1447.591588
-1832.598372
-2159.938942
-2415.196744
-2589.043419
-2656.037992
-2610.244233
-2446.997965
-2183.259837
-1834.718453
-1392.045455
-885.345997
-343.877205
216.248304
771.709634
1300.033921
1788.076662
2207.428765
2551.305970
2812.075984
2993.978969
3095.318860
3120.335821
3097.862958
3049.949118
2991.434871
2923.592266
2849.813433
2774.338535
2693.351425
2582.259159
2418.588874
2205.732700
1939.450475
1607.445726
1202.086160
723.795794
175.118725
-424.864315
-1063.432836
-1728.714383
-2394.843962
-3027.900271
-3604.562415
-4096.421303
-4485.668250
-4746.438263
-4868.978969
-4856.682497
-4718.029172
-4449.626866
-4064.620081
-3571.913161
-3002.883311
-2378.307327
-1730.834464
-1079.969471
-451.153324
116.180461
627.120081
1065.976934
1432.751018
1716.841927
1917.825645
2059.447083
2167.147218
2243.470149
2290.111940
2322.761194
2333.361601
2314.280868
2257.886703
2147.218453
1979.308005
1754.579376
1489.145183
1159.684532
761.109227
317.164179
-165.790366
-670.369742
-1185.973541
-1691.400950
-2145.946404
-2529.257123
-2822.676391
-3014.755767
-3090.230665
-3030.444369
-2841.333107
-2539.009498
-2123.897558
-1615.502035
-1029.087517
-399.847354
239.993216
873.897558
1468.368385
2003.900950
2460.566486
2820.556309
3081.750339
3253.476934
3335.312076
3341.248304
3298.846676
3230.580054
3150.864993
3069.453867
2993.554953
2918.080054
2842.605156
2738.297151
2576.322931
2357.530529
2077.255767
1730.410448
1306.394166
797.150611
214.128223
-429.104478
-1116.858887
-1835.566486
-2554.698100
-3228.883989
-3831.835142
-4341.078697
-4749.830393
-5031.801221
-5155.189959
-5125.932836
-4957.598372
-4647.218453
-4202.849389
-3651.204206
-3021.964043
-2347.354138
-1648.151289
-947.676391
-271.794437
342.605156
878.985753
1336.499322
1707.089552
1978.883989
2165.875170
2291.383989
2372.795115
2422.829037
2444.029851
2432.581411
2404.172320
2348.202171
2255.342605
2115.841248
1922.489824
1686.312754
1395.013569
1036.719810
612.703528
146.709634
-343.029172
-856.088874
-1382.293080
-1890.688602
-2343.537992
-2724.304613
-3016.451832
-3208.107191
-3270.013569
-3187.754410
-2968.962008
-2622.540706
-2157.818860
-1590.061058
-937.924016
-253.561737
434.616689
1110.498643
1750.763229
2322.337178
2790.451153
3152.137042
3411.210991
3564.704885
3620.675034
3596.930122
3516.367028
3417.571235
3305.630936
3185.210312
3067.333786
2952.001357
2841.333107
2705.647897
2518.232700
2271.455224
1973.795794
1598.965400
1135.939620
589.382632
-20.776798
-678.002035
-1388.229308
-2121.353460
-2845.573270
-3521.455224
-4129.918589
-4653.154681
-5058.090231
-5309.955902
-5392.639077
-5314.620081
-5096.675712
-4736.261872
-4236.770692
-3621.947083
-2936.736771
-2202.764586
-1439.959294
-683.514247
22.048847
655.953189
1211.838535
1666.808005
2030.613976
2288.839891
2455.902307
2553.850068
2600.915875
2615.756445
2592.011533
2534.769335
2466.078697
2371.947083
2240.926052
2054.358887
1823.270014
1542.571235
1201.238128
799.270692
334.972863
-161.550204
-680.970149
-1212.262551
-1751.187246
-2260.006784
-2718.368385
-3088.534600
-3351.424695
-3502.374491
-3495.590231
-3331.071913
-3025.356174
-2586.923338
-2044.606513
-1397.557666
-680.546133
60.634328
804.782904
1520.098372
2176.475577
2740.841248
3186.482361
3512.550882
3727.103121
3832.683175
3844.131615
3765.688602
3640.603799
3494.318182
3338.280190
3188.178426
3048.253053
2924.864315
2803.595658
2651.373813
2452.510176
2194.708277
1869.487788
1467.944369
981.597693
412.143826
-231.088874
-932.411805
-1685.040706
-2455.902307
-3215.739484
-3917.062415
-4537.398236
-5053.850068
-5424.440299
-5628.392130
-5656.377205
-5513.483718
-5215.400271
-4768.911126
-4185.040706
-3489.229986
-2718.368385
-1912.313433
-1090.569878
-297.659430
433.768657
1069.793080
1608.293758
2047.998643
2379.579376
2596.675712
2708.616011
2755.681818
2742.961330
2691.655360
2616.604478
2525.016961
2418.164858
2299.016282
2145.946404
1941.146540
1694.369064
1406.886024
1062.160787
648.320896
185.295115
-322.676391
-864.569199
-1418.758480
-1974.219810
-2493.639756
-2940.552917
-3296.726594
-3540.111940
-3644.843962
-3602.866350
-3407.818860
-3067.333786
-2594.131615
-1992.876526
-1299.609905
-530.868385
263.738128
1047.744233
1794.860923
2468.198779
3038.500678
3484.141791
3808.514247
4000.593623
4069.708277
4036.210991
3899.253731
3705.478290
3487.957938
3267.893487
3057.581411
2871.438263
2716.672320
2572.082768
2415.196744
2224.813433
1999.236771
1718.537992
1371.692673
933.683853
408.751696
-197.167571
-881.953867
-1626.950475
-2387.211669
-3137.720488
-3851.763908
-4481.852103
-5007.208277
-5399.847354
-5627.968114
-5671.641791
-5544.436906
-5237.873134
-4775.271370
-4175.712347
-3446.404342
-2651.373813
-1812.245590
-957.004749
-138.229308
607.191316
1266.112619
1817.333786
2251.102442
2562.330393
2742.113297
2810.803935
2797.235414
2723.880597
2618.300543
2487.279512
2352.442334
2218.029172
2075.135685
1926.305970
1755.851425
1551.899593
1304.698100
1006.614654
644.504749
209.888060
-288.331072
-834.040027
-1415.790366
-2007.717096
-2572.930801
-3078.782225
-3498.982361
-3800.881954
-3961.584125
-3956.919946
-3775.864993
-3415.451153
-2900.695387
-2248.558345
-1472.184532
-622.879919
254.833786
1124.067164
1954.291045
2695.895522
3312.839213
3788.585482
4122.710312
4309.277476
4347.862958
4262.635685
4079.884668
3835.651289
3565.552917
3293.758480
3049.525102
2844.725237
2676.390773
2547.913840
2431.309362
2309.192673
2151.034600
1944.962687
1664.687924
1283.921303
802.238806
214.976255
-469.810041
-1250.848033
-2084.040027
-2925.288331
-3739.823609
-4498.388738
-5152.221845
-5650.440977
-5971.421303
-6097.778155
-6023.575305
-5751.356852
-5288.755088
-4656.122795
-3884.413161
-3021.116011
-2098.032564
-1156.716418
-254.409769
568.181818
1276.713026
1863.127544
2315.552917
2629.324966
2799.355495
2848.965400
2808.683853
2704.799864
2566.146540
2401.204206
2242.198100
2103.544776
1976.339891
1848.286974
1713.449796
1562.075984
1387.381275
1161.804613
863.721167
499.491180
60.634328
-443.097015
-1007.038670
-1613.381954
-2218.453189
-2779.002714
-3281.037992
-3675.797151
-3923.422659
-4007.801900
-3912.822252
-3643.147897
-3201.322931
-2597.523745
-1852.103121
-1006.190638
-103.035957
809.871099
1708.361601
2528.833107
3228.035957
3775.016961
4171.896201
4407.649254
4476.339891
4403.409091
4204.545455
3930.630936
3616.858887
3288.246269
2969.810041
2698.863636
2488.551560
2327.425373
2198.100407
2098.032564
2000.084803
1867.791723
1680.376526
1408.582090
1041.383989
577.086160
-2.120081
-703.443012
-1495.505427
-2330.817503
-3165.281547
-3970.912483
-4704.460651
-5307.411805
-5742.452510
-5992.198100
-6040.535957
-5881.953867
-5510.939620
-4938.517639
-4210.905699
-3370.505427
-2446.573948
-1482.360923
-524.932157
352.781547
1112.618725
1752.035278
2257.886703
2606.004071
2795.539349
2851.085482
2799.355495
2664.518318
2477.951153
2260.430801
2051.390773
1865.671642
1701.153324
1556.563772
1420.878562
1304.698100
1192.757802
1041.808005
825.135685
552.493216
214.128223
-200.983718
-695.386703
-1246.607870
-1814.365672
-2377.459294
-2905.783582
-3359.905020
-3694.029851
-3874.236771
-3882.293080
-3721.590909
-3382.801900
-2858.717775
-2163.755088
-1350.067843
-454.545455
477.018318
1407.310041
2285.447761
3049.949118
3667.740841
4134.158752
4430.546133
4548.422659
4496.268657
4305.037313
4026.034600
3685.125509
3313.263229
2939.704885
2605.580054
2343.537992
2156.122795
2023.405699
1938.178426
1889.416554
1838.110583
1743.130936
1576.492537
1322.082768
964.637042
486.346676
-137.381275
-872.201493
-1679.104478
-2522.472863
-3363.721167
-4178.256445
-4906.292402
-5484.650611
-5876.441655
-6073.609227
-6052.832429
-5793.334464
-5319.708277
-4661.635007
-3860.244233
-2953.697422
-1985.244233
-1006.190638
-73.778833
756.445047
1456.495929
2028.917910
2441.061737
2678.934871
2763.738128
2726.848711
2600.067843
2405.444369
2171.811398
1942.418589
1750.763229
1585.820896
1450.983718
1350.067843
1289.857531
1242.367707
1167.316825
1031.631615
832.767978
559.277476
193.775441
-260.770014
-800.966757
-1388.229308
-1986.092266
-2584.803256
-3136.872456
-3585.057666
-3883.141113
-4003.561737
-3937.839213
-3688.093623
-3222.947761
-2560.634328
-1757.123474
-854.392809
110.668250
1085.905699
2012.381275
2847.693351
3543.504071
4079.036635
4436.058345
4608.632972
4601.848711
4436.058345
4155.359566
3811.906377
3420.963365
3029.172320
2676.390773
2385.515604
2178.595658
2034.006106
1955.139077
1924.609905
1898.744912
1829.630258
1698.609227
1481.936906
1155.444369
703.867028
108.548168
-622.031886
-1440.383311
-2313.008820
-3197.930801
-4066.740163
-4860.498643
-5510.939620
-5973.117368
-6219.470828
-6238.975577
-6015.518996
-5549.949118
-4886.787653
-4062.075984
-3125.000000
-2112.449118
-1076.577341
-92.859566
797.998643
1546.811398
2150.610583
2593.707598
2852.357531
2938.008820
2885.430801
2718.792402
2473.286974
2193.012212
1912.313433
1669.776119
1468.792402
1302.154003
1179.189281
1102.442334
1050.712347
989.654003
886.194030
717.011533
477.442334
147.133650
-281.122795
-792.910448
-1368.724559
-1972.099729
-2576.746947
-3136.448440
-3606.258480
-3926.390773
-4063.348033
-4018.826323
-3771.624830
-3318.351425
-2664.518318
-1844.470828
-912.483039
83.107191
1085.057666
2049.694708
2922.744233
3655.020353
4227.866350
4618.385346
4812.160787
4823.185210
4657.394844
4360.583446
3990.417232
3569.369064
3136.872456
2736.177069
2400.356174
2149.762551
1984.820217
1888.992537
1843.198779
1820.301900
1769.843962
1669.776119
1491.265265
1192.333786
778.493894
217.944369
-501.187246
-1324.202849
-2208.700814
-3115.247626
-3999.745590
-4821.489145
-5506.275441
-6001.526459
-6279.681140
-6321.658752
-6111.346676
-5661.465400
-4994.063772
-4164.263908
-3223.371777
-2197.676391
-1142.299864
-136.109227
775.949796
1543.843284
2153.578697
2608.972185
2869.742198
2958.361601
2900.271370
2716.672320
2464.382632
2171.387381
1869.911805
1618.894166
1420.030529
1259.328358
1154.596336
1084.209634
1049.016282
1024.847354
935.803935
775.525780
535.108548
198.439620
-242.537313
-776.797829
-1391.621438
-2026.797829
-2657.734057
-3249.660787
-3730.495251
-4059.107870
-4194.793080
-4122.710312
-3846.675712
-3367.113297
-2667.486431
-1795.284939
-820.895522
213.280190
1240.247626
2220.573270
3105.495251
3828.867028
4380.936228
4756.614654
4928.765265
4901.204206
4698.100407
4362.279512
3967.096336
3534.599729
3085.566486
2677.238806
2343.113976
2112.449118
1983.548168
1907.225237
1888.144505
1899.592944
1873.727951
1777.900271
1584.124830
1263.992537
817.079376
212.432157
-568.605834
-1453.527815
-2388.907734
-3338.280190
-4254.155360
-5093.283582
-5782.734057
-6252.968114
-6493.385346
-6487.025102
-6209.294437
-5693.690638
-4956.326323
-4052.323609
-3060.125509
-2000.508820
-920.963365
91.163501
983.717775
1713.449796
2275.271370
2678.086839
2887.974898
2912.567843
2804.443691
2591.587517
2311.736771
2003.052917
1704.121438
1470.064450
1308.090231
1193.605834
1123.219132
1100.322252
1102.866350
1104.986431
1047.744233
887.890095
641.112619
292.147218
-175.542741
-740.332429
-1381.445047
-2052.662822
-2710.312076
-3326.407734
-3836.499322
-4171.048168
-4301.645183
-4213.873813
-3915.790366
-3413.331072
-2687.415197
-1783.836499
-774.677748
284.090909
1340.315468
2341.841927
3240.332429
3962.856174
4501.356852
4857.954545
5000.000000
4938.093623
4700.220488
4322.845997
3883.565129
3420.539349
2949.033243
2530.529172
2196.828358
1971.251696
1866.943691
1830.478290
1849.135007
1917.401628
1945.810719
1894.928765
1745.251018
1461.160109
1035.871777
434.616689
-345.573270
-1244.063772
-2216.757123
-3203.018996
-4153.239484
-5033.073270
-5758.989145
-6268.232700
-6542.995251
-6555.715739
-6291.553596
-5778.069878
-5044.097693
-4139.246947
-3138.992537
-2066.231343
-976.509498
44.097693
943.012212
1674.864315
2223.117368
2603.459973
2796.811398
2803.595658
2684.023066
2454.630258
2158.666893
1856.767300
1572.252374
1352.611940
1218.622795
1150.780190
1130.003392
1153.748304
1208.870421
1256.360244
1250.848033
1135.939620
909.090909
565.213704
96.675712
-488.890773
-1173.677069
-1893.656716
-2602.611940
-3274.253731
-3830.563094
-4209.633650
-4380.936228
-4305.461330
-4006.105834
-3492.198100
-2754.833786
-1832.174355
-801.814790
285.362958
1353.883989
2352.866350
3238.636364
3943.775441
4453.443012
4765.943012
4863.466757
4766.367028
4498.388738
4097.693351
3652.052239
3193.266621
2750.593623
2364.738806
2073.439620
1895.776798
1832.174355
1847.438942
1915.281547
2001.780868
2042.910448
2009.413161
1860.583446
1558.683853
1116.434871
503.731343
-304.019674
-1229.223202
-2229.901628
-3245.420624
-4212.601764
-5098.795794
-5828.951832
-6322.930801
-6573.524423
-6553.595658
-6255.936228
-5705.563094
-4923.677069
-3978.120760
-2951.577341
-1874.151967
-791.214383
204.375848
1077.849389
1760.091588
2243.894166
2565.298507
2706.919946
2665.790366
2506.360244
2253.646540
1964.467436
1671.472185
1399.677748
1219.046811
1126.187246
1089.721845
1106.258480
1159.684532
1213.958616
1282.225237
1264.416554
1113.042741
856.512890
470.234057
-33.073270
-640.264586
-1340.739484
-2061.991180
-2743.809362
-3377.289688
-3873.812754
-4183.768657
-4268.147897
-4097.693351
-3710.566486
-3113.127544
-2304.104478
-1341.163501
-292.995251
782.310041
1805.037313
2734.905020
3535.447761
4133.310719
4539.942334
4762.974898
4774.847354
4619.233379
4309.701493
3890.349389
3457.852782
3031.292402
2628.476934
2294.776119
2046.302578
1916.553596
1898.744912
1927.154003
1982.700136
2047.150611
2033.582090
1914.857531
1671.048168
1269.928765
729.732022
18.656716
-868.385346
-1846.590909
-2858.717775
-3844.131615
-4744.742198
-5544.436906
-6146.964043
-6484.905020
-6575.220488
-6388.229308
-5931.139756
-5248.049525
-4365.671642
-3362.873134
-2316.824966
-1245.759837
-212.856174
699.202849
1462.432157
2021.709634
2398.236092
2630.597015
2675.966757
2573.778833
2383.395522
2111.601085
1833.022388
1576.916554
1350.915875
1224.983039
1188.941655
1189.365672
1240.247626
1308.090231
1369.148575
1399.253731
1309.362280
1084.633650
744.148575
259.497965
-345.149254
-1039.687924
-1808.005427
-2556.818182
-3250.508820
-3853.883989
-4274.932157
-4479.308005
-4434.786296
-4127.798507
-3601.594301
-2865.078019
-1932.242198
-883.225916
214.552239
1307.666214
2304.952510
3183.514247
3895.861601
4383.056309
4675.627544
4779.935550
4677.747626
4414.433514
4020.098372
3560.464722
3113.551560
2690.383311
2324.881275
2055.630936
1900.864993
1863.551560
1933.090231
2043.334464
2183.259837
2293.080054
2285.871777
2154.426730
1867.791723
1397.981682
765.773406
-56.394166
-1044.776119
-2102.272727
-3180.970149
-4209.633650
-5131.445047
-5900.186567
-6430.630936
-6676.984396
-6655.783582
-6345.403664
-5768.741520
-4974.135007
-4001.865672
-2949.457259
-1875.848033
-804.358887
176.390773
1007.886703
1668.504071
2116.265265
2382.971506
2480.919267
2412.228630
2228.629579
1978.883989
1688.008820
1414.094301
1188.941655
1042.656038
1016.791045
1068.521031
1171.981004
1319.538670
1472.184532
1587.516961
1632.462687
1531.122795
1278.833107
877.713704
315.892130
-378.222524
-1159.260516
-1981.852103
-2778.154681
-3499.406377
-4089.637042
-4463.619403
-4584.040027
-4445.386703
-4040.027137
-3404.426730
-2546.217775
-1523.490502
-424.440299
703.018996
1785.532564
2748.473541
3561.312754
4168.928087
4551.814790
4741.350068
4719.301221
4511.533243
4166.383989
3720.318860
3253.052917
2815.892130
2422.405020
2130.257802
1960.227273
1902.985075
1964.043419
2100.576662
2272.727273
2453.782225
2544.097693
2502.968114
2310.040706
1932.242198
1363.212347
599.983039
-368.046133
-1464.128223
-2599.219810
-3740.247626
-4795.624152
-5703.867028
-6403.493894
-6820.301900
-6944.114654
-6766.875848
-6286.889417
-5546.132972
-4608.632972
-3534.599729
-2418.164858
-1303.850068
-245.081411
667.825645
1414.518318
1955.987110
2279.935550
2429.613297
2406.716418
2235.837856
2005.172999
1727.018318
1441.231343
1220.318860
1060.464722
1014.246947
1087.177748
1215.230665
1394.165536
1604.053596
1780.444369
1892.384668
1888.568521
1710.481682
1374.236771
862.449118
174.270692
-633.904342
-1522.218453
-2420.708955
-3261.109227
-4013.738128
-4577.679783
-4871.523066
-4905.020353
-4651.458616
-4114.654003
-3345.488467
-2351.594301
-1226.679104
-63.602442
1106.258480
2182.411805
3106.343284
3846.675712
4355.495251
4637.890095
4718.877205
4588.280190
4289.772727
3878.900950
3396.370421
2933.768657
2510.600407
2163.331072
1950.474898
1860.583446
1883.480326
2032.734057
2240.926052
2468.198779
2686.991180
2777.730665
2713.280190
2488.127544
2049.270692
1403.493894
559.277476
-491.010855
-1643.063094
-2823.948440
-4001.017639
-5045.369742
-5916.299186
-6566.316147
-6897.472863
-6929.274084
-6656.207598
-6064.704885
-5245.081411
-4243.130936
-3127.968114
-2007.293080
-910.786974
100.915875
929.019674
1581.580733
2023.405699
2229.901628
2282.903664
2166.723202
1920.369742
1647.727273
1342.011533
1053.680461
854.392809
747.116689
772.557666
931.139756
1135.091588
1387.381275
1662.143826
1871.183853
2007.293080
1992.028494
1774.084125
1386.533243
803.086839
42.401628
-822.591588
-1758.395522
-2689.959294
-3528.663501
-4243.130936
-4738.805970
-4935.973541
-4848.202171
-4456.835142
-3793.673677
-2909.175712
-1819.877883
-629.664179
558.005427
1710.057666
2730.240841
3557.496608
4184.192673
4555.630936
4689.196065
4629.833786
4376.696065
3980.664858
3502.374491
2981.682497
2515.688602
2142.554274
1855.495251
1724.898236
1735.498643
1858.039349
2102.272727
2378.307327
2647.133650
2876.526459
2945.217096
2823.948440
2517.384668
1969.555631
1223.286974
274.338535
-878.985753
-2098.456581
-3314.535278
-4463.619403
-5452.001357
-6242.367707
-6768.147897
-6941.994573
-6810.973541
-6376.356852
-5636.448440
-4700.644505
-3611.770692
-2455.478290
-1358.124152
-315.468114
598.286974
1297.489824
1797.829037
2071.319539
2131.105834
2056.902985
1838.958616
1535.786974
1237.279512
949.372456
730.156038
625.848033
619.487788
762.381275
1032.479647
1326.746947
1648.575305
1948.778833
2160.362958
2265.518996
2179.867707
1867.367707
1378.476934
673.761872
-189.111262
-1131.699457
-2140.010176
-3097.438942
-3923.422659
-4596.336499
-5007.208277
-5102.611940
-4894.419946
-4367.791723
-3582.089552
-2599.643826
-1432.327001
-205.223881
987.957938
2110.329037
3045.708955
3780.953189
4294.012890
4523.405699
4534.854138
4371.183853
4029.426730
3587.601764
3082.598372
2573.778833
2164.603121
1867.791723
1682.072592
1665.535957
1782.564450
2011.109227
2343.962008
2678.510855
2985.074627
3205.987110
3227.187924
3048.253053
2642.469471
1982.700136
1133.819539
76.322931
-1170.708955
-2457.174355
-3717.350746
-4868.554953
-5814.111262
-6539.603121
-6964.891452
-7017.893487
-6757.547490
-6183.853460
-5330.308684
-4305.885346
-3155.105156
-1986.516282
-909.938942
66.146540
884.073948
1477.272727
1865.671642
2008.141113
1958.531208
1801.645183
1520.522388
1190.213704
892.130258
636.024423
492.706920
465.993894
551.221167
803.934871
1169.012890
1555.715739
1946.234735
2271.031208
2489.823609
2581.835142
2443.181818
2055.630936
1457.343962
643.232700
-325.220488
-1378.900950
-2478.375170
-3492.198100
-4339.806649
-5001.272049
-5368.046133
-5392.215061
-5082.683175
-4430.546133
-3527.391452
-2433.429444
-1168.164858
137.805292
1373.812754
2488.551560
3389.162144
4059.107870
4488.636364
4620.929444
4522.133650
4250.763229
3825.050882
3315.383311
2764.162144
2240.926052
1844.894844
1582.852782
1470.488467
1532.818860
1733.378562
2059.871099
2477.951153
2875.678426
3229.308005
3483.717775
3524.423338
3332.767978
2876.950475
2164.179104
1248.727951
125.508820
-1185.125509
-2541.553596
-3859.820217
-5044.521710
-5992.198100
-6706.241520
-7094.216418
-7093.792402
-6772.388060
-6128.307327
-5210.312076
-4131.614654
-2938.856852
-1743.130936
-670.793758
267.554274
1029.511533
1550.203528
1845.742877
1900.016961
1766.875848
1529.002714
1188.941655
820.471506
513.483718
279.002714
183.599050
237.873134
411.295794
752.204885
1216.502714
1707.937585
2173.931479
2545.793758
2778.578697
2856.597693
2698.863636
2270.607191
1620.590231
749.236771
-273.490502
-1369.996608
-2498.303935
-3533.327680
-4390.264586
-5032.225237
-5380.766621
-5382.462687
-5041.553596
-4370.335821
-3440.468114
-2336.329715
-1100.746269
168.758480
1359.396201
2411.380597
3258.141113
3876.780868
4251.611262
4356.343284
4229.986431
3936.567164
3523.999322
3042.740841
2540.281547
2057.327001
1693.097015
1494.233379
1441.231343
1549.355495
1799.525102
2162.907056
2607.276119
3043.164858
3409.938942
3676.221167
3752.968114
3579.969471
3153.409091
2464.382632
1556.987788
472.354138
-797.998643
-2152.730665
-3471.421303
-4676.051560
-5661.465400
-6388.229308
-6821.997965
-6888.568521
-6602.357531
-6019.759159
-5178.086839
-4171.048168
-3066.909769
-1931.818182
-911.210991
-48.761872
655.105156
1138.483718
1409.006106
1459.040027
1310.210312
1065.128901
764.501357
445.641113
176.814790
16.960651
-12.720488
118.300543
383.310719
766.197422
1284.345319
1846.166893
2364.738806
2782.394844
3032.564450
3122.031886
3004.579376
2599.219810
1945.386703
1074.881275
39.433514
-1085.057666
-2237.109905
-3334.888060
-4248.643148
-4932.581411
-5344.301221
-5418.080054
-5149.253731
-4542.910448
-3657.140434
-2598.371777
-1427.238806
-192.503392
987.109905
2034.006106
2890.518996
3508.734735
3904.341927
4054.867707
3952.255767
3689.365672
3317.927408
2876.950475
2432.581411
2001.780868
1657.055631
1490.417232
1475.152646
1595.997286
1866.095658
2231.597693
2673.846676
3142.808684
3528.239484
3811.058345
3948.015604
3845.403664
3489.229986
2876.102442
2010.261194
976.085482
-212.856174
-1542.995251
-2871.862280
-4101.509498
-5146.285617
-5920.539349
-6437.415197
-6632.462687
-6461.160109
-6003.646540
-5288.755088
-4380.512212
-3387.466079
-2333.785617
-1335.651289
-509.243555
168.334464
662.737449
951.068521
1054.952510
960.396879
725.067843
477.018318
206.495929
-27.985075
-146.709634
-161.126187
-12.296472
283.242877
672.489824
1176.645183
1756.275441
2312.584803
2785.362958
3098.710991
3228.035957
3181.394166
2865.502035
2271.455224
1465.400271
467.265943
-643.232700
-1780.020353
-2907.055631
-3888.229308
-4624.321574
-5116.604478
-5301.899593
-5152.221845
-4679.867707
-3897.557666
-2906.631615
-1805.885346
-626.696065
537.652646
1592.605156
2488.975577
3150.440977
3581.241520
3804.698100
3783.921303
3576.577341
3256.021031
2857.445726
2456.750339
2084.040027
1754.579376
1569.284261
1539.179104
1634.582768
1867.791723
2193.860244
2592.859566
3042.316825
3439.196065
3725.407056
3895.861601
3867.028494
3618.554953
3116.519674
2335.481682
1380.172999
300.203528
-919.267300
-2189.196065
-3412.059023
-4498.812754
-5340.909091
-5931.987788
-6263.144505
-6268.232700
-5959.548847
-5388.398915
-4606.936906
-3717.774763
-2756.529851
-1787.228630
-943.436228
-256.105834
258.225916
585.142469
749.236771
732.276119
558.429444
324.372456
103.035957
-97.947761
-215.824288
-234.481004
-117.452510
174.270692
562.669607
1036.295794
1586.244912
2138.738128
2631.021031
3002.883311
3177.578019
3162.313433
2935.040706
2446.573948
1723.626187
804.782904
-236.601085
-1323.354817
-2410.108548
-3412.907056
-4217.689959
-4773.999322
-5050.881954
-5031.801221
-4715.909091
-4097.269335
-3234.820217
-2232.445726
-1144.843962
-46.217775
984.141791
1889.840570
2605.156038
3104.223202
3400.610583
3503.646540
3423.507463
3204.715061
2902.815468
2577.594980
2266.367028
1995.420624
1807.581411
1725.322252
1765.179783
1926.305970
2177.323609
2480.495251
2826.916554
3169.521710
3442.588195
3616.010855
3641.027815
3492.198100
3148.744912
2584.803256
1819.453867
897.642469
-129.748982
-1211.838535
-2320.641113
-3378.561737
-4270.691995
-4958.446404
-5413.415875
-5622.031886
-5572.421981
-5264.162144
-4734.565807
-4049.355495
-3293.758480
-2502.544098
-1734.226594
-1051.136364
-518.571913
-146.709634
89.891452
200.559701
188.687246
71.658752
-88.195387
-213.704206
-278.154681
-270.098372
-172.998643
39.857531
387.550882
818.351425
1294.521710
1792.740841
2274.847354
2681.902985
2953.273406
3035.532564
2936.312754
2656.462008
2157.818860
1452.679783
593.622795
-351.509498
-1319.538670
-2262.550882
-3117.791723
-3799.185889
-4258.819539
-4472.523745
-4436.482361
-4140.094980
-3607.106513
-2880.766621
-2027.645862
-1113.466757
-202.255767
656.377205
1417.062415
2029.765943
2466.926730
2744.233379
2867.622117
2851.509498
2732.784939
2544.521710
2338.449796
2138.738128
1961.923338
1848.286974
1816.061737
1860.159430
1984.396201
2170.539349
2393.571913
2647.981682
2896.031208
3102.951153
3241.604478
3268.741520
3167.825645
2927.408412
2528.833107
1979.732022
1290.705563
480.410448
-386.278833
-1271.200814
-2156.546811
-2963.449796
-3643.995929
-4166.808005
-4493.300543
-4646.370421
-4612.873134
-4381.360244
-4003.985753
-3523.999322
-2991.858887
-2452.510176
-1914.857531
-1430.630936
-1064.280868
-788.670285
-594.046811
-483.802578
-435.464722
-442.672999
-466.841927
-435.464722
-355.325645
-237.449118
-41.129579
241.689281
610.159430
1030.783582
1446.743555
1861.007463
2248.134328
2543.673677
2722.184532
2738.297151
2586.923338
2291.383989
1808.429444
1148.236092
387.974898
-425.712347
-1256.784261
-2053.934871
-2774.762551
-3347.184532
-3708.870421
-3880.597015
-3849.643826
-3602.442334
-3161.889417
-2547.913840
-1843.198779
-1096.082090
-320.980326
430.376526
1090.569878
1635.430801
2050.542741
2346.930122
2541.129579
2603.883989
2578.018996
2511.024423
2408.836499
2294.352103
2197.252374
2116.265265
2092.520353
2118.385346
2167.995251
2268.487110
2402.052239
2545.793758
2686.567164
2791.723202
2848.965400
2847.693351
2736.177069
2513.568521
2183.683853
1729.986431
1164.348711
505.427408
-226.424695
-965.485075
-1707.513569
-2438.941655
-3089.382632
-3617.282904
-3989.569199
-4200.729308
-4280.444369
-4201.153324
-3953.951832
-3599.898236
-3175.033921
-2718.792402
-2254.070556
-1791.468792
-1388.653324
-1077.849389
-827.679783
-635.176391
-496.099050
-396.455224
-345.997286
-288.331072
-186.143148
-66.146540
105.156038
333.700814
618.639756
954.884668
1305.970149
1626.526459
1951.322931
2229.053596
2391.451832
2429.613297
2327.425373
2087.432157
1719.810041
1201.238128
563.093623
-134.837178
-869.657395
-1588.789009
-2258.734735
-2834.124830
-3242.876526
-3485.837856
-3560.464722
-3432.835821
-3116.519674
-2636.957259
-2031.886024
-1364.484396
-656.801221
66.146540
732.276119
1308.514247
1787.228630
2146.794437
2408.836499
2554.274084
2575.898915
2532.649254
2456.750339
2337.601764
2214.213026
2104.392809
2019.165536
1992.452510
1996.692673
2034.854138
2112.025102
2215.485075
2332.089552
2427.917232
2496.607870
2532.649254
2509.328358
2396.116011
2192.588195
1905.529172
1517.978290
1036.295794
453.273406
-187.839213
-845.064450
-1519.674355
-2184.531886
-2773.490502
-3263.653324
-3616.434871
-3836.923338
-3941.655360
-3883.565129
-3683.853460
-3392.130258
-3024.932157
-2618.300543
-2189.196065
-1766.875848
-1410.702171
-1130.003392
-895.522388
-720.827680
-620.759837
-574.118046
-557.157395
-511.787653
-418.928087
-306.563772
-155.189959
77.170963
380.766621
739.484396
1103.290366
1449.711669
1794.860923
2083.616011
2267.639077
2330.393487
2260.430801
2067.079376
1729.138399
1216.926730
598.286974
-69.962687
-774.677748
-1474.728630
-2134.497965
-2690.807327
-3066.909769
-3277.221845
-3328.951832
-3181.394166
-2836.244912
-2325.729308
-1706.241520
-1043.504071
-337.092944
383.310719
1026.543419
1550.203528
1961.075305
2256.190638
2442.757802
2486.855495
2421.981004
2309.616689
2174.779512
2027.221845
1876.272049
1758.395522
1708.785617
1728.714383
1771.964043
1853.799186
1984.820217
2145.522388
2309.192673
2433.853460
2511.024423
2558.514247
2533.073270
2385.091588
2140.434193
1811.397558
1385.261194
864.993216
244.657395
-418.928087
-1051.984396
-1678.256445
-2296.048168
-2824.796472
-3244.572592
-3500.254410
-3629.579376
-3668.164858
-3557.496608
-3316.655360
-2996.947083
-2638.653324
-2289.687924
-1935.210312
-1579.884668
-1312.754410
-1132.547490
-1002.374491
-901.882632
-829.799864
-798.422659
-791.638399
-725.915875
-587.262551
-414.263908
-204.375848
72.930801
429.952510
833.616011
1218.622795
1559.955902
1894.928765
2170.539349
2321.065129
2326.153324
2190.892130
1958.531208
1609.565807
1104.562415
497.371099
-143.741520
-777.221845
-1401.797829
-1990.332429
-2471.590909
-2785.362958
-2935.888738
-2952.425373
-2814.620081
-2508.480326
-2045.878562
-1489.145183
-910.362958
-321.404342
283.666893
842.520353
1287.737449
1618.046133
1853.375170
2025.101764
2091.248304
2046.302578
1949.202849
1851.679104
1768.147897
1668.080054
1567.588195
1511.618046
1546.387381
1616.774084
1675.288331
1755.003392
1872.879919
2014.925373
2121.353460
2161.210991
2195.132293
2211.244912
2164.179104
2025.949796
1802.069199
1551.475577
1259.752374
867.113297
378.646540
-126.356852
-620.335821
-1107.530529
-1615.502035
-2099.304613
-2480.071235
-2738.721167
-2920.200136
-3039.772727
-3052.493216
-2929.952510
-2721.760516
-2506.360244
-2297.744233
-2059.447083
-1810.549525
-1604.477612
-1489.569199
-1442.079376
-1385.685210
-1333.955224
-1323.354817
-1325.898915
-1267.384668
-1124.067164
-898.914518
-650.864993
-345.573270
66.146540
531.292402
996.862280
1403.069878
1766.027815
2111.177069
2362.194708
2441.485753
2373.643148
2195.132293
1905.529172
1479.816825
920.539349
306.563772
-288.331072
-869.657395
-1431.478969
-1921.641791
-2270.183175
-2430.461330
-2448.694030
-2366.010855
-2137.466079
-1758.819539
-1281.377205
-772.557666
-288.331072
185.719132
637.296472
993.894166
1219.046811
1342.011533
1410.702171
1436.143148
1387.805292
1273.744912
1192.757802
1179.189281
1195.725916
1224.983039
1289.009498
1422.574627
1610.837856
1779.596336
1906.801221
2034.006106
2154.002714
2242.622117
2246.438263
2172.659430
2101.000678
2017.893487
1858.887381
1635.006784
1376.356852
1130.851425
886.194030
566.485753
196.743555
-148.405699
-468.537992
-809.871099
-1186.397558
-1557.411805
-1838.958616
-2045.878562
-2251.950475
-2445.301900
-2560.210312
-2580.987110
-2541.977612
-2507.632293
-2496.607870
-2414.348711
-2287.991859
-2177.747626
-2096.760516
-2019.165536
-1884.328358
-1708.785617
-1564.620081
-1414.518318
-1205.902307
-926.051560
-595.318860
-278.154681
39.857531
415.959973
816.231343
1183.429444
1495.929444
1756.699457
1974.643826
2120.081411
2147.218453
2056.902985
1891.960651
1646.455224
1305.970149
870.929444
385.854817
-78.018996
-526.628223
-966.333107
-1348.371777
-1637.974898
-1806.309362
-1854.647218
-1824.542062
-1704.545455
-1473.880597
-1179.189281
-862.025102
-553.765265
-245.081411
60.634328
317.588195
499.491180
624.151967
727.187924
814.111262
888.738128
929.443691
973.541384
1068.097015
1187.245590
1317.418589
1437.415197
1566.740163
1715.145862
1837.686567
1901.289009
1917.401628
1912.313433
1889.840570
1835.566486
1733.378562
1613.805970
1539.603121
1478.544776
1411.550204
1335.651289
1260.600407
1223.710991
1162.228630
1028.663501
834.040027
604.647218
339.637042
4.664179
-424.864315
-893.402307
-1340.739484
-1757.547490
-2163.331072
-2544.945726
-2843.453189
-3019.419946
-3083.870421
-3106.767300
-3077.086160
-2949.033243
-2745.929444
-2525.016961
-2315.552917
-2112.873134
-1890.688602
-1653.663501
-1456.919946
-1291.129579
-1110.498643
-888.314111
-632.632293
-376.950475
-105.580054
217.096336
595.742877
976.933514
1334.803256
1666.808005
1975.067843
2226.933514
2391.027815
2443.605834
2391.451832
2245.166214
1989.060380
1629.918589
1179.189281
678.002035
160.278155
-363.381954
-856.512890
-1291.129579
-1644.335142
-1884.752374
-2010.685210
-2029.341927
-1946.658752
-1766.451832
-1508.649932
-1197.845997
-873.897558
-537.228630
-211.160109
75.474898
324.796472
523.236092
678.850068
799.694708
892.978290
961.668928
1019.335142
1079.969471
1143.571913
1213.534600
1280.953189
1338.619403
1395.861601
1443.351425
1454.375848
1466.248304
1478.120760
1487.449118
1511.194030
1526.882632
1573.948440
1663.415875
1769.419946
1858.887381
1924.185889
1964.891452
1976.339891
1908.497286
1710.905699
1416.638399
1049.016282
602.951153
60.634328
-551.645183
-1155.020353
-1696.065129
-2170.539349
-2590.739484
-2918.928087
-3099.135007
-3130.936228
-3073.694030
-2976.170285
-2830.308684
-2620.844640
-2408.412483
-2251.950475
-2162.483039
-2105.664858
-2047.574627
-2018.317503
-2021.709634
-2001.356852
-1891.960651
-1685.040706
-1401.797829
-1044.776119
-578.782225
5.936228
647.896879
1283.497286
1884.328358
2448.694030
2941.400950
3285.702171
3442.588195
3424.779512
3261.957259
2949.457259
2468.198779
1853.375170
1181.733379
508.395522
-154.765943
-793.334464
-1342.011533
-1754.579376
-2019.589552
-2166.723202
-2195.556309
-2093.792402
-1882.632293
-1618.046133
-1334.803256
-1047.320217
-760.261194
-509.667571
-317.164179
-184.023066
-85.651289
-2.968114
52.154003
94.555631
156.462008
250.593623
382.462687
531.292402
698.354817
896.794437
1109.226594
1308.514247
1469.216418
1593.453189
1704.969471
1786.804613
1821.149932
1829.206242
1835.142469
1862.279512
1894.504749
1934.786296
1992.452510
2065.383311
2137.466079
2173.931479
2158.242877
2087.856174
1945.386703
1708.785617
1362.788331
952.340570
484.226594
-44.097693
-598.286974
-1138.059701
-1627.798507
-2032.734057
-2377.459294
-2650.525780
-2820.132293
-2902.391452
-2926.136364
-2935.888738
-2939.704885
-2920.200136
-2905.359566
-2931.648575
-2978.290366
-3012.211669
-2990.162822
-2908.327680
-2772.642469
-2542.825645
-2169.691316
-1652.815468
-1043.928087
-371.014247
359.565807
1130.851425
1882.208277
2518.656716
3022.812076
3403.154681
3623.219132
3655.020353
3494.318182
3175.881954
2777.730665
2302.408412
1759.243555
1196.573948
669.945726
213.704206
-183.175034
-538.076662
-844.216418
-1052.832429
-1210.990502
-1366.604478
-1514.586160
-1639.670963
-1731.682497
-1805.037313
-1892.808684
-1962.771370
-1964.043419
-1907.649254
-1799.949118
-1655.359566
-1448.015604
-1159.260516
-819.199457
-465.569878
-108.548168
260.345997
621.607870
953.612619
1218.622795
1422.150611
1604.477612
1742.706920
1810.973541
1824.966079
1817.757802
1810.549525
1799.525102
1774.932157
1755.851425
1794.436906
1880.088195
1978.883989
2095.912483
2232.445726
2398.660109
2536.889417
2586.923338
2578.443012
2510.176391
2364.738806
2098.880597
1689.704885
1205.902307
697.930801
132.717096
-501.187246
-1145.267978
-1720.234057
-2181.139756
-2592.435550
-2978.290366
-3261.957259
-3407.818860
-3459.548847
-3493.470149
-3546.048168
-3540.959973
-3440.044098
-3333.616011
-3261.957259
-3188.178426
-3023.236092
-2739.145183
-2422.829037
-2097.184532
-1685.464722
-1144.843962
-532.564450
65.722524
634.328358
1210.142469
1804.613297
2317.672999
2683.175034
2945.641113
3145.776798
3272.133650
3266.621438
3119.911805
2925.712347
2715.824288
2438.517639
2067.927408
1626.950475
1175.797151
724.643826
209.040027
-385.430801
-971.845319
-1499.321574
-1992.028494
-2452.510176
-2857.869742
-3123.727951
-3218.283582
-3217.011533
-3106.767300
-2884.582768
-2541.977612
-2098.456581
-1655.783582
-1241.943691
-826.407734
-421.896201
-75.050882
182.327001
359.989824
525.780190
689.450475
831.071913
947.252374
1084.633650
1271.200814
1505.257802
1727.442334
1922.489824
2119.233379
2313.008820
2474.983039
2563.178426
2579.291045
2588.195387
2602.187924
2580.563094
2532.225237
2485.159430
2474.983039
2489.823609
2460.566486
2366.858887
2260.854817
2142.978290
1940.298507
1607.869742
1164.348711
680.546133
177.662822
-405.783582
-1044.352103
-1652.815468
-2151.458616
-2539.433514
-2890.094980
-3187.754410
-3344.640434
-3373.473541
-3345.064450
-3341.248304
-3351.424695
-3300.118725
-3205.139077
-3158.921303
-3161.041384
-3119.911805
-2960.481682
-2708.191995
-2427.069199
-2075.983718
-1567.588195
-915.875170
-222.608548
465.993894
1163.500678
1886.872456
2547.065807
3032.988467
3350.152646
3573.609227
3688.517639
3635.515604
3402.306649
3080.054274
2762.466079
2396.964043
1930.546133
1426.390773
962.516961
536.804613
69.962687
-484.650611
-1029.087517
-1479.816825
-1902.137042
-2375.339213
-2839.637042
-3169.097693
-3336.160109
-3417.147218
-3462.516961
-3387.466079
-3123.303935
-2732.360923
-2335.057666
-1954.715061
-1514.162144
-1016.791045
-565.213704
-220.488467
59.362280
353.629579
661.889417
923.083446
1123.219132
1347.099729
1637.974898
1931.818182
2188.772049
2413.500678
2634.413161
2832.852782
2952.849389
2983.802578
2946.065129
2877.798507
2780.274763
2633.565129
2483.039349
2365.162822
2290.111940
2243.470149
2223.117368
2233.717775
2232.445726
2177.323609
2062.415197
1888.992537
1625.678426
1232.191316
722.099729
167.486431
-409.599729
-1022.727273
-1646.031208
-2208.700814
-2642.893487
-2939.704885
-3166.553596
-3343.792402
-3414.603121
-3373.049525
-3296.302578
-3271.285617
-3286.974220
-3272.133650
-3227.187924
-3205.987110
-3197.930801
-3115.671642
-2896.455224
-2553.426052
-2128.561737
-1614.654003
-972.269335
-222.184532
549.525102
1276.289009
1945.386703
2550.457938
3037.652646
3356.512890
3518.487110
3568.521031
3507.886703
3339.976255
3084.718453
2791.299186
2495.335821
2163.755088
1768.995929
1331.835142
876.017639
364.229986
-230.664858
-891.706242
-1563.348033
-2202.340570
-2798.931479
-3351.424695
-3787.313433
-4041.299186
-4110.837856
-4035.362958
-3827.170963
-3479.901628
-3010.939620
-2505.088195
-2039.518318
-1594.725237
-1165.196744
-788.246269
-485.074627
-234.905020
24.592944
334.548847
674.185889
1034.599729
1452.679783
1941.570556
2455.054274
2910.871777
3274.253731
3571.489145
3776.289009
3819.962687
3685.549525
3449.372456
3159.345319
2839.637042
2489.399593
2149.762551
1920.793758
1819.453867
1788.500678
1786.804613
1826.238128
1908.921303
1976.339891
1926.305970
1743.978969
1488.297151
1178.341248
780.189959
278.154681
-259.497965
-735.668250
-1139.331750
-1523.914518
-1889.416554
-2165.027137
-2337.601764
-2448.694030
-2599.643826
-2795.963365
-2960.905699
-3091.926730
-3228.035957
-3395.098372
-3556.224559
-3591.417910
-3491.774084
-3336.160109
-3098.710991
-2737.449118
-2213.364993
-1599.389417
-994.742198
-425.712347
156.462008
744.996608
1260.176391
1646.455224
1927.578019
2177.747626
2410.532564
2582.259159
2665.366350
2726.848711
2794.267300
2849.813433
2822.676391
2670.878562
2456.750339
2184.955902
1804.613297
1286.889417
630.936228
-74.202849
-761.533243
-1478.544776
-2211.244912
-2878.222524
-3424.355495
-3803.850068
-4064.196065
-4240.586839
-4249.067164
-4093.877205
-3827.594980
-3500.254410
-3143.232700
-2698.015604
-2163.755088
-1644.335142
-1163.924695
-676.305970
-140.773406
433.344640
965.909091
1424.270692
1883.480326
2349.474220
2762.042062
3069.877883
3270.013569
3423.083446
3546.472185
3561.736771
3462.516961
3323.015604
3169.945726
3008.819539
2792.995251
2516.536635
2273.151289
2082.343962
1882.208277
1667.656038
1454.375848
1283.497286
1153.748304
1006.190638
844.640434
722.947761
603.375170
474.050204
329.884668
185.295115
84.803256
-28.833107
-191.655360
-363.381954
-531.716418
-728.883989
-977.781547
-1277.561058
-1542.571235
-1738.466757
-1952.594980
-2201.916554
-2430.461330
-2579.291045
-2625.508820
-2678.934871
-2779.002714
-2806.987788
-2726.848711
-2599.219810
-2480.495251
-2363.042741
-2134.497965
-1746.099050
-1341.163501
-980.325645
-580.902307
-83.955224
484.226594
990.078019
1358.124152
1709.209634
2073.439620
2351.170285
2485.159430
2488.127544
2449.966079
2419.012890
2298.592266
2050.118725
1764.755767
1490.841248
1197.845997
801.814790
277.730665
-267.554274
-780.613976
-1330.563094
-1950.898915
-2566.994573
-3088.958616
-3464.213026
-3730.495251
-3923.422659
-3956.071913
-3786.465400
-3473.117368
-3083.870421
-2659.006106
-2168.843284
-1592.605156
-1029.935550
-553.341248
-117.452510
325.220488
792.062415
1244.911805
1636.702849
2024.253731
2446.149932
2853.205563
3190.722524
3432.835821
3577.425373
3656.292402
3620.251018
3426.051560
3128.392130
2780.698779
2415.620760
2037.398236
1628.222524
1242.791723
964.213026
754.324966
573.694030
428.680461
320.980326
290.451153
295.539349
242.113297
200.135685
237.025102
290.875170
348.117368
362.957938
376.102442
510.939620
661.465400
722.947761
749.660787
736.940299
705.563094
590.230665
279.426730
-92.011533
-402.391452
-684.362280
-997.286296
-1386.533243
-1762.635685
-1959.803256
-2083.616011
-2260.430801
-2440.213704
-2572.506784
-2603.883989
-2597.523745
-2666.214383
-2713.704206
-2594.131615
-2351.170285
-2063.263229
-1794.012890
-1491.265265
-1009.582768
-439.280868
49.185889
456.665536
827.255767
1200.390095
1538.755088
1700.729308
1729.562415
1761.787653
1768.571913
1721.930122
1584.972863
1395.861601
1291.129579
1190.637720
964.213026
636.872456
251.865672
-113.636364
-471.082090
-953.188602
-1487.873134
-1953.867028
-2323.609227
-2587.347354
-2802.323609
-2935.888738
-2881.190638
-2698.015604
-2486.007463
-2232.869742
-1919.097693
-1515.858209
-1060.888738
-686.906377
-372.710312
-4.664179
387.550882
784.854138
1143.995929
1454.799864
1785.956581
2094.216418
2307.496608
2460.566486
2543.249661
2562.754410
2516.112619
2332.089552
2092.096336
1884.752374
1665.111940
1439.959294
1231.343284
1025.695387
912.907056
838.704206
749.660787
733.972185
751.780868
792.910448
873.473541
922.659430
998.558345
1134.243555
1242.791723
1372.540706
1502.713704
1564.620081
1623.982361
1655.359566
1635.006784
1605.749661
1492.537313
1297.913840
1083.361601
779.765943
382.886703
-63.602442
-532.564450
-912.483039
-1225.407056
-1613.381954
-2008.141113
-2327.849389
-2575.474898
-2761.194030
-3006.275441
-3289.094301
-3440.044098
-3510.430801
-3589.721845
-3646.964043
-3624.915197
-3372.625509
-2949.457259
-2586.499322
-2228.205563
-1718.962008
-1050.712347
-348.117368
198.439620
627.544098
1134.243555
1653.663501
2021.285617
2218.877205
2332.513569
2485.583446
2618.300543
2547.913840
2331.241520
2142.130258
2000.508820
1774.084125
1355.580054
812.839213
330.732700
-92.859566
-597.438942
-1168.588874
-1720.658073
-2147.218453
-2443.181818
-2713.280190
-2925.288331
-2997.371099
-2957.089552
-2862.957938
-2766.282225
-2638.653324
-2396.964043
-2080.647897
-1744.402985
-1411.126187
-1059.192673
-647.048847
-199.287653
246.777476
691.994573
1121.523066
1522.218453
1897.472863
2215.061058
2491.943691
2711.160109
2842.181140
2907.479647
2922.320217
2875.254410
2784.090909
2645.861601
2458.446404
2260.006784
2031.037992
1782.564450
1587.516961
1408.158073
1253.816147
1155.444369
1057.496608
1027.391452
1060.888738
1105.834464
1190.213704
1261.448440
1304.698100
1366.180461
1367.876526
1320.810719
1253.392130
1123.643148
992.622117
870.505427
703.018996
508.819539
285.362958
-7.632293
-325.220488
-686.058345
-1088.873813
-1436.143148
-1755.003392
-2068.775441
-2358.802578
-2667.486431
-2944.369064
-3097.862958
-3211.075305
-3300.118725
-3337.008141
-3342.520353
-3244.572592
-3066.485753
-2882.038670
-2619.996608
-2290.111940
-1924.185889
-1491.265265
-1066.400950
-632.632293
-142.469471
311.651967
731.004071
1115.586839
1415.790366
1696.065129
1932.666214
2073.015604
2170.115332
2177.323609
2087.008141
1977.611940
1808.429444
1584.548847
1307.666214
917.995251
480.410448
43.249661
-435.464722
-908.242877
-1359.820217
-1787.228630
-2087.856174
-2318.097015
-2509.328358
-2616.180461
-2664.518318
-2630.172999
-2517.808684
-2398.660109
-2236.685889
-1998.812754
-1735.922659
-1419.182497
-1075.729308
-731.428087
-312.924016
124.236771
552.493216
986.261872
1357.700136
1692.248982
2017.469471
2286.295794
2524.168928
2718.368385
2838.364993
2930.800543
2989.738806
2974.898236
2931.224559
2829.884668
2659.006106
2477.527137
2234.989824
1950.898915
1688.432836
1416.214383
1182.581411
988.381954
784.006106
636.448440
553.765265
528.324288
571.573948
621.183853
649.592944
700.050882
738.212347
750.508820
749.660787
697.506784
644.928765
596.166893
523.660109
473.202171
426.136364
336.668928
220.912483
11.448440
-299.779512
-643.656716
-1001.102442
-1306.394166
-1537.059023
-1755.427408
-1937.754410
-2105.664858
-2287.143826
-2427.069199
-2567.418589
-2715.400271
-2821.828358
-2905.783582
-2954.545455
-2924.440299
-2849.389417
-2700.983718
-2464.806649
-2206.580733
-1896.624830
-1535.362958
-1147.388060
-718.283582
-314.620081
21.624830
341.757123
628.392130
879.409769
1115.586839
1289.433514
1432.751018
1563.772049
1630.342605
1639.246947
1615.078019
1534.090909
1428.510855
1263.568521
1011.278833
722.947761
410.023745
70.810719
-262.042062
-596.166893
-912.483039
-1137.635685
-1278.833107
-1353.459973
-1374.236771
-1369.996608
-1337.771370
-1263.568521
-1187.669607
-1096.930122
-983.717775
-856.936906
-672.065807
-450.729308
-219.216418
44.945726
323.524423
600.831072
879.409769
1118.554953
1315.298507
1516.706242
1689.704885
1811.397558
1888.992537
1914.857531
1916.977612
1905.105156
1855.919267
1759.243555
1628.646540
1467.096336
1296.217775
1114.738806
935.379919
768.317503
599.983039
441.400950
313.348033
217.096336
144.165536
92.435550
58.514247
47.489824
54.274084
74.202849
106.004071
166.638399
240.417232
311.651967
358.717775
373.134328
387.974898
406.631615
400.695387
359.565807
309.531886
276.034600
263.314111
233.208955
187.839213
122.116689
11.872456
-155.189959
-376.102442
-608.039349
-808.175034
-959.548847
-1043.928087
-1066.824966
-1066.400950
-1065.552917
-1090.993894
-1171.556988
-1290.281547
-1420.030529
-1548.507463
-1629.918589
-1642.215061
-1581.580733
-1451.831750
-1289.009498
-1122.371099
-963.789009
-828.951832
-729.308005
-650.016961
-584.294437
-508.395522
-413.415875
-318.436228
-217.520353
-133.565129
-82.259159
-33.497286
15.688602
65.298507
127.204885
175.966757
229.392809
293.843284
336.668928
342.605156
308.683853
241.689281
178.510855
115.332429
45.369742
38.161465
92.435550
194.199457
311.651967
382.462687
435.888738
487.194708
492.282904
459.209634
394.335142
329.884668
301.475577
278.154681
242.537313
227.272727
231.088874
234.905020
223.032564
177.662822
128.900950
113.212347
87.347354
34.345319
-12.720488
-50.033921
-57.666214
-61.482361
-82.259159
-69.538670
-24.592944
29.257123
84.379240
133.989145
192.079376
279.850746
360.837856
421.472185
493.554953
560.973541
625.848033
682.242198
713.195387
747.964722
787.822252
817.079376
848.456581
862.025102
858.632972
862.025102
837.856174
792.486431
743.724559
670.369742
585.142469
501.187246
412.991859
336.668928
256.529851
165.366350
75.474898
-14.416554
-109.396201
-198.015604
-285.786974
-366.350068
-424.864315
-485.498643
-537.652646
-575.390095
-605.919267
-637.296472
-680.122117
-736.940299
-787.822252
-814.111262
-818.351425
-799.270692
-757.717096
-701.322931
-631.360244
-564.365672
-511.363636
-465.145862
-429.952510
-412.567843
-410.023745
-409.599729
-399.423338
-373.982361
-334.972863
-285.362958
-234.905020
-170.030529
-111.516282
-66.994573
-25.864993
7.632293
35.617368
55.970149
72.082768
66.570556
68.266621
74.626866
73.354817
66.994573
40.705563
5.936228
-26.713026
-65.722524
-107.700136
-144.165536
-180.206920
-212.432157
-244.233379
-286.210991
-324.372456
-347.269335
-356.173677
-362.957938
-371.438263
-376.526459
-377.374491
-358.293758
-313.772049
-261.194030
-195.895522
-117.876526
-28.833107
61.058345
158.582090
259.921981
341.333107
409.599729
468.113976
512.211669
555.885346
597.014925
625.848033
648.744912
669.945726
678.850068
690.298507
703.443012
715.315468
720.827680
697.082768
647.896879
592.774763
530.444369
467.265943
413.839891
334.548847
259.921981
212.008141
170.030529
138.653324
115.756445
69.114654
16.112619
-48.337856
-119.572592
-184.871099
-241.689281
-288.755088
-314.620081
-319.708277
-309.955902
-283.666893
-256.953867
-226.848711
-201.831750
-187.839213
-172.150611
-151.797829
-136.957259
-107.276119
-82.683175
-55.970149
-21.200814
18.656716
79.715061
160.702171
237.449118
295.963365
358.717775
412.143826
460.057666
487.618725
476.594301
445.641113
402.391452
365.078019
328.612619
295.963365
260.345997
235.329037
190.807327
119.996608
40.281547
-53.002035
-154.341927
-267.978290
-396.031208
-522.388060
-642.808684
-752.204885
-835.736092
-898.490502
-953.188602
-1000.678426
-1036.719810
-1053.256445
-1057.072592
-1050.712347
-1019.759159
-962.940977
-886.194030
-795.454545
-691.146540
-580.478290
-460.057666
-332.428765
-202.679783
-67.842605
77.170963
226.424695
364.229986
491.010855
612.279512
728.035957
814.111262
876.441655
915.451153
949.372456
988.381954
995.590231
968.029172
914.179104
849.728630
764.077341
646.624830
511.363636
382.886703
275.186567
143.741520
-4.240163
-147.557666
-258.649932
-347.269335
-440.976934
-543.164858
-624.151967
-678.850068
-731.852103
-775.101764
-795.878562
-788.670285
-761.109227
-747.540706
-733.124152
-697.506784
-633.904342
-559.701493
-505.427408
-448.609227
-351.933514
-237.025102
-128.476934
-19.080733
97.947761
230.664858
359.565807
460.905699
548.253053
647.048847
732.700136
799.694708
842.944369
886.618046
945.132293
988.381954
999.830393
999.406377
994.742198
978.629579
945.132293
884.073948
829.799864
772.557666
697.930801
599.983039
494.402985
395.183175
306.563772
195.895522
66.994573
-37.737449
-129.748982
-217.520353
-327.340570
-454.121438
-564.365672
-647.048847
-726.763908
-790.790366
-827.679783
-851.848711
-851.000678
-856.936906
-856.936906
-823.015604
-764.077341
-702.594980
-636.872456
-563.093623
-471.082090
-365.078019
-264.586160
-159.430122
-45.369742
59.786296
156.886024
245.929444
323.524423
399.423338
458.361601
490.586839
517.723881
547.405020
570.725916
583.446404
571.573948
555.037313
532.140434
485.922659
416.808005
330.308684
235.753053
136.109227
25.864993
-99.219810
-225.576662
-359.141791
-483.802578
-586.838535
-666.977612
-727.611940
-773.829715
-824.287653
-872.625509
-895.946404
-908.666893
-906.970828
-885.770014
-846.336499
-789.942334
-739.060380
-700.474898
-641.536635
-552.917232
-441.824966
-320.980326
-201.407734
-76.746947
64.026459
190.383311
303.595658
393.911126
477.866350
568.605834
645.352782
720.403664
778.917910
816.231343
840.400271
842.944369
834.464043
823.015604
805.630936
778.917910
730.156038
665.281547
596.166893
532.988467
471.082090
394.759159
306.563772
201.831750
93.283582
16.960651
-24.168928
-57.242198
-91.163501
-119.996608
-149.253731
-171.726594
-171.726594
-161.974220
-150.525780
-136.533243
-126.356852
-120.420624
-97.947761
-68.690638
-71.658752
-137.805292
-248.049525
-307.411805
-222.184532
9.752374
298.083446
514.331750
574.118046
484.226594
303.171642
124.660787
34.345319
59.362280
175.118725
309.955902
389.246947
382.038670
299.779512
151.797829
-43.249661
-238.297151
-359.565807
-349.813433
-230.240841
-80.139077
-15.264586
-89.043419
-273.066486
-492.706920
-658.073270
-722.099729
-695.810719
-634.328358
-583.022388
-560.125509
-556.309362
-558.005427
-566.909769
-590.230665
-616.095658
-597.438942
-521.116011
-415.959973
-299.779512
-190.383311
-129.324966
-114.908412
-114.484396
-89.043419
8.904342
147.557666
256.529851
325.220488
360.837856
394.759159
418.080054
351.509498
220.064450
133.141113
133.989145
240.417232
396.879240
507.971506
559.277476
483.802578
254.409769
-32.225237
-239.145183
-234.905020
-30.953189
206.071913
348.965400
377.374491
295.115332
142.045455
-50.881954
-219.216418
-260.345997
-156.037992
38.585482
251.441655
403.239484
443.945047
365.926052
191.231343
-6.784261
-106.852103
-61.058345
92.859566
284.938942
413.415875
443.945047
396.031208
273.490502
160.278155
97.947761
80.139077
120.420624
184.871099
251.865672
301.899593
298.083446
236.601085
147.981682
57.666214
-0.848033
-20.776798
-12.720488
29.257123
78.018996
88.195387
57.242198
-3.392130
-69.962687
-130.597015
-198.439620
-251.441655
-251.441655
-218.368385
-184.871099
-171.302578
-233.208955
-343.029172
-466.841927
-570.725916
-609.735414
-587.262551
-529.172320
-459.633650
-418.928087
-428.680461
-460.057666
-513.059701
-554.189281
-546.556988
-495.675034
-411.719810
-320.132293
-231.512890
-139.077341
-84.379240
-94.555631
-129.324966
-156.886024
-123.388738
-11.872456
112.788331
202.679783
264.586160
288.331072
300.203528
315.044098
322.252374
333.700814
361.261872
394.759159
435.464722
465.145862
466.841927
463.873813
422.320217
346.421303
262.466079
216.248304
256.529851
356.173677
412.991859
363.805970
244.233379
133.141113
76.322931
34.345319
-26.713026
-62.754410
-33.497286
46.641791
92.859566
34.769335
-92.011533
-196.743555
-241.689281
-238.721167
-202.255767
-137.381275
-79.291045
-156.886024
-389.670963
-601.255088
-579.630258
-280.698779
115.332429
329.036635
259.497965
39.433514
-153.493894
-240.417232
-209.888060
-94.131615
106.428087
354.053596
516.875848
522.388060
376.102442
153.493894
-41.977612
-185.295115
-224.728630
-106.852103
131.445047
378.646540
460.481682
333.276798
111.940299
-69.114654
-161.974220
-220.488467
-324.796472
-440.128901
-471.930122
-396.455224
-251.441655
-103.035957
-24.168928
-27.561058
-143.741520
-327.340570
-448.609227
-431.224559
-292.147218
-120.420624
8.480326
99.643826
187.415197
231.512890
179.358887
43.249661
-81.835142
-99.219810
2.968114
148.829715
270.522388
333.276798
317.164179
217.944369
76.746947
-25.440977
-22.048847
62.754410
143.317503
162.822252
120.420624
43.249661
-33.921303
-66.570556
-34.345319
86.923338
209.040027
265.010176
219.640434
102.187924
-13.992537
-91.163501
-106.004071
-66.994573
20.776798
148.829715
268.826323
321.404342
322.676391
286.210991
240.417232
187.415197
147.981682
131.445047
134.837178
156.462008
164.942334
151.797829
125.508820
94.131615
52.154003
-26.289009
-153.917910
-287.059023
-364.654003
-351.509498
-273.490502
-194.199457
-156.886024
-172.998643
-231.088874
-299.779512
-348.965400
-346.421303
-293.419267
-219.640434
-164.942334
-131.021031
-126.780868
-150.101764
-186.143148
-246.353460
-290.875170
-287.059023
-253.561737
-221.336499
-204.799864
-205.647897
-197.591588
-169.606513
-127.628901
-73.354817
-17.808684
17.384668
16.960651
-2.120081
-20.352782
-23.320896
-4.240163
20.352782
52.154003
96.251696
147.557666
182.327001
192.927408
185.295115
179.782904
182.751018
200.559701
231.088874
263.738128
298.083446
318.436228
329.460651
337.516961
331.156716
307.411805
259.921981
189.111262
117.876526
66.994573
42.825645
42.401628
49.609905
42.825645
13.144505
-43.673677
-110.668250
-158.582090
-172.150611
-163.670285
-131.445047
-65.298507
9.328358
69.114654
105.156038
115.756445
124.660787
146.709634
164.518318
176.390773
191.231343
215.400271
255.681818
278.578697
275.186567
245.505427
196.319539
164.094301
155.613976
156.037992
147.133650
134.413161
107.276119
71.658752
39.009498
0.848033
-44.945726
-98.795794
-158.158073
-221.336499
-280.274763
-323.524423
-349.389417
-385.006784
-448.185210
-516.451832
-583.022388
-619.911805
-619.063772
-597.862958
-561.397558
-506.275441
-453.273406
-426.560380
-431.648575
-437.160787
-413.839891
-379.918589
-337.940977
-304.443691
-265.858209
-210.736092
-150.525780
-108.972185
-74.626866
-41.977612
-0.424016
25.440977
23.744912
32.225237
72.506784
163.246269
267.554274
350.661465
400.271370
446.065129
480.410448
492.706920
468.537992
424.864315
407.479647
425.288331
467.265943
501.611262
515.603799
489.314790
433.344640
373.134328
306.563772
256.953867
212.008141
168.334464
131.445047
96.251696
73.354817
59.786296
45.369742
18.656716
-34.769335
-111.516282
-166.214383
-187.415197
-193.351425
-201.831750
-216.672320
-213.704206
-168.758480
-100.067843
-28.833107
20.352782
50.457938
72.506784
100.915875
150.525780
237.449118
340.909091
428.680461
478.714383
488.890773
483.802578
483.378562
479.986431
453.697422
419.776119
395.607191
394.335142
401.119403
384.582768
319.708277
226.000678
128.476934
30.529172
-58.938263
-149.253731
-220.912483
-291.299186
-365.926052
-430.800543
-488.466757
-532.140434
-565.213704
-601.255088
-663.585482
-732.700136
-798.422659
-834.040027
-831.919946
-801.390773
-748.812754
-694.114654
-657.225237
-632.632293
-615.671642
-585.142469
-521.964043
-429.952510
-322.676391
-221.760516
-145.861601
-101.763908
-72.082768
-58.090231
-49.609905
-31.377205
-2.968114
27.985075
64.026459
103.459973
132.293080
150.949796
142.469471
123.388738
109.396201
106.852103
121.268657
132.717096
139.501357
140.349389
153.493894
165.366350
171.726594
172.150611
171.726594
178.086839
183.175034
180.630936
184.023066
192.927408
197.591588
189.111262
167.486431
157.310041
170.030529
195.895522
218.792402
242.961330
271.370421
292.571235
303.171642
301.899593
289.179104
281.546811
273.914518
261.618046
253.561737
253.985753
253.985753
254.409769
250.593623
234.056988
217.096336
203.103799
199.711669
213.280190
240.841248
268.402307
279.426730
286.635007
281.546811
269.250339
252.713704
217.520353
158.158073
92.435550
35.617368
-8.904342
-27.137042
-36.889417
-50.881954
-66.570556
-91.163501
-122.540706
-151.797829
-182.327001
-201.831750
-216.672320
-228.968792
-229.816825
-237.449118
-224.304613
-200.135685
-178.934871
-169.182497
-170.878562
-182.751018
-195.895522
-206.495929
-210.312076
-190.383311
-162.398236
-132.717096
-112.364315
-106.004071
-112.788331
-114.060380
-119.572592
-131.021031
-130.172999
-122.540706
-124.236771
-135.685210
-140.349389
-136.109227
-129.748982
-140.773406
-170.454545
-215.824288
-246.353460
-262.890095
-281.122795
-304.443691
-316.316147
-324.796472
-327.340570
-313.348033
-294.267300
-259.073948
-226.000678
-205.223881
-192.503392
-170.030529
-124.660787
-59.362280
1.272049
52.578019
91.163501
117.452510
134.413161
140.773406
149.253731
156.462008
164.518318
162.822252
170.030529
202.255767
252.289688
292.147218
315.468114
320.132293
307.835821
293.419267
280.698779
266.282225
256.105834
251.441655
241.265265
229.816825
232.360923
238.721167
225.152646
190.807327
136.109227
75.898915
34.345319
16.112619
7.632293
10.600407
37.313433
61.906377
63.178426
38.585482
-2.120081
-28.833107
-32.649254
-22.896879
-13.992537
-4.664179
2.544098
-10.176391
-46.217775
-87.771370
-110.244233
-101.763908
-84.803256
-74.202849
-74.202849
-66.570556
-39.009498
-12.296472
-7.208277
-8.904342
1.696065
16.960651
28.833107
49.609905
75.050882
104.308005
121.692673
106.852103
80.987110
77.594980
113.212347
156.886024
182.751018
187.839213
175.118725
154.765943
115.756445
69.114654
31.801221
28.409091
46.641791
53.002035
43.673677
10.600407
-32.649254
-91.163501
-172.574627
-260.770014
-324.796472
-345.997286
-330.732700
-297.235414
-268.402307
-265.434193
-287.059023
-324.372456
-371.438263
-394.759159
-380.342605
-351.085482
-304.019674
-254.833786
-208.191995
-145.013569
-81.835142
-18.656716
36.465400
73.354817
100.067843
126.356852
170.878562
231.088874
288.755088
330.732700
352.781547
351.509498
352.781547
336.244912
315.044098
299.355495
282.394844
276.458616
264.162144
237.025102
191.655360
142.469471
78.867028
14.840570
-35.617368
-62.754410
-69.962687
-85.651289
-118.300543
-173.422659
-232.784939
-272.218453
-289.179104
-291.723202
-285.786974
-280.698779
-274.338535
-269.674355
-270.522388
-270.098372
-247.201493
-207.767978
-171.302578
-141.197422
-119.996608
-96.251696
-60.634328
2.120081
74.202849
122.964722
156.037992
164.094301
163.670285
158.158073
150.101764
145.861601
159.006106
179.782904
180.206920
180.206920
179.782904
186.143148
189.111262
174.694708
150.525780
135.261194
128.476934
116.180461
85.651289
45.793758
8.056309
-8.904342
-33.073270
-61.058345
-82.259159
-91.587517
-81.411126
-69.962687
-59.362280
-51.729986
-47.913840
-52.154003
-66.570556
-79.291045
-83.107191
-71.234735
-47.065807
-29.681140
-16.960651
-10.176391
-2.120081
1.272049
-2.120081
-5.936228
12.296472
48.761872
94.555631
128.476934
139.925373
133.141113
122.540706
123.388738
122.540706
123.812754
130.172999
132.717096
139.501357
153.069878
160.702171
175.966757
197.591588
198.863636
181.054953
144.589552
104.732022
80.563094
49.185889
-2.120081
-64.026459
-111.516282
-139.077341
-151.797829
-167.062415
-184.871099
-211.160109
-235.753053
-256.105834
-264.162144
-254.409769
-240.417232
-231.088874
-245.929444
-276.034600
-307.835821
-315.044098
-295.963365
-251.441655
-200.559701
-156.037992
-128.900950
-104.732022
-73.354817
-32.225237
22.048847
64.026459
92.435550
98.371777
97.947761
103.035957
111.940299
125.508820
135.261194
141.621438
149.253731
142.045455
119.996608
97.099729
65.298507
31.377205
-6.360244
-46.217775
-81.411126
-92.435550
-101.763908
-113.212347
-131.445047
-162.822252
-175.118725
-188.263229
-185.295115
-180.630936
-176.390773
-164.942334
-147.981682
-125.508820
-91.163501
-32.649254
25.016961
67.842605
99.219810
125.932836
147.133650
174.694708
212.856174
262.042062
327.340570
379.070556
407.479647
415.111940
391.367028
375.254410
363.805970
359.565807
361.261872
356.173677
346.421303
324.796472
284.514925
234.056988
195.895522
160.702171
121.692673
72.930801
10.176391
-44.521710
-72.506784
-78.018996
-66.994573
-69.962687
-96.675712
-141.197422
-190.807327
-217.944369
-230.664858
-222.608548
-196.319539
-175.542741
-171.302578
-183.599050
-195.471506
-197.591588
-186.143148
-169.182497
-158.158073
-149.253731
-155.613976
-154.765943
-144.165536
-122.964722
-84.379240
-44.945726
-18.232700
-1.696065
9.752374
16.112619
30.529172
57.666214
73.778833
65.298507
39.857531
6.360244
-20.776798
-34.345319
-25.440977
-6.360244
6.360244
9.328358
2.968114
-13.144505
-33.497286
-62.330393
-105.580054
-142.893487
-173.846676
-189.959294
-203.103799
-212.432157
-220.064450
-221.336499
-223.032564
-231.512890
-240.417232
-256.105834
-279.002714
-295.963365
-281.970828
-241.689281
-189.535278
-133.565129
-93.707598
-70.810719
-53.426052
-39.857531
-11.872456
30.529172
75.474898
125.508820
175.118725
218.368385
265.434193
302.323609
323.948440
334.548847
338.364993
346.421303
357.021710
358.717775
341.333107
327.764586
327.340570
337.940977
363.381954
377.374491
372.710312
353.629579
315.044098
276.458616
241.265265
199.711669
167.486431
135.685210
99.219810
65.298507
31.801221
7.632293
-15.688602
-52.154003
-104.308005
-140.773406
-160.702171
-171.302578
-178.934871
-191.655360
-197.167571
-192.079376
-181.478969
-174.270692
-171.302578
-175.966757
-184.447083
-189.111262
-174.694708
-145.437585
-112.364315
-88.619403
-77.594980
-83.107191
-71.234735
-39.433514
0.848033
29.681140
33.497286
29.681140
23.320896
30.953189
52.578019
81.835142
106.004071
108.548168
84.803256
45.793758
8.480326
-20.776798
-33.073270
-44.097693
-55.970149
-65.298507
-73.354817
-86.075305
-106.428087
-134.413161
-169.606513
-199.711669
-219.640434
-229.392809
-236.177069
-245.081411
-254.833786
-261.194030
-262.890095
-252.289688
-236.177069
-213.280190
-192.503392
-179.782904
-166.638399
-142.893487
-108.124152
-67.418589
-21.624830
15.688602
61.058345
98.371777
130.597015
161.126187
179.358887
200.135685
223.032564
245.929444
268.402307
283.666893
287.059023
287.059023
273.490502
248.897558
233.632972
228.544776
229.816825
228.120760
218.368385
203.527815
181.478969
159.006106
136.533243
113.212347
83.107191
53.426052
23.320896
-6.784261
-36.889417
-64.026459
-74.202849
-73.778833
-69.114654
-64.450475
-73.778833
-82.259159
-91.163501
-103.035957
-113.212347
-120.844640
-124.236771
-117.452510
-97.523745
-68.266621
-25.016961
19.080733
44.945726
49.609905
46.641791
28.409091
20.776798
27.561058
50.033921
79.715061
102.187924
106.428087
92.859566
75.898915
58.514247
47.489824
41.553596
48.761872
55.970149
64.450475
64.026459
51.305970
39.009498
17.808684
-11.872456
-47.489824
-84.803256
-109.396201
-118.300543
-123.812754
-121.692673
-133.565129
-157.734057
-179.358887
-202.679783
-222.184532
-228.968792
-234.905020
-238.297151
-237.025102
-231.936906
-211.160109
-167.486431
-127.628901
-103.883989
-88.619403
-83.531208
-78.018996
-63.178426
-35.617368
5.088195
45.793758
67.842605
90.739484
113.212347
128.052917
134.413161
140.773406
146.285617
156.462008
164.518318
174.694708
181.054953
179.782904
186.567164
194.199457
196.743555
192.927408
169.606513
129.324966
80.563094
29.681140
-8.904342
-28.409091
-38.585482
-52.578019
-69.962687
-88.195387
-92.859566
-97.947761
-101.339891
-110.244233
-117.028494
-124.236771
-111.516282
-81.411126
-46.217775
-17.808684
-6.360244
-11.872456
-5.936228
13.568521
42.825645
83.955224
100.067843
90.739484
72.930801
64.450475
74.202849
105.156038
124.660787
128.052917
113.212347
95.403664
89.467436
91.163501
92.859566
83.955224
74.202849
53.850068
31.377205
8.056309
-8.904342
-21.200814
-39.433514
-55.970149
-72.506784
-86.075305
-90.739484
-94.979647
-108.548168
-120.844640
-123.812754
-117.028494
-105.156038
-96.251696
-89.891452
-89.891452
-90.315468
-89.891452
-89.467436
-79.291045
-72.506784
-67.842605
-58.090231
-47.065807
-34.769335
-25.440977
-17.808684
-5.088195
9.752374
28.833107
53.002035
72.506784
83.107191
94.979647
98.371777
100.491859
107.700136
101.339891
91.163501
72.082768
53.850068
41.129579
37.737449
42.401628
48.761872
47.913840
36.041384
13.992537
-16.536635
-34.769335
-40.705563
-47.489824
-64.874491
-79.715061
-82.259159
-79.291045
-64.874491
-44.097693
-40.281547
-41.129579
-54.274084
-58.090231
-56.818182
-57.242198
-46.641791
-25.864993
-6.360244
0.000000
5.936228
21.624830
35.617368
45.793758
47.065807
35.193351
32.225237
39.857531
53.002035
53.002035
42.401628
25.016961
9.752374
9.328358
21.624830
31.377205
33.497286
31.801221
25.864993
22.896879
16.536635
16.112619
16.536635
16.112619
10.176391
-2.968114
-17.384668
-25.440977
-23.744912
-25.864993
-22.048847
-16.536635
-15.688602
-8.904342
-19.928765
-36.041384
-44.521710
-50.457938
-46.641791
-41.129579
-40.281547
-33.073270
-33.073270
-29.257123
-16.112619
-8.056309
2.120081
8.904342
7.632293
14.416554
26.713026
44.521710
59.786296
69.114654
74.626866
73.354817
74.202849
72.506784
65.722524
57.666214
51.305970
45.793758
35.193351
31.801221
33.497286
28.833107
14.416554
1.696065
-13.144505
-22.472863
-27.561058
-33.497286
-31.801221
-36.465400
-43.673677
-54.698100
-65.298507
-84.803256
-101.763908
-111.516282
-115.756445
-111.092266
-99.219810
-90.739484
-85.651289
-80.987110
-82.683175
-66.994573
-41.977612
-9.328358
24.168928
49.185889
66.994573
83.107191
100.915875
116.604478
128.900950
145.013569
158.582090
172.150611
181.478969
178.510855
169.606513
155.189959
133.565129
109.820217
91.163501
75.050882
57.666214
37.737449
3.816147
-30.953189
-61.482361
-85.651289
-100.067843
-109.820217
-121.268657
-136.957259
-158.158073
-179.358887
-187.839213
-189.111262
-181.902985
-179.782904
-170.878562
-158.582090
-148.405699
-132.293080
-119.148575
-96.251696
-69.538670
-47.913840
-24.592944
-6.360244
6.784261
26.289009
46.217775
61.906377
93.707598
127.628901
156.886024
172.150611
169.182497
153.069878
136.109227
122.116689
109.820217
105.580054
107.276119
101.763908
92.859566
77.170963
63.178426
54.698100
45.369742
36.465400
16.960651
-0.424016
-16.112619
-35.617368
-55.546133
-62.330393
-59.362280
-56.394166
-60.634328
-80.139077
-105.156038
-135.685210
-147.981682
-147.557666
-143.741520
-131.021031
-116.180461
-105.580054
-98.795794
-77.594980
-56.394166
-30.529172
-1.696065
17.384668
24.168928
30.529172
41.553596
64.450475
100.067843
122.964722
146.709634
163.246269
163.670285
163.670285
156.462008
147.981682
135.685210
125.508820
117.028494
122.540706
138.653324
153.493894
154.341927
141.621438
119.572592
86.499322
53.002035
18.232700
-11.872456
-33.073270
-58.938263
-86.499322
-99.643826
-116.604478
-128.052917
-136.533243
-159.854138
-192.503392
-226.424695
-251.865672
-263.314111
-258.225916
-238.297151
-213.280190
-181.054953
-145.861601
-115.756445
-86.923338
-67.842605
-66.146540
-63.178426
-54.698100
-38.161465
-9.328358
27.561058
70.386703
116.180461
154.341927
179.358887
187.839213
189.111262
181.054953
171.302578
164.518318
163.670285
164.094301
163.246269
164.094301
152.645862
136.957259
110.668250
77.170963
39.433514
-8.056309
-60.210312
-103.883989
-127.628901
-131.445047
-131.021031
-140.773406
-161.550204
-183.599050
-189.111262
-185.719132
-175.542741
-163.246269
-154.765943
-145.437585
-125.084803
-101.339891
-68.266621
-24.168928
12.720488
41.129579
55.546133
59.362280
72.082768
94.979647
117.028494
129.748982
140.349389
152.221845
163.246269
172.998643
179.358887
181.054953
179.358887
180.630936
164.942334
142.893487
115.332429
90.315468
78.018996
60.634328
54.274084
39.009498
17.808684
-12.296472
-49.185889
-81.411126
-104.308005
-118.300543
-125.084803
-131.021031
-140.349389
-145.861601
-151.797829
-151.373813
-138.653324
-125.932836
-118.300543
-108.124152
-100.491859
-93.707598
-78.018996
-60.634328
-46.217775
-30.953189
-16.112619
-4.240163
5.936228
22.896879
38.585482
47.913840
61.058345
74.626866
87.771370
108.972185
121.268657
127.628901
135.685210
143.317503
148.829715
144.589552
131.021031
108.548168
72.506784
42.401628
10.600407
-7.208277
-11.448440
-16.960651
-17.384668
-29.257123
-50.881954
-73.354817
-97.099729
-114.908412
-126.356852
-131.869064
-131.021031
-127.628901
-114.908412
-106.428087
-98.795794
-98.371777
-97.099729
-90.739484
-87.771370
-81.835142
-74.626866
-62.330393
-42.825645
-19.080733
8.480326
40.281547
64.874491
87.347354
106.852103
119.996608
128.052917
140.349389
148.405699
158.582090
164.942334
170.454545
172.998643
164.942334
153.917910
133.565129
110.244233
76.746947
48.761872
19.080733
0.000000
-17.808684
-36.465400
-44.945726
-58.090231
-67.842605
-82.683175
-104.308005
-127.628901
-143.317503
-158.582090
-168.758480
-173.846676
-160.702171
-145.013569
-131.869064
-118.724559
-110.668250
-106.004071
-104.732022
-94.131615
-79.291045
-55.970149
-33.073270
-4.240163
26.289009
50.457938
72.930801
95.827680
117.452510
129.324966
131.869064
133.989145
129.748982
134.413161
139.925373
138.653324
146.285617
147.981682
142.469471
125.084803
102.187924
74.202849
43.249661
17.384668
3.816147
-8.056309
-16.112619
-21.200814
-33.073270
-56.394166
-73.354817
-81.835142
-96.251696
-110.668250
-131.869064
-150.525780
-162.398236
-164.518318
-156.037992
-139.077341
-122.540706
-103.883989
-82.259159
-74.626866
-69.538670
-55.122117
-39.433514
-15.688602
18.656716
51.305970
75.898915
92.435550
103.035957
114.060380
119.996608
126.356852
130.597015
135.261194
139.077341
131.021031
131.021031
131.021031
131.021031
131.445047
122.116689
110.244233
84.379240
56.394166
32.649254
3.392130
-19.080733
-36.041384
-45.369742
-53.426052
-67.842605
-86.075305
-111.516282
-137.381275
-154.765943
-170.454545
-180.206920
-178.934871
-168.758480
-157.734057
-153.917910
-142.469471
-138.229308
-127.628901
-109.820217
-92.859566
-69.962687
-47.913840
-25.016961
-2.120081
19.928765
43.249661
62.754410
77.594980
91.587517
109.396201
125.508820
136.109227
146.285617
153.493894
156.462008
155.189959
155.189959
143.741520
136.957259
125.508820
114.908412
101.763908
84.803256
66.994573
45.369742
30.529172
6.360244
-8.480326
-14.840570
-24.168928
-35.193351
-48.337856
-70.810719
-86.923338
-99.219810
-103.883989
-96.251696
-89.043419
-81.411126
-74.626866
-73.778833
-80.987110
-81.835142
-72.506784
-58.938263
-44.097693
-23.320896
-10.176391
3.816147
16.112619
22.472863
39.009498
40.281547
44.945726
50.033921
48.337856
51.305970
59.362280
65.722524
67.418589
79.291045
89.891452
83.955224
81.835142
77.594980
64.874491
53.850068
45.369742
40.705563
41.129579
37.737449
26.713026
10.176391
-13.992537
-36.041384
-53.002035
-67.418589
-74.626866
-79.291045
-85.227273
-95.827680
-107.700136
-118.724559
-123.812754
-122.964722
-118.724559
-106.004071
-97.947761
-99.219810
-93.707598
-89.467436
-83.955224
-70.386703
-55.970149
-44.945726
-33.073270
-25.440977
-22.896879
-13.144505
2.968114
19.080733
39.433514
58.090231
69.114654
75.050882
80.563094
81.835142
82.683175
90.739484
97.523745
106.004071
100.067843
92.435550
75.050882
60.634328
47.489824
37.313433
27.561058
14.840570
4.664179
-8.904342
-24.592944
-37.737449
-49.609905
-57.666214
-57.242198
-57.242198
-56.818182
-47.489824
-41.977612
-38.585482
-32.649254
-32.649254
-32.649254
-32.649254
-26.289009
-22.896879
-17.808684
-11.024423
-0.424016
12.296472
32.225237
49.185889
65.722524
77.170963
82.683175
81.411126
82.259159
81.411126
84.803256
90.315468
92.859566
103.883989
103.883989
92.859566
85.651289
74.202849
59.362280
43.673677
28.833107
19.928765
15.264586
8.904342
-0.424016
-13.144505
-27.985075
-35.193351
-46.217775
-56.394166
-63.178426
-66.146540
-68.690638
-79.291045
-80.987110
-85.651289
-87.771370
-84.803256
-91.587517
-89.043419
-90.739484
-88.619403
-81.411126
-71.658752
-60.210312
-48.761872
-33.497286
-23.744912
-16.960651
-16.112619
-10.600407
-5.088195
1.696065
12.720488
24.168928
39.433514
50.881954
58.090231
56.394166
58.514247
54.698100
49.185889
47.913840
40.281547
41.553596
36.465400
32.225237
27.561058
17.808684
16.960651
12.720488
0.848033
-13.144505
-21.200814
-28.409091
-40.705563
-49.609905
-56.394166
-57.666214
-57.666214
-56.818182
-57.242198
-56.818182
-57.242198
-57.242198
-65.722524
-64.026459
-57.666214
-54.698100
-43.673677
-29.681140
-16.960651
-5.088195
10.176391
20.352782
29.257123
33.073270
42.401628
51.305970
58.514247
71.234735
87.347354
97.947761
104.732022
109.820217
115.756445
109.820217
104.732022
97.947761
90.315468
90.739484
86.499322
80.139077
75.050882
71.234735
58.090231
38.161465
18.656716
2.544098
-21.624830
-36.889417
-47.065807
-58.938263
-66.146540
-71.234735
-80.563094
-81.411126
-86.075305
-90.315468
-90.315468
-97.947761
-105.580054
-105.580054
-98.371777
-96.675712
-85.651289
-73.778833
-62.330393
-43.673677
-33.497286
-25.864993
-13.144505
-2.544098
9.328358
24.592944
35.617368
56.818182
75.898915
89.043419
101.763908
107.276119
106.428087
100.067843
92.011533
84.803256
71.658752
65.298507
66.146540
59.786296
47.489824
30.105156
16.536635
2.968114
-13.144505
-25.016961
-40.281547
-51.729986
-60.210312
-69.538670
-75.898915
-80.563094
-84.379240
-90.315468
-95.827680
-104.732022
-106.428087
-106.852103
-105.156038
-98.371777
-93.283582
-80.563094
-66.146540
-55.122117
-42.401628
-32.649254
-19.080733
-2.120081
15.688602
30.953189
53.850068
66.146540
75.898915
82.259159
82.683175
89.891452
90.739484
87.771370
81.835142
78.443012
72.506784
74.626866
72.082768
65.722524
60.210312
54.698100
45.369742
36.465400
27.137042
22.048847
16.112619
10.176391
4.664179
0.000000
-0.424016
0.000000
-2.544098
-11.024423
-17.808684
-25.016961
-29.681140
-35.617368
-40.705563
-41.129579
-40.705563
-41.129579
-40.705563
-41.129579
-40.281547
-32.649254
-25.440977
-16.536635
-7.208277
-0.424016
0.000000
3.392130
9.752374
7.208277
10.600407
16.112619
16.536635
16.536635
16.112619
16.536635
22.048847
30.953189
33.073270
39.857531
41.553596
35.617368
32.225237
33.921303
28.833107
24.592944
32.649254
25.440977
24.592944
18.656716
5.936228
-5.512212
-21.624830
-41.129579
-55.970149
-65.722524
-74.626866
-77.594980
-86.499322
-84.379240
-85.651289
-91.163501
-89.467436
-97.947761
-94.979647
-86.499322
-78.867028
-71.658752
-61.906377
-50.033921
-34.345319
-16.960651
-4.240163
8.056309
18.232700
27.561058
32.225237
36.041384
42.401628
47.913840
57.666214
66.570556
64.450475
71.234735
73.778833
74.202849
70.810719
65.298507
66.146540
58.938263
53.850068
48.761872
41.129579
28.409091
18.656716
11.024423
-1.272049
-9.328358
-19.080733
-25.864993
-23.320896
-28.833107
-33.497286
-32.225237
-33.073270
-31.801221
-22.048847
-13.144505
-6.360244
4.240163
8.904342
8.056309
8.480326
7.632293
11.024423
18.232700
22.896879
25.864993
19.928765
16.112619
14.416554
7.632293
8.480326
7.632293
8.056309
8.056309
8.056309
8.056309
13.144505
17.384668
15.688602
17.384668
11.024423
7.632293
8.480326
8.480326
8.056309
8.480326
7.208277
-0.848033
0.424016
-0.848033
3.816147
9.328358
7.632293
8.904342
0.848033
-0.424016
-0.424016
0.424016
-0.424016
0.424016
-5.512212
-17.808684
-26.289009
-32.649254
-33.073270
-40.705563
-41.129579
-47.913840
-43.673677
-41.553596
-51.729986
-44.521710
-41.553596
-38.161465
-32.649254
-31.801221
-24.592944
-14.416554
-7.632293
-1.696065
6.360244
13.144505
21.200814
28.833107
33.497286
32.225237
33.073270
32.225237
33.497286
30.105156
24.168928
25.016961
24.592944
22.472863
13.568521
5.512212
-8.056309
-15.688602
-18.656716
-25.016961
-24.592944
-23.744912
-29.681140
-33.497286
-32.649254
-32.649254
-33.497286
-32.225237
-33.921303
-29.681140
-24.168928
-23.320896
-15.688602
-5.936228
5.088195
10.600407
15.688602
22.472863
25.016961
25.864993
36.465400
44.945726
49.185889
49.185889
48.761872
49.609905
46.641791
39.009498
30.953189
25.440977
19.928765
11.024423
7.208277
8.904342
2.120081
-7.632293
-11.448440
-24.592944
-32.225237
-41.553596
-36.465400
-32.649254
-30.105156
-24.168928
-24.592944
-30.953189
-33.497286
-24.592944
-25.016961
-24.168928
-25.440977
-19.504749
-15.688602
-16.112619
-7.208277
-1.696065
4.664179
8.904342
8.056309
16.536635
11.872456
9.752374
20.776798
23.744912
26.713026
33.073270
33.073270
32.225237
33.073270
32.225237
33.497286
26.713026
24.168928
24.592944
25.016961
24.168928
25.440977
23.744912
25.864993
20.776798
21.200814
24.168928
16.112619
16.112619
9.328358
3.392130
0.000000
-5.088195
-8.904342
-8.904342
-16.960651
-20.352782
-27.985075
-31.801221
-36.465400
-41.977612
-37.737449
-41.129579
-40.705563
-41.129579
-40.281547
-41.129579
-37.313433
-25.864993
-24.168928
-24.592944
-18.232700
-9.752374
-7.632293
-1.272049
0.000000
5.088195
9.328358
14.840570
18.232700
24.168928
25.016961
24.168928
25.016961
24.168928
25.440977
19.080733
16.112619
16.960651
15.688602
16.960651
14.840570
7.632293
8.480326
6.360244
-3.816147
-12.296472
-16.960651
-15.688602
-17.384668
-25.440977
-18.232700
-16.960651
-22.472863
-16.112619
-16.536635
-16.112619
-16.960651
-9.328358
-8.056309
-6.360244
-7.208277
-7.632293
0.424016
-0.424016
0.424016
6.784261
8.904342
