-25.630757
-57.669203
-63.275931
-19.223068
-25.230276
-61.273528
-93.712455
-93.712455
-32.438927
-1.201442
24.028835
40.849019
39.647577
69.283140
66.479776
43.652383
29.235082
-6.007209
-20.424509
-26.431718
-51.261514
-30.436524
-27.232679
-50.060072
-54.865839
-60.472567
-25.630757
27.633160
55.666800
108.530236
147.777333
114.937926
46.856227
16.019223
32.038446
26.031237
23.227873
2.402883
-42.851422
-34.841810
-45.254305
-60.873048
-6.808170
18.422107
76.892271
127.352823
66.079295
80.096115
112.134561
38.846616
8.009612
-38.045655
-103.724469
-113.736484
-158.189828
-150.981177
-68.482179
-40.849019
-27.232679
-5.606728
-18.021626
-7.609131
17.621145
-1.601922
-16.820184
-0.400481
-16.419704
-42.851422
-38.045655
-59.671606
-40.448538
-12.414898
-71.686023
-47.657189
22.426912
22.827393
70.084101
70.885062
38.045655
78.093712
0.000000
-62.074489
-18.422107
-46.856227
-4.805767
54.064878
14.417301
53.664397
74.088907
36.043252
57.268722
47.256708
50.060072
54.865839
-26.431718
-41.249499
-26.832199
-52.863436
-39.647577
-52.863436
-50.861033
-18.422107
-30.837004
-18.822587
12.414898
65.278334
133.360032
117.340809
72.486984
50.460553
19.223068
-8.410092
-24.028835
-38.446135
-32.438927
-38.045655
-55.666800
-42.450941
-2.803364
54.064878
72.887465
19.623548
-24.829796
-40.048058
-94.513416
-128.554265
-101.321586
-68.081698
-24.829796
6.007209
1.201442
32.839407
54.465358
44.453344
47.657189
0.000000
-30.036043
-36.443732
-117.741290
-136.163396
-76.491790
-57.268722
-27.633160
-18.021626
-15.618742
55.266320
93.311974
83.700441
86.103324
78.494193
120.144173
160.993192
110.933120
76.091310
72.086504
62.474970
62.474970
60.072087
54.064878
54.064878
49.659592
34.040849
31.237485
28.033640
-7.208650
-51.661994
-82.098518
-76.491790
-43.251902
-49.259111
-60.072087
-8.009612
22.827393
-2.002403
-73.287946
-160.592711
-174.209051
-124.949940
-71.686023
-18.422107
-4.004806
6.808170
36.443732
-8.009612
-63.676412
-77.292751
-84.901882
-82.098518
-68.882659
-38.846616
12.815378
40.849019
74.088907
129.355226
161.393672
138.566280
69.283140
51.261514
90.108130
143.372046
183.019624
122.146576
40.849019
27.633160
-20.024029
-60.072087
-80.096115
-118.141770
-65.678815
-24.028835
-76.091310
-65.678815
-59.271125
-83.299960
-42.050461
-30.436524
2.803364
79.295154
54.465358
22.426912
17.621145
-30.036043
-46.455747
-57.669203
-78.093712
-59.671606
-64.477373
-92.511013
-107.328795
-86.503805
5.606728
56.868242
45.654786
36.443732
20.824990
38.446135
29.235082
-30.837004
9.611534
62.074489
74.889868
92.511013
36.844213
12.414898
45.254305
-18.021626
-52.062475
-28.434121
-31.637966
2.402883
4.004806
1.201442
44.453344
33.640368
8.009612
9.611534
28.033640
63.275931
59.671606
46.055266
47.657189
60.873048
84.100921
31.637966
-10.012014
30.837004
36.043252
31.237485
16.419704
-17.220665
20.424509
11.213456
-81.297557
-96.515819
-102.523028
-96.115338
-55.666800
-74.889868
-48.057669
0.800961
-21.625951
-30.436524
-23.628354
-16.820184
17.621145
20.424509
14.016820
29.635563
14.016820
-17.220665
-42.050461
-68.882659
-66.479776
-74.088907
-110.132159
-130.556668
-123.748498
-83.700441
-44.052863
-37.244694
10.012014
78.494193
52.462956
14.817781
30.036043
40.849019
47.256708
26.832199
-6.808170
4.405286
4.405286
-14.817781
-3.604325
-26.832199
-47.657189
-2.803364
15.618742
33.239888
112.134561
158.189828
171.005206
213.456147
221.065278
218.662395
213.856628
132.959551
84.901882
89.307169
31.237485
-15.618742
-45.254305
-86.103324
-44.052863
-16.019223
-40.048058
12.014417
38.045655
23.628354
65.278334
67.681217
54.865839
62.474970
14.817781
-15.618742
-39.247097
-82.498999
-76.091310
-78.494193
-102.923508
-96.115338
-93.311974
-101.321586
-64.076892
-2.002403
36.443732
34.441330
12.014417
-22.827393
-26.431718
-6.808170
-11.213456
-22.426912
-50.861033
-83.299960
-100.921105
-144.173008
-136.563877
-75.290348
-61.674009
-46.055266
-42.851422
-73.688426
-49.659592
-3.203845
35.242291
64.877853
28.434121
-1.601922
-14.817781
-76.091310
-90.508610
-61.273528
-86.904285
-97.316780
-101.722066
-134.961954
-138.165799
-163.796556
-202.643172
-187.024429
-199.839808
-231.878254
-193.832599
-169.403284
-124.148979
-57.268722
-89.307169
-117.340809
-123.748498
-158.590308
-120.945134
-78.494193
-68.081698
21.625951
110.532639
141.369644
173.007609
205.046055
253.904686
303.964758
310.372447
339.607529
384.060873
386.063276
409.691630
455.346416
492.591109
525.030036
550.260312
559.871846
565.478574
580.296356
564.677613
503.003604
436.924309
400.881057
353.223869
287.945535
223.868642
170.204245
145.774930
121.746095
94.112936
84.901882
102.122547
120.544654
105.326392
61.273528
47.657189
73.688426
73.287946
32.038446
-29.235082
-126.551862
-259.110933
-406.888266
-557.869443
-685.622747
-802.563076
-932.719263
-1061.273528
-1161.794153
-1219.863837
-1255.106127
-1297.957549
-1314.777733
-1277.132559
-1224.269123
-1173.007609
-1101.321586
-1016.019223
-910.292351
-800.160192
-718.462155
-636.764117
-527.432920
-397.677213
-308.370044
-247.897477
-134.961954
4.805767
112.134561
236.283540
383.259912
522.627153
668.802563
808.970765
959.951942
1124.949940
1251.501802
1350.020024
1408.490188
1419.303164
1462.154586
1484.181017
1406.888266
1313.175811
1221.065278
1075.290348
928.313977
806.567881
708.450140
655.586704
625.150180
605.526632
590.708851
579.895875
588.305967
575.891069
529.835803
503.003604
503.003604
469.363236
415.298358
378.854626
320.784942
234.281137
156.988386
83.700441
-12.414898
-120.945134
-238.285943
-377.653184
-548.257909
-726.071286
-894.673608
-1089.707649
-1284.741690
-1438.926712
-1577.492992
-1697.236684
-1784.541450
-1806.968362
-1768.121746
-1703.644373
-1590.708851
-1431.718062
-1273.127753
-1094.913897
-899.879856
-732.078494
-564.277133
-371.245495
-196.235483
-37.244694
77.693232
114.537445
144.973969
168.602323
179.415298
197.036444
182.218662
166.199439
205.046055
235.482579
275.530637
331.597918
347.617141
354.825791
355.626752
362.434922
384.461354
382.458951
360.432519
308.770525
224.669604
111.333600
-21.225471
-140.568682
-211.854225
-238.686424
-239.487385
-231.077293
-191.029235
-42.851422
175.410493
407.288746
652.382859
897.076492
1132.158590
1350.420505
1514.217060
1633.159792
1719.663596
1757.308771
1778.133761
1785.342411
1737.284742
1646.776131
1529.435322
1364.036844
1193.832599
1049.259111
886.663997
708.850621
543.852623
392.871446
235.482579
55.666800
-148.978775
-345.614738
-534.241089
-744.893873
-958.750501
-1175.010012
-1390.869043
-1582.298759
-1762.114537
-1940.328394
-2059.671606
-2136.563877
-2190.228274
-2188.626352
-2147.777333
-2054.865839
-1912.294754
-1750.100120
-1530.236284
-1275.130156
-1025.630757
-760.112135
-509.411294
-260.312375
24.429315
265.518622
449.339207
584.701642
662.394874
725.670805
735.282339
678.414097
607.128554
496.195435
350.420505
221.866239
92.511013
4.004806
-48.057669
-130.556668
-196.235483
-220.264317
-239.086904
-221.065278
-191.830196
-175.010012
-152.182619
-137.364838
-117.741290
-76.892271
-8.009612
82.498999
177.412895
243.091710
321.986384
460.953144
634.361233
800.160192
969.963957
1150.180216
1338.005607
1528.634361
1712.454946
1897.877453
2068.882659
2196.635963
2255.907089
2238.285943
2189.427313
2127.753304
2026.832199
1870.244293
1665.999199
1430.917101
1151.381658
822.587105
470.564678
121.345615
-234.281137
-581.497797
-943.932719
-1302.362835
-1591.109331
-1841.009211
-2084.901882
-2279.935923
-2427.312775
-2536.643973
-2615.538646
-2659.191029
-2627.953544
-2537.044453
-2421.706047
-2291.549860
-2149.379255
-1970.764918
-1748.498198
-1525.430517
-1309.171005
-1072.887465
-816.579896
-559.871846
-322.386864
-71.285543
228.674409
525.430517
774.529435
985.182219
1168.201842
1330.396476
1436.123348
1446.135362
1390.068082
1293.952743
1126.952343
903.083700
647.977573
392.070485
162.194634
-96.115338
-362.835402
-559.471366
-709.651582
-808.570284
-847.416900
-860.232279
-794.152984
-659.191029
-530.236284
-362.835402
-142.571085
93.712455
329.995995
518.622347
681.217461
903.884662
1105.726872
1274.329195
1460.552663
1605.927113
1752.903484
1890.268322
1974.369243
2075.690829
2205.446536
2311.974369
2387.264718
2415.298358
2404.084902
2372.847417
2269.523428
2092.110533
1888.265919
1630.756908
1293.952743
895.875050
445.334401
-21.625951
-503.404085
-1036.043252
-1580.296356
-2087.304766
-2532.639167
-2915.899079
-3239.487385
-3480.576692
-3590.708851
-3604.725671
-3556.267521
-3417.300761
-3205.446536
-2931.117341
-2617.941530
-2290.348418
-1933.920705
-1569.082899
-1242.290749
-941.529836
-667.200641
-422.507008
-179.815779
46.055266
248.297958
475.370445
708.850621
938.325991
1167.000400
1367.240689
1541.049259
1684.821786
1738.486183
1724.869844
1682.418903
1571.485783
1398.478174
1155.786944
840.608730
494.193032
130.156187
-250.700841
-604.725671
-924.709652
-1198.638366
-1392.871446
-1503.804565
-1525.030036
-1450.941129
-1306.768122
-1102.523028
-823.388066
-496.996396
-145.374449
231.477773
619.543452
1004.805767
1367.240689
1682.418903
1932.318783
2132.959551
2285.142171
2400.080096
2488.586304
2531.437725
2568.682419
2611.934321
2637.164598
2655.586704
2660.392471
2632.358831
2578.694433
2480.977173
2310.372447
2056.067281
1724.469363
1329.595515
881.858230
372.046456
-200.240288
-826.992391
-1469.763716
-2085.302363
-2670.804966
-3204.245094
-3668.402082
-4050.060072
-4305.566680
-4433.720465
-4456.147377
-4352.823388
-4146.976372
-3843.011614
-3438.926712
-2989.987986
-2509.010813
-2020.024029
-1549.058871
-1097.316780
-683.219864
-309.571486
35.242291
354.024830
632.358831
883.860633
1102.122547
1294.753704
1485.782940
1665.598718
1816.579896
1909.891870
1943.932719
1928.313977
1872.246696
1761.313576
1566.680016
1302.763316
977.172607
610.332399
233.880657
-150.580697
-545.054065
-917.501001
-1249.098919
-1518.622347
-1698.037645
-1794.953945
-1799.759712
-1697.236684
-1490.989187
-1203.844614
-851.822187
-455.746896
-20.824990
440.128154
910.692831
1356.427713
1764.116940
2126.952343
2451.742091
2745.694834
2975.570685
3145.774930
3269.923909
3342.410893
3379.655587
3384.861834
3350.020024
3272.326792
3119.743692
2921.906288
2676.011213
2366.439728
1982.779335
1544.253104
1068.482179
551.061274
-41.649980
-712.855427
-1403.684421
-2089.707649
-2718.061674
-3305.566680
-3872.246696
-4355.226272
-4717.260713
-4959.551462
-5048.458150
-5023.628354
-4885.863036
-4613.135763
-4261.513817
-3819.783740
-3282.338807
-2714.056868
-2128.153785
-1545.855026
-997.597117
-468.161794
24.829796
459.351221
864.637565
1245.895074
1577.092511
1855.426512
2079.695635
2267.120545
2430.917101
2542.250701
2550.660793
2481.377653
2355.626752
2162.995595
1915.098118
1579.094914
1182.218662
756.507809
311.974369
-135.362435
-569.082899
-977.973568
-1337.605126
-1633.159792
-1857.829395
-1988.386063
-2020.824990
-1961.153384
-1820.985182
-1573.888666
-1229.475370
-835.402483
-420.104125
29.635563
511.814177
1004.805767
1472.567080
1886.263516
2270.724870
2629.555467
2937.925511
3200.640769
3412.895475
3585.502603
3720.865038
3796.555867
3798.157789
3742.891470
3637.164598
3461.353624
3211.453744
2856.227473
2418.502203
1916.299559
1349.219063
721.665999
37.645174
-696.435723
-1449.339207
-2194.233080
-2899.879856
-3532.238686
-4098.518222
-4581.497797
-4955.146175
-5205.847016
-5323.988787
-5302.362835
-5171.405687
-4911.093312
-4524.629555
-4054.465358
-3528.233881
-2963.956748
-2380.857028
-1794.553464
-1228.273929
-680.416500
-144.573488
350.420505
812.975571
1230.676812
1591.109331
1909.891870
2204.245094
2444.533440
2619.142972
2724.068883
2748.898678
2691.629956
2561.073288
2356.027233
2086.103324
1748.898678
1331.597918
876.651982
398.478174
-87.304766
-561.073288
-1020.824990
-1430.116139
-1768.121746
-2023.628354
-2168.201842
-2200.640769
-2121.746095
-1931.918302
-1656.788146
-1293.151782
-852.222667
-366.840208
139.367241
647.577093
1141.369644
1619.943933
2074.088907
2488.185823
2851.421706
3165.398478
3434.120945
3653.584301
3822.987585
3955.546656
4037.244694
4050.460553
3993.992791
3871.445735
3665.999199
3368.442131
2985.582699
2496.595915
1926.311574
1283.540248
562.675210
-225.871045
-1044.453344
-1853.824590
-2628.354025
-3364.437325
-4048.057669
-4641.169403
-5121.746095
-5473.768522
-5668.802563
-5731.277533
-5658.790549
-5452.142571
-5129.755707
-4709.651582
-4197.837405
-3619.943933
-3001.201442
-2365.638767
-1736.884261
-1118.942731
-523.027633
42.851422
570.684822
1058.069684
1493.792551
1895.074089
2255.907089
2575.490589
2844.213056
3038.846616
3148.578294
3169.803765
3099.719664
2951.942331
2723.267922
2397.677213
1987.184622
1493.792551
954.345214
385.262315
-191.029235
-748.097717
-1269.523428
-1735.682819
-2112.535042
-2388.065679
-2544.253104
-2571.886264
-2470.564678
-2244.693632
-1905.887064
-1479.775731
-973.968763
-422.907489
154.585503
738.886664
1281.537845
1783.740489
2237.484982
2642.771326
2985.582699
3266.720064
3504.605527
3691.629956
3842.210653
3954.345214
4019.623548
4053.263917
4035.242291
3943.932719
3761.313576
3480.176211
3103.323989
2631.958350
2059.671606
1404.885863
670.804966
-149.379255
-1015.618742
-1895.074089
-2746.896276
-3541.049259
-4274.329195
-4927.112535
-5459.751702
-5835.402483
-6032.038446
-6065.278334
-5960.352423
-5715.658791
-5329.195034
-4830.196235
-4244.693632
-3593.111734
-2889.066880
-2179.815779
-1498.197837
-853.824590
-230.676812
357.228674
891.069283
1374.449339
1798.958751
2181.017221
2519.823789
2795.754906
3010.812976
3174.609531
3272.727273
3286.744093
3198.237885
3015.218262
2758.910693
2421.305567
1974.369243
1448.538246
886.263516
307.569083
-283.139768
-874.249099
-1430.516620
-1914.297157
-2307.969563
-2598.718462
-2784.941930
-2848.217861
-2772.126552
-2571.085302
-2247.496996
-1806.968362
-1272.727273
-678.013616
-57.669203
574.689628
1201.842211
1805.766920
2350.820985
2801.361634
3194.633560
3530.236284
3799.759712
3992.390869
4123.748498
4213.856628
4259.911894
4246.295555
4163.796556
4030.837004
3835.802964
3553.464157
3157.789347
2654.785743
2072.887465
1433.720465
723.267922
-84.100921
-959.951942
-1847.016420
-2713.255907
-3527.833400
-4275.530637
-4937.124549
-5484.981978
-5907.488987
-6173.808570
-6251.902283
-6170.604726
-5952.342811
-5584.301161
-5083.700441
-4473.368042
-3784.941930
-3062.875451
-2333.600320
-1597.517020
-894.673608
-223.868642
393.672407
967.961554
1488.986784
1933.920705
2313.576292
2639.167000
2925.110132
3169.002803
3330.796956
3383.660392
3354.024830
3245.094113
3048.057669
2764.917901
2402.082499
1957.549059
1436.123348
857.829395
257.909491
-333.199840
-918.702443
-1477.773328
-1971.165398
-2385.262315
-2676.011213
-2847.416900
-2907.088506
-2837.404886
-2629.555467
-2300.360433
-1858.630356
-1331.197437
-742.891470
-106.527833
540.248298
1176.611934
1797.356828
2364.437325
2860.632759
3280.336404
3606.728074
3882.258710
4106.127353
4263.115739
4366.439728
4410.492591
4400.480577
4339.207048
4204.245094
4004.004806
3734.881858
3355.226272
2851.021225
2246.696035
1566.279535
836.603925
30.036043
-881.457749
-1822.987585
-2736.083300
-3587.104525
-4351.221466
-5041.649980
-5623.548258
-6062.074489
-6339.207048
-6417.300761
-6319.983981
-6076.491790
-5684.421306
-5173.408090
-4563.075691
-3869.443332
-3125.350421
-2360.432519
-1607.929515
-893.071686
-222.667201
401.682018
973.167801
1495.794954
1959.150981
2350.020024
2670.804966
2950.740889
3192.230677
3387.264718
3499.799760
3506.607930
3418.902683
3235.883060
2966.359632
2601.922307
2128.554265
1552.663196
912.695234
236.283540
-437.324790
-1092.110533
-1706.047257
-2256.307569
-2722.867441
-3063.275931
-3248.297958
-3289.547457
-3199.439327
-2967.961554
-2601.121346
-2108.530236
-1507.008410
-836.203444
-132.158590
588.706448
1280.736884
1934.721666
2537.444934
3059.671606
3488.185823
3828.193833
4079.695635
4261.914297
4390.068082
4458.149780
4469.363236
4431.317581
4355.626752
4229.074890
4055.266320
3830.196235
3527.833400
3115.338406
2575.090108
1923.908690
1199.439327
409.291149
-467.360833
-1424.108931
-2423.708450
-3386.864237
-4251.101322
-5015.218262
-5688.826592
-6229.074890
-6588.706448
-6742.490989
-6677.613136
-6431.718062
-6028.434121
-5476.571886
-4818.181818
-4076.491790
-3271.525831
-2434.921906
-1601.922307
-833.800561
-138.966760
486.583901
1045.254305
1538.646376
1959.150981
2304.365238
2585.903084
2805.766920
2978.374049
3126.551862
3237.484982
3281.938326
3231.878254
3088.906688
2857.829395
2559.070885
2178.614337
1700.841009
1127.753304
486.183420
-175.410493
-830.997197
-1462.154586
-2050.060072
-2571.485783
-2988.386063
-3275.130156
-3407.288746
-3374.849820
-3195.835002
-2883.860633
-2429.315178
-1846.215459
-1158.590308
-413.696436
353.223869
1109.331197
1837.404886
2519.823789
3109.331197
3595.915098
3967.160593
4234.681618
4404.885863
4491.790148
4508.610332
4467.761314
4378.053664
4245.494594
4087.705246
3889.867841
3663.996796
3398.878654
3056.067281
2617.140569
2073.688426
1436.924309
734.481378
-22.426912
-869.443332
-1799.759712
-2762.114537
-3686.423708
-4498.197837
-5217.060473
-5841.810172
-6327.593112
-6637.565078
-6730.476572
-6607.128554
-6298.358030
-5839.407289
-5238.686424
-4521.025230
-3714.857829
-2849.018823
-1972.767321
-1116.539848
-329.595515
363.636364
970.764918
1508.209852
1974.769724
2352.022427
2634.761714
2845.814978
2995.995194
3106.928314
3187.424910
3227.472968
3202.643172
3090.108130
2889.467361
2607.128554
2269.923909
1858.630356
1344.012815
737.685222
70.885062
-602.723268
-1255.506608
-1881.057269
-2450.140168
-2937.525030
-3300.760913
-3507.408891
-3552.262715
-3435.322387
-3166.599920
-2762.915499
-2232.679215
-1584.301161
-839.006808
-58.470164
723.267922
1473.368042
2164.197036
2788.546256
3325.590709
3757.709251
4074.889868
4291.149379
4419.303164
4471.365639
4461.754105
4405.286344
4315.979175
4192.631157
4031.237485
3834.201041
3606.728074
3345.614738
3022.827393
2588.305967
2037.645174
1382.458951
651.181418
-139.367241
-1022.426912
-1994.793753
-2980.776932
-3926.712054
-4766.119343
-5481.377653
-6081.698038
-6518.622347
-6756.107329
-6776.131358
-6560.272327
-6155.786944
-5593.912695
-4888.666400
-4089.307169
-3230.276332
-2340.808971
-1466.960352
-640.368442
106.928314
732.478975
1261.513817
1703.644373
2056.868242
2323.588306
2517.821386
2644.773728
2744.893873
2826.992391
2890.268322
2941.930316
2948.338006
2895.074089
2773.728474
2575.490589
2294.353224
1924.709652
1438.926712
849.018823
179.415298
-523.027633
-1230.276332
-1920.304365
-2556.267521
-3106.127353
-3527.032439
-3783.740489
-3859.831798
-3749.299159
-3453.744493
-2991.589908
-2377.653184
-1640.368442
-804.965959
76.491790
951.141370
1759.711654
2493.792551
3136.163396
3661.994393
4063.676412
4316.379656
4427.713256
4434.120945
4354.825791
4211.053264
4033.640368
3843.412095
3657.989588
3485.382459
3315.178214
3132.559071
2944.733680
2731.678014
2456.948338
2074.889868
1571.886264
967.160593
282.338807
-495.394473
-1388.866640
-2368.842611
-3348.418102
-4260.712855
-5069.283140
-5763.716460
-6317.180617
-6668.402082
-6784.140969
-6660.392471
-6309.171005
-5770.925110
-5067.280737
-4224.269123
-3303.964758
-2348.017621
-1398.077693
-505.406488
288.746496
953.544253
1484.581498
1901.081298
2201.842211
2376.852223
2458.950741
2478.974770
2466.159391
2448.137765
2427.713256
2405.686824
2380.056067
2340.008010
2272.727273
2152.182619
1968.362034
1708.850621
1358.430116
892.671205
329.995995
-287.144573
-937.124549
-1600.320384
-2249.499399
-2830.997197
-3298.758510
-3624.349219
-3780.536644
-3743.291950
-3525.430517
-3128.554265
-2559.471366
-1851.822187
-1028.434121
-137.364838
758.109732
1614.737685
2392.470965
3076.091310
3650.380457
4076.491790
4334.801762
4448.538246
4442.531037
4348.017621
4193.031638
3986.784141
3754.905887
3527.432920
3323.588306
3142.170605
2981.577893
2823.788546
2653.984782
2447.336804
2162.595114
1766.119343
1248.698438
632.358831
-64.877853
-875.851021
-1802.563076
-2792.551061
-3752.503004
-4610.732879
-5346.015218
-5964.757709
-6424.909892
-6658.790549
-6627.953544
-6325.590709
-5841.009211
-5198.237885
-4396.075290
-3493.392070
-2539.046856
-1589.507409
-695.234281
103.724469
775.330396
1290.748899
1678.414097
1972.767321
2154.185022
2226.271526
2223.468162
2187.424910
2159.391270
2145.374449
2149.779736
2175.810973
2205.446536
2219.863837
2207.448939
2134.160993
1981.978374
1726.471766
1329.595515
796.956348
160.993192
-538.646376
-1268.722467
-2022.026432
-2760.512615
-3386.463757
-3844.213056
-4110.132159
-4150.981177
-3972.366840
-3580.696836
-2987.585102
-2223.468162
-1325.590709
-340.008010
655.186223
1589.907889
2416.499800
3121.345615
3692.030437
4094.513416
4318.782539
4376.852223
4297.557068
4120.945134
3899.879856
3643.572287
3385.262315
3168.201842
3004.405286
2896.676011
2842.611133
2825.790949
2817.781338
2786.944333
2688.025631
2476.571886
2112.535042
1585.903084
926.712054
128.153785
-826.191430
-1902.282739
-3027.232679
-4094.112936
-5031.637966
-5835.002002
-6474.569483
-6873.448138
-6981.177413
-6777.733280
-6305.967161
-5640.768923
-4806.968362
-3833.400080
-2789.347217
-1755.306368
-796.555867
48.057669
757.709251
1287.144573
1627.152583
1822.186624
1896.676011
1871.846215
1767.320785
1625.951141
1510.612735
1462.555066
1484.181017
1573.488186
1702.442932
1869.042851
2050.460553
2201.441730
2273.528234
2222.266720
2030.436524
1667.200641
1121.345615
444.933921
-320.784942
-1158.189828
-2021.225471
-2847.416900
-3542.651181
-4041.649980
-4323.588306
-4361.633961
-4140.168202
-3674.008811
-2986.784141
-2111.734081
-1114.537445
-63.275931
976.371646
1940.328394
2780.536644
3455.346416
3939.126952
4226.271526
4321.185423
4250.700841
4051.261514
3764.917901
3418.502203
3077.693232
2784.140969
2567.881458
2455.746896
2414.096916
2462.555066
2581.898278
2711.653985
2824.189027
2870.644774
2782.138566
2517.020425
2051.261514
1411.694033
625.951141
-344.413296
-1475.770925
-2668.001602
-3824.189027
-4856.227473
-5729.275130
-6421.706047
-6851.822187
-6980.376452
-6794.953945
-6308.770525
-5600.320384
-4724.469363
-3712.855427
-2639.167000
-1595.514618
-639.567481
188.225871
857.428915
1325.991189
1575.891069
1670.804966
1649.179015
1529.835803
1357.629155
1179.014818
1046.856227
1003.604325
1052.863436
1195.835002
1438.125751
1726.471766
2014.016820
2261.914297
2412.094513
2435.722867
2293.552263
1956.347617
1413.696436
702.042451
-120.144173
-1013.616340
-1935.923108
-2819.383260
-3544.253104
-4056.067281
-4350.820985
-4378.454145
-4124.549459
-3603.524229
-2860.632759
-1949.138967
-923.107729
141.369644
1169.403284
2108.129756
2907.488987
3515.818983
3905.486584
4104.124950
4128.153785
3989.987986
3731.678014
3411.694033
3057.669203
2726.071286
2469.763716
2323.988787
2290.348418
2343.612335
2484.181017
2686.023228
2901.481778
3073.688426
3166.199439
3105.326392
2821.786143
2314.777733
1631.157389
783.740489
-251.902283
-1456.547857
-2729.275130
-3940.728875
-5014.817781
-5905.086103
-6584.701642
-6999.599519
-7098.918702
-6852.623148
-6304.365238
-5535.042050
-4588.706448
-3507.809371
-2389.267121
-1342.811374
-428.914698
348.017621
969.162996
1362.034441
1525.830997
1522.226672
1424.909892
1267.120545
1078.494193
914.297157
813.376051
816.579896
956.347617
1223.868642
1578.293953
1963.556268
2325.991189
2623.948738
2794.553464
2802.963556
2613.536243
2189.827793
1532.639167
698.438126
-241.890268
-1251.902283
-2272.727273
-3216.259511
-3963.556268
-4470.564678
-4732.078494
-4704.845815
-4367.240689
-3734.481378
-2879.855827
-1880.656788
-793.352022
308.770525
1354.825791
2273.127753
3013.616340
3531.838206
3832.198638
3953.143773
3913.095715
3719.263116
3423.307970
3098.918702
2771.726071
2492.591109
2309.971966
2259.511414
2327.993592
2481.778134
2710.853024
2983.179816
3243.091710
3440.128154
3524.629555
3436.924309
3114.937926
2536.243492
1756.507809
809.771726
-323.187825
-1607.929515
-2942.330797
-4208.249900
-5299.158991
-6177.012415
-6804.965959
-7135.362435
-7133.760513
-6786.944333
-6117.741290
-5232.278734
-4213.856628
-3098.518222
-1989.987986
-982.779335
-116.940328
587.905487
1106.127353
1384.060873
1426.912295
1333.600320
1185.022026
996.796155
790.148178
622.747297
563.476171
655.586704
893.872647
1244.693632
1663.996796
2102.122547
2519.022827
2862.234682
3052.462956
3051.261514
2824.989988
2333.600320
1590.708851
661.193432
-384.060873
-1482.579095
-2583.500200
-3606.327593
-4413.295955
-4929.915899
-5154.585503
-5067.681217
-4647.977573
-3934.721666
-2985.582699
-1887.064477
-712.454946
462.955547
1547.056468
2466.559872
3184.621546
3665.999199
3918.301962
3975.971165
3841.009211
3553.864638
3196.235483
2838.205847
2514.617541
2263.115739
2118.942731
2124.148979
2273.127753
2538.245895
2891.469764
3281.137365
3639.567481
3918.702443
4064.076892
4009.611534
3704.445334
3106.928314
2243.492191
1191.830196
-32.038446
-1408.490188
-2846.615939
-4225.070084
-5420.905086
-6364.036844
-7016.019223
-7344.012815
-7321.185423
-6936.323588
-6217.861434
-5263.516219
-4177.412895
-3020.424509
-1871.846215
-831.798158
20.824990
672.406888
1109.331197
1309.971966
1283.139768
1114.537445
878.253905
605.927113
358.830597
200.640769
184.221065
336.003204
650.380457
1100.120144
1652.382859
2251.101322
2817.380857
3279.935923
3549.058871
3561.473769
3319.183020
2795.754906
1976.371646
921.105326
-293.151782
-1564.677613
-2814.977974
-3971.966360
-4887.064477
-5463.356027
-5711.653985
-5599.519423
-5109.731678
-4283.139768
-3205.046055
-1971.165398
-682.819383
567.480977
1701.641970
2638.766520
3348.418102
3784.140969
3953.143773
3910.692831
3698.037645
3356.027233
2955.947137
2576.291550
2268.722467
2059.271125
1984.381258
2092.511013
2372.446936
2760.112135
3221.465759
3712.054465
4148.177813
4466.960352
4617.140569
4555.066079
4207.048458
3515.818983
2540.248298
1364.837805
8.009612
-1494.993993
-3050.861033
-4535.042050
-5810.572687
-6774.128955
-7395.274329
-7670.004005
-7581.898278
-7119.743692
-6288.746496
-5210.252303
-4036.844213
-2827.793352
-1642.370845
-596.315579
225.871045
807.769323
1165.798959
1296.355627
1185.422507
917.901482
609.531438
317.981578
84.100921
-22.426912
22.426912
246.696035
661.994393
1221.866239
1870.644774
2529.435322
3131.357629
3605.126151
3852.623148
3804.965959
3468.161794
2840.608730
1905.486584
709.251101
-629.955947
-1987.184622
-3295.154185
-4461.754105
-5354.425310
-5887.064477
-6043.652383
-5814.577493
-5213.055667
-4280.336404
-3103.323989
-1795.354425
-453.344013
821.385663
1939.527433
2839.407289
3496.195435
3866.239487
3975.971165
3867.841410
3598.718462
3231.477773
2825.390469
2464.957950
2204.245094
2062.875451
2055.266320
2223.067681
2550.260312
2992.390869
3491.790148
3991.189427
4422.907489
4706.447737
4800.560673
4666.800160
4247.096516
3483.780537
2402.883460
1128.153785
-269.122948
-1780.536644
-3337.605126
-4806.567881
-6033.239888
-6919.903885
-7452.543052
-7643.972767
-7466.159391
-6926.712054
-6048.858630
-4935.923108
-3748.498198
-2563.876652
-1428.914698
-441.329596
307.168602
785.342411
1040.048058
1108.530236
969.162996
661.193432
347.617141
90.508610
-94.112936
-148.177813
-30.036043
275.931117
753.303965
1366.439728
2059.671606
2752.503004
3353.624349
3789.747697
3985.983180
3884.261113
3466.960352
2748.898678
1737.284742
473.768522
-927.913496
-2316.780136
-3609.130957
-4752.102523
-5617.541049
-6087.304766
-6134.961954
-5799.359231
-5108.930717
-4088.506207
-2831.798158
-1471.766119
-117.741290
1151.381658
2225.871045
3047.657189
3599.519423
3883.059672
3907.488987
3714.457349
3384.060873
2994.393272
2593.111734
2245.895074
2037.244694
1980.776932
2058.870645
2290.748899
2696.035242
3210.652783
3758.510212
4265.919103
4679.615539
4935.122147
4951.541850
4727.272727
4240.688827
3410.492591
2251.902283
905.486584
-532.238686
-2052.863436
-3595.114137
-5026.832199
-6199.038847
-7021.225471
-7494.593512
-7595.114137
-7313.976772
-6711.653985
-5801.361634
-4669.603524
-3480.176211
-2323.988787
-1245.094113
-311.573889
372.847417
772.927513
957.949539
973.167801
799.359231
476.171406
149.779736
-81.297557
-222.266720
-229.475370
-44.853825
335.202243
873.848618
1520.624750
2237.885463
2939.927913
3518.221866
3924.709652
4084.501402
3927.112535
3462.555066
2693.231878
1633.560272
333.199840
-1092.511013
-2498.197837
-3789.747697
-4928.714457
-5780.136163
-6225.871045
-6248.698438
-5868.241890
-5150.580697
-4120.945134
-2849.419303
-1468.562275
-98.518222
1174.209051
2252.302763
3076.491790
3628.354025
3900.680817
3921.105326
3734.881858
3401.281538
2992.390869
2593.111734
2253.504205
2053.664397
2012.414898
2110.933120
2361.633961
2762.515018
3279.935923
3831.397677
4335.202243
4740.488586
4985.983180
5000.000000
4756.507809
4249.499399
3441.329596
2307.969563
943.932719
-503.804565
-1986.383660
-3475.770925
-4871.846215
-6037.244694
-6856.227473
-7299.559471
-7386.864237
-7110.933120
-6514.617541
-5648.378054
-4566.279535
-3394.473368
-2264.317181
-1233.880657
-350.820985
301.561874
682.018422
827.392871
807.769323
643.972767
333.600320
-7.208650
-247.496996
-361.233480
-346.816179
-160.592711
215.458550
764.116940
1428.514217
2133.760513
2829.795755
3426.111334
3835.802964
3997.997597
3863.436123
3409.291149
2660.792952
1643.572287
392.070485
-1008.009612
-2392.470965
-3658.390068
-4756.908290
-5602.723268
-6087.705246
-6131.357629
-5781.337605
-5108.129756
-4141.770124
-2930.316380
-1584.301161
-247.897477
971.565879
2025.630757
2856.627954
3418.902683
3704.845815
3738.886664
3575.090108
3270.724870
2898.678414
2529.034842
2210.652783
2006.407689
1970.364437
2086.904285
2324.389267
2702.042451
3202.242691
3739.687625
4245.094113
4648.778534
4904.285142
4954.345214
4740.088106
4276.331598
3561.073288
2534.641570
1236.684021
-161.393672
-1560.272327
-2965.558670
-4319.183020
-5490.588706
-6360.432519
-6853.824590
-6999.599519
-6816.980376
-6319.983981
-5568.281938
-4597.517020
-3493.392070
-2419.303164
-1449.739688
-598.317982
53.664397
451.742091
613.936724
611.133360
497.797357
235.082099
-100.921105
-334.401282
-426.511814
-408.890669
-235.883060
110.933120
620.744894
1255.907089
1934.321185
2605.526632
3187.424910
3583.099720
3752.503004
3656.788146
3240.288346
2538.245895
1587.905487
418.902683
-901.481778
-2239.887865
-3447.737285
-4472.967561
-5281.137365
-5760.112135
-5815.378454
-5482.178614
-4829.795755
-3907.088506
-2754.905887
-1471.365639
-204.645575
945.534642
1943.932719
2731.678014
3254.705647
3505.006007
3511.814177
3342.811374
3078.093712
2748.498198
2409.291149
2128.954746
1971.165398
1985.182219
2146.976372
2402.482980
2762.114537
3223.868642
3720.064077
4175.010012
4516.219463
4721.665999
4730.076091
4489.787745
4012.414898
3327.993592
2398.478174
1217.460953
-97.717261
-1406.487785
-2679.215058
-3905.086103
-4993.592311
-5831.798158
-6334.801762
-6501.001201
-6363.235883
-5953.944734
-5309.971966
-4481.377653
-3503.003604
-2514.617541
-1636.764117
-869.443332
-248.698438
141.369644
305.967161
317.581097
229.074890
42.050461
-234.281137
-456.147377
-517.821386
-456.547857
-278.734481
57.669203
545.855026
1149.779736
1807.769323
2428.514217
2979.175010
3380.456548
3551.862235
3473.768522
3100.921105
2434.521426
1545.454545
467.761314
-765.718863
-2029.235082
-3203.844614
-4183.420104
-4935.923108
-5414.096916
-5507.408891
-5217.861434
-4626.752103
-3784.140969
-2718.061674
-1521.826191
-319.983981
770.925110
1716.059271
2479.775731
3003.203845
3269.523428
3301.161394
3174.209051
2953.143773
2674.409291
2378.053664
2130.957149
1997.597117
2014.016820
2167.000400
2414.096916
2735.282339
3148.978775
3605.126151
4024.429315
4342.010412
4520.224269
4546.255507
4352.823388
3923.908690
3308.770525
2502.603124
1465.758911
253.904686
-990.388466
-2152.583100
-3260.712855
-4304.365238
-5153.784541
-5711.653985
-5940.728875
-5887.865439
-5597.116540
-5093.311974
-4414.096916
-3589.907889
-2692.430917
-1885.062074
-1212.655186
-637.965559
-223.868642
-15.218262
13.616340
-52.863436
-164.197036
-348.818582
-556.267521
-627.152583
-553.864638
-386.063276
-91.710052
342.811374
893.872647
1501.001201
2086.103324
2608.329996
3033.239888
3269.523428
3289.947938
3059.671606
2544.253104
1815.778935
928.714457
-126.151382
-1281.137365
-2410.092111
-3395.674810
-4188.626352
-4783.740489
-5083.700441
-5014.817781
-4643.572287
-4018.422107
-3171.005206
-2149.379255
-1042.851422
36.844213
1000.800961
1818.982779
2464.557469
2888.666400
3098.518222
3101.722066
2976.772127
2788.145775
2539.447337
2278.334001
2093.311974
2029.635563
2098.518222
2248.698438
2472.967561
2810.172207
3223.468162
3634.761714
3995.995194
4249.499399
4365.638767
4346.415699
4118.942731
3670.404485
3038.446135
2209.050861
1200.240288
60.472567
-1102.923508
-2185.022026
-3219.463356
-4184.621546
-4937.124549
-5413.696436
-5596.315579
-5518.622347
-5247.897477
-4780.536644
-4138.966760
-3403.283941
-2619.142972
-1899.078895
-1310.772928
-815.378454
-467.360833
-311.573889
-273.127753
-311.974369
-406.487785
-551.461754
-696.836203
-709.251101
-573.087705
-364.437325
-37.645174
416.499800
942.330797
1521.826191
2080.496596
2563.876652
2933.920705
3106.527833
3078.494193
2826.191430
2314.377253
1621.145374
777.733280
-233.880657
-1311.974369
-2327.192631
-3218.662395
-3921.105326
-4431.718062
-4684.821786
-4585.903084
-4211.453744
-3621.145374
-2810.172207
-1881.457749
-891.069283
77.693232
930.316380
1662.394874
2227.472968
2582.298759
2742.891470
2740.889067
2621.545855
2466.159391
2267.120545
2040.849019
1911.894273
1899.479375
1986.784141
2164.997998
2415.298358
2754.104926
3149.779736
3517.821386
3841.810172
4082.899479
4196.235483
4157.388867
3917.901482
3480.176211
2898.277934
2159.391270
1247.096516
205.446536
-879.054866
-1877.853424
-2785.342411
-3645.975170
-4355.226272
-4815.778935
-5023.628354
-4987.585102
-4772.126552
-4390.068082
-3866.639968
-3267.521025
-2626.752103
-2011.213456
-1509.411294
-1110.132159
-828.594313
-708.450140
-680.416500
-702.843412
-759.311173
-840.208250
-931.117341
-901.481778
-710.452543
-436.523829
-75.690829
392.470965
927.112535
1494.193032
2028.434121
2489.387265
2844.613536
3019.623548
2991.990388
2762.915499
2325.190228
1714.056868
947.537044
46.055266
-922.707249
-1878.253905
-2710.052062
-3368.041650
-3883.460152
-4181.818182
-4189.827793
-3940.728875
-3460.152183
-2796.555867
-2010.412495
-1146.575891
-305.566680
473.768522
1191.830196
1747.697237
2111.333600
2325.991189
2392.070485
2352.422907
2260.312375
2127.753304
1979.975971
1878.253905
1869.443332
1978.374049
2155.386464
2380.857028
2691.229475
3048.858630
3379.255106
3676.011213
3930.316380
4067.280737
4051.261514
3869.443332
3531.037245
3066.479776
2455.346416
1672.807369
758.510212
-229.875851
-1173.808570
-2039.647577
-2891.469764
-3669.203044
-4246.295555
-4588.706448
-4707.649179
-4663.996796
-4471.766119
-4110.933120
-3643.171806
-3106.527833
-2529.034842
-2029.235082
-1621.545855
-1273.928714
-1053.263917
-931.517821
-875.851021
-881.858230
-893.472167
-928.313977
-921.105326
-750.500601
-497.797357
-197.036444
219.463356
714.857829
1246.295555
1781.337605
2247.897477
2646.776131
2899.078895
2919.102924
2776.131358
2444.132960
1891.069283
1177.813376
321.185423
-633.960753
-1566.279535
-2400.480577
-3098.918702
-3633.560272
-3981.978374
-4028.434121
-3776.932319
-3340.408490
-2733.279936
-1970.364437
-1134.561474
-302.763316
458.550260
1112.134561
1630.756908
1959.951942
2130.556668
2178.614337
2106.127353
1992.791350
1873.448138
1744.092911
1679.215058
1730.476572
1889.867841
2134.961954
2430.516620
2784.140969
3190.628755
3550.660793
3844.613536
4095.314377
4209.050861
4152.583100
3938.726472
3549.058871
3027.232679
2378.854626
1568.281938
645.174209
-327.993592
-1259.110933
-2089.707649
-2903.484181
-3644.373248
-4173.408090
-4474.169003
-4572.286744
-4531.037245
-4347.216660
-4001.201442
-3562.675210
-3079.695635
-2575.490589
-2146.175410
-1796.155386
-1492.190629
-1297.156588
-1198.237885
-1143.772527
-1114.937926
-1073.688426
-1040.448538
-962.354826
-714.857829
-386.063276
-21.225471
447.737285
972.767321
1518.622347
2054.465358
2504.205046
2852.222667
3048.858630
3020.824990
2849.419303
2495.794954
1894.673608
1162.595114
315.578694
-632.358831
-1553.464157
-2376.451742
-3078.894674
-3612.334802
-3975.170204
-4057.268722
-3824.589507
-3430.116139
-2881.457749
-2151.782139
-1364.437325
-563.876652
211.854225
867.040449
1393.672407
1768.922707
1981.577893
2087.705246
2067.681217
1981.577893
1912.294754
1829.795755
1779.335202
1842.611133
2011.213456
2255.106127
2555.466560
2887.464958
3269.122948
3632.358831
3935.122147
4169.002803
4280.736884
4225.070084
4012.414898
3651.581898
3139.767721
2480.576692
1688.426111
800.560673
-167.400881
-1119.343212
-1961.153384
-2744.493392
-3470.164197
-4032.438927
-4390.068082
-4535.042050
-4504.605527
-4356.027233
-4073.287946
-3683.620344
-3256.307569
-2769.323188
-2327.192631
-1993.592311
-1693.632359
-1481.377653
-1358.029636
-1263.916700
-1196.235483
-1117.741290
-1035.642771
-939.527433
-709.651582
-355.226272
22.026432
478.574289
989.987986
1504.605527
2032.839407
2491.790148
2828.594313
3029.635563
3031.237485
2854.225070
2510.612735
1952.342811
1249.899880
443.331998
-455.746896
-1354.825791
-2177.412895
-2876.651982
-3404.885863
-3752.102523
-3886.663997
-3744.893873
-3393.672407
-2891.069283
-2230.676812
-1503.003604
-769.323188
-61.674009
544.653584
1040.448538
1407.689227
1617.941530
1720.865038
1730.877052
1682.418903
1656.788146
1655.586704
1682.018422
1791.349620
1999.199039
2299.559471
2650.780937
3017.220665
3400.080096
3753.704445
4014.817781
4186.623949
4250.700841
4169.403284
3940.728875
3546.255507
3016.019223
2394.873849
1696.836203
929.515419
94.913897
-755.306368
-1513.816580
-2165.798959
-2770.524630
-3302.362835
-3695.634762
-3918.301962
-3978.774529
-3949.939928
-3852.623148
-3643.972767
-3384.060873
-3094.112936
-2774.929916
-2510.612735
-2270.324389
-2038.446135
-1867.440929
-1720.464557
-1563.876652
-1403.283941
-1186.223468
-958.750501
-715.258310
-331.197437
112.134561
544.653584
1014.817781
1480.977173
1921.505807
2320.384461
2592.310773
2753.704445
2792.150581
2641.169403
2344.413296
1907.488987
1315.178214
642.370845
-78.894674
-857.428915
-1602.723268
-2243.892671
-2748.898678
-3102.523028
-3324.789748
-3370.044053
-3188.225871
-2845.014017
-2409.691630
-1866.239487
-1281.537845
-705.646776
-153.384061
338.005607
753.303965
1049.659592
1239.487385
1368.442131
1450.540649
1518.622347
1617.941530
1729.675611
1867.841410
2060.472567
2335.602723
2662.394874
2983.980777
3296.355627
3590.708851
3818.982779
3962.755306
4041.649980
4015.618742
3848.618342
3539.847817
3119.343212
2634.361233
2079.295154
1439.727673
746.095314
-1.201442
-734.481378
-1370.845014
-1962.755306
-2545.054065
-3048.057669
-3422.507008
-3664.397277
-3792.551061
-3851.421706
-3802.963556
-3660.392471
-3494.993993
-3260.312375
-2975.170204
-2724.068883
-2466.559872
-2211.453744
-1998.798558
-1774.529435
-1534.641570
-1270.324389
-993.191830
-733.680416
-419.303164
-21.225471
391.269523
800.160192
1221.465759
1626.752103
1982.378855
2276.732078
2490.588706
2605.126151
2586.303564
2438.926712
2162.595114
1750.901081
1247.496996
686.423708
42.450941
-658.790549
-1356.427713
-1958.350020
-2446.135362
-2857.428915
-3142.170605
-3255.907089
-3199.839808
-2976.371646
-2617.941530
-2164.597517
-1636.764117
-1084.901882
-517.420905
25.630757
486.984381
869.443332
1189.827793
1414.096916
1567.480977
1700.841009
1820.584702
1936.323588
2070.084101
2229.074890
2443.732479
2693.632359
2933.520224
3187.424910
3434.921906
3623.548258
3746.095314
3808.169804
3784.541450
3678.013616
3472.567080
3130.556668
2699.639567
2201.842211
1631.557869
1018.021626
368.041650
-344.012815
-1023.628354
-1632.759311
-2214.657589
-2726.071286
-3148.978775
-3488.185823
-3695.634762
-3784.541450
-3790.548658
-3668.802563
-3502.603124
-3327.593112
-3060.472567
-2769.723668
-2520.224269
-2255.506608
-2021.625951
-1811.373648
-1574.689628
-1348.818582
-1082.899479
-791.349620
-523.428114
-188.225871
213.856628
586.704045
975.570685
1378.454145
1720.064077
1993.992791
2198.237885
2335.202243
2386.864237
2286.343612
2065.678815
1774.529435
1372.046456
875.450541
344.813777
-222.667201
-853.023628
-1470.164197
-1983.580296
-2412.494994
-2768.121746
-2991.189427
-3060.472567
-2989.987986
-2781.738086
-2439.327193
-1973.968763
-1476.972367
-994.393272
-458.950741
68.482179
494.993993
854.625551
1164.197036
1387.264718
1537.845414
1670.004005
1823.388066
1978.374049
2094.913897
2258.710453
2480.977173
2696.035242
2925.110132
3161.393672
3351.621946
3469.363236
3537.845414
3567.480977
3531.037245
3358.430116
3096.916300
2784.941930
2376.451742
1923.107729
1452.142571
913.896676
329.995995
-274.729676
-845.014017
-1340.008010
-1853.824590
-2352.422907
-2754.505406
-3109.731678
-3356.027233
-3476.972367
-3569.483380
-3579.895875
-3503.404085
-3376.852223
-3145.774930
-2899.078895
-2690.828995
-2402.482980
-2113.736484
-1860.232279
-1541.049259
-1244.693632
-955.546656
-611.133360
-315.979175
-3.604325
362.835402
671.205447
988.786544
1311.173408
1535.843012
1755.706848
1922.707249
1986.784141
2024.829796
1953.544253
1748.097717
1508.610332
1177.813376
760.913096
327.993592
-197.436924
-749.699640
-1245.494594
-1715.258310
-2099.319183
-2394.072887
-2632.358831
-2713.656388
-2637.164598
-2468.562275
-2180.616740
-1815.378454
-1415.698839
-966.359632
-524.629555
-90.108130
337.605126
672.807369
951.541850
1223.468162
1451.742091
1669.603524
1876.251502
2068.081698
2269.122948
2465.358430
2677.212655
2893.071686
3058.470164
3192.631157
3289.947938
3321.585903
3289.947938
3197.436924
3061.674009
2884.661594
2610.332399
2294.353224
1987.985583
1639.567481
1276.331598
885.863036
438.926712
-11.613937
-466.159391
-922.707249
-1348.017621
-1837.004405
-2327.993592
-2724.469363
-3071.285543
-3340.408490
-3523.428114
-3659.591510
-3682.418903
-3598.718462
-3432.118542
-3142.971566
-2822.987585
-2513.015619
-2122.547056
-1713.255907
-1336.804165
-930.716860
-572.687225
-264.317181
27.633160
255.506608
493.792551
736.083300
877.853424
1019.623548
1167.400881
1267.521025
1386.063276
1482.579095
1513.816580
1535.042050
1486.583901
1359.231077
1215.058070
964.757709
623.548258
253.103724
-217.861434
-741.289547
-1224.669604
-1700.841009
-2117.741290
-2466.159391
-2750.901081
-2843.812575
-2778.133761
-2626.351622
-2312.374850
-1901.882259
-1450.540649
-897.877453
-338.806568
191.830196
700.040048
1110.532639
1458.149780
1768.922707
1970.764918
2132.959551
2275.130156
2345.214257
2416.099319
2500.200240
2578.293953
2665.598718
2732.879455
2795.354425
2873.448138
2907.889467
2908.690429
2897.076492
2843.011614
2731.678014
2576.291550
2354.024830
2060.873048
1706.047257
1318.382058
883.460152
375.250300
-173.408090
-729.675611
-1261.113336
-1760.913096
-2267.521025
-2720.064077
-3077.292751
-3356.828194
-3504.605527
-3541.850220
-3533.039648
-3416.499800
-3204.245094
-2937.525030
-2602.723268
-2283.940729
-1967.961554
-1625.951141
-1332.799359
-1053.263917
-761.313576
-541.850220
-349.219063
-145.374449
6.808170
189.026832
383.660392
547.456948
748.898678
937.525030
1113.336003
1324.389267
1478.974770
1582.298759
1674.409291
1651.181418
1519.423308
1316.780136
1011.613937
634.361233
162.194634
-413.295955
-986.383660
-1525.430517
-2030.036043
-2426.111334
-2728.474169
-2917.501001
-2917.100521
-2763.716460
-2469.363236
-2050.060072
-1566.680016
-1024.429315
-451.341610
80.897076
603.524229
1068.882659
1400.881057
1651.581898
1837.404886
1978.774529
2078.494193
2113.736484
2143.372046
2209.050861
2269.923909
2376.451742
2506.607930
2623.548258
2770.124149
2901.481778
2989.987986
3048.858630
3047.256708
3003.203845
2898.277934
2656.387665
2354.024830
2006.007209
1566.279535
1090.909091
567.881458
18.422107
-514.217060
-1063.275931
-1549.859832
-1955.947137
-2367.641169
-2723.668402
-2976.371646
-3157.789347
-3217.460953
-3218.261914
-3186.623949
-3065.278334
-2896.676011
-2673.207849
-2397.677213
-2163.396075
-1935.923108
-1651.181418
-1396.075290
-1162.995595
-929.515419
-706.047257
-475.370445
-257.509011
-73.287946
158.990789
406.487785
609.931918
837.004405
1067.280737
1271.125350
1461.754105
1600.320384
1658.390068
1671.605927
1608.329996
1435.322387
1176.211454
812.174610
390.468562
-28.834602
-527.833400
-1096.515819
-1579.895875
-1981.577893
-2333.199840
-2576.692030
-2717.661193
-2722.867441
-2557.869443
-2319.183020
-1989.587505
-1541.049259
-1074.489387
-590.708851
-84.501402
342.010412
745.294353
1136.163396
1407.288746
1610.332399
1776.531838
1897.476972
2029.235082
2125.350421
2187.024429
2312.374850
2448.137765
2547.456948
2663.596316
2780.937125
2863.035643
2925.510613
2917.501001
2845.814978
2761.313576
2625.951141
2425.710853
2160.993192
1812.975571
1444.533440
1094.513416
708.850621
283.139768
-144.173008
-575.891069
-995.995194
-1365.238286
-1713.255907
-2061.674009
-2395.674810
-2668.402082
-2854.625551
-2952.743292
-3002.803364
-3021.225471
-2953.544253
-2823.788546
-2635.963156
-2390.468562
-2154.185022
-1925.110132
-1652.382859
-1394.873849
-1159.791750
-906.688026
-680.816980
-464.957950
-258.710453
-87.705246
112.535042
356.027233
567.480977
768.522227
983.179816
1180.616740
1370.044053
1517.821386
1579.094914
1593.512215
1535.843012
1365.238286
1099.319183
747.296756
359.231077
-67.280737
-572.286744
-1108.530236
-1582.298759
-1956.748098
-2239.887865
-2442.130557
-2546.655987
-2495.794954
-2299.559471
-1986.784141
-1602.723268
-1184.221065
-719.263116
-262.314778
153.384061
530.236284
853.023628
1115.738887
1315.979175
1422.507008
1520.224269
1662.394874
1783.340008
1917.901482
2077.292751
2247.897477
2470.965158
2689.227072
2849.018823
3002.002403
3077.693232
3055.266320
2986.383660
2794.152984
2530.236284
2270.324389
1909.491390
1494.193032
1111.333600
728.474169
418.902683
156.187425
-132.158590
-354.825791
-549.058871
-753.704445
-905.086103
-1090.108130
-1348.418102
-1624.749700
-1933.920705
-2220.264317
-2446.135362
-2677.212655
-2890.668803
-3021.225471
-3069.683620
-2977.172607
-2779.335202
-2550.660793
-2245.494594
-1870.244293
-1468.161794
-1043.652383
-661.193432
-319.583500
-12.414898
191.429716
326.792151
437.324790
503.404085
540.248298
552.262715
545.454545
593.512215
662.795354
746.095314
847.416900
921.505807
993.191830
1050.060072
1002.402883
872.246696
676.411694
386.463757
18.021626
-443.331998
-956.347617
-1401.682018
-1797.356828
-2151.381658
-2378.454145
-2500.600721
-2451.742091
-2215.458550
-1887.464958
-1467.761314
-955.546656
-433.319984
100.520625
611.133360
1018.422107
1372.046456
1625.550661
1750.100120
1834.601522
1881.858230
1882.258710
1889.467361
1891.870244
1924.709652
2026.431718
2114.537445
2199.439327
2319.183020
2394.873849
2434.120945
2438.926712
2338.806568
2193.031638
2047.657189
1843.812575
1591.509812
1319.183020
1025.630757
790.548658
583.099720
349.219063
152.583100
-48.057669
-278.334001
-471.365639
-674.008811
-931.117341
-1216.259511
-1559.471366
-1887.464958
-2134.160993
-2374.449339
-2586.303564
-2728.073688
-2810.973168
-2761.714057
-2589.106928
-2390.068082
-2133.360032
-1820.584702
-1501.001201
-1160.592711
-860.232279
-629.154986
-414.096916
-273.928714
-216.659992
-176.211454
-176.611934
-169.803765
-119.743692
-77.693232
16.019223
183.420104
374.048859
615.939127
872.246696
1076.491790
1252.703244
1334.401282
1281.938326
1153.784541
897.476972
507.408891
32.839407
-528.634361
-1082.498999
-1544.253104
-1962.354826
-2256.307569
-2402.883460
-2410.893072
-2195.835002
-1831.798158
-1392.871446
-857.829395
-318.382058
204.245094
712.454946
1091.710052
1367.641169
1551.461754
1590.708851
1569.883861
1522.627153
1424.909892
1357.629155
1321.585903
1317.581097
1420.905086
1564.677613
1718.061674
1927.112535
2094.513416
2229.074890
2348.418102
2335.602723
2249.098919
2130.556668
1920.304365
1686.023228
1420.504606
1105.726872
861.834201
654.785743
436.123348
300.360433
170.604726
38.045655
-36.043252
-165.398478
-337.605126
-505.406488
-762.515018
-1058.069684
-1336.804165
-1661.593913
-1924.309171
-2117.340809
-2314.777733
-2405.286344
-2391.670004
-2306.367641
-2117.741290
-1929.114938
-1737.685222
-1472.967561
-1241.890268
-1070.885062
-933.920705
-877.452944
-843.412095
-814.577493
-842.210653
-864.237085
-823.788546
-735.282339
-566.680016
-339.207048
-78.894674
277.132559
674.409291
1013.215859
1294.753704
1507.008410
1619.943933
1611.934321
1421.706047
1084.501402
672.406888
195.034041
-333.199840
-865.038046
-1338.406087
-1689.627553
-1873.848618
-1913.896676
-1832.999600
-1594.713656
-1213.856628
-776.131358
-330.396476
90.909091
465.758911
768.922707
929.915899
948.338006
907.088506
813.376051
675.610733
541.850220
417.300761
372.847417
468.962755
635.162195
873.047657
1187.825390
1514.217060
1863.035643
2153.384061
2321.185423
2426.912295
2421.706047
2275.130156
2049.259111
1738.886664
1404.084902
1136.163396
859.431318
628.754505
515.018022
459.351221
501.401682
613.135763
699.239087
802.963556
880.256308
837.004405
733.680416
536.643973
207.048458
-188.626352
-665.198238
-1179.815779
-1622.346816
-1999.599519
-2329.995995
-2541.850220
-2650.780937
-2626.351622
-2477.773328
-2294.753704
-2092.911494
-1864.637565
-1669.203044
-1523.027633
-1426.111334
-1407.689227
-1416.499800
-1442.130557
-1479.775731
-1488.986784
-1414.096916
-1252.703244
-1006.007209
-672.006408
-285.943132
154.585503
626.752103
1062.074489
1416.499800
1684.821786
1830.196235
1849.419303
1751.301562
1516.219463
1191.029235
824.989988
416.900280
25.230276
-295.554666
-571.485783
-760.913096
-845.014017
-876.251502
-831.798158
-727.673208
-633.560272
-531.838206
-464.957950
-445.334401
-408.890669
-398.077693
-429.315178
-435.722867
-428.113736
-386.463757
-253.504205
-74.088907
142.971566
411.694033
707.248698
1028.033640
1342.811374
1580.696836
1768.522227
1896.275531
1907.088506
1858.630356
1762.114537
1611.533841
1469.363236
1330.396476
1205.446536
1159.391270
1171.005206
1256.307569
1396.075290
1518.221866
1658.790549
1806.167401
1875.851021
1884.661594
1805.366440
1609.931918
1331.597918
959.150981
498.197837
37.645174
-433.720465
-920.304365
-1353.223869
-1740.088106
-2036.844213
-2212.655186
-2338.406087
-2426.111334
-2432.919503
-2401.281538
-2334.000801
-2265.919103
-2258.309972
-2247.496996
-2218.261914
-2242.290749
-2266.319584
-2256.307569
-2232.278734
-2111.333600
-1928.313977
-1714.457349
-1399.679616
-1002.402883
-566.680016
-84.901882
378.454145
822.987585
1261.914297
1622.346816
1889.867841
2089.707649
2181.818182
2162.595114
2060.472567
1865.038046
1611.934321
1311.974369
944.733680
556.267521
184.621546
-182.619143
-526.231478
-836.603925
-1113.736484
-1302.362835
-1398.878654
-1444.533440
-1438.926712
-1375.650781
-1244.293152
-1048.057669
-849.018823
-674.008811
-486.984381
-303.964758
-133.760513
25.230276
149.779736
243.492191
346.415699
464.557469
589.907889
733.279936
897.476972
1078.894674
1271.926312
1465.358430
1653.183821
1813.776532
1929.915899
2008.810573
2056.467761
2062.074489
2027.633160
1968.762515
1903.884662
1847.416900
1774.529435
1677.613136
1571.085302
1463.756508
1364.837805
1255.907089
1114.537445
949.939928
752.503004
527.432920
277.533040
-18.422107
-357.228674
-714.857829
-1083.299960
-1428.113736
-1729.275130
-1996.395675
-2229.074890
-2428.914698
-2569.883861
-2631.157389
-2661.994393
-2704.044854
-2699.639567
-2663.195835
-2610.732879
-2535.843012
-2468.161794
-2359.231077
-2184.621546
-1965.158190
-1683.620344
-1356.427713
-971.966360
-483.380056
30.436524
518.221866
1009.611534
1447.336804
1826.591910
2130.156187
2287.945535
2363.636364
2349.219063
2173.408090
1941.529836
1649.179015
1291.549860
968.762515
625.150180
240.288346
-53.263917
-310.772928
-535.843012
-686.824189
-882.659191
-1032.038446
-1088.906688
-1188.626352
-1257.509011
-1266.319584
-1293.952743
-1245.895074
-1163.396075
-1119.343212
-988.786544
-831.397677
-699.239087
-499.399279
-311.173408
-127.753304
142.571085
375.650781
599.919904
877.853424
1106.928314
1340.808971
1585.903084
1746.495795
1900.280336
2022.426912
2030.837004
2024.829796
1977.172607
1859.431318
1760.112135
1639.967962
1516.219463
1458.550260
1400.080096
1374.449339
1418.502203
1440.128154
1452.943532
1452.943532
1403.684421
1375.250300
1313.976772
1134.160993
891.870244
587.104525
229.074890
-158.189828
-636.764117
-1148.978775
-1588.305967
-1978.774529
-2316.379656
-2586.704045
-2795.354425
-2883.460152
-2859.831798
-2818.181818
-2757.308771
-2666.399680
-2535.442531
-2378.854626
-2269.923909
-2187.424910
-2063.275931
-1914.297157
-1760.512615
-1568.682419
-1327.192631
-1010.412495
-613.135763
-184.221065
259.110933
740.488586
1223.468162
1646.375651
1974.369243
2203.444133
2360.032038
2418.902683
2340.008010
2138.165799
1890.668803
1614.737685
1293.952743
941.129355
565.478574
222.667201
-60.072087
-319.183020
-573.888666
-813.376051
-1025.630757
-1183.019624
-1312.374850
-1448.938726
-1537.845414
-1560.272327
-1536.243492
-1477.773328
-1379.255106
-1233.079696
-1050.861033
-849.819784
-646.375651
-438.526231
-237.885463
-28.434121
187.024429
399.279135
590.308370
793.352022
1010.812976
1200.240288
1374.449339
1549.058871
1685.622747
1765.718863
1826.992391
1851.421706
1853.824590
1845.014017
1810.973168
1794.553464
1798.958751
1784.541450
1804.965959
1834.601522
1796.956348
1747.296756
1671.205447
1541.850220
1414.497397
1248.297958
1047.256708
844.613536
596.716059
333.600320
68.482179
-276.732078
-661.994393
-1026.832199
-1395.274329
-1742.090509
-2051.261514
-2339.607529
-2564.277133
-2732.879455
-2851.822187
-2889.867841
-2911.894273
-2911.894273
-2832.198638
-2734.080897
-2623.948738
-2468.161794
-2287.945535
-2064.877853
-1832.599119
-1583.500200
-1245.895074
-853.824590
-432.919503
56.067281
554.265118
1038.045655
1519.823789
1935.522627
2257.509011
2469.763716
2560.672807
2571.485783
2473.768522
2257.509011
2023.227873
1756.908290
1434.521426
1116.139367
786.944333
464.557469
179.815779
-144.573488
-467.761314
-766.920304
-1079.295154
-1338.806568
-1556.668002
-1799.759712
-1981.978374
-2073.688426
-2102.923508
-2054.465358
-1983.980777
-1865.038046
-1655.186223
-1448.538246
-1225.470565
-962.354826
-726.071286
-461.754105
-171.405687
90.909091
377.653184
673.608330
973.568282
1308.770525
1587.505006
1825.790949
2077.693232
2249.098919
2338.005607
2391.670004
2365.638767
2298.358030
2208.650380
2078.093712
1999.599519
1957.949539
1925.110132
1955.947137
1974.369243
1951.141370
1946.335603
1886.263516
1738.886664
1550.260312
1302.763316
1052.462956
792.951542
468.962755
160.592711
-138.165799
-501.401682
-864.637565
-1239.487385
-1635.162195
-1965.558670
-2255.506608
-2526.631958
-2739.687625
-2922.707249
-3018.822587
-3010.412495
-2983.980777
-2940.728875
-2841.009211
-2722.466960
-2567.080497
-2360.833000
-2144.173008
-1907.488987
-1659.191029
-1385.262315
-1057.268722
-700.841009
-302.763316
175.810973
678.013616
1162.194634
1633.960753
2062.474970
2438.526231
2707.649179
2843.011614
2854.625551
2730.877052
2524.229075
2276.331598
1952.342811
1579.895875
1190.628755
768.522227
362.434922
-50.460553
-459.351221
-814.977974
-1187.424910
-1566.279535
-1875.450541
-2150.180216
-2354.825791
-2475.370445
-2575.090108
-2588.305967
-2507.408891
-2379.255106
-2171.405687
-1945.935122
-1731.678014
-1464.957950
-1202.242691
-957.549059
-667.601121
-363.636364
-9.611534
390.468562
759.711654
1166.199439
1606.728074
2022.026432
2417.300761
2724.068883
2898.678414
3012.414898
3037.645174
2966.359632
2842.611133
2639.167000
2416.499800
2231.878254
2049.659592
1917.501001
1853.023628
1783.740489
1731.277533
1643.572287
1454.144974
1245.895074
1024.028835
752.102523
510.612735
263.516219
36.844213
-71.285543
-143.772527
-228.674409
-319.183020
-533.840609
-839.006808
-1144.173008
-1535.843012
-1898.277934
-2198.237885
-2514.617541
-2723.267922
-2808.570284
-2823.388066
-2672.006408
-2447.737285
-2256.708050
-2035.242291
-1838.606328
-1675.210252
-1471.365639
-1335.602723
-1263.516219
-1139.767721
-1019.623548
-846.615939
-559.871846
-227.072487
194.233080
689.227072
1123.748498
1515.418502
1872.647177
2105.326392
2235.883060
2233.880657
2036.043252
1784.541450
1548.658390
1281.537845
1052.462956
824.989988
580.696836
400.080096
168.602323
-158.590308
-479.775731
-859.431318
-1288.346015
-1678.013616
-2097.717261
-2452.142571
-2646.776131
-2770.925110
-2754.905887
-2606.728074
-2439.327193
-2156.988386
-1830.997197
-1578.694433
-1299.559471
-1046.856227
-827.392871
-559.871846
-317.180617
-36.844213
358.830597
771.325591
1225.070084
1698.037645
2091.710052
2464.557469
2798.558270
2992.791350
3094.913897
3087.705246
2966.760112
2814.577493
2593.111734
2345.614738
2159.791750
1971.565879
1806.968362
1710.452543
1590.708851
1505.406488
1446.135362
1284.741690
1078.894674
809.771726
459.351221
191.830196
-47.256708
-271.525831
-348.418102
-384.461354
-352.422907
-196.235483
-110.532639
-70.484581
-106.127353
-363.235883
-680.816980
-1012.815378
-1407.689227
-1651.581898
-1832.599119
-2011.213456
-1998.398078
-1926.311574
-1805.366440
-1566.279535
-1446.936324
-1400.480577
-1346.415699
-1440.128154
-1508.610332
-1513.015619
-1557.068482
-1466.960352
-1295.955146
-1136.563877
-817.380857
-427.713256
-46.856227
392.871446
716.459752
927.112535
1142.571085
1232.679215
1267.120545
1283.540248
1182.218662
1080.096115
1020.424509
922.707249
857.428915
783.740489
633.159792
478.173809
227.472968
-126.551862
-491.389668
-909.891870
-1329.595515
-1659.591510
-1980.776932
-2219.463356
-2321.185423
-2360.432519
-2261.513817
-2088.506207
-1937.124549
-1727.272727
-1502.603124
-1291.549860
-1023.227873
-790.949139
-567.881458
-274.729676
33.239888
398.878654
803.764517
1173.408090
1564.277133
1936.724069
2227.072487
2473.768522
2636.363636
2726.872247
2783.740489
2761.313576
2669.603524
2524.629555
2320.784942
2125.750901
1939.527433
1724.068883
1508.209852
1265.518622
1029.235082
841.810172
667.601121
515.418502
354.825791
175.410493
41.649980
-86.904285
-235.082099
-327.993592
-394.873849
-388.466159
-271.125350
-151.782139
8.810573
213.856628
334.801762
411.293552
360.432519
107.729275
-155.386464
-426.912295
-694.032839
-824.189027
-939.927913
-1056.067281
-1054.865839
-1079.695635
-1064.076892
-980.776932
-1039.647577
-1131.357629
-1227.873448
-1431.718062
-1569.082899
-1649.179015
-1762.515018
-1725.270324
-1628.354025
-1521.025230
-1268.321986
-1012.414898
-747.296756
-389.267121
-132.959551
41.249499
212.254706
281.938326
371.245495
488.185823
482.178614
462.555066
448.538246
382.859431
406.888266
431.718062
366.439728
315.578694
188.626352
-12.014417
-175.810973
-378.053664
-581.497797
-706.848218
-859.831798
-977.573088
-1010.812976
-1059.671606
-1039.647577
-950.340408
-904.285142
-832.198638
-736.884261
-658.790549
-510.212255
-342.811374
-193.832599
-4.004806
179.415298
374.849820
645.975170
900.680817
1118.141770
1325.991189
1477.773328
1597.517020
1704.445334
1764.917901
1789.747697
1767.320785
1680.016019
1551.061274
1410.893072
1247.096516
1084.501402
961.553865
842.210653
751.301562
710.052062
668.402082
647.176612
666.800160
658.390068
659.191029
662.795354
609.931918
562.274730
517.821386
437.725270
412.494994
428.113736
468.562275
605.526632
765.318382
905.887064
1027.232679
1032.438927
872.647177
573.087705
148.978775
-297.156588
-636.764117
-878.253905
-1029.235082
-1092.110533
-1136.163396
-1169.002803
-1178.213857
-1242.290749
-1384.060873
-1582.699239
-1852.222667
-2124.549459
-2317.581097
-2445.734882
-2463.756508
-2372.046456
-2260.312375
-2083.299960
-1825.390469
-1544.253104
-1211.053264
-871.846215
-618.342010
-383.660392
-170.204245
25.230276
277.533040
526.631958
718.462155
888.265919
999.599519
1064.877853
1156.187425
1215.458550
1189.827793
1107.328795
932.318783
702.042451
507.408891
305.967161
104.525431
-46.055266
-208.249900
-348.017621
-416.900280
-494.993993
-569.883861
-631.157389
-754.104926
-869.042851
-921.906288
-952.342811
-897.877453
-803.364037
-736.483781
-637.965559
-518.221866
-387.665198
-183.420104
28.434121
217.060473
418.101722
580.696836
734.080897
919.903885
1075.690829
1213.055667
1334.401282
1404.084902
1454.144974
1482.579095
1476.571886
1442.130557
1371.645975
1278.734481
1187.424910
1109.331197
1039.647577
995.995194
983.580296
977.573088
928.313977
838.606328
724.869844
587.104525
461.754105
335.202243
222.266720
142.170605
78.093712
37.244694
18.422107
-20.024029
-60.472567
-102.923508
-193.031638
-271.125350
-319.583500
-337.204646
-294.353224
-265.118142
-290.748899
-343.211854
-457.749299
-600.320384
-698.838606
-757.308771
-749.299159
-665.198238
-574.289147
-490.188226
-409.691630
-403.283941
-445.334401
-535.843012
-668.402082
-732.078494
-726.471766
-672.406888
-563.476171
-459.351221
-392.070485
-341.209451
-345.614738
-383.660392
-403.684421
-434.921906
-430.516620
-384.861834
-350.820985
-291.549860
-226.271526
-227.072487
-258.309972
-327.993592
-432.118542
-492.991590
-540.248298
-551.461754
-521.025230
-506.607930
-489.787745
-447.737285
-434.921906
-449.739688
-480.576692
-535.042050
-563.476171
-553.464157
-511.413696
-413.696436
-296.756107
-190.228274
-74.088907
18.822587
87.705246
159.791750
214.657589
242.691229
259.911894
268.321986
294.353224
353.223869
432.519023
526.631958
633.560272
714.457349
771.325591
816.179415
842.210653
859.431318
850.220264
830.596716
819.783740
817.380857
819.783740
818.982779
803.364037
769.323188
717.661193
649.179015
576.692030
509.411294
463.356027
434.120945
390.869043
341.609932
283.540248
220.264317
167.400881
128.954746
104.925911
84.501402
82.899479
88.906688
98.918702
113.336003
115.338406
100.120144
84.901882
55.666800
38.846616
34.841810
32.038446
46.856227
67.280737
89.307169
109.731678
132.158590
148.578294
161.794153
153.784541
115.338406
72.887465
21.625951
-28.434121
-77.292751
-156.988386
-241.489788
-319.583500
-390.468562
-437.324790
-465.358430
-491.389668
-505.006007
-527.032439
-554.665599
-577.893472
-608.329996
-633.960753
-653.984782
-663.596316
-654.785743
-637.965559
-611.934321
-578.293953
-549.459351
-528.233881
-515.018022
-502.202643
-486.984381
-460.953144
-435.322387
-412.494994
-385.262315
-362.034441
-319.583500
-263.115739
-214.257109
-143.772527
-75.290348
-27.232679
27.633160
62.875451
83.700441
103.724469
116.940328
134.160993
167.000400
186.623949
205.446536
239.887865
260.712855
295.554666
328.794553
338.005607
354.825791
368.442131
372.446936
379.255106
374.449339
370.044053
372.847417
368.041650
363.636364
360.032038
351.621946
340.808971
317.981578
278.734481
221.065278
162.194634
107.729275
59.671606
14.417301
-6.407689
-8.410092
6.808170
36.043252
55.266320
82.899479
108.129756
123.348018
141.770124
157.388867
168.201842
183.820585
183.019624
185.022026
192.631157
197.036444
205.046055
207.048458
193.432119
177.813376
177.813376
162.194634
139.367241
118.542251
80.096115
44.853825
7.609131
-26.832199
-42.050461
-80.096115
-121.345615
-156.587905
-210.252303
-265.518622
-308.370044
-360.432519
-403.283941
-427.713256
-446.936324
-444.933921
-436.123348
-430.116139
-408.890669
-394.873849
-383.259912
-343.612335
-301.561874
-246.696035
-193.432119
-163.796556
-139.367241
-118.542251
-116.139367
-109.731678
-108.129756
-102.523028
-72.086504
-34.841810
18.021626
82.098518
138.566280
185.022026
216.659992
222.667201
236.283540
236.283540
217.060473
207.849419
179.815779
150.180216
133.760513
125.750901
131.758110
140.568682
135.762915
131.357629
123.748498
106.127353
91.710052
76.892271
55.666800
35.242291
12.815378
-0.400481
7.609131
13.616340
22.026432
21.625951
8.009612
-1.601922
-16.019223
-47.256708
-83.299960
-121.746095
-149.379255
-160.993192
-159.391270
-137.364838
-100.520625
-66.479776
-32.438927
6.007209
22.026432
40.048058
46.856227
40.048058
49.659592
57.268722
76.491790
98.918702
112.535042
135.762915
163.396075
174.209051
188.626352
193.832599
182.619143
177.012415
155.386464
111.333600
88.105727
58.069684
16.019223
-13.215859
-54.865839
-84.100921
-84.901882
-104.124950
-115.738887
-121.746095
-143.372046
-146.976372
-151.381658
-169.403284
-181.417701
-205.046055
-245.494594
-255.506608
-255.907089
-245.895074
-222.266720
-203.043652
-183.420104
-148.978775
-105.326392
-63.275931
-23.227873
2.402883
27.633160
52.462956
64.877853
80.897076
101.722066
113.736484
120.544654
130.156187
137.765318
154.185022
188.225871
233.480176
265.919103
281.137365
287.144573
282.338807
277.933520
273.928714
269.122948
275.931117
275.931117
269.523428
271.525831
259.911894
233.880657
202.242691
156.988386
94.513416
42.450941
-18.422107
-76.091310
-110.532639
-158.990789
-203.444133
-251.501802
-319.183020
-366.039247
-393.271926
-416.900280
-415.698839
-417.300761
-426.111334
-424.909892
-433.720465
-441.730076
-424.108931
-393.271926
-351.621946
-300.360433
-251.101322
-201.441730
-147.777333
-85.702843
-7.208650
63.275931
117.741290
163.796556
205.046055
249.098919
294.353224
320.384461
340.408490
370.444533
406.087305
451.341610
473.368042
449.739688
404.485382
329.995995
246.295555
170.604726
98.117741
42.050461
12.414898
-25.630757
-52.462956
-66.079295
-86.103324
-96.916300
-121.345615
-181.818182
-251.101322
-312.775330
-364.036844
-366.039247
-345.214257
-331.597918
-317.981578
-329.195034
-326.391670
-271.926312
-215.859031
-167.400881
-126.952343
-132.959551
-133.760513
-95.314377
-47.657189
30.036043
111.333600
160.592711
222.667201
279.134962
307.168602
340.008010
308.370044
166.599920
-28.033640
-209.851822
-229.475370
-12.815378
317.981578
630.756908
786.543853
714.457349
531.037245
340.408490
184.221065
118.942731
123.348018
168.602323
258.309972
339.607529
383.660392
357.228674
215.058070
-15.218262
-247.096516
-395.674810
-402.082499
-253.103724
-61.674009
68.882659
63.275931
-118.942731
-380.857028
-613.135763
-740.889067
-720.464557
-622.747297
-514.217060
-388.866640
-279.535443
-178.614337
-114.537445
-109.731678
-117.340809
-100.120144
-20.424509
130.556668
289.947938
409.691630
481.778134
495.394473
462.555066
418.902683
378.854626
362.835402
360.432519
321.986384
261.513817
205.847016
198.237885
281.938326
368.842611
375.650781
281.537845
87.304766
-98.518222
-217.861434
-305.566680
-355.626752
-399.679616
-425.710853
-396.075290
-350.020024
-325.991189
-347.216660
-451.341610
-596.315579
-717.661193
-791.750100
-772.126552
-662.795354
-513.416099
-336.003204
-173.808570
-52.462956
40.048058
86.503805
58.870645
-29.235082
-149.779736
-229.475370
-160.592711
66.079295
366.840208
606.728074
704.044854
647.977573
530.636764
416.099319
334.801762
295.154185
311.173408
386.864237
501.401682
619.943933
654.785743
567.480977
373.648378
162.995595
11.213456
-58.870645
-37.244694
21.625951
70.484581
92.110533
77.693232
42.050461
-1.201442
-63.676412
-167.000400
-293.952743
-407.288746
-444.933921
-376.451742
-260.312375
-178.614337
-182.218662
-261.113336
-346.415699
-377.252703
-341.209451
-264.317181
-166.599920
-58.870645
67.280737
219.863837
343.211854
393.271926
351.221466
249.098919
164.197036
139.367241
184.621546
270.324389
332.398879
344.813777
325.590709
298.758510
294.353224
297.557068
279.535443
203.444133
72.887465
-62.074489
-141.770124
-146.575891
-105.726872
-66.079295
-71.686023
-111.734081
-171.405687
-248.698438
-347.216660
-472.567080
-573.888666
-603.123748
-567.080497
-480.176211
-409.691630
-409.291149
-462.154586
-527.833400
-565.879055
-551.461754
-494.993993
-412.494994
-316.379656
-225.470565
-141.369644
-55.666800
29.635563
99.319183
136.163396
135.362435
113.336003
101.321586
130.957149
196.235483
261.113336
315.178214
352.823388
388.065679
435.322387
476.571886
486.183420
468.962755
436.523829
410.492591
410.492591
408.490188
394.072887
360.833000
304.765719
248.297958
191.429716
147.376852
125.350421
96.115338
50.460553
-10.812976
-82.098518
-145.774930
-185.422507
-194.233080
-193.031638
-193.031638
-193.432119
-177.012415
-142.571085
-110.132159
-100.120144
-117.340809
-147.777333
-157.789347
-125.350421
-72.887465
-7.609131
43.652383
81.297557
113.336003
142.571085
169.002803
188.626352
200.240288
211.053264
218.662395
228.674409
250.700841
280.336404
309.971966
319.983981
296.355627
253.904686
202.643172
144.173008
95.714858
46.455747
-10.412495
-57.268722
-94.513416
-117.741290
-138.966760
-193.031638
-268.722467
-352.823388
-423.708450
-454.144974
-463.356027
-480.977173
-502.603124
-523.828594
-542.651181
-549.058871
-563.476171
-583.500200
-583.500200
-563.075691
-527.432920
-470.564678
-405.686824
-337.204646
-262.314778
-185.822988
-115.338406
-40.048058
31.637966
96.115338
150.580697
198.638366
249.098919
301.962355
362.434922
421.706047
464.156988
479.775731
478.574289
470.564678
464.957950
450.140168
421.305567
377.653184
329.195034
289.547457
265.919103
254.305166
232.278734
195.835002
147.376852
100.921105
58.870645
16.019223
-34.441330
-93.311974
-134.561474
-149.379255
-154.185022
-134.961954
-100.520625
-67.280737
-32.438927
-23.227873
-34.040849
-44.453344
-46.055266
-26.431718
9.211053
41.649980
81.297557
132.158590
169.803765
207.448939
229.475370
232.679215
231.477773
235.082099
240.288346
246.295555
241.089307
224.269123
195.835002
152.182619
112.535042
84.100921
59.271125
45.254305
33.640368
6.007209
-24.028835
-57.669203
-93.311974
-117.340809
-140.969163
-172.206648
-201.842211
-241.089307
-284.741690
-328.794553
-371.245495
-408.089708
-433.720465
-452.943532
-456.948338
-449.739688
-438.526231
-421.305567
-407.689227
-392.871446
-379.255106
-355.226272
-327.192631
-289.146976
-246.295555
-202.242691
-148.978775
-95.714858
-42.851422
12.014417
52.462956
84.100921
124.949940
174.609531
231.878254
277.533040
295.554666
293.151782
287.545054
294.353224
328.794553
363.636364
380.456548
367.641169
336.003204
302.362835
259.511414
217.861434
184.221065
154.985983
134.561474
124.549459
122.947537
116.139367
108.129756
86.503805
48.458150
0.000000
-46.455747
-74.889868
-68.882659
-39.647577
-16.820184
-2.402883
-0.400481
2.402883
12.414898
24.429315
28.033640
16.820184
5.606728
2.402883
19.223068
47.657189
62.875451
60.472567
47.256708
32.839407
30.837004
38.045655
38.446135
41.249499
47.657189
37.244694
21.625951
4.805767
-8.009612
-7.609131
-8.009612
-7.208650
-9.211053
-29.235082
-46.856227
-60.472567
-74.489387
-90.508610
-106.127353
-117.741290
-122.547056
-128.554265
-138.165799
-145.374449
-162.595114
-184.621546
-205.046055
-227.072487
-246.696035
-242.691229
-224.269123
-198.638366
-165.398478
-144.573488
-138.566280
-143.372046
-157.789347
-162.995595
-162.194634
-156.988386
-129.755707
-85.702843
-44.052863
0.000000
28.434121
39.647577
60.472567
76.491790
85.702843
108.930717
128.554265
152.182619
177.412895
185.822988
177.012415
166.199439
155.786944
154.585503
154.185022
154.985983
153.784541
147.376852
134.961954
120.945134
104.925911
77.292751
64.076892
54.064878
45.254305
49.259111
54.064878
55.266320
62.875451
59.671606
53.664397
51.661994
34.841810
31.237485
25.630757
26.431718
39.247097
46.455747
55.266320
67.280737
68.882659
56.868242
36.844213
10.412495
1.601922
-1.201442
-7.609131
-18.822587
-34.441330
-61.674009
-85.702843
-97.316780
-101.722066
-96.515819
-82.498999
-63.676412
-45.254305
-39.247097
-38.446135
-31.637966
-24.028835
-17.220665
-14.417301
-20.824990
-30.837004
-42.851422
-56.868242
-75.690829
-90.909091
-110.933120
-130.556668
-143.772527
-154.985983
-154.585503
-149.379255
-132.158590
-111.333600
-94.913897
-84.501402
-89.707649
-100.520625
-93.311974
-76.892271
-51.261514
-26.431718
-19.223068
-14.817781
-15.618742
-12.014417
4.004806
19.623548
35.642771
60.472567
80.897076
111.333600
148.578294
180.616740
210.252303
232.278734
244.293152
261.914297
281.938326
294.353224
300.360433
273.928714
226.672006
172.206648
122.146576
80.496596
50.460553
24.429315
-1.601922
-21.625951
-43.652383
-58.470164
-67.280737
-88.906688
-121.345615
-148.177813
-167.801362
-162.995595
-141.770124
-119.743692
-106.928314
-111.333600
-112.535042
-102.523028
-84.501402
-54.865839
-38.446135
-32.438927
-30.436524
-30.837004
-20.024029
-3.604325
16.820184
31.637966
43.652383
58.069684
86.103324
111.333600
131.758110
139.767721
124.148979
94.112936
58.069684
26.031237
7.609131
-0.400481
-8.810573
-27.633160
-50.060072
-78.894674
-98.117741
-112.535042
-135.762915
-165.798959
-198.638366
-221.065278
-224.269123
-212.655186
-199.439327
-183.420104
-178.213857
-157.789347
-122.547056
-104.124950
-99.319183
-104.124950
-118.942731
-124.148979
-117.741290
-109.331197
-98.117741
-81.698038
-58.069684
-18.422107
31.637966
74.489387
113.736484
142.170605
176.211454
204.645575
234.281137
269.923909
295.554666
314.777733
324.389267
318.782539
303.163797
303.964758
309.971966
308.770525
293.952743
256.307569
218.261914
186.623949
156.988386
146.175410
121.345615
84.501402
54.865839
30.036043
10.812976
-8.410092
-40.849019
-78.093712
-126.151382
-170.604726
-195.835002
-216.659992
-228.674409
-236.684021
-240.288346
-234.681618
-218.662395
-197.436924
-174.209051
-162.194634
-169.803765
-169.803765
-150.180216
-99.719664
-29.635563
43.251902
97.316780
123.748498
121.345615
105.726872
89.307169
76.491790
79.295154
89.307169
96.515819
106.928314
107.328795
94.513416
74.489387
49.659592
13.215859
-20.424509
-42.450941
-57.268722
-67.280737
-77.693232
-98.918702
-130.156187
-154.585503
-176.211454
-196.635963
-219.463356
-247.496996
-276.732078
-293.952743
-293.151782
-279.535443
-251.902283
-220.264317
-187.424910
-161.393672
-133.760513
-104.925911
-80.496596
-44.853825
-6.808170
20.824990
40.448538
55.266320
79.695635
122.146576
169.002803
210.652783
240.688827
251.101322
259.511414
263.916700
262.715258
259.911894
243.892671
229.074890
218.261914
216.659992
206.647978
187.024429
170.604726
148.578294
136.964357
132.559071
124.549459
108.930717
89.707649
64.477373
22.426912
-25.630757
-58.069684
-73.688426
-78.093712
-68.482179
-61.273528
-62.074489
-51.261514
-36.844213
-30.436524
-32.038446
-38.846616
-46.455747
-42.050461
-19.223068
8.009612
30.837004
39.647577
31.637966
22.426912
16.419704
11.213456
8.009612
16.820184
22.026432
28.033640
37.645174
34.040849
23.227873
9.611534
-14.817781
-41.249499
-61.674009
-71.285543
-67.681217
-62.474970
-63.275931
-76.091310
-99.719664
-133.760513
-162.194634
-177.012415
-196.635963
-207.448939
-219.863837
-218.662395
-203.043652
-183.820585
-166.599920
-153.784541
-145.774930
-147.777333
-140.969163
-130.156187
-113.336003
-97.717261
-76.091310
-54.865839
-34.040849
-9.611534
23.227873
44.052863
54.865839
63.275931
55.266320
55.666800
67.681217
95.314377
128.153785
156.988386
183.420104
201.842211
203.043652
188.225871
173.007609
149.779736
132.959551
126.952343
118.542251
115.738887
115.738887
106.527833
95.714858
82.498999
55.666800
30.436524
4.805767
-20.824990
-34.040849
-44.853825
-54.064878
-52.462956
-46.455747
-44.052863
-35.642771
-31.237485
-24.829796
-18.021626
-8.410092
5.206247
14.817781
10.412495
6.808170
8.410092
9.611534
25.630757
43.652383
66.079295
95.314377
112.134561
116.539848
115.338406
103.323989
89.307169
84.501402
93.712455
104.124950
112.134561
116.139367
107.729275
95.714858
75.690829
48.458150
16.019223
-16.820184
-53.263917
-77.292751
-99.719664
-109.331197
-108.129756
-106.127353
-100.520625
-114.537445
-132.559071
-148.978775
-167.000400
-175.010012
-178.213857
-177.813376
-169.403284
-157.388867
-148.578294
-140.969163
-138.966760
-146.175410
-147.376852
-141.369644
-125.350421
-98.518222
-72.486984
-55.666800
-40.849019
-31.637966
-21.625951
-5.606728
15.218262
36.844213
51.261514
53.664397
46.455747
42.450941
36.443732
31.237485
30.436524
23.628354
26.031237
41.249499
62.074489
83.700441
104.124950
108.930717
108.129756
116.139367
115.738887
116.539848
113.736484
102.923508
92.110533
81.698038
69.283140
54.064878
41.649980
31.637966
30.837004
30.436524
35.242291
40.048058
32.038446
21.625951
10.812976
-2.803364
-25.630757
-39.247097
-45.654786
-46.455747
-46.455747
-32.038446
-8.810573
4.405286
8.810573
0.800961
-15.218262
-30.837004
-28.434121
-14.817781
14.417301
44.853825
72.086504
91.309571
104.525431
117.340809
122.947537
115.738887
109.331197
108.129756
114.937926
129.755707
132.559071
127.753304
106.928314
72.086504
40.048058
17.220665
4.405286
-4.004806
-16.820184
-37.645174
-65.678815
-92.110533
-116.139367
-129.355226
-144.573488
-163.396075
-176.611934
-177.813376
-177.813376
-178.213857
-187.825390
-202.643172
-209.050861
-207.048458
-187.825390
-163.396075
-136.563877
-118.942731
-102.122547
-92.911494
-85.302363
-70.484581
-53.664397
-36.844213
-19.623548
9.611534
42.851422
77.693232
118.141770
150.981177
154.585503
142.971566
120.144173
91.309571
78.494193
76.892271
71.285543
65.678815
59.271125
46.856227
32.438927
12.014417
-3.604325
-18.021626
-23.628354
-23.227873
-22.827393
-25.230276
-35.242291
-49.659592
-72.086504
-88.506207
-99.719664
-106.928314
-108.530236
-98.117741
-90.909091
-81.297557
-74.489387
-61.674009
-31.637966
9.211053
49.259111
76.091310
84.100921
89.307169
99.719664
116.139367
130.957149
144.973969
158.590308
164.997998
172.607129
179.014818
173.808570
159.391270
149.379255
146.575891
140.969163
138.566280
139.767721
139.367241
133.360032
125.350421
109.331197
86.904285
66.079295
44.453344
23.628354
2.002403
-19.623548
-34.841810
-48.458150
-56.067281
-66.479776
-92.511013
-119.743692
-145.374449
-166.599920
-163.796556
-154.185022
-146.575891
-134.160993
-131.357629
-129.755707
-117.340809
-109.731678
-104.525431
-100.120144
-91.309571
-76.892271
-58.870645
-27.633160
4.405286
28.834602
43.652383
44.052863
38.045655
32.038446
24.429315
17.220665
15.218262
26.031237
42.450941
63.275931
84.100921
79.695635
57.669203
19.623548
-18.422107
-48.858630
-74.088907
-77.693232
-77.292751
-81.698038
-89.307169
-99.719664
-113.336003
-129.755707
-144.573488
-152.583100
-160.993192
-161.393672
-149.379255
-134.561474
-116.139367
-88.906688
-63.676412
-32.438927
-6.407689
5.606728
15.218262
9.211053
6.808170
10.012014
27.633160
58.870645
96.115338
133.760513
160.192231
175.010012
192.230677
201.441730
201.041249
201.441730
211.453744
221.866239
229.475370
232.679215
226.271526
204.645575
177.412895
150.180216
126.952343
108.129756
91.309571
81.297557
70.484581
54.465358
31.637966
11.213456
-10.012014
-32.438927
-48.057669
-65.678815
-82.498999
-95.714858
-110.132159
-120.144173
-124.148979
-128.153785
-137.765318
-145.774930
-147.777333
-144.173008
-136.964357
-127.753304
-112.535042
-96.916300
-78.093712
-59.671606
-50.861033
-42.851422
-34.040849
-26.431718
-19.223068
-12.414898
0.000000
12.815378
26.431718
43.652383
53.664397
54.465358
53.263917
43.652383
37.244694
32.438927
28.834602
22.827393
13.616340
2.803364
-0.400481
-5.606728
-10.412495
-21.625951
-37.244694
-55.666800
-83.700441
-107.729275
-127.352823
-138.566280
-138.966760
-139.767721
-135.762915
-121.345615
-112.935523
-103.323989
-99.719664
-104.124950
-114.937926
-114.937926
-102.523028
-78.894674
-43.652383
-7.609131
30.837004
64.076892
92.911494
116.539848
136.163396
146.575891
157.789347
163.396075
169.002803
177.012415
179.014818
185.422507
185.822988
185.022026
170.604726
157.789347
140.168202
130.556668
126.151382
117.340809
115.738887
109.731678
104.925911
99.319183
92.511013
72.086504
46.055266
13.215859
-17.621145
-44.453344
-64.076892
-79.295154
-94.913897
-104.925911
-108.129756
-97.717261
-88.105727
-80.096115
-77.292751
-77.292751
-82.098518
-85.702843
-84.100921
-86.103324
-79.695635
-76.892271
-76.892271
-66.079295
-61.674009
-62.074489
-62.474970
-70.484581
-76.892271
-77.292751
-77.693232
-68.482179
-45.254305
-25.230276
-1.201442
25.230276
39.247097
52.062475
54.465358
53.664397
54.064878
54.064878
53.664397
54.465358
53.263917
47.256708
34.441330
12.014417
2.002403
-4.805767
-8.410092
-6.808170
-14.016820
-25.230276
-33.239888
-38.846616
-38.446135
-43.251902
-51.661994
-60.472567
-67.681217
-71.686023
-83.299960
-97.717261
-100.520625
-100.120144
-93.311974
-86.503805
-77.693232
-69.683620
-60.472567
-50.460553
-36.443732
-14.817781
16.019223
51.261514
84.100921
116.940328
138.165799
156.587905
162.194634
168.201842
171.005206
169.403284
170.604726
169.803765
168.602323
157.789347
145.374449
129.355226
109.331197
92.911494
78.494193
58.069684
29.635563
14.417301
4.004806
-7.208650
-15.618742
-23.227873
-42.050461
-58.470164
-71.686023
-81.698038
-96.515819
-112.535042
-126.151382
-136.563877
-140.568682
-135.362435
-130.957149
-129.755707
-122.547056
-112.535042
-97.717261
-78.894674
-57.268722
-35.642771
-14.817781
7.208650
19.623548
32.839407
45.254305
56.467761
62.474970
68.081698
69.683620
61.273528
62.474970
59.271125
50.460553
41.649980
36.043252
32.438927
38.846616
46.856227
42.050461
35.242291
21.225471
5.206247
-4.405286
-12.014417
-18.422107
-28.434121
-32.438927
-42.450941
-52.863436
-56.067281
-64.477373
-69.283140
-70.484581
-77.292751
-77.292751
-76.892271
-77.292751
-76.892271
-78.093712
-77.292751
-77.292751
-66.880256
-48.057669
-25.630757
-6.407689
10.012014
25.230276
42.050461
56.467761
69.283140
76.491790
79.295154
84.100921
76.892271
77.693232
84.100921
91.710052
93.311974
92.511013
93.712455
88.906688
84.100921
85.302363
84.901882
79.295154
70.484581
71.686023
78.494193
69.283140
55.666800
38.446135
9.611534
-12.014417
-28.033640
-40.849019
-48.858630
-57.268722
-72.887465
-87.705246
-98.117741
-107.729275
-108.129756
-108.129756
-99.319183
-88.105727
-78.093712
-67.280737
-56.067281
-53.664397
-54.064878
-54.865839
-51.661994
-46.455747
-43.251902
-32.038446
-21.225471
-14.016820
-4.004806
2.803364
15.618742
32.438927
42.450941
52.462956
59.671606
62.474970
61.674009
61.674009
66.880256
70.885062
68.882659
70.084101
64.477373
56.868242
50.460553
37.244694
22.827393
8.009612
-4.004806
-11.213456
-21.225471
-24.829796
-33.239888
-38.446135
-44.453344
-48.858630
-55.666800
-62.074489
-62.074489
-69.683620
-65.278334
-60.873048
-62.474970
-61.273528
-55.266320
-53.263917
-44.453344
-32.839407
-23.227873
-10.412495
6.007209
20.824990
32.038446
40.448538
46.455747
56.067281
66.880256
77.292751
85.702843
92.511013
92.511013
93.311974
86.103324
76.892271
68.882659
56.868242
47.657189
32.839407
22.026432
10.012014
-4.004806
-8.410092
-15.618742
-28.434121
-36.443732
-47.256708
-59.671606
-70.084101
-84.901882
-93.311974
-92.110533
-93.712455
-89.307169
-78.894674
-74.889868
-65.278334
-53.664397
-46.055266
-37.244694
-18.021626
-2.002403
10.812976
21.225471
32.038446
42.450941
53.664397
62.474970
68.882659
69.683620
69.683620
69.283140
71.686023
77.693232
78.093712
74.889868
67.681217
57.669203
47.657189
40.849019
25.630757
16.019223
10.012014
4.405286
-0.400481
-6.808170
-14.016820
-17.220665
-30.837004
-40.849019
-47.256708
-54.064878
-58.870645
-62.875451
-60.873048
-62.474970
-56.868242
-52.863436
-55.266320
-50.460553
-45.654786
-38.045655
-27.232679
-20.024029
-10.812976
-2.402883
-0.400481
2.803364
8.410092
7.609131
8.009612
10.012014
22.426912
30.036043
39.247097
46.455747
46.856227
42.450941
34.441330
27.232679
22.426912
23.628354
22.827393
23.628354
22.827393
23.227873
23.227873
18.021626
12.414898
5.606728
-4.405286
-14.417301
-20.824990
-28.834602
-32.038446
-40.448538
-45.254305
-48.858630
-54.865839
-54.465358
-53.263917
-56.467761
-62.074489
-62.074489
-59.271125
-51.261514
-42.450941
-34.441330
-24.429315
-9.611534
4.004806
16.820184
23.227873
28.033640
35.642771
42.851422
50.060072
56.868242
66.079295
74.889868
89.307169
106.928314
116.139367
115.738887
116.539848
113.336003
102.923508
92.511013
81.698038
70.885062
60.072087
44.853825
32.038446
14.016820
-2.002403
-20.824990
-35.642771
-43.652383
-61.273528
-75.290348
-83.299960
-91.309571
-93.311974
-94.112936
-102.122547
-97.316780
-92.110533
-93.311974
-86.103324
-84.901882
-84.901882
-85.302363
-81.698038
-70.084101
-56.467761
-42.050461
-27.633160
-15.618742
-2.803364
5.606728
9.211053
18.822587
29.235082
44.453344
59.671606
67.681217
72.887465
78.093712
73.287946
65.278334
50.861033
41.649980
33.640368
31.237485
28.033640
22.827393
22.827393
11.613937
1.201442
-10.012014
-17.220665
-24.429315
-31.637966
-38.446135
-38.846616
-38.846616
-38.446135
-39.247097
-45.254305
-48.057669
-54.064878
-54.465358
-61.674009
-62.074489
-59.271125
-47.256708
-39.247097
-30.837004
-15.618742
-5.206247
5.206247
12.014417
22.827393
32.839407
45.654786
59.671606
74.489387
86.103324
93.311974
103.323989
107.729275
109.731678
105.326392
100.921105
96.515819
92.110533
92.911494
86.103324
83.700441
77.292751
69.283140
63.275931
54.465358
43.652383
30.436524
18.422107
5.206247
-7.208650
-17.621145
-32.438927
-48.458150
-64.877853
-80.096115
-97.316780
-107.729275
-113.736484
-122.547056
-130.957149
-132.158590
-128.554265
-120.544654
-111.333600
-106.127353
-101.321586
-94.513416
-83.700441
-71.686023
-52.462956
-37.244694
-20.824990
-3.203845
13.215859
28.834602
41.249499
46.455747
46.055266
51.661994
57.268722
62.875451
73.688426
83.299960
90.909091
92.911494
92.911494
90.508610
82.098518
73.287946
65.278334
53.664397
37.244694
26.832199
10.812976
-6.808170
-22.426912
-38.045655
-58.870645
-77.292751
-86.904285
-98.518222
-100.520625
-100.520625
-95.714858
-87.705246
-80.897076
-70.885062
-64.877853
-55.666800
-47.657189
-42.450941
-32.438927
-17.220665
5.606728
23.227873
36.844213
48.458150
65.678815
76.892271
82.098518
90.909091
92.511013
96.515819
106.928314
112.935523
120.945134
124.549459
123.348018
124.148979
114.937926
100.921105
83.299960
61.273528
39.647577
22.827393
6.007209
-11.613937
-24.028835
-39.647577
-52.462956
-70.484581
-86.904285
-97.717261
-112.935523
-115.738887
-116.539848
-114.136964
-108.530236
-103.724469
-95.314377
-91.309571
-84.501402
-85.702843
-82.899479
-75.690829
-66.079295
-55.266320
-44.453344
-27.232679
-12.014417
9.611534
26.031237
39.247097
53.664397
64.877853
75.690829
88.506207
97.316780
106.527833
118.942731
124.148979
116.940328
115.338406
103.724469
90.508610
77.693232
60.472567
46.055266
24.429315
9.611534
-4.405286
-18.422107
-24.829796
-36.443732
-50.861033
-69.683620
-84.901882
-97.316780
-107.328795
-108.129756
-108.129756
-108.129756
-107.328795
-99.719664
-94.112936
-91.309571
-85.302363
-80.096115
-71.686023
-61.674009
-42.851422
-27.232679
-8.810573
14.016820
34.441330
56.467761
76.892271
98.918702
112.134561
119.343212
124.549459
130.957149
138.165799
145.774930
147.376852
145.374449
137.765318
125.750901
107.328795
88.906688
69.683620
47.657189
34.040849
16.820184
-5.206247
-20.024029
-38.446135
-53.664397
-68.081698
-86.904285
-101.722066
-109.331197
-114.537445
-120.144173
-124.549459
-132.559071
-142.170605
-145.774930
-139.367241
-139.367241
-134.961954
-127.753304
-115.338406
-100.520625
-79.695635
-58.470164
-34.040849
-6.407689
12.815378
36.043252
53.263917
66.880256
81.698038
92.911494
104.124950
118.942731
133.360032
140.568682
147.777333
144.173008
138.165799
131.758110
114.136964
100.520625
85.302363
72.887465
62.074489
54.064878
42.050461
30.036043
13.215859
-4.405286
-19.223068
-36.844213
-57.268722
-74.088907
-86.503805
-102.523028
-108.129756
-109.731678
-113.336003
-107.729275
-108.530236
-108.530236
-103.323989
-98.117741
-89.707649
-75.290348
-58.870645
-41.649980
-18.021626
0.800961
16.820184
34.841810
49.659592
60.873048
75.690829
84.901882
92.911494
103.724469
111.333600
116.539848
115.738887
116.940328
109.731678
100.120144
93.311974
80.496596
63.676412
52.062475
45.254305
34.841810
19.623548
5.606728
-8.810573
-24.829796
-40.849019
-58.870645
-73.287946
-85.302363
-93.712455
-100.520625
-107.729275
-108.129756
-108.930717
-115.738887
-118.542251
-116.139367
-116.139367
-111.333600
-103.323989
-89.707649
-78.093712
-62.074489
-43.652383
-32.038446
-18.422107
-2.803364
2.402883
11.213456
23.227873
32.438927
46.455747
62.474970
76.892271
85.702843
92.511013
92.511013
94.112936
98.518222
89.707649
84.901882
85.302363
80.096115
84.501402
84.501402
73.287946
63.275931
51.661994
37.645174
24.028835
6.808170
-6.407689
-15.218262
-21.625951
-26.431718
-31.637966
-37.645174
-44.853825
-49.659592
-57.268722
-63.676412
-70.084101
-68.882659
-62.074489
-57.669203
-49.259111
-40.448538
-35.642771
-30.436524
-24.429315
-17.220665
-9.611534
2.002403
11.613937
22.426912
36.844213
46.856227
52.462956
58.470164
62.074489
62.074489
61.674009
62.875451
55.666800
54.064878
50.060072
45.254305
47.657189
41.249499
30.036043
19.223068
8.810573
-4.805767
-16.820184
-24.429315
-32.038446
-38.045655
-43.251902
-50.060072
-58.069684
-62.074489
-66.079295
-77.292751
-82.899479
-86.503805
-82.498999
-77.693232
-76.491790
-69.683620
-62.074489
-55.666800
-46.455747
-38.446135
-38.846616
-31.237485
-18.021626
-5.206247
6.808170
20.424509
26.431718
34.841810
38.045655
40.048058
46.055266
46.856227
45.254305
51.261514
54.465358
60.072087
69.683620
69.683620
68.482179
62.074489
56.868242
46.055266
40.849019
32.038446
31.637966
28.834602
23.227873
18.021626
12.815378
5.206247
0.000000
-6.407689
-17.621145
-25.630757
-30.837004
-34.040849
-39.647577
-38.446135
-40.048058
-47.256708
-40.448538
-38.446135
-38.446135
-39.247097
-35.242291
-30.837004
-29.635563
-23.227873
-20.424509
-10.812976
-2.803364
0.000000
5.206247
8.810573
15.618742
24.829796
30.837004
40.448538
48.858630
53.664397
59.671606
62.474970
62.074489
58.470164
52.863436
55.266320
51.661994
46.455747
45.254305
38.846616
29.635563
15.218262
4.405286
-6.007209
-17.220665
-23.628354
-28.834602
-32.438927
-37.244694
-40.849019
-46.856227
-57.268722
-62.074489
-62.474970
-61.674009
-67.681217
-70.084101
-69.283140
-68.882659
-61.674009
-61.674009
-54.465358
-48.057669
-44.853825
-40.048058
-34.441330
-27.232679
-19.223068
-5.606728
4.805767
15.618742
26.031237
36.443732
43.251902
50.460553
60.472567
62.474970
61.273528
65.278334
70.885062
68.882659
70.084101
61.674009
54.064878
49.659592
40.849019
38.446135
33.239888
24.829796
23.628354
20.024029
11.213456
7.208650
0.000000
-6.407689
-11.613937
-18.021626
-28.834602
-32.438927
-40.048058
-45.654786
-46.856227
-45.654786
-50.060072
-54.064878
-56.067281
-62.474970
-55.666800
-51.661994
-43.652383
-34.841810
-26.031237
-12.815378
-2.002403
4.004806
12.414898
15.618742
17.621145
23.628354
26.031237
35.642771
38.846616
38.846616
38.045655
39.247097
33.239888
30.837004
29.635563
22.426912
28.834602
31.637966
30.436524
31.637966
25.630757
22.827393
17.220665
7.609131
-0.800961
-6.808170
-16.419704
-23.227873
-25.230276
-34.040849
-38.446135
-38.846616
-43.652383
-50.060072
-53.664397
-55.266320
-61.273528
-54.064878
-47.256708
-40.048058
-32.839407
-25.630757
-18.422107
-13.616340
-8.009612
-2.402883
0.400481
2.803364
12.014417
15.218262
20.024029
31.637966
38.846616
37.645174
40.849019
46.455747
46.455747
45.654786
51.261514
54.064878
56.868242
63.275931
61.273528
55.266320
53.263917
44.052863
36.443732
26.431718
16.820184
9.611534
7.208650
6.808170
-1.601922
-8.410092
-15.618742
-22.426912
-29.635563
-33.640368
-39.647577
-37.244694
-43.652383
-44.052863
-37.645174
-39.247097
-38.446135
-38.846616
-38.446135
-38.446135
-38.446135
-38.846616
-38.446135
-31.237485
-24.829796
-20.424509
-12.414898
-7.208650
-8.410092
-1.601922
0.000000
0.400481
6.808170
10.812976
22.026432
23.628354
29.635563
31.637966
25.230276
22.426912
24.429315
19.223068
14.817781
15.618742
8.410092
7.609131
8.009612
7.609131
8.009612
4.805767
-4.405286
-7.609131
-12.414898
-16.019223
-14.817781
-16.019223
-14.817781
-16.019223
-14.817781
-16.419704
-21.625951
-28.033640
-31.237485
-31.237485
-29.235082
-22.827393
-17.621145
-10.012014
-4.805767
-0.400481
2.803364
0.400481
1.601922
8.410092
13.215859
21.225471
28.434121
31.637966
36.844213
39.247097
38.045655
38.846616
38.045655
38.846616
38.446135
38.846616
38.446135
39.247097
38.846616
38.446135
38.446135
38.846616
38.446135
30.436524
20.824990
16.419704
12.815378
6.808170
8.410092
1.601922
0.000000
-4.004806
-12.414898
-21.625951
-28.834602
-32.839407
-42.851422
-47.657189
-43.251902
-38.045655
-39.247097
-38.446135
-39.247097
-38.846616
-38.846616
-38.446135
-39.247097
-36.844213
-28.834602
-23.628354
-18.422107
-12.414898
-7.609131
-7.609131
-8.009612
-6.007209
0.800961
-1.201442
3.203845
8.009612
8.009612
7.208650
11.213456
16.019223
15.218262
15.618742
15.618742
10.412495
6.808170
8.810573
1.201442
0.400481
-4.805767
-8.410092
-8.009612
-16.019223
-22.426912
-24.829796
-31.637966
-24.829796
-22.426912
-23.628354
-17.220665
-12.414898
-7.208650
-8.410092
-7.208650
-8.410092
-5.206247
0.800961
-0.400481
6.007209
8.810573
6.808170
14.417301
15.218262
17.621145
23.628354
22.827393
26.431718
30.436524
30.436524
34.841810
39.247097
43.251902
48.458150
41.649980
38.846616
33.239888
30.436524
30.436524
22.426912
24.028835
18.021626
15.618742
12.414898
6.407689
0.800961
0.000000
-6.007209
-8.410092
-7.609131
-7.208650
-10.812976
-16.019223
-15.218262
-15.618742
-15.218262
-14.817781
-17.621145
-24.028835
-16.419704
-20.024029
-25.230276
-18.021626
-21.625951
-22.827393
-15.618742
-15.218262
-16.019223
-9.211053
