-104.034739
40.256921
161.480007
286.321694
410.711055
491.224896
523.792292
521.982993
507.056269
475.845848
414.781979
331.101864
243.350823
157.409083
39.352271
-105.844038
-230.233400
-320.246065
-390.356432
-451.420300
-491.224896
-501.628370
-497.105120
-484.440022
-456.395875
-392.165732
-297.177492
-204.450878
-117.152162
-16.283698
114.438212
256.468247
383.571558
511.127194
653.157228
800.162837
920.933599
1012.303239
1121.765877
1231.228515
1324.859779
1396.779446
1445.630541
1504.885109
1568.210602
1599.873349
1610.729148
1615.704722
1603.491949
1557.354804
1457.390990
1315.813280
1154.785598
962.999819
739.551294
496.652795
247.421748
-17.188348
-299.439117
-588.927085
-856.703456
-1092.817080
-1298.172607
-1481.816537
-1637.416320
-1751.854532
-1825.583499
-1883.028768
-1921.476389
-1912.429890
-1860.864845
-1783.064954
-1701.646463
-1608.015198
-1476.388638
-1323.050479
-1171.069296
-1022.254388
-857.608106
-680.749050
-510.674869
-345.576262
-175.049756
3.618600
166.907907
317.079790
463.633074
609.281708
753.573367
869.820879
946.716121
984.711417
991.496291
952.596345
860.774380
732.314094
565.406188
368.192509
132.078885
-120.318437
-355.979736
-567.667813
-759.453591
-917.314999
-1032.205536
-1082.865931
-1060.249683
-980.640492
-847.656957
-669.440926
-452.324950
-222.996200
8.594174
227.971775
444.635426
644.110729
806.495386
943.549846
1061.154333
1162.475122
1251.130812
1304.052832
1337.524878
1376.877149
1423.918943
1486.792111
1566.401303
1663.651167
1768.138231
1849.104397
1895.693866
1916.048489
1915.596164
1888.004342
1796.634702
1639.225620
1414.872444
1128.550751
785.236114
392.165732
-17.640673
-445.540076
-879.319703
-1307.671431
-1714.763886
-2067.577348
-2342.138592
-2545.232495
-2685.905555
-2751.944997
-2746.064773
-2665.550932
-2535.733671
-2362.040890
-2136.783065
-1892.979917
-1656.413968
-1414.872444
-1186.448344
-958.476570
-743.169893
-564.953863
-405.735480
-252.849647
-102.677764
31.210422
164.193957
313.008866
473.131898
660.394427
865.297630
1072.914782
1274.199385
1433.417767
1529.762982
1555.093179
1519.811833
1430.251493
1268.771485
1019.540438
702.460648
332.911163
-67.396418
-481.726072
-871.177854
-1198.208793
-1456.486340
-1641.034919
-1740.546409
-1730.595260
-1609.372173
-1398.136421
-1122.218202
-790.211688
-426.994753
-50.660394
314.365840
643.658404
942.645196
1198.208793
1385.923648
1509.860684
1595.350100
1647.367469
1648.724444
1618.870997
1592.183825
1594.445450
1628.369821
1688.076714
1782.612629
1894.336892
2013.298354
2114.619142
2196.942283
2240.365479
2229.962005
2134.521440
1916.500814
1603.491949
1203.184368
739.551294
210.331102
-358.693686
-951.239370
-1537.452506
-2106.929618
-2628.007961
-3046.408540
-3353.084856
-3553.012484
-3643.025149
-3611.362403
-3460.738194
-3219.648996
-2908.901755
-2549.303420
-2158.042338
-1754.116157
-1367.378325
-999.638140
-670.797901
-384.928533
-150.171883
17.640673
137.959110
242.898498
348.290212
439.659852
521.078343
636.421205
794.282613
992.400941
1202.279718
1404.468971
1590.374525
1731.499910
1788.040528
1764.971956
1678.125565
1509.860684
1235.751764
849.466257
386.285508
-105.391713
-603.401484
-1081.056631
-1506.242084
-1860.412520
-2117.333092
-2270.671250
-2294.192148
-2175.230686
-1912.882215
-1551.022254
-1125.836801
-656.775828
-150.624208
355.979736
829.111634
1247.512213
1594.445450
1877.148544
2072.100597
2189.705084
2243.984078
2247.150353
2212.321332
2140.401665
2068.029673
2029.129727
2029.129727
2053.102949
2091.550570
2157.137688
2243.531753
2314.546770
2339.876968
2303.238647
2185.181835
1957.662385
1615.704722
1180.568120
661.751402
72.824317
-600.687534
-1334.358603
-2061.244798
-2750.588022
-3365.749955
-3876.877149
-4267.685906
-4509.227429
-4599.240094
-4536.819251
-4318.346300
-3953.320065
-3469.332368
-2925.637778
-2362.493215
-1788.040528
-1212.230867
-680.296725
-219.829926
158.313733
453.681925
673.059526
818.255835
899.222001
961.642844
1027.682287
1080.604306
1136.240275
1233.037814
1382.757373
1566.401303
1745.521983
1909.715940
2044.056450
2117.785417
2099.240094
1975.303058
1736.475484
1389.542247
927.718473
360.050660
-267.324046
-904.649900
-1527.501357
-2114.166817
-2626.650986
-3006.151619
-3211.507147
-3243.622218
-3103.401484
-2791.297268
-2320.426995
-1729.238285
-1065.225258
-354.622761
372.715759
1062.963633
1666.365117
2164.374887
2545.232495
2823.412339
2992.129546
3028.315542
2974.036548
2858.693686
2707.164827
2555.635969
2422.200109
2330.830469
2305.500271
2319.522345
2365.207165
2453.410530
2556.540619
2624.841686
2601.773114
2460.647729
2210.059707
1850.461371
1356.522526
732.766419
-6.784874
-836.801158
-1728.333635
-2625.746336
-3466.166094
-4192.599964
-4775.646825
-5218.472951
-5498.914420
-5578.071286
-5436.041252
-5091.821965
-4578.433146
-3940.654967
-3219.196671
-2456.124480
-1705.265062
-990.591641
-327.030939
253.301972
714.221096
1038.085761
1258.820337
1393.613172
1456.938665
1471.865388
1456.034015
1439.750317
1448.344491
1499.457210
1607.562873
1750.949882
1912.882215
2058.530849
2166.636512
2213.225982
2192.871359
2073.457572
1812.466076
1404.921295
869.368554
249.683373
-441.016826
-1157.499548
-1853.627646
-2507.237199
-3079.428261
-3512.755564
-3760.177311
-3793.649358
-3618.147277
-3259.001267
-2736.565949
-2076.623847
-1310.837706
-477.202823
367.740185
1172.878596
1882.576443
2463.814004
2899.855256
3194.771124
3366.202280
3420.028949
3362.131355
3218.744346
3017.007418
2802.605392
2613.533563
2465.170979
2387.371087
2377.419938
2423.104758
2505.427899
2601.773114
2673.240456
2664.646282
2551.565044
2320.879320
1963.090284
1474.127013
852.632531
90.917315
-782.974489
-1723.358060
-2670.526506
-3561.606658
-4358.150896
-5019.902298
-5520.173693
-5838.610458
-5939.026597
-5807.400036
-5440.564502
-4878.776913
-4182.196490
-3396.508051
-2565.134793
-1729.690610
-924.099873
-181.834630
449.611001
952.596345
1310.837706
1536.095531
1659.580242
1708.883662
1702.098788
1657.318618
1597.611724
1558.711779
1571.829202
1650.081418
1773.566130
1929.618238
2088.836620
2215.487606
2288.311923
2271.575900
2143.115614
1891.170617
1482.721187
926.813823
255.111272
-501.176045
-1283.698209
-2062.149448
-2797.629817
-3431.789398
-3916.229419
-4204.360413
-4274.923105
-4111.633798
-3725.800615
-3138.682830
-2399.583861
-1534.286231
-611.995658
310.294916
1206.350642
1987.515831
2630.269586
3129.184006
3457.571920
3632.621675
3657.951873
3551.203184
3359.417405
3111.543333
2850.551836
2624.841686
2451.148905
2355.256016
2340.329293
2397.774561
2527.591822
2689.976479
2845.123937
2936.493577
2913.877329
2746.517098
2421.747784
1933.236837
1285.055184
488.510946
-441.016826
-1480.007237
-2551.112719
-3577.438031
-4492.039081
-5249.683373
-5816.446535
-6152.523973
-6252.035462
-6095.531029
-5697.032748
-5086.394065
-4307.038176
-3422.742898
-2510.855799
-1606.205898
-751.311742
7.689524
641.849104
1116.337977
1434.774742
1608.919848
1665.912792
1637.416320
1559.164103
1464.175864
1375.067849
1306.314456
1299.077257
1379.138773
1538.357156
1748.688258
1966.256559
2159.851637
2294.644473
2339.876968
2264.791026
2048.127375
1662.294192
1112.267053
401.212231
-422.923828
-1291.840058
-2163.470237
-2974.941198
-3695.494843
-4253.211507
-4595.621494
-4686.991134
-4509.679754
-4085.851276
-3430.432423
-2585.489416
-1629.274471
-619.685182
416.138954
1412.158495
2290.121223
2998.914420
3521.802063
3855.165551
4011.669984
3998.552560
3832.096978
3567.034558
3239.551294
2898.950606
2592.726615
2363.850190
2252.578252
2248.959653
2336.710693
2504.975574
2732.495024
2964.537724
3137.325855
3185.272300
3068.572462
2763.253121
2263.434051
1579.971051
704.722272
-316.627465
-1444.725891
-2625.294011
-3768.319160
-4784.240999
-5621.494482
-6244.798263
-6617.061697
-6720.644111
-6523.882757
-6062.511308
-5367.740185
-4494.753031
-3517.278813
-2499.547675
-1508.051384
-589.831735
227.519450
916.862674
1424.371268
1740.998733
1882.124118
1884.838068
1797.991677
1651.890718
1480.007237
1313.099331
1192.328569
1147.096074
1199.113443
1358.784151
1587.660575
1850.461371
2098.787769
2295.549122
2404.107111
2368.825764
2170.255111
1793.468428
1233.490139
502.985345
-364.121585
-1295.458657
-2238.103854
-3138.682830
-3929.799168
-4549.484350
-4929.437308
-5027.139497
-4843.947892
-4379.862493
-3670.616971
-2770.037995
-1726.976660
-621.946807
491.224896
1540.166456
2465.623304
3206.531572
3742.536638
4078.161751
4214.311561
4168.174417
3947.439841
3605.029853
3214.221096
2809.390266
2437.126832
2151.709788
1986.611181
1960.828659
2060.792473
2274.742175
2570.110367
2888.547132
3166.274652
3315.541885
3289.307038
3086.213136
2688.167179
2067.125023
1227.157590
200.832278
-962.547494
-2196.037633
-3415.958024
-4539.080876
-5493.034196
-6223.086665
-6704.812737
-6898.407816
-6766.781256
-6325.312104
-5621.494482
-4734.032929
-3729.419215
-2668.264881
-1625.203546
-660.394427
191.333454
892.437127
1415.324769
1735.118509
1866.292745
1851.366021
1730.142935
1535.643206
1308.576081
1091.912430
935.860322
885.652253
944.454496
1130.360051
1410.801520
1740.094084
2076.171522
2376.515289
2587.751040
2661.480007
2543.423195
2216.392256
1672.697666
933.146372
41.613895
-947.168446
-1984.801882
-3011.127194
-3936.131717
-4687.443459
-5185.000905
-5377.691333
-5252.849647
-4824.497919
-4125.203546
-3191.152524
-2084.765696
-878.415053
342.862312
1502.623485
2516.736023
3333.634883
3939.297992
4326.488149
4498.371630
4450.425185
4208.883662
3823.050479
3368.011580
2903.473856
2480.097702
2140.401665
1916.048489
1846.390447
1924.190338
2147.186539
2488.691876
2883.571558
3245.883843
3476.569568
3529.491587
3382.938303
3008.413244
2402.750136
1559.616428
481.273747
-768.047766
-2121.404017
-3476.117243
-4723.629455
-5786.140764
-6623.846571
-7185.634160
-7417.224534
-7286.050299
-6805.681201
-6033.562511
-5045.232495
-3911.253845
-2721.186901
-1561.425728
-490.772571
447.801701
1220.825041
1781.255654
2096.526144
2192.419034
2137.687715
1968.065859
1707.526687
1397.684096
1099.149629
871.177854
752.668717
778.903564
950.334720
1258.368012
1625.655871
2001.537905
2361.136240
2653.338158
2818.436765
2775.465895
2483.263977
1949.520536
1188.709969
237.018274
-838.610458
-1984.349557
-3108.829383
-4152.343043
-5036.638321
-5646.372354
-5914.601049
-5825.040709
-5388.999457
-4658.042338
-3661.118147
-2443.911706
-1103.672879
261.896146
1560.068753
2704.450878
3624.027501
4283.064954
4681.563235
4849.828117
4792.382848
4510.132079
4042.880405
3474.760268
2913.877329
2412.701285
2003.799530
1731.047585
1621.584947
1685.362765
1913.334540
2283.336349
2761.896146
3255.834992
3635.787950
3818.527230
3770.128460
3471.141668
2908.901755
2088.384295
1025.872987
-256.468247
-1702.551113
-3191.604849
-4585.670346
-5779.808214
-6729.238285
-7399.583861
-7727.519450
-7667.812557
-7210.059707
-6408.087570
-5363.216935
-4146.010494
-2851.456486
-1590.374525
-440.564502
553.193414
1370.996924
1959.019360
2274.289850
2332.187443
2194.680659
1926.904288
1583.137326
1197.756468
831.825583
545.956215
389.451782
385.380858
562.239913
908.268500
1355.617876
1837.343948
2288.764248
2682.739280
2968.156324
3048.670165
2859.146010
2394.155962
1674.054641
732.314094
-389.451782
-1600.777999
-2815.722815
-3953.772390
-4939.840782
-5694.771124
-6105.934503
-6114.528677
-5757.191967
-5069.205717
-4084.041976
-2858.241361
-1471.865388
-50.660394
1328.930704
2573.728967
3584.222906
4311.109101
4758.006152
4957.933780
4928.984983
4672.969061
4212.049937
3623.122851
3006.603944
2449.339606
1991.134431
1669.531391
1499.004885
1516.645558
1720.644111
2082.956396
2577.799891
3137.325855
3635.787950
3971.413063
4076.352452
3905.825945
3451.239370
2728.876425
1756.830107
541.432965
-883.842953
-2445.268681
-3974.127013
-5324.316989
-6430.703818
-7269.314275
-7789.940293
-7910.258730
-7613.081238
-6946.354261
-5987.877691
-4813.189796
-3490.591641
-2144.924914
-920.028949
137.506785
1019.540438
1690.790664
2104.667993
2232.223629
2124.117966
1871.268319
1520.716483
1112.719378
718.292021
399.855256
205.355527
166.907907
305.771666
643.658404
1131.717026
1680.839515
2216.844581
2704.903202
3106.567758
3333.182558
3290.211688
2944.635426
2313.189796
1431.608468
313.008866
-958.928895
-2262.981726
-3511.398589
-4631.355166
-5552.288764
-6162.022797
-6366.926000
-6155.237923
-5565.406188
-4652.162113
-3474.760268
-2100.144744
-634.159580
816.898860
2154.876063
3291.568663
4159.580242
4712.773657
4974.217478
5000.000000
4801.881672
4380.767143
3806.766781
3161.751402
2545.232495
2035.914601
1650.081418
1427.537543
1405.825945
1574.543152
1916.500814
2403.202461
2983.083047
3557.083409
4012.574634
4250.497557
4214.311561
3874.163199
3232.766419
2319.974670
1160.665822
-232.947349
-1802.967252
-3410.982450
-4898.679211
-6138.954225
-7091.550570
-7734.304324
-8002.080695
-7832.911163
-7244.888728
-6337.977203
-5186.810204
-3874.163199
-2498.190700
-1193.685544
-74.633617
849.918582
1564.139678
2025.058802
2198.751583
2086.122671
1795.277728
1412.158495
975.664918
551.836439
196.309028
-19.902298
-66.944093
56.088294
383.119233
898.317351
1519.359508
2134.973765
2680.929980
3137.778180
3439.478922
3500.090465
3254.025692
2674.145106
1820.607925
733.671069
-559.978288
-1917.405464
-3222.815270
-4418.310114
-5412.972680
-6123.575176
-6451.510765
-6322.598155
-5796.996562
-4923.557083
-3771.485435
-2414.058259
-936.312647
539.171341
1911.525240
3103.401484
4029.310657
4629.998191
4923.557083
4945.268681
4753.482902
4366.292745
3797.720282
3151.347928
2515.831373
1976.660033
1582.685001
1359.688800
1335.715578
1498.552560
1836.439298
2326.759544
2916.591279
3527.229962
4060.068753
4385.290393
4440.474037
4188.529039
3605.934503
2718.472951
1583.137326
236.565949
-1299.981907
-2948.254026
-4534.557626
-5862.583680
-6873.529944
-7561.968518
-7908.901755
-7841.957662
-7335.806043
-6466.889814
-5357.336711
-4095.350100
-2730.685725
-1393.160847
-244.255473
661.751402
1351.094626
1814.727700
2017.821603
1936.403112
1636.963995
1241.179663
815.994210
409.354080
69.658042
-143.387009
-158.766058
-9.951149
303.962367
808.757011
1442.464266
2111.905193
2709.426452
3169.440926
3492.853266
3610.910078
3429.980098
2924.280803
2113.714492
1056.631084
-192.238104
-1551.022254
-2900.759906
-4120.227972
-5153.790483
-5915.958024
-6334.358603
-6333.453953
-5903.745251
-5123.937036
-4055.997829
-2770.942645
-1359.236475
70.110367
1408.087570
2589.108015
3554.821784
4220.191786
4569.386647
4637.235390
4486.158857
4168.174417
3697.304143
3126.017731
2551.112719
2049.032025
1678.577890
1459.652614
1407.635245
1542.880405
1845.485797
2286.502623
2842.409987
3434.503347
3975.483988
4359.055546
4530.939027
4449.068211
4020.264158
3258.096617
2224.534105
991.043966
-384.023883
-1909.263615
-3500.090465
-4932.151257
-6063.415958
-6855.889271
-7331.735119
-7488.239551
-7224.534105
-6556.902479
-5629.184006
-4534.557626
-3346.299982
-2106.929618
-942.645196
-21.259273
655.871178
1130.812376
1391.351547
1431.608468
1240.275014
890.627827
524.696942
167.812557
-142.030034
-323.864664
-335.625113
-156.956758
167.812557
626.017731
1237.561064
1926.904288
2577.799891
3093.902660
3445.359146
3625.384476
3561.606658
3181.653700
2491.405826
1524.787407
347.837887
-960.738194
-2300.524697
-3549.393885
-4636.330740
-5490.772571
-6025.420662
-6191.876244
-5936.312647
-5296.272842
-4364.031120
-3187.986249
-1867.197395
-503.889995
819.612810
2002.442555
3000.271395
3758.820337
4203.908088
4370.363669
4306.133526
4063.687353
3708.612267
3245.431518
2751.944997
2301.429347
1932.784512
1705.717387
1636.059345
1741.903383
1998.823955
2366.564140
2826.578614
3359.869730
3862.855075
4247.331283
4430.975213
4391.170617
4080.875701
3427.718473
2470.598878
1308.123756
29.853447
-1349.737652
-2846.480912
-4319.703275
-5538.719016
-6425.728243
-6977.112358
-7239.913154
-7164.827212
-6682.196490
-5881.129003
-4894.608287
-3801.338882
-2658.766058
-1515.288583
-524.244617
192.690429
696.128098
1003.709065
1130.812376
1056.631084
795.639587
489.867921
210.331102
-40.256921
-188.619504
-195.404379
-32.115071
303.510042
732.766419
1268.771485
1904.288041
2529.401122
3049.574815
3400.126651
3564.772933
3542.609010
3245.883843
2642.030034
1778.089379
710.150172
-494.843496
-1764.971956
-2998.462095
-4089.017550
-4974.669803
-5614.257282
-5921.385924
-5857.155781
-5424.280803
-4673.873711
-3684.186720
-2510.855799
-1244.345938
18.997648
1184.186720
2197.394608
3032.386466
3620.408902
3931.156143
4010.765334
3926.632893
3721.277366
3412.339425
3038.266691
2667.812557
2345.304867
2111.905193
2008.775104
2035.009951
2198.299258
2476.931428
2826.578614
3247.693143
3681.925095
4043.785055
4253.211507
4277.184730
4094.897775
3637.144925
2860.050660
1826.940474
660.846752
-565.858513
-1893.432242
-3320.517460
-4643.567939
-5674.416501
-6362.402750
-6762.258006
-6916.953139
-6736.927809
-6173.783246
-5374.525059
-4442.735661
-3431.337073
-2384.657138
-1368.282974
-546.860865
23.068572
428.804053
680.749050
777.546589
707.436222
493.034196
285.869369
113.081238
-16.283698
-22.616248
99.059164
365.930885
753.573367
1184.639045
1717.930161
2305.500271
2814.818165
3201.103673
3395.603401
3412.339425
3232.766419
2760.086846
2023.249502
1089.650805
-3.166275
-1182.829745
-2385.561788
-3493.757916
-4404.288041
-5100.868464
-5531.029492
-5628.279356
-5388.547132
-4811.380496
-3973.222363
-2965.442374
-1816.084675
-629.184006
492.581871
1511.217659
2375.158314
3048.670165
3496.471865
3702.279718
3722.634341
3627.193776
3444.906821
3178.035100
2866.835535
2585.489416
2371.087389
2246.245703
2222.724806
2298.715397
2492.310476
2755.111272
3067.667813
3413.696399
3710.873892
3917.586394
3965.080514
3833.906278
3512.755564
2910.711055
2032.748326
981.092817
-146.100959
-1302.695857
-2544.780170
-3827.573729
-4924.009408
-5715.125746
-6186.448344
-6405.373620
-6426.632893
-6112.719378
-5480.369097
-4692.419034
-3812.647006
-2903.926181
-1974.850733
-1100.054279
-451.420300
-10.403474
307.580966
491.677221
578.071286
525.149267
370.906459
271.847295
197.666003
194.952054
310.747241
517.459743
844.038357
1236.656414
1638.320970
2109.643568
2564.682468
2907.997105
3118.328207
3130.993306
2986.701646
2641.577709
2038.628551
1252.487787
319.341415
-715.125746
-1780.803329
-2831.101864
-3754.749412
-4468.065859
-4963.361679
-5199.475303
-5136.149810
-4769.314275
-4127.917496
-3300.162837
-2334.449068
-1286.864483
-242.898498
740.455944
1593.088475
2314.094445
2871.358784
3217.387371
3390.627827
3422.290574
3373.439479
3255.382667
3057.716664
2842.862312
2646.553284
2496.381400
2434.412882
2435.769857
2522.163923
2688.167179
2881.309933
3140.039805
3405.102225
3606.839153
3714.040166
3663.379772
3462.999819
3083.046861
2419.486159
1532.929256
526.053917
-526.958567
-1588.112900
-2762.800796
-3932.060792
-4866.564140
-5526.506242
-5906.911525
-6084.222906
-6057.988059
-5692.057174
-5085.941741
-4359.960195
-3557.535734
-2735.208974
-1878.957843
-1103.220554
-554.550389
-153.338158
138.411435
334.268138
450.515650
419.757554
361.859960
354.622761
361.859960
442.373801
598.425909
819.612810
1152.071648
1498.552560
1863.126470
2269.766600
2605.391713
2854.622761
2953.681925
2877.691333
2665.550932
2243.531753
1612.086123
835.444183
-90.012665
-1093.721730
-2104.667993
-3062.692238
-3870.092274
-4493.396056
-4896.417586
-5030.758097
-4881.943188
-4448.615886
-3780.079609
-2941.921476
-1976.660033
-961.190519
42.970870
968.427718
1783.517279
2468.337253
2968.156324
3277.998914
3433.146372
3465.713769
3420.481274
3292.925638
3093.450335
2890.356432
2689.976479
2543.423195
2482.359327
2484.168627
2581.418491
2714.402026
2872.715759
3105.663108
3335.444183
3512.303239
3576.081057
3466.618419
3238.646644
2796.725167
2066.672698
1164.736747
164.646282
-844.038357
-1903.835716
-3086.665460
-4166.817442
-4996.381400
-5564.953863
-5863.488330
-6009.136964
-5901.935951
-5445.992401
-4826.759544
-4110.276823
-3326.397684
-2514.926723
-1676.316266
-986.973041
-511.579519
-129.817261
137.959110
308.485616
369.549484
305.319341
289.940293
318.889090
348.290212
451.420300
629.184006
904.649900
1255.654062
1593.540800
1971.684458
2362.945540
2669.169531
2852.361136
2867.287860
2739.279899
2470.146553
1997.014655
1325.312104
503.437670
-420.662204
-1376.877149
-2338.067668
-3212.411797
-3916.229419
-4441.831011
-4748.507328
-4794.192148
-4556.721549
-4063.687353
-3391.532477
-2568.753392
-1632.893070
-657.680478
289.940293
1135.335625
1871.268319
2491.405826
2918.400579
3168.536276
3278.903564
3292.020988
3256.739642
3122.851456
2936.945902
2773.204270
2633.435860
2556.540619
2533.924371
2555.183644
2666.455582
2802.605392
2943.730776
3140.492130
3326.397684
3442.645196
3435.860322
3290.664013
3034.195766
2562.420843
1820.607925
925.909173
-35.733671
-985.163742
-1994.753031
-3111.543333
-4109.372173
-4854.803691
-5337.886738
-5615.161932
-5751.764067
-5615.161932
-5168.717206
-4596.526144
-3945.178216
-3234.123394
-2462.457029
-1670.888366
-1068.843857
-655.418853
-295.820517
-28.044147
149.267234
216.663651
180.929980
217.568301
279.536819
330.649539
475.845848
700.651348
1017.731138
1371.901574
1677.673240
2027.772752
2409.987335
2684.548580
2824.316989
2788.130993
2604.487064
2304.143297
1790.302153
1102.315904
313.008866
-584.403836
-1514.383933
-2430.794283
-3267.143116
-3890.899222
-4336.439298
-4587.479645
-4572.100597
-4308.847476
-3805.409806
-3120.589832
-2327.211869
-1412.158495
-455.038900
418.852904
1198.208793
1880.314818
2457.481455
2887.642482
3136.873530
3232.314094
3251.764067
3216.482721
3097.521259
2946.897051
2805.319341
2684.548580
2610.819613
2574.181292
2589.560340
2673.692781
2780.441469
2911.163380
3085.308486
3231.861769
3292.473313
3241.812918
3064.953863
2801.248417
2343.495567
1599.873349
721.005971
-202.189253
-1105.029853
-2017.369278
-3050.479464
-4000.361860
-4677.492310
-5128.007961
-5362.764610
-5437.850552
-5319.341415
-4906.821060
-4366.292745
-3764.248236
-3078.523611
-2390.085037
-1671.793016
-1092.364755
-724.172245
-400.759906
-150.624208
22.163923
131.626561
141.125384
176.859056
266.871721
338.791388
502.985345
751.764067
1055.726434
1407.635245
1698.932513
2008.775104
2355.708341
2597.702189
2700.379953
2632.078885
2415.415234
2101.049394
1609.372173
958.928895
218.472951
-615.161932
-1463.723539
-2285.145649
-3037.362041
-3595.983354
-3998.552560
-4225.167360
-4221.096436
-4003.528135
-3553.464809
-2944.635426
-2254.839877
-1448.344491
-608.829383
188.167179
923.195223
1545.142030
2099.692419
2543.423195
2828.840239
2987.606296
3060.882938
3087.570110
3053.193414
2949.158676
2821.150715
2708.521802
2633.888185
2592.726615
2554.278994
2556.088294
2605.391713
2688.619504
2837.434413
2972.679573
3051.836439
3058.621314
2944.635426
2767.324046
2451.148905
1886.195043
1148.453049
311.199566
-535.552741
-1393.613172
-2389.180387
-3363.036005
-4144.201194
-4722.724806
-5071.015017
-5298.534467
-5348.742537
-5069.658042
-4637.235390
-4097.159399
-3459.833544
-2825.221639
-2094.716845
-1434.322417
-984.259092
-580.332911
-272.751945
-43.423195
137.506785
159.218382
185.000905
252.849647
275.013570
381.309933
540.980640
764.429166
1103.672879
1389.089922
1679.030215
2039.533201
2326.759544
2538.899946
2613.081238
2512.665099
2329.021169
1972.589108
1410.801520
743.169893
-48.851095
-907.816175
-1766.328931
-2611.724263
-3312.375611
-3839.786503
-4222.905735
-4363.578795
-4250.949882
-3899.945721
-3334.991858
-2644.291659
-1842.771847
-944.002171
-28.948797
818.708160
1556.450154
2183.372535
2679.120680
3007.056269
3171.702551
3214.673421
3198.389723
3098.878234
2922.471504
2735.208974
2571.467342
2470.146553
2404.559435
2360.683915
2399.131536
2488.239551
2604.939388
2801.248417
2988.963271
3128.731681
3204.722272
3111.091008
2937.850552
2653.790483
2119.142392
1405.825945
536.909716
-386.285508
-1259.724986
-2246.245703
-3241.360593
-4047.855980
-4678.849285
-5046.137145
-5247.874073
-5322.960014
-5067.396418
-4602.858694
-4057.807129
-3399.674326
-2762.348471
-2065.315723
-1382.305048
-939.478922
-572.643387
-276.370545
-102.225439
33.472046
21.711598
-19.449973
37.090646
77.347566
165.098607
343.314637
587.570110
946.716121
1304.957481
1608.467523
1978.469332
2318.617695
2559.254568
2651.076533
2544.327845
2318.617695
1960.376334
1400.850371
704.269948
-85.941741
-945.811471
-1802.062602
-2623.937036
-3313.732585
-3809.028406
-4125.203546
-4239.641759
-4108.015198
-3740.727339
-3180.296725
-2481.002352
-1693.956939
-836.348833
27.139497
809.661661
1498.552560
2099.692419
2551.565044
2846.933237
2989.415596
3026.053917
3031.029492
2954.586575
2802.153067
2663.289307
2534.829021
2453.862855
2419.938484
2384.657138
2439.840782
2549.755745
2635.245160
2768.228695
2924.280803
3060.430613
3131.445631
3020.626018
2818.436765
2570.562692
2118.690067
1455.581690
619.685182
-273.204270
-1074.271757
-1934.593812
-2886.285508
-3719.015741
-4360.864845
-4742.627103
-4953.862855
-5094.535915
-4956.124480
-4553.102949
-4062.330378
-3486.068392
-2905.735480
-2281.074724
-1603.944274
-1121.765877
-771.214040
-460.466799
-248.326398
-88.655690
-48.851095
-76.895242
-4.523250
77.347566
152.433508
316.175140
559.978288
904.649900
1261.534286
1546.499005
1886.647367
2244.436403
2485.073277
2591.821965
2508.594174
2295.549122
1993.848381
1489.053736
835.896508
111.724263
-701.555998
-1536.547856
-2341.686267
-3056.812014
-3567.034558
-3911.253845
-4106.658223
-4062.330378
-3788.221458
-3295.639587
-2643.839334
-1919.667089
-1093.269405
-225.257825
578.975936
1308.576081
1935.046137
2447.982631
2827.030939
3007.056269
3060.882938
3073.548037
3008.865569
2884.476208
2715.759001
2549.755745
2454.315180
2382.395513
2318.165370
2336.258368
2406.821060
2495.929075
2610.819613
2725.257825
2864.121585
2960.014474
2900.307581
2741.993848
2523.520897
2179.753935
1651.890718
913.696399
75.990592
-707.888547
-1499.909535
-2368.825764
-3224.172245
-3947.892166
-4436.855437
-4715.487606
-4886.918762
-4868.825764
-4602.406369
-4170.888366
-3635.787950
-3083.046861
-2508.594174
-1865.388095
-1304.957481
-910.077800
-612.447983
-402.116881
-249.231048
-162.384657
-166.003257
-157.861408
-127.103311
-68.753392
78.252216
306.676316
607.020083
955.310295
1282.341234
1616.609372
1974.398408
2270.218925
2456.576805
2495.024426
2369.278089
2122.760991
1723.810385
1183.282070
546.860865
-188.167179
-981.092817
-1787.135878
-2521.259273
-3107.020083
-3546.679935
-3835.715578
-3926.180568
-3796.815632
-3444.002171
-2920.209879
-2270.671250
-1512.574634
-706.531572
89.108015
825.493034
1476.388638
2027.320427
2443.459381
2690.881129
2815.270490
2861.859960
2841.053012
2755.111272
2603.582414
2458.838430
2361.588565
2290.573548
2244.436403
2251.221277
2305.047946
2406.821060
2523.068572
2626.650986
2778.179844
2916.591279
2954.134250
2897.593631
2730.233400
2492.310476
2157.137688
1610.729148
897.412701
121.675412
-691.152524
-1484.530487
-2309.118871
-3126.017731
-3773.294735
-4274.018455
-4582.504071
-4672.516736
-4621.856342
-4357.246246
-3947.439841
-3486.520716
-2936.945902
-2369.278089
-1831.011399
-1330.740004
-986.973041
-772.571015
-605.210783
-519.269043
-465.442374
-434.231952
-445.087751
-405.735480
-288.583318
-95.892889
212.592727
581.237561
954.405645
1367.830650
1755.020807
2111.905193
2438.936132
2622.580062
2651.981183
2522.616248
2211.416682
1797.991677
1280.079609
629.184006
-103.582414
-882.033653
-1674.054641
-2379.681563
-2947.349376
-3382.033653
-3634.883300
-3730.323865
-3635.787950
-3293.377963
-2784.060069
-2145.829564
-1418.491044
-687.533924
68.753392
790.664013
1384.566673
1889.361317
2258.910802
2490.048851
2629.364936
2625.294011
2557.445269
2481.907002
2350.732766
2223.629455
2130.902841
2068.481997
2094.264520
2159.851637
2217.296906
2330.378144
2472.860503
2612.628913
2750.588022
2842.862312
2879.048308
2853.265786
2704.450878
2457.481455
2139.949340
1680.387190
1062.511308
326.126289
-452.324950
-1175.140221
-1900.217116
-2664.646282
-3355.798806
-3887.732947
-4205.717387
-4328.297449
-4344.128822
-4202.098788
-3880.043423
-3459.381219
-2975.845848
-2499.095350
-2013.298354
-1536.095531
-1207.707617
-1015.469513
-906.459200
-826.850009
-739.551294
-735.028044
-763.976841
-731.861769
-607.020083
-378.143658
-73.276642
295.820517
740.003619
1192.328569
1621.584947
2016.916953
2363.850190
2628.460286
2696.761353
2582.323141
2324.950244
1964.447259
1486.792111
847.656957
105.844038
-671.702551
-1437.941017
-2129.093541
-2722.996200
-3171.702551
-3438.574272
-3550.750859
-3453.048670
-3146.372354
-2664.646282
-2048.127375
-1397.684096
-716.935046
-7.237199
630.540981
1181.472770
1623.846571
1933.689162
2153.519088
2243.984078
2220.010856
2201.013208
2172.516736
2115.976117
2062.601773
2016.916953
2066.220373
2196.489958
2291.025873
2400.940836
2530.758097
2658.766058
2815.722815
2891.713407
2923.376153
2959.109824
2861.407635
2661.932332
2387.371087
2028.677402
1647.367469
1091.460105
369.097159
-352.361136
-1042.609010
-1679.030215
-2350.280441
-3032.386466
-3543.965985
-3869.639949
-4039.714131
-4097.159399
-4021.168808
-3775.104035
-3434.051022
-3054.098064
-2680.929980
-2273.385200
-1827.845124
-1506.242084
-1317.170255
-1197.756468
-1087.389180
-930.432423
-844.943007
-799.710512
-680.296725
-510.674869
-250.588022
70.110367
445.992401
897.865026
1323.955129
1696.218563
2028.677402
2320.879320
2559.254568
2633.435860
2531.662747
2286.954948
1932.784512
1489.958386
900.126651
227.519450
-464.537724
-1191.876244
-1859.507870
-2442.554731
-2908.901755
-3157.680478
-3294.282613
-3273.475665
-3032.386466
-2659.670707
-2120.951692
-1498.552560
-889.723177
-227.067125
390.808757
917.767324
1384.114348
1712.954587
1942.735661
2087.479645
2101.954044
2108.738918
2124.117966
2082.051746
2053.102949
2035.462276
2060.340148
2177.039986
2282.884024
2367.016465
2484.168627
2583.680116
2670.978831
2739.732224
2734.304324
2720.734576
2656.052108
2461.552379
2202.370183
1902.478741
1555.545504
1133.978650
555.907364
-122.127737
-748.145468
-1317.170255
-1895.241542
-2480.097702
-3012.484169
-3396.508051
-3590.555455
-3675.592546
-3663.832097
-3519.088113
-3292.473313
-2978.559797
-2660.575357
-2367.468790
-2002.442555
-1688.076714
-1515.740908
-1388.637597
-1328.478379
-1229.871540
-1079.699656
-1019.992763
-912.339425
-743.622218
-521.982993
-171.883481
183.191605
583.951511
1026.777637
1374.163199
1697.575538
1981.635607
2195.585308
2351.637416
2305.952596
2100.144744
1823.774199
1454.677040
1027.682287
477.655147
-142.482359
-728.695495
-1315.360955
-1842.771847
-2267.052651
-2580.966166
-2728.876425
-2775.013570
-2713.045052
-2476.026778
-2085.670346
-1593.540800
-1076.533382
-588.022435
-87.751040
424.733128
874.344129
1229.419215
1487.696761
1652.343043
1781.255654
1874.434594
1921.476389
1971.684458
1998.823955
2019.178578
2070.291297
2134.069115
2229.962005
2334.901393
2389.180387
2426.271033
2462.457029
2489.144201
2500.452325
2494.572101
2447.077981
2338.972318
2191.514384
1997.014655
1789.849828
1541.071105
1133.526325
627.374706
73.728967
-496.200470
-983.806767
-1563.687353
-2191.966709
-2663.741632
-3075.357337
-3329.563959
-3442.192871
-3532.205536
-3408.720825
-3194.771124
-3012.031844
-2699.022978
-2405.011760
-2082.956396
-1742.808033
-1625.655871
-1528.858332
-1390.899222
-1294.101683
-1145.286774
-1066.129908
-995.567215
-784.331464
-537.362041
-243.350823
130.269586
525.149267
951.239370
1350.642301
1662.746517
1939.117062
2200.560883
2333.092093
2295.096798
2127.736566
1841.867197
1503.528135
1103.672879
565.858513
13.569749
-527.410892
-1107.291478
-1589.469875
-1990.229781
-2301.429347
-2433.960557
-2528.496472
-2522.163923
-2300.977022
-1998.823955
-1589.922200
-1147.548399
-764.881491
-303.962367
156.052108
526.958567
885.199928
1148.905374
1348.833002
1553.283879
1659.580242
1728.785960
1837.343948
1900.669441
1963.994934
2038.176226
2071.195947
2155.328388
2246.245703
2253.935227
2283.336349
2294.192148
2266.148001
2286.954948
2239.913154
2172.516736
2139.949340
2034.557626
1921.024064
1766.781256
1518.907183
1281.888909
927.266148
473.584223
9.046499
-500.271395
-984.259092
-1517.097883
-2071.195947
-2500.000000
-2842.862312
-3037.362041
-3149.086304
-3214.221096
-3101.592184
-2942.373801
-2721.639226
-2452.958205
-2240.365479
-1964.899584
-1755.473132
-1674.054641
-1554.640854
-1479.102587
-1379.138773
-1264.248236
-1231.680840
-1110.910078
-899.674326
-628.731681
-266.871721
101.320789
498.914420
921.838249
1295.458657
1627.917496
1905.192690
2113.262168
2176.587661
2101.049394
1925.547313
1639.225620
1318.979555
912.791750
408.449430
-78.252216
-615.614257
-1078.342681
-1413.967794
-1764.971956
-1966.256559
-2070.291297
-2148.543514
-2015.559978
-1824.678849
-1586.755925
-1219.920391
-919.124299
-557.716664
-176.406731
109.462638
453.229600
735.932694
930.884748
1125.384476
1235.299439
1359.236475
1527.501357
1631.083771
1745.069658
1847.747422
1921.928714
2021.440203
2110.548218
2182.467885
2224.534105
2214.582956
2165.731862
2110.548218
2076.623847
2015.559978
1929.618238
1842.319522
1735.570834
1656.866293
1532.476931
1384.114348
1242.988963
984.711417
673.059526
290.392618
-146.100959
-528.767867
-1022.254388
-1543.332730
-1989.777456
-2406.368735
-2647.910259
-2855.979736
-3032.386466
-2998.009770
-2910.711055
-2743.350823
-2540.709246
-2405.011760
-2125.022616
-1880.314818
-1781.707979
-1674.959291
-1639.225620
-1540.166456
-1399.041071
-1373.258549
-1264.700561
-1054.821784
-797.901212
-454.586575
-106.748688
280.441469
753.573367
1177.401845
1509.860684
1810.656776
2056.721549
2184.729510
2187.443459
2031.843676
1774.923105
1506.242084
1096.888004
626.470056
190.881129
-317.984440
-743.169893
-1112.267053
-1479.554912
-1638.773295
-1736.927809
-1828.297449
-1751.402207
-1652.343043
-1438.393342
-1116.790302
-897.412701
-606.115433
-306.223991
-94.083590
192.238104
419.305229
587.570110
799.258187
914.148724
1042.609010
1237.561064
1386.828297
1560.068753
1714.763886
1819.703275
1950.877510
2041.794825
2085.218021
2111.905193
2097.430794
2012.846029
1891.170617
1793.468428
1689.886014
1627.465171
1606.658223
1546.046680
1532.024606
1513.479284
1439.297992
1457.843315
1375.520174
1159.761172
882.033653
432.874977
45.232495
-330.649539
-917.767324
-1458.295640
-1968.970508
-2390.989687
-2598.606839
-2865.930885
-3017.912068
-2934.231952
-2838.339063
-2650.171883
-2504.975574
-2385.561788
-2087.931970
-1883.933418
-1844.128822
-1833.725348
-1833.273023
-1726.976660
-1607.562873
-1566.853628
-1440.202642
-1189.162294
-853.537181
-455.943550
-24.425547
448.254026
935.407997
1342.952777
1639.677945
1907.001990
2122.308667
2182.920210
2094.716845
1892.527592
1651.438393
1395.874796
1062.511308
682.106025
340.600688
10.855799
-326.578614
-645.467704
-925.909173
-1119.956577
-1274.651710
-1470.960738
-1628.369821
-1660.032567
-1625.655871
-1541.071105
-1418.038719
-1247.059888
-964.356794
-673.059526
-396.236656
-34.376696
336.077438
668.083952
950.787045
1139.858875
1344.309752
1550.569929
1645.558169
1676.768591
1661.389542
1636.511670
1643.748869
1587.660575
1523.430432
1513.479284
1510.765334
1513.931608
1535.643206
1585.398951
1679.934865
1798.444002
1890.718292
1957.662385
2012.846029
2006.061154
1938.212412
1842.771847
1639.225620
1338.429528
915.053374
414.329654
11.760449
-444.635426
-1013.660213
-1519.811833
-1956.757735
-2220.010856
-2378.776913
-2597.702189
-2673.240456
-2619.866112
-2526.687172
-2408.630360
-2408.178035
-2373.349014
-2255.292202
-2247.602678
-2303.690972
-2358.874616
-2364.754840
-2242.627103
-2119.594717
-1980.278632
-1690.338339
-1292.744708
-842.681382
-359.146010
132.531210
639.587480
1144.382124
1508.051384
1756.830107
1996.562330
2148.995839
2203.274833
2146.281889
2006.965804
1899.312466
1736.023159
1475.483988
1232.585489
958.928895
630.540981
273.656595
-175.954406
-587.570110
-926.361498
-1321.693505
-1700.289488
-1985.706532
-2132.712140
-2121.856342
-2056.721549
-1909.715940
-1575.447802
-1165.189072
-762.167541
-344.671612
30.305772
407.544780
727.338520
852.632531
923.195223
993.757916
999.638140
986.520716
920.481274
874.796454
976.117243
1065.677583
1137.144925
1292.292383
1470.508413
1693.504614
1871.720644
1934.593812
2061.244798
2181.110910
2227.248055
2273.385200
2242.174778
2231.318980
2245.341053
2102.406369
1972.589108
1861.317170
1628.369821
1348.833002
926.361498
472.227248
124.389361
-346.028587
-875.701104
-1354.260901
-1794.825403
-2063.054098
-2308.214221
-2590.012665
-2699.022978
-2709.878777
-2700.832278
-2689.071829
-2740.636874
-2718.020626
-2635.697485
-2656.504433
-2713.045052
-2727.067125
-2675.502081
-2527.139497
-2344.852542
-2128.188891
-1746.426633
-1259.272661
-772.571015
-214.402026
358.693686
947.168446
1534.286231
1935.498462
2265.695676
2580.513841
2733.399674
2810.747241
2755.111272
2559.706893
2400.488511
2101.954044
1707.074362
1354.260901
910.530125
474.488873
8.141849
-553.193414
-983.354442
-1337.977203
-1703.003438
-1964.447259
-2185.634160
-2262.981726
-2164.827212
-2054.007599
-1864.483445
-1570.924552
-1264.248236
-944.002171
-648.181654
-411.615705
-166.907907
28.948797
117.152162
188.167179
270.037995
364.573910
498.009770
617.423557
775.284965
1048.036910
1298.624932
1525.239732
1766.781256
1980.278632
2200.560883
2337.163018
2334.449068
2334.449068
2357.065316
2325.402569
2256.196852
2176.135336
2130.450516
2150.805138
2135.426090
2044.056450
1992.491406
1927.808938
1773.566130
1527.953682
1122.670527
712.864122
353.265786
-176.406731
-748.145468
-1240.727339
-1707.526687
-2018.726253
-2350.732766
-2678.216030
-2777.727519
-2860.050660
-2939.659852
-3006.603944
-3150.895603
-3155.418853
-3130.540981
-3250.407092
-3305.590736
-3277.094265
-3135.516555
-2870.454134
-2607.201013
-2210.964357
-1605.753573
-955.310295
-327.935589
325.221639
972.498643
1590.374525
2102.406369
2374.705989
2571.015017
2748.326398
2746.517098
2656.504433
2475.122128
2255.744527
2134.521440
1899.312466
1590.826850
1362.402750
1064.320608
755.382667
371.811109
-157.861408
-581.689886
-1013.660213
-1520.716483
-1938.212412
-2306.857246
-2519.449973
-2561.968518
-2604.034739
-2496.833725
-2216.844581
-1916.953139
-1553.736204
-1210.873892
-925.004523
-600.235209
-363.669260
-221.186901
-38.447621
90.464990
241.541523
450.967975
625.113081
915.505699
1270.128460
1554.188529
1884.838068
2140.853990
2292.382848
2438.936132
2430.341958
2371.087389
2312.285146
2125.022616
1987.968156
1939.569387
1907.001990
2020.535553
2167.541162
2283.788674
2462.004704
2575.085942
2585.489416
2560.159218
2349.828117
1978.469332
1494.029311
824.588384
195.404379
-385.833183
-1055.726434
-1625.203546
-2111.905193
-2493.215126
-2650.171883
-2818.889090
-2949.611001
-2954.134250
-3022.887642
-3094.354985
-3210.150172
-3391.984802
-3442.192871
-3468.427718
-3537.633436
-3492.853266
-3305.138411
-2935.588927
-2405.464085
-1865.388095
-1286.412158
-604.758458
49.755745
653.609553
1188.709969
1570.019902
1911.977565
2168.445811
2253.030577
2370.635064
2463.361679
2496.381400
2571.919667
2550.660394
2535.281346
2536.185996
2366.564140
2146.281889
1801.157952
1277.365659
723.267595
0.452325
-751.764067
-1419.848019
-2090.193595
-2608.105663
-2986.249322
-3205.174597
-3162.203727
-2998.914420
-2737.922924
-2357.517641
-1984.349557
-1599.421024
-1239.370364
-979.283517
-791.568663
-650.443278
-563.596888
-458.657500
-299.891442
-112.176588
165.550932
491.224896
851.275556
1316.265605
1739.641759
2090.193595
2402.297811
2535.281346
2614.890537
2617.604487
2489.596526
2398.226886
2237.651529
2125.927266
2162.565587
2197.846933
2365.207165
2575.538267
2760.539171
2997.557445
3074.905012
3022.887642
2854.622761
2500.452325
2116.880767
1575.900127
900.578976
262.800796
-332.911163
-761.715216
-1157.499548
-1563.687353
-1842.771847
-2054.912249
-2148.543514
-2274.289850
-2562.420843
-2813.008866
-3082.594536
-3329.111634
-3589.198480
-3938.393342
-4108.015198
-4103.944274
-4000.814185
-3764.700561
-3490.139316
-3012.031844
-2337.615343
-1710.240637
-1126.289126
-616.518907
-100.416139
465.894699
884.747603
1200.470418
1525.239732
1865.388095
2235.842229
2527.591822
2757.825222
3018.816718
3247.240818
3338.610458
3239.098969
3012.031844
2713.045052
2311.380496
1737.380134
1009.589289
299.891442
-353.718111
-998.281165
-1596.254749
-2108.286593
-2462.457029
-2644.291659
-2789.035643
-2879.500633
-2857.789036
-2757.372897
-2616.699837
-2520.354623
-2458.386105
-2292.835173
-2065.768048
-1847.295097
-1598.064049
-1307.671431
-927.718473
-459.562149
-26.687172
401.664556
876.605754
1292.292383
1685.815090
1998.823955
2197.394608
2437.126832
2619.413787
2673.240456
2729.781075
2746.064773
2786.321694
2879.048308
2853.265786
2851.456486
2901.212231
2904.378506
2970.417948
2930.613353
2810.747241
2779.084494
2632.531210
2398.679211
2120.499367
1739.641759
1462.818889
1152.523973
686.629274
223.900850
-235.661299
-589.379410
-909.173150
-1382.305048
-1877.600868
-2310.475846
-2636.602135
-2897.141306
-3252.216392
-3545.322960
-3726.705265
-3823.502804
-3855.165551
-3935.227067
-3872.353899
-3666.998372
-3450.787045
-3216.935046
-3025.601592
-2690.428804
-2154.876063
-1685.815090
-1247.964538
-796.544237
-286.321694
379.048308
957.119595
1433.870092
1949.068211
2425.818708
2855.075086
3146.372354
3271.214040
3396.508051
3463.452144
3341.324407
3065.406188
2701.284603
2346.661842
1992.491406
1498.552560
900.578976
317.532115
-235.661299
-801.519812
-1413.515470
-2021.892528
-2524.877872
-2931.065678
-3304.233762
-3609.553103
-3750.678487
-3706.802967
-3542.609010
-3352.632531
-3118.328207
-2761.896146
-2301.881672
-1863.126470
-1499.457210
-1148.000724
-761.715216
-352.813461
11.308124
334.720463
709.697847
1164.284422
1617.966347
2008.322779
2389.632712
2795.820517
3190.700199
3486.973041
3612.719378
3651.166998
3651.166998
3567.939208
3435.860322
3218.744346
2978.107472
2842.409987
2685.000905
2542.518545
2461.100054
2343.947892
2295.096798
2173.873711
1875.791569
1593.993125
1216.301791
831.825583
507.508594
28.948797
-423.376153
-818.255835
-1206.802967
-1393.613172
-1615.252397
-1921.024064
-2142.663289
-2439.840782
-2683.643930
-2872.263434
-3186.629274
-3392.889452
-3557.535734
-3755.654062
-3818.527230
-3828.930704
-3668.355346
-3289.307038
-2949.611001
-2611.724263
-2207.345757
-1738.284784
-1134.883300
-565.406188
-141.125384
275.465895
717.839696
1142.120499
1551.022254
1930.975213
2283.788674
2642.482359
2888.094807
2972.679573
3067.215488
3108.829383
3057.716664
2906.187805
2495.929075
2043.151800
1643.748869
1152.071648
672.607201
125.746336
-500.723720
-1003.256740
-1557.807129
-2097.430794
-2484.168627
-2914.781979
-3241.812918
-3487.877691
-3766.962186
-3819.431880
-3732.133164
-3602.315904
-3314.637235
-3045.503890
-2712.592727
-2222.724806
-1749.140583
-1234.847114
-694.318799
-222.996200
288.583318
820.517460
1297.267957
1790.754478
2269.766600
2694.499729
3093.902660
3374.344129
3553.012484
3727.157590
3809.480731
3782.793559
3655.237923
3387.009227
3102.949159
2876.786684
2621.675412
2349.375792
2099.692419
1879.410168
1720.644111
1613.443098
1479.102587
1327.573729
1193.685544
995.567215
753.573367
474.488873
117.604487
-137.054460
-331.554189
-590.284060
-804.686086
-1052.107834
-1257.011037
-1268.771485
-1384.566673
-1581.780351
-1787.588203
-2076.623847
-2184.277185
-2238.556179
-2431.698933
-2503.618600
-2533.019721
-2523.973222
-2359.326940
-2291.478198
-2179.301610
-1901.121766
-1681.291840
-1493.576986
-1355.165551
-1244.798263
-938.121947
-562.239913
-297.629817
-51.112719
230.233400
594.354985
1068.843857
1471.865388
1738.284784
2006.513479
2218.653881
2319.522345
2368.825764
2260.720101
2087.027320
1944.997286
1638.773295
1244.345938
862.131355
412.068030
49.303420
-346.933237
-930.432423
-1457.390990
-1968.518183
-2445.721006
-2759.182196
-3102.044509
-3364.845305
-3406.459200
-3411.887100
-3276.641940
-3012.936494
-2727.519450
-2294.644473
-1854.532296
-1499.457210
-1100.054279
-697.032748
-279.084494
151.076533
501.176045
834.087208
1223.086665
1615.704722
1996.110005
2375.610639
2701.284603
2990.320246
3215.578071
3308.304686
3320.969785
3291.116338
3176.225801
2987.153971
2713.045052
2366.111815
2057.626199
1774.018455
1508.051384
1271.033110
1029.943912
812.375611
623.303781
493.486521
384.023883
281.346119
209.426452
91.369640
17.188348
2.261625
-56.088294
-10.403474
72.824317
89.560340
177.311380
138.411435
64.682468
116.247512
-17.188348
-223.900850
-475.845848
-895.151077
-1095.983354
-1238.918039
-1512.574634
-1636.963995
-1839.153248
-1983.897232
-1898.407816
-1968.065859
-1989.325131
-1900.669441
-1937.760087
-1831.011399
-1727.881310
-1713.859236
-1489.958386
-1259.272661
-1031.753212
-693.414149
-460.014474
-192.690429
188.167179
488.058621
763.072191
975.212593
1041.252035
1129.455401
1228.062240
1253.392437
1259.272661
1197.304143
1060.702008
967.523069
858.060431
660.846752
469.965623
209.426452
-139.316085
-462.276099
-866.202280
-1302.243532
-1627.012846
-1948.615886
-2206.893432
-2347.114167
-2484.168627
-2481.907002
-2341.233942
-2208.702732
-1958.567035
-1675.863941
-1443.368916
-1111.814728
-796.091912
-507.508594
-142.934684
153.338158
420.662204
740.003619
996.924190
1267.866836
1556.902479
1748.235933
1944.092636
2129.545866
2191.514384
2240.817804
2243.079428
2162.565587
2117.333092
2014.203003
1836.439298
1698.027863
1537.000181
1388.185272
1328.930704
1229.419215
1147.096074
1133.526325
1061.606658
1058.440384
1110.910078
1077.438031
1096.888004
1088.746155
989.234666
970.689343
892.889452
790.664013
815.541885
771.214040
749.954768
767.143116
631.897955
551.384114
466.799349
211.235752
-15.831373
-370.906459
-806.495386
-1073.819432
-1379.591098
-1629.726796
-1782.612629
-2037.271576
-2203.727158
-2286.502623
-2407.725710
-2399.131536
-2411.796635
-2482.811652
-2437.126832
-2407.273385
-2317.260720
-2120.951692
-1949.520536
-1694.861589
-1385.471323
-1102.768229
-749.954768
-389.904107
-36.185996
350.099511
645.015379
857.155781
1022.254388
1158.856523
1299.529582
1394.065497
1418.038719
1374.163199
1282.793559
1180.115795
1048.941560
889.270852
690.247874
392.618057
70.110367
-265.062421
-599.782884
-851.275556
-1085.579881
-1290.935408
-1424.823593
-1560.068753
-1619.323322
-1607.110548
-1594.445450
-1530.667632
-1478.197937
-1449.249141
-1337.072553
-1185.091370
-974.307943
-684.819975
-436.945902
-194.952054
62.873168
289.940293
546.860865
788.402388
988.330016
1171.521621
1291.387733
1404.016646
1541.523430
1666.365117
1754.116157
1772.209155
1739.641759
1703.003438
1666.365117
1628.369821
1578.614076
1500.814185
1410.801520
1277.365659
1139.858875
1048.036910
993.305591
991.043966
969.784693
941.288221
948.977746
948.073096
955.310295
922.290574
812.827936
701.555998
583.951511
488.058621
441.921476
407.544780
403.926181
408.901755
375.882034
318.889090
229.328750
147.457934
35.733671
-133.888185
-321.603040
-545.503890
-738.194319
-901.031301
-1088.293830
-1217.658766
-1328.026054
-1418.943369
-1434.322417
-1458.295640
-1428.442193
-1366.926000
-1362.855075
-1328.478379
-1314.003980
-1330.287679
-1244.798263
-1172.426271
-1070.200832
-888.818527
-767.143116
-636.421205
-497.557445
-413.877329
-298.082142
-224.805500
-221.639226
-203.546228
-202.189253
-176.406731
-126.198661
-141.125384
-158.313733
-164.193957
-198.570653
-214.854351
-241.089198
-270.037995
-265.514746
-265.514746
-300.796092
-351.908811
-412.520355
-455.038900
-474.488873
-507.960919
-537.362041
-542.789940
-511.579519
-439.207527
-356.884386
-274.561245
-208.069477
-152.885833
-73.276642
12.212774
112.176588
223.900850
303.510042
390.356432
477.202823
544.599240
625.565406
668.536276
707.888547
770.761715
805.138411
843.586032
892.889452
911.434775
940.383572
949.430071
918.219649
898.769676
873.439479
856.703456
851.275556
807.852361
766.690791
727.790845
672.154876
625.113081
576.261987
532.386466
502.533020
474.941198
455.491225
452.777275
441.469151
425.637778
389.904107
344.219287
295.820517
241.541523
199.022978
162.384657
150.171883
157.861408
158.313733
190.428804
224.805500
250.135697
289.487968
305.771666
298.082142
293.106568
248.326398
194.047404
160.575357
108.105663
70.110367
20.806948
-53.826669
-95.892889
-149.719559
-227.519450
-298.986792
-401.212231
-504.342320
-586.665460
-690.700199
-777.094265
-831.373259
-884.747603
-924.099873
-982.449792
-1053.012484
-1090.103130
-1123.575176
-1172.426271
-1209.064592
-1226.705265
-1218.111091
-1178.758820
-1116.790302
-1024.516012
-921.838249
-839.062783
-772.571015
-705.626922
-640.039805
-569.024787
-498.914420
-445.087751
-380.857608
-275.918220
-167.360232
-61.968518
48.398770
145.648634
249.683373
327.030939
368.644834
414.329654
451.872625
469.513298
487.153971
474.488873
455.038900
470.417948
471.322598
485.796997
511.127194
515.650443
526.958567
520.173693
491.677221
471.322598
418.400579
351.004161
291.297268
232.042699
198.570653
192.238104
190.881129
203.998553
221.639226
233.399674
231.138050
205.355527
171.431156
139.768410
108.557988
70.110367
42.518545
27.591822
37.995296
70.562692
127.555636
190.428804
263.253121
330.649539
391.261082
454.586575
495.748145
516.555093
522.435318
503.889995
473.584223
450.063325
428.804053
430.161028
442.373801
439.207527
429.256378
411.163380
384.928533
363.669260
305.319341
216.211326
128.460286
35.733671
-42.518545
-109.462638
-194.499729
-256.920572
-295.368193
-342.862312
-375.429709
-405.283155
-415.686629
-408.449430
-429.708703
-456.395875
-462.728424
-457.300525
-436.945902
-426.542428
-433.327302
-417.043604
-396.688981
-379.952958
-368.192509
-358.241361
-328.840239
-289.940293
-248.778723
-213.497377
-163.741632
-108.105663
-66.491768
-44.327845
-49.755745
-53.374344
-52.469694
-66.039443
-96.345214
-128.460286
-157.409083
-166.907907
-177.763705
-192.238104
-184.548580
-180.929980
-164.193957
-148.362584
-145.648634
-127.103311
-105.391713
-85.037091
-59.706893
-49.303420
-33.924371
-8.594174
1.809300
12.665099
18.092998
17.188348
17.188348
18.092998
14.474398
5.427899
-4.523250
-20.354623
-36.185996
-66.491768
-85.037091
-87.751040
-80.966166
-61.516193
-37.090646
-13.569749
13.569749
52.469694
100.416139
123.032386
138.411435
148.362584
150.624208
156.956758
147.457934
157.409083
183.191605
201.284603
220.734576
227.519450
233.399674
259.634521
257.825222
236.565949
225.710150
197.213678
188.167179
187.262529
167.360232
170.978831
171.883481
145.648634
129.817261
106.748688
98.154514
112.176588
103.130089
81.418491
60.159218
52.922019
50.660394
28.948797
8.594174
9.951149
5.427899
-0.452325
0.000000
3.166275
32.115071
67.848743
65.134793
61.063868
75.538267
94.535915
106.748688
94.083590
67.848743
61.063868
59.706893
52.017369
50.208069
37.090646
43.423195
60.611543
60.159218
64.230143
78.704541
99.963814
130.721911
133.888185
126.198661
142.030034
144.291659
140.673060
120.318437
66.039443
38.899946
23.520897
7.237199
-1.356975
-15.831373
-17.188348
-24.425547
-70.562692
-110.367288
-150.171883
-212.592727
-261.443821
-321.603040
-380.405283
-395.784331
-406.640130
-411.615705
-426.994753
-454.586575
-471.322598
-494.843496
-532.838791
-552.741089
-559.525963
-535.100416
-489.415596
-454.586575
-401.212231
-324.316989
-247.421748
-152.433508
-69.658042
-2.261625
75.085942
145.196309
218.472951
273.656595
308.485616
323.412339
322.960014
331.554189
350.099511
381.309933
417.495929
458.657500
473.584223
469.513298
442.826126
388.999457
332.911163
276.370545
207.617152
134.340510
62.420843
14.022073
9.951149
2.713950
-18.997648
-55.183644
-126.650986
-197.213678
-284.964719
-404.830830
-492.581871
-540.528316
-568.120138
-577.166637
-570.834087
-513.388819
-378.143658
-230.685725
-142.030034
-140.220735
-178.668355
-192.690429
-174.597431
-114.890537
-29.853447
77.347566
188.167179
286.321694
356.432061
393.975032
417.495929
412.972680
355.075086
290.844943
281.798444
363.216935
550.027139
721.910621
804.686086
800.615162
715.125746
630.088656
585.760811
565.858513
555.002714
519.269043
458.657500
394.879682
330.197214
257.372897
161.480007
2.713950
-192.238104
-372.263434
-494.391171
-513.841143
-470.417948
-445.087751
-474.941198
-560.882938
-669.893251
-728.695495
-734.575719
-728.695495
-719.648996
-722.362946
-709.697847
-639.135155
-543.694590
-438.302877
-333.363488
-251.944997
-190.881129
-148.814909
-80.061516
33.924371
181.382305
324.769314
426.090103
498.462095
570.834087
643.658404
709.245522
725.981545
730.052470
744.074543
751.311742
732.766419
667.179302
574.905012
464.537724
296.272842
47.041795
-221.639226
-400.759906
-427.447078
-360.050660
-308.033291
-326.578614
-390.808757
-476.750498
-587.570110
-722.815270
-835.444183
-877.058079
-830.920934
-728.243170
-612.900308
-484.892347
-368.192509
-335.172788
-413.425005
-566.763163
-692.057174
-692.509499
-590.284060
-442.373801
-283.155419
-139.768410
9.951149
152.433508
263.705446
355.075086
403.926181
428.351728
453.681925
502.985345
609.734033
745.431518
850.370906
911.887100
926.361498
914.601049
892.889452
867.559255
821.874435
733.218744
640.039805
550.027139
476.750498
422.923828
349.647187
258.729872
168.264881
74.181292
-1.809300
-69.205717
-143.387009
-195.404379
-253.301972
-345.123937
-456.848200
-597.973584
-700.651348
-725.981545
-712.411797
-645.920029
-556.359689
-507.960919
-500.271395
-546.408540
-575.357337
-490.320246
-302.153067
-38.447621
200.379953
350.551836
444.183101
518.816718
578.523611
609.734033
571.738737
520.173693
526.053917
607.924733
740.908269
833.182558
837.705808
756.739642
593.450335
398.950606
233.399674
106.748688
25.782522
-50.208069
-153.338158
-266.419396
-360.050660
-401.664556
-412.972680
-443.730776
-507.508594
-614.709607
-733.218744
-844.038357
-953.048670
-1035.824136
-1063.415958
-1024.063687
-928.170798
-806.043061
-693.414149
-599.330559
-550.931789
-523.792292
-498.009770
-483.987697
-450.063325
-389.451782
-290.392618
-127.555636
51.112719
189.071829
248.778723
204.450878
126.650986
118.056812
210.331102
377.691333
526.958567
583.951511
577.618961
545.051565
531.029492
543.694590
546.860865
540.075991
534.648091
531.934141
537.814366
539.623666
519.721368
466.347024
346.933237
188.619504
69.205717
28.948797
52.017369
79.609191
51.112719
-13.117424
-79.609191
-121.675412
-130.721911
-137.506785
-162.836982
-185.000905
-200.379953
-194.047404
-170.978831
-151.981183
-110.819613
-64.682468
-14.926723
25.782522
34.376696
50.208069
87.751040
149.719559
219.829926
279.989144
339.696038
400.759906
436.945902
434.684277
422.923828
415.686629
441.921476
470.870273
456.848200
419.305229
384.476208
352.361136
319.341415
258.277547
187.714854
129.817261
66.039443
-3.618600
-65.587118
-137.959110
-206.260177
-280.893794
-374.977384
-443.730776
-487.606296
-531.934141
-567.215488
-612.447983
-647.277004
-663.560702
-678.035100
-673.511851
-641.396779
-606.115433
-561.335263
-534.195766
-526.053917
-498.914420
-460.466799
-405.735480
-318.436765
-224.805500
-145.648634
-64.230143
-9.498824
42.970870
99.511489
122.580062
141.125384
157.409083
190.881129
259.182196
331.554189
404.378506
472.227248
493.938846
470.417948
417.043604
345.123937
287.678668
234.304324
179.120680
132.983535
102.225439
82.775466
79.156866
56.992944
14.022073
-34.829021
-85.941741
-120.318437
-138.863760
-145.196309
-151.981183
-154.242808
-157.409083
-169.169531
-175.502081
-174.145106
-175.502081
-173.240456
-171.883481
-175.954406
-170.978831
-156.052108
-115.342862
-53.374344
25.330197
95.892889
143.387009
168.264881
178.668355
191.333454
202.641578
213.045052
219.377601
230.233400
258.729872
301.248417
350.551836
388.094807
392.165732
352.361136
293.558893
239.279899
209.426452
212.592727
226.162475
227.519450
221.186901
202.641578
178.668355
150.171883
100.868464
27.591822
-64.230143
-149.267234
-201.736928
-210.783427
-208.521802
-213.949701
-245.160123
-289.940293
-314.365840
-314.365840
-301.700742
-298.986792
-311.651891
-315.722815
-292.654243
-243.803148
-180.477655
-122.127737
-93.178940
-54.278994
2.713950
75.085942
163.741632
242.898498
292.654243
308.033291
301.248417
293.106568
311.651891
337.434413
353.718111
358.693686
349.194862
351.004161
365.026235
367.287860
350.551836
298.082142
225.710150
154.695133
91.369640
44.327845
8.141849
-46.589470
-119.866112
-196.309028
-275.465895
-334.720463
-374.525059
-414.781979
-462.276099
-510.674869
-556.359689
-591.188710
-613.352633
-617.423557
-603.401484
-578.071286
-558.621314
-549.122490
-542.337615
-527.410892
-491.677221
-448.254026
-404.830830
-362.312285
-314.365840
-261.896146
-193.142754
-134.792835
-98.154514
-86.846390
-87.751040
-72.824317
-33.924371
38.899946
132.983535
213.949701
286.774018
334.268138
347.837887
363.216935
377.239009
384.928533
382.214583
357.336711
320.246065
295.368193
291.749593
303.962367
293.106568
254.658947
203.546228
156.504433
119.866112
80.061516
43.423195
16.736023
-0.452325
12.212774
43.875520
72.824317
103.582414
122.580062
112.176588
84.584766
38.899946
3.618600
22.616248
79.156866
153.338158
212.140402
249.683373
279.536819
304.414692
300.343767
282.703094
266.871721
267.324046
298.986792
336.982088
396.688981
454.134250
495.295821
507.960919
481.726072
440.112177
407.092455
389.451782
358.693686
315.722815
266.871721
226.614800
199.022978
183.191605
150.624208
98.154514
28.044147
-57.445269
-142.934684
-200.832278
-229.781075
-235.661299
-229.781075
-236.113624
-235.661299
-235.661299
-239.732224
-262.800796
-314.818165
-369.097159
-409.806405
-424.733128
-397.141306
-364.573910
-345.123937
-327.935589
-321.603040
-315.270490
-313.913515
-327.030939
-357.336711
-386.737832
-404.830830
-418.852904
-411.163380
-398.498281
-376.786684
-355.979736
-349.647187
-349.194862
-351.456486
-365.930885
-402.569206
-449.158676
-493.034196
-507.508594
-494.843496
-459.562149
-421.114529
-394.427357
-372.263434
-340.600688
-308.937941
-275.465895
-249.683373
-233.399674
-192.690429
-137.054460
-77.799891
-15.379048
44.780170
93.178940
141.125384
189.524154
225.710150
267.776371
312.556541
351.908811
391.713407
433.779627
491.224896
536.457391
575.809662
611.091008
625.113081
634.159580
638.230505
629.184006
620.589832
598.878234
578.071286
577.166637
573.095712
551.384114
518.364393
472.227248
414.781979
352.813461
301.248417
251.040347
194.047404
130.269586
76.442917
38.899946
5.880224
-9.046499
-20.806948
-33.019721
-45.232495
-53.374344
-51.565044
-55.635969
-75.538267
-107.201013
-130.721911
-131.626561
-115.795187
-81.418491
-45.684820
-8.594174
14.474398
21.711598
29.853447
44.327845
69.658042
100.416139
132.983535
147.005609
143.387009
125.294011
94.083590
69.658042
60.611543
44.780170
27.139497
4.070925
-33.019721
-67.848743
-113.081238
-155.147458
-200.379953
-240.636874
-274.108920
-300.343767
-320.698390
-336.529763
-354.622761
-391.713407
-431.518003
-477.655147
-521.078343
-540.528316
-541.432965
-533.291116
-525.149267
-523.792292
-507.056269
-475.845848
-448.706351
-425.185453
-399.855256
-377.691333
-338.339063
-293.106568
-251.492672
-190.428804
-136.602135
-81.870816
-25.330197
31.210422
91.369640
152.433508
204.903202
241.993848
269.133345
295.820517
329.744889
358.241361
382.214583
406.187805
428.351728
436.493577
437.398227
435.588927
425.637778
409.354080
388.999457
379.048308
369.097159
342.862312
311.651891
267.776371
213.045052
158.313733
109.010313
69.658042
39.352271
16.736023
-7.689524
-24.425547
-38.447621
-53.826669
-75.990592
-92.274290
-117.152162
-128.912611
-132.078885
-128.912611
-114.890537
-94.535915
-59.706893
-23.068572
4.975574
27.591822
42.518545
43.423195
54.278994
72.371992
95.892889
106.748688
99.511489
89.560340
80.513841
79.609191
96.797539
105.391713
102.677764
78.704541
38.447621
2.713950
-28.496472
-48.398770
-66.491768
-83.680116
-99.511489
-105.844038
-104.034739
-109.010313
-132.078885
-171.431156
-229.781075
-265.967071
-271.394970
-255.111272
-221.639226
-204.450878
-206.712502
-224.353175
-235.208974
-236.565949
-226.162475
-200.379953
-170.526506
-140.673060
-104.034739
-70.110367
-45.684820
-33.472046
-43.423195
-52.017369
-44.780170
-31.662747
3.618600
42.066220
60.159218
83.680116
104.034739
109.914963
125.746336
129.364936
122.580062
121.675412
129.364936
153.790483
177.763705
201.284603
217.115976
214.402026
202.189253
195.404379
175.502081
159.670707
142.934684
129.817261
122.580062
123.937036
130.721911
114.890537
88.655690
54.278994
18.092998
-11.760449
-18.092998
-18.092998
-14.022073
-4.975574
5.880224
23.973222
37.090646
23.520897
-10.403474
-47.494120
-73.728967
-79.156866
-61.063868
-36.638321
-12.665099
11.760449
35.281346
58.349919
61.063868
61.968518
52.922019
36.185996
31.662747
38.899946
64.682468
96.797539
112.628913
111.271938
91.369640
60.611543
21.711598
-36.638321
-100.416139
-168.264881
-216.663651
-234.304324
-218.020626
-180.929980
-152.433508
-150.624208
-177.763705
-227.067125
-260.539171
-282.703094
-289.940293
-271.394970
-255.111272
-238.827574
-217.115976
-189.071829
-154.242808
-116.247512
-88.203365
-76.442917
-64.682468
-47.946445
-22.616248
9.498824
41.161570
75.538267
114.890537
147.457934
173.692781
197.666003
218.925276
227.067125
226.614800
219.377601
218.020626
224.353175
239.279899
239.732224
211.688077
172.335806
133.888185
99.511489
82.323141
59.254568
37.542971
21.259273
-4.975574
-24.877872
-40.256921
-44.780170
-33.924371
-26.687172
-23.520897
-16.736023
-18.545323
-29.853447
-52.469694
-81.418491
-111.724263
-121.675412
-113.985887
-99.059164
-72.824317
-50.660394
-24.425547
-2.713950
28.496472
68.753392
98.606839
113.081238
114.438212
109.462638
104.487064
106.748688
128.007961
151.981183
183.191605
215.759001
227.971775
237.018274
233.399674
217.115976
179.120680
132.078885
89.560340
62.420843
35.281346
5.427899
-28.496472
-68.301067
-93.631265
-125.746336
-148.362584
-159.218382
-173.240456
-197.213678
-233.851999
-271.847295
-292.201918
-303.057717
-302.605392
-301.248417
-312.556541
-320.698390
-311.651891
-296.272842
-271.847295
-248.326398
-223.900850
-200.379953
-173.692781
-142.482359
-118.961462
-95.440565
-77.799891
-40.256921
-0.452325
46.137145
90.012665
119.413787
144.743984
160.575357
173.240456
190.881129
216.211326
236.565949
248.778723
251.944997
243.803148
235.208974
225.710150
203.093903
187.714854
161.027682
129.817261
107.653338
82.775466
58.802244
36.638321
21.711598
7.689524
-9.951149
-38.447621
-70.562692
-101.773114
-117.604487
-111.724263
-88.655690
-64.682468
-43.423195
-35.733671
-42.066220
-56.992944
-89.560340
-107.201013
-96.797539
-73.276642
-23.520897
42.518545
105.391713
161.027682
183.191605
177.311380
157.861408
142.934684
138.863760
143.387009
149.267234
159.670707
181.834630
204.450878
219.377601
218.020626
218.472951
205.355527
184.548580
151.981183
105.844038
64.230143
22.163923
-20.354623
-57.445269
-77.347566
-78.252216
-93.631265
-119.866112
-161.932332
-212.140402
-244.255473
-258.277547
-270.490320
-279.536819
-279.536819
-275.918220
-259.634521
-246.064773
-233.399674
-226.162475
-228.424100
-218.472951
-200.832278
-177.311380
-153.338158
-129.817261
-115.795187
-100.868464
-87.298715
-75.538267
-57.897594
-43.423195
-29.853447
-7.237199
19.902298
56.088294
83.680116
104.034739
113.533563
114.890537
127.103311
138.411435
137.959110
114.438212
96.345214
78.704541
70.110367
65.134793
56.540619
40.709246
16.736023
-7.689524
-17.188348
-4.070925
0.452325
-0.452325
-7.237199
-16.283698
-11.308124
0.904650
-2.261625
-9.498824
-20.806948
-27.139497
-12.665099
14.022073
45.232495
67.848743
69.658042
63.325493
59.706893
64.230143
73.728967
92.274290
112.176588
130.721911
154.695133
183.191605
212.592727
224.805500
227.971775
223.448525
209.426452
201.736928
196.309028
187.714854
174.597431
166.907907
160.575357
155.599783
144.291659
121.675412
91.821965
54.731319
12.212774
-25.782522
-51.565044
-75.538267
-99.511489
-111.271938
-116.699837
-122.580062
-123.484711
-131.174236
-141.577709
-162.384657
-187.714854
-209.878777
-228.424100
-244.255473
-245.160123
-238.375249
-229.781075
-221.639226
-210.331102
-197.213678
-187.262529
-163.289307
-133.888185
-111.724263
-91.821965
-77.799891
-56.992944
-25.330197
12.665099
42.970870
66.039443
84.132441
98.606839
110.819613
113.533563
119.413787
111.724263
83.227791
54.731319
33.019721
18.092998
17.640673
16.283698
4.975574
-19.902298
-50.660394
-78.252216
-108.557988
-133.435860
-153.790483
-172.335806
-187.714854
-183.191605
-173.240456
-160.123032
-156.504433
-162.836982
-172.788131
-182.739280
-183.191605
-161.480007
-122.127737
-69.205717
-7.689524
52.017369
107.201013
151.528858
189.524154
221.639226
240.184549
254.658947
275.013570
287.226343
304.414692
313.913515
323.864664
332.458838
332.006513
318.436765
301.700742
285.417044
272.751945
252.849647
220.282251
197.213678
160.123032
123.032386
99.059164
74.181292
58.349919
44.327845
27.591822
5.880224
-22.163923
-55.635969
-94.083590
-139.768410
-185.000905
-218.020626
-241.541523
-245.160123
-244.707798
-244.707798
-244.707798
-244.707798
-239.279899
-226.614800
-212.592727
-208.069477
-197.666003
-173.692781
-151.076533
-120.770762
-99.963814
-77.347566
-50.208069
-30.758097
1.809300
31.210422
45.684820
57.445269
61.968518
60.611543
76.895242
94.535915
115.795187
142.482359
148.362584
152.433508
158.766058
153.338158
148.814909
134.792835
108.557988
86.394065
60.159218
39.804596
21.259273
-0.904650
-34.829021
-83.680116
-138.411435
-188.619504
-220.282251
-237.470599
-249.683373
-254.206622
-253.754297
-248.778723
-235.661299
-217.115976
-202.189253
-196.309028
-185.905555
-163.741632
-132.531210
-81.870816
-32.115071
14.926723
57.445269
86.394065
110.367288
134.340510
158.766058
183.191605
205.807852
217.115976
225.257825
238.375249
254.658947
270.490320
288.583318
303.962367
305.771666
298.082142
283.607744
254.658947
227.519450
191.785779
150.624208
119.413787
99.059164
88.655690
67.848743
44.327845
12.212774
-34.829021
-71.467342
-96.797539
-120.770762
-144.743984
-163.289307
-176.406731
-200.832278
-217.568301
-219.377601
-209.426452
-194.499729
-184.096255
-184.548580
-191.785779
-193.142754
-185.905555
-169.621856
-147.005609
-114.438212
-90.464990
-66.491768
-42.066220
-28.948797
-21.259273
-4.975574
20.354623
36.638321
62.873168
93.178940
113.533563
130.269586
125.746336
115.342862
110.367288
103.582414
110.367288
113.533563
101.320789
87.751040
60.611543
29.401122
13.117424
2.261625
-10.855799
-18.545323
-30.305772
-52.922019
-68.753392
-85.037091
-100.416139
-111.271938
-119.413787
-123.032386
-121.223087
-129.364936
-141.125384
-155.599783
-175.049756
-183.643930
-181.382305
-160.575357
-128.007961
-85.037091
-45.684820
-12.212774
13.117424
36.638321
56.540619
70.110367
91.369640
114.890537
145.648634
174.597431
210.331102
238.827574
250.588022
259.182196
255.563597
245.612448
233.399674
212.140402
186.357880
170.978831
162.836982
156.956758
156.504433
144.291659
122.127737
95.892889
58.349919
18.092998
-25.782522
-60.159218
-84.584766
-104.487064
-116.247512
-125.294011
-136.602135
-161.027682
-185.000905
-209.426452
-229.328750
-236.113624
-236.113624
-229.328750
-208.521802
-179.573005
-136.149810
-89.560340
-54.278994
-16.736023
4.975574
9.498824
3.618600
-0.904650
0.000000
1.809300
16.736023
46.137145
79.156866
111.271938
139.768410
148.362584
135.697485
113.533563
83.680116
54.278994
36.638321
34.376696
48.398770
65.134793
78.704541
87.751040
85.037091
65.134793
32.115071
-7.689524
-48.851095
-84.584766
-105.391713
-119.413787
-128.460286
-123.937036
-122.127737
-122.580062
-122.127737
-122.580062
-122.580062
-122.127737
-112.176588
-99.059164
-87.751040
-67.848743
-34.376696
-3.166275
22.616248
42.970870
52.922019
52.017369
52.469694
58.802244
62.420843
69.658042
85.489416
103.582414
122.127737
137.506785
139.768410
140.220735
137.054460
124.841686
113.533563
117.604487
135.245160
144.743984
153.790483
157.409083
138.863760
113.985887
81.870816
36.638321
-9.498824
-42.518545
-67.848743
-86.846390
-87.751040
-87.298715
-87.298715
-87.751040
-87.751040
-98.606839
-118.056812
-131.626561
-140.673060
-148.814909
-143.839334
-135.245160
-120.318437
-94.988240
-76.442917
-58.349919
-47.041795
-49.303420
-57.445269
-73.728967
-79.156866
-72.824317
-61.968518
-39.352271
-13.117424
5.880224
25.782522
43.423195
47.494120
58.802244
66.944093
71.015017
87.298715
95.892889
96.345214
94.535915
86.846390
75.085942
55.183644
42.066220
35.281346
28.496472
25.330197
26.687172
18.545323
-1.809300
-26.234847
-50.660394
-72.824317
-83.227791
-82.323141
-72.824317
-61.063868
-51.112719
-61.063868
-77.799891
-93.631265
-106.296363
-101.773114
-94.083590
-81.418491
-64.682468
-49.755745
-41.613895
-30.758097
-17.640673
-3.166275
16.283698
40.709246
64.230143
94.988240
120.770762
129.364936
132.531210
129.364936
134.792835
139.316085
151.981183
170.074181
175.954406
168.264881
144.743984
113.533563
87.298715
63.325493
47.494120
36.638321
23.973222
11.760449
0.000000
-12.665099
-33.019721
-47.946445
-62.420843
-77.347566
-90.464990
-96.797539
-95.892889
-95.892889
-98.154514
-108.105663
-113.081238
-117.604487
-123.032386
-112.176588
-98.606839
-75.538267
-50.660394
-27.139497
-3.618600
6.784874
16.283698
25.330197
28.044147
34.829021
41.161570
55.183644
73.728967
88.203365
96.345214
95.892889
86.846390
72.824317
53.374344
43.423195
35.733671
34.829021
34.376696
24.425547
11.308124
0.000000
-13.569749
-17.640673
-18.545323
-12.665099
-11.308124
-20.806948
-33.019721
-51.112719
-68.753392
-79.609191
-86.394065
-86.394065
-77.799891
-80.061516
-75.085942
-71.467342
-79.156866
-90.464990
-96.797539
-94.988240
-82.775466
-60.159218
-34.829021
-5.427899
13.117424
29.853447
40.709246
49.303420
54.278994
61.063868
65.587118
76.895242
89.560340
96.345214
105.844038
99.511489
94.535915
84.132441
72.371992
64.682468
52.469694
42.518545
50.208069
51.112719
42.970870
37.090646
17.640673
-9.046499
-41.613895
-60.611543
-72.824317
-79.609191
-69.658042
-71.467342
-78.704541
-89.108015
-100.416139
-109.914963
-113.081238
-119.413787
-118.961462
-109.010313
-94.988240
-70.562692
-42.066220
-9.046499
19.902298
40.709246
56.992944
72.824317
90.012665
107.653338
118.509137
126.650986
134.792835
142.482359
151.528858
157.409083
159.670707
158.766058
146.100959
131.626561
111.724263
98.606839
80.966166
64.682468
53.374344
35.733671
18.092998
-4.523250
-31.210422
-60.611543
-89.108015
-114.438212
-133.435860
-156.956758
-164.646282
-170.978831
-175.502081
-174.597431
-174.597431
-179.120680
-184.548580
-180.025330
-169.169531
-151.528858
-127.103311
-103.130089
-78.704541
-55.635969
-30.305772
-10.403474
8.141849
33.019721
57.897594
89.560340
112.628913
129.817261
144.291659
152.885833
157.861408
155.147458
144.291659
131.626561
122.127737
123.032386
120.318437
113.533563
107.653338
102.225439
90.464990
66.491768
43.423195
13.117424
-14.926723
-37.542971
-62.873168
-84.584766
-94.988240
-99.963814
-106.296363
-112.628913
-115.342862
-125.746336
-140.673060
-155.599783
-156.956758
-158.766058
-147.005609
-122.580062
-98.154514
-78.704541
-56.992944
-23.973222
-8.594174
13.117424
30.758097
50.208069
62.420843
75.538267
91.821965
113.533563
137.959110
155.147458
173.692781
175.049756
175.049756
173.240456
162.836982
153.790483
147.910259
141.577709
135.697485
129.817261
123.937036
118.056812
102.225439
74.181292
42.066220
9.498824
-21.259273
-44.780170
-69.205717
-93.178940
-117.604487
-134.792835
-145.648634
-159.670707
-165.550932
-169.169531
-175.502081
-174.145106
-175.502081
-171.883481
-162.384657
-152.433508
-139.316085
-127.555636
-104.939388
-80.513841
-64.230143
-41.613895
-16.283698
4.975574
20.806948
36.638321
53.374344
67.396418
81.418491
99.059164
111.724263
127.103311
139.316085
139.316085
140.220735
134.340510
128.912611
118.961462
106.296363
91.369640
74.633617
58.349919
33.019721
9.498824
-9.046499
-39.352271
-59.706893
-77.799891
-97.702189
-116.247512
-137.506785
-147.457934
-154.242808
-154.242808
-144.291659
-134.340510
-119.866112
-114.438212
-109.462638
-104.487064
-94.988240
-78.704541
-58.802244
-34.829021
-8.594174
23.068572
46.589470
70.110367
86.394065
101.773114
109.010313
120.770762
132.531210
144.743984
156.052108
157.861408
165.550932
166.455582
159.670707
150.171883
137.959110
126.198661
112.176588
94.083590
71.015017
45.684820
31.210422
15.379048
-2.713950
-13.117424
-21.711598
-36.185996
-63.325493
-87.298715
-104.487064
-121.675412
-131.174236
-139.316085
-139.768410
-140.220735
-137.054460
-130.721911
-127.555636
-117.604487
-107.653338
-93.631265
-84.132441
-66.944093
-48.398770
-33.019721
-14.474398
3.166275
27.139497
51.565044
75.538267
99.511489
111.271938
125.294011
137.959110
144.291659
142.934684
138.863760
140.220735
139.316085
134.340510
124.841686
113.081238
100.868464
89.108015
73.276642
55.183644
30.305772
7.689524
-23.973222
-49.755745
-78.252216
-108.105663
-128.912611
-138.863760
-144.291659
-149.719559
-147.910259
-148.362584
-149.267234
-145.196309
-138.411435
-140.673060
-135.245160
-129.364936
-120.770762
-92.274290
-63.325493
-41.161570
-10.403474
16.736023
40.256921
58.802244
70.110367
80.061516
92.274290
100.416139
108.105663
116.699837
122.580062
128.912611
138.863760
148.814909
147.457934
135.697485
121.223087
104.034739
86.394065
66.491768
41.161570
18.092998
-7.237199
-22.163923
-33.472046
-49.755745
-54.278994
-67.396418
-86.846390
-103.130089
-123.032386
-138.411435
-143.387009
-151.528858
-163.289307
-162.384657
-154.695133
-150.171883
-142.934684
-127.103311
-117.604487
-107.201013
-90.917315
-74.633617
-61.968518
-43.875520
-26.234847
-3.618600
28.044147
55.183644
71.467342
97.702189
120.770762
137.506785
150.624208
162.384657
166.907907
171.883481
176.406731
173.692781
176.406731
170.978831
166.003257
156.504433
139.316085
123.937036
104.939388
80.061516
64.230143
41.161570
19.449973
3.166275
-15.831373
-29.401122
-42.518545
-56.088294
-75.538267
-90.917315
-99.511489
-106.748688
-116.247512
-120.770762
-116.699837
-123.484711
-120.770762
-112.176588
-104.939388
-94.535915
-81.870816
-68.301067
-49.755745
-32.567396
-19.902298
-2.713950
15.379048
32.115071
45.232495
61.063868
79.156866
94.988240
104.034739
113.533563
110.367288
104.487064
104.939388
97.702189
89.560340
81.418491
73.276642
61.063868
47.494120
28.948797
11.308124
-14.022073
-33.924371
-51.565044
-69.658042
-83.680116
-95.440565
-107.653338
-119.413787
-131.626561
-140.673060
-154.695133
-166.455582
-165.550932
-174.145106
-167.812557
-157.409083
-153.790483
-142.934684
-123.937036
-111.724263
-90.464990
-66.944093
-51.112719
-26.234847
-2.713950
21.711598
45.684820
70.110367
89.108015
99.963814
115.342862
131.174236
146.553284
155.599783
161.932332
166.455582
166.003257
162.384657
152.433508
136.602135
120.318437
109.010313
96.345214
87.751040
82.323141
73.728967
60.159218
41.613895
23.973222
5.880224
-12.212774
-29.853447
-40.709246
-48.851095
-60.159218
-61.063868
-61.968518
-56.540619
-51.112719
-59.254568
-61.516193
-61.063868
-61.516193
-58.349919
-45.684820
-34.829021
-20.354623
-5.880224
8.141849
25.330197
37.090646
43.423195
43.875520
42.970870
51.565044
52.017369
58.802244
69.658042
71.467342
78.704541
81.418491
78.252216
71.919667
59.254568
44.780170
33.472046
21.259273
13.569749
5.880224
-5.880224
-18.092998
-30.305772
-41.613895
-59.254568
-77.347566
-89.560340
-94.988240
-102.225439
-105.391713
-108.105663
-118.056812
-122.580062
-130.721911
-130.721911
-137.959110
-137.959110
-128.460286
-121.223087
-110.819613
-95.892889
-81.870816
-69.205717
-61.063868
-55.183644
-51.565044
-45.232495
-30.305772
-20.806948
-1.356975
18.545323
33.019721
52.469694
67.848743
77.347566
85.489416
94.083590
96.797539
103.130089
105.844038
113.533563
110.819613
104.487064
105.391713
104.034739
96.345214
88.655690
79.156866
69.658042
64.682468
50.660394
40.709246
26.234847
18.092998
7.689524
-3.166275
-19.449973
-29.401122
-40.709246
-51.112719
-56.088294
-61.968518
-61.516193
-57.445269
-51.112719
-53.826669
-46.589470
-42.970870
-37.542971
-31.210422
-23.973222
-13.117424
0.904650
18.092998
32.115071
43.875520
60.611543
70.562692
77.799891
78.704541
78.252216
79.156866
78.252216
82.775466
89.108015
83.227791
78.704541
76.895242
68.753392
58.802244
46.137145
31.662747
14.474398
-1.356975
-14.926723
-30.305772
-44.327845
-52.922019
-62.420843
-75.990592
-82.323141
-91.821965
-95.892889
-101.320789
-112.176588
-114.438212
-121.675412
-123.484711
-117.152162
-113.081238
-108.105663
-90.917315
-77.799891
-68.753392
-59.254568
-46.589470
-39.352271
-30.758097
-19.449973
-6.784874
4.523250
19.449973
33.924371
43.423195
52.469694
63.777818
68.753392
75.538267
83.227791
89.560340
94.535915
102.677764
102.677764
96.345214
92.726615
86.394065
77.799891
69.658042
66.944093
57.445269
47.946445
38.899946
27.139497
15.379048
1.809300
-14.926723
-29.853447
-43.423195
-61.063868
-70.110367
-72.371992
-83.680116
-85.489416
-77.799891
-80.061516
-75.085942
-69.658042
-70.110367
-70.110367
-68.753392
-62.420843
-56.088294
-44.327845
-27.591822
-17.640673
-8.594174
8.594174
23.973222
26.234847
30.305772
38.899946
47.494120
52.469694
61.063868
74.181292
82.775466
87.751040
86.846390
85.941741
78.252216
64.230143
52.469694
45.232495
36.638321
31.662747
25.330197
19.449973
13.569749
2.713950
-14.926723
-32.115071
-41.161570
-51.565044
-60.611543
-62.873168
-69.658042
-70.110367
-69.205717
-70.562692
-69.205717
-73.276642
-79.156866
-70.562692
-63.325493
-54.278994
-47.041795
-41.161570
-35.281346
-33.924371
-26.234847
-18.092998
-9.951149
4.975574
17.188348
29.853447
44.327845
53.374344
60.611543
65.134793
75.538267
79.156866
78.704541
86.394065
87.751040
86.846390
87.751040
87.298715
80.966166
74.181292
68.753392
60.611543
45.684820
33.924371
24.425547
10.403474
0.904650
-7.237199
-14.926723
-28.496472
-35.281346
-41.613895
-50.208069
-57.897594
-66.039443
-71.467342
-78.252216
-78.704541
-87.298715
-84.132441
-76.442917
-71.467342
-65.134793
-58.802244
-52.922019
-46.589470
-41.161570
-33.472046
-23.520897
-13.569749
-9.046499
-4.523250
7.689524
19.902298
30.758097
40.256921
43.423195
46.589470
53.374344
52.017369
52.469694
52.469694
50.660394
42.518545
44.327845
40.709246
34.376696
35.733671
33.924371
25.782522
18.092998
16.283698
4.975574
-3.166275
-10.855799
-19.902298
-26.234847
-32.115071
-37.995296
-44.327845
-43.875520
-43.875520
-42.970870
-48.851095
-53.374344
-51.565044
-53.826669
-47.494120
-42.066220
-34.376696
-26.687172
-21.259273
-12.665099
-5.427899
3.166275
9.498824
15.379048
21.259273
27.139497
33.924371
43.423195
42.970870
46.589470
52.469694
52.469694
52.017369
58.802244
61.968518
60.611543
61.063868
61.516193
58.349919
52.017369
49.755745
39.352271
34.376696
27.591822
19.449973
10.855799
7.689524
1.809300
-4.523250
-12.212774
-20.354623
-28.044147
-38.447621
-51.565044
-61.516193
-69.205717
-70.110367
-70.110367
-69.658042
-70.562692
-65.587118
-60.159218
-61.516193
-52.922019
-52.469694
-51.565044
-41.613895
-29.401122
-21.711598
-13.569749
-2.713950
5.427899
12.665099
22.163923
32.567396
37.090646
44.327845
42.970870
44.780170
51.112719
53.826669
47.494120
49.303420
52.922019
44.327845
42.970870
32.115071
22.616248
15.831373
4.070925
-6.332549
-14.926723
-25.782522
-33.019721
-42.066220
-44.327845
-51.565044
-52.469694
-58.349919
-61.968518
-60.611543
-61.968518
-57.897594
-49.755745
-42.066220
-33.019721
-27.139497
-19.449973
-9.498824
-4.523250
1.809300
10.855799
23.520897
30.758097
37.090646
42.518545
44.780170
46.589470
43.875520
43.423195
43.875520
42.970870
47.494120
53.826669
51.565044
53.374344
50.660394
44.780170
40.256921
34.829021
34.829021
35.281346
32.567396
25.330197
19.902298
9.951149
9.046499
6.784874
-0.452325
0.904650
-5.880224
-9.951149
-7.237199
-12.665099
-18.092998
-17.640673
-17.188348
-24.425547
-26.234847
-26.234847
-21.711598
-16.283698
-18.092998
-16.283698
-18.997648
-26.687172
-19.902298
-16.736023
-18.092998
-16.736023
-18.092998
-12.212774
-8.141849
-9.046499
-8.141849
-0.452325
0.452325
6.784874
9.046499
8.594174
17.188348
17.188348
17.640673
17.188348
18.092998
16.736023
18.545323
14.022073
9.046499
4.523250
-3.166275
-12.665099
-17.188348
-21.711598
-26.687172
-25.782522
-34.829021
-35.281346
-34.376696
-41.161570
-44.327845
-42.970870
-51.112719
-47.041795
-42.518545
-44.780170
-36.185996
-35.281346
-29.401122
-25.330197
-26.234847
-14.022073
-8.141849
-0.904650
6.784874
12.665099
17.640673
25.782522
25.782522
29.401122
35.281346
39.352271
45.232495
42.970870
43.875520
43.423195
43.423195
44.327845
37.542971
34.376696
33.924371
24.877872
27.139497
23.520897
17.640673
14.926723
4.975574
0.000000
-0.452325
0.904650
9.046499
3.618600
-0.452325
0.000000
0.452325
-5.427899
-9.951149
-8.594174
-2.713950
0.904650
-0.452325
0.452325
0.000000
0.000000
-0.452325
-6.784874
-9.498824
-8.594174
-9.046499
-8.141849
-8.594174
-8.141849
-9.046499
-7.237199
0.000000
-0.452325
-0.452325
0.000000
0.000000
0.000000
-0.452325
0.000000
0.904650
9.046499
8.594174
16.736023
16.736023
8.141849
9.498824
8.594174
15.831373
18.545323
17.188348
17.640673
17.188348
18.092998
12.665099
4.070925
-7.689524
-8.594174
-14.022073
-18.545323
-17.188348
-18.092998
-16.736023
-17.640673
-24.425547
-32.567396
-37.995296
-44.327845
-43.423195
-43.423195
-34.829021
-28.044147
-21.259273
-17.188348
-17.640673
-17.640673
-17.640673
-17.640673
-17.188348
-18.545323
-13.117424
-2.261625
6.332549
8.594174
12.665099
18.997648
16.736023
18.545323
13.117424
7.237199
12.212774
17.640673
24.877872
26.687172
26.234847
25.782522
26.687172
25.782522
17.188348
17.640673
15.831373
8.141849
9.498824
7.237199
14.474398
16.736023
8.594174
6.784874
-1.356975
1.356975
-4.070925
-9.046499
-8.594174
-9.046499
-8.594174
-8.594174
-9.046499
-8.594174
-9.498824
-17.640673
-17.640673
-18.092998
-11.308124
-7.689524
-9.951149
-4.070925
0.452325
-0.452325
0.000000
-0.452325
0.904650
8.594174
9.046499
16.283698
18.545323
26.234847
34.376696
34.829021
34.376696
35.733671
29.401122
25.782522
26.234847
26.234847
26.234847
26.234847
26.234847
26.687172
23.520897
17.188348
9.498824
-1.356975
-10.403474
-18.997648
-16.283698
-18.997648
