-388.899558
-320.402023
-270.469240
-238.461046
-209.333589
-219.896293
-226.618014
-209.333589
-225.017605
-246.143013
-267.588503
-305.998336
-299.916779
-260.226618
-237.180718
-203.892196
-161.001216
-109.468024
-11.202868
89.943025
139.555726
183.086870
204.212278
189.168427
183.727034
161.641380
120.350810
112.028679
101.786057
85.781960
107.227450
126.432367
161.961462
252.224569
344.728250
453.876192
598.553230
727.226170
849.817553
977.210166
1039.306062
1062.992126
1087.958517
1079.316305
1076.115486
1063.952372
992.574099
899.430254
815.248704
715.703220
646.245439
588.630689
502.528647
418.347097
321.042187
197.810640
98.905320
15.684015
-57.614749
-101.786057
-172.844248
-276.870879
-388.899558
-508.930286
-627.680686
-721.784777
-812.367966
-921.835990
-1013.379425
-1081.556879
-1126.368350
-1138.531464
-1135.330645
-1122.527367
-1090.199091
-1029.063440
-940.400743
-823.570834
-696.498304
-567.505281
-433.070866
-297.996287
-174.444658
-71.058191
14.723769
86.102042
154.599577
202.931951
243.582357
275.270469
284.552846
280.391780
249.983996
173.484412
57.934831
-61.135651
-180.526215
-275.590551
-341.847513
-412.585622
-466.039306
-496.447090
-507.009795
-478.522502
-429.229883
-364.893413
-265.668011
-158.120479
-52.173356
54.093848
148.518021
232.059407
305.998336
351.449971
374.495871
401.062672
439.792587
513.731515
621.599129
728.826580
831.892965
933.358940
1027.142949
1117.726138
1205.748672
1286.089239
1339.222841
1370.910953
1398.438000
1409.640868
1393.636771
1339.222841
1214.070802
1030.023686
821.970424
596.952820
400.102426
218.936048
19.204916
-177.965559
-379.617182
-582.549133
-750.592152
-888.547468
-1014.019589
-1098.201139
-1150.054414
-1185.263427
-1186.543755
-1197.426541
-1209.589655
-1184.623264
-1151.014660
-1114.525318
-1062.992126
-1025.862621
-985.212214
-923.436400
-878.945010
-833.173292
-760.834774
-671.531912
-551.501184
-426.029063
-319.441777
-198.770885
-60.175405
96.664746
274.630305
434.031112
571.666347
689.776583
764.995839
808.206901
804.686000
736.828628
619.038474
449.074963
235.580309
17.604507
-209.333589
-442.033160
-632.161833
-777.479035
-882.465911
-915.434351
-895.909353
-829.332309
-709.941745
-565.904872
-388.899558
-179.245887
29.767621
229.498752
416.746687
555.022086
656.167979
732.987645
771.717560
798.924525
830.932719
870.942961
921.515908
974.649510
1020.741310
1069.073683
1133.090071
1221.432687
1327.059727
1442.609308
1563.280200
1669.867486
1753.088791
1784.776903
1723.001088
1582.805198
1374.431855
1106.843352
807.566737
470.200371
93.143845
-288.713911
-665.130273
-1029.383522
-1349.785545
-1626.336342
-1852.634274
-2007.874016
-2099.737533
-2125.344088
-2078.292043
-1983.547788
-1848.473209
-1681.390436
-1521.989629
-1373.151527
-1236.156456
-1117.406056
-1006.657704
-893.028615
-801.805262
-717.943794
-640.483964
-567.825363
-479.802830
-371.935215
-247.103258
-90.583189
87.382370
283.272518
511.170860
740.349529
974.329428
1183.342936
1340.183087
1431.086358
1444.209718
1375.072018
1230.074899
1009.858524
717.623712
377.376608
4.161065
-381.537674
-731.707317
-1040.586390
-1290.890468
-1453.172012
-1516.868318
-1482.939633
-1358.427758
-1163.177774
-909.352794
-608.795852
-277.190961
64.656552
394.981115
684.335190
918.955253
1100.441713
1226.233916
1292.810960
1307.214647
1288.009730
1266.884322
1279.047436
1323.538826
1387.875296
1465.975290
1567.121183
1715.319122
1905.447795
2084.373600
2214.006786
2279.623584
2259.778503
2161.513347
1974.905576
1685.231419
1310.095384
877.024518
383.138083
-154.279496
-729.146662
-1307.854811
-1832.469112
-2281.223993
-2656.039946
-2958.197299
-3176.813264
-3285.000960
-3248.191537
-3099.673516
-2876.256322
-2603.546508
-2299.788746
-1965.623200
-1607.771590
-1278.727354
-994.494591
-760.514692
-572.626592
-412.585622
-274.310223
-174.124576
-85.141796
17.604507
128.352858
267.908585
433.390948
622.239293
846.616734
1089.558927
1322.898662
1530.951924
1703.476090
1826.067473
1882.721977
1846.872799
1689.712566
1428.525703
1081.236797
668.971257
217.655720
-282.952436
-798.604443
-1280.967928
-1696.114205
-2004.033032
-2198.642853
-2270.981371
-2213.366622
-2030.279752
-1738.365021
-1357.467512
-927.277383
-464.758978
7.041803
471.480699
905.511811
1282.248256
1580.564625
1787.977722
1925.612957
2005.313360
2046.283849
2043.723193
2002.432623
1945.137955
1916.970745
1954.420332
2054.926061
2201.203508
2346.520709
2458.549389
2507.521926
2475.833813
2373.087510
2193.521542
1927.213367
1570.642084
1124.447859
585.429870
-34.888932
-707.061008
-1393.956853
-2047.564176
-2655.719864
-3205.300557
-3665.898470
-4005.505409
-4185.711542
-4198.834902
-4087.126304
-3872.991486
-3556.110364
-3148.966135
-2662.761667
-2139.747775
-1641.700275
-1172.460150
-738.749120
-361.692593
-22.405736
270.149158
499.007746
676.013059
800.845016
885.666731
984.572050
1101.081877
1232.635555
1376.352346
1504.705205
1610.972409
1715.319122
1805.902311
1858.715831
1860.636323
1755.969528
1546.315857
1274.246207
939.760579
557.582741
121.311056
-378.656936
-888.547468
-1355.547020
-1764.291659
-2087.254337
-2323.474810
-2456.948979
-2463.670700
-2332.757186
-2076.691633
-1701.235516
-1235.516292
-729.786825
-198.770885
339.286857
863.581077
1359.388003
1786.057231
2131.425645
2419.819474
2648.357980
2805.198131
2891.620255
2909.864925
2896.101402
2879.777223
2862.492798
2842.327636
2803.917803
2732.219448
2612.828884
2431.982588
2194.481787
1912.169515
1574.162986
1174.700723
707.381090
157.160233
-469.240125
-1145.573267
-1826.387555
-2461.750208
-3037.257538
-3581.396838
-4083.605403
-4484.027911
-4718.968056
-4784.904936
-4723.449203
-4567.249216
-4297.740221
-3888.675501
-3357.659561
-2760.386659
-2149.030152
-1535.433071
-931.438448
-350.809807
195.890148
695.217976
1125.408104
1474.297420
1740.925677
1953.780168
2135.266628
2284.104731
2390.051853
2451.187504
2473.273158
2461.750208
2427.501440
2358.043659
2238.653095
2053.645733
1773.894117
1406.760131
992.894181
539.338071
55.694258
-476.602010
-1059.151143
-1615.453556
-2091.095320
-2492.478074
-2814.160425
-3043.659177
-3157.608348
-3107.035401
-2907.944434
-2600.025607
-2174.956789
-1656.103963
-1085.717944
-472.761027
153.639332
766.596249
1365.469560
1912.489597
2377.248576
2788.553870
3131.361629
3389.347673
3572.114461
3682.542731
3742.718136
3788.809935
3809.295180
3806.414442
3779.847641
3672.620191
3465.527175
3166.250560
2787.273542
2343.960054
1821.586326
1205.428590
528.775366
-191.729083
-959.285577
-1751.168299
-2544.971513
-3289.162025
-3948.530824
-4534.280776
-5037.449587
-5413.225786
-5602.714295
-5610.396261
-5472.761027
-5231.099161
-4848.601242
-4322.386531
-3686.703796
-2998.207541
-2303.309647
-1601.690033
-903.591319
-221.496703
422.188080
1011.458933
1528.071186
1957.621151
2317.713335
2619.230523
2867.934191
3065.104667
3196.978426
3266.116126
3277.959158
3233.787850
3114.077204
2918.827220
2654.439537
2312.592024
1888.483452
1372.831445
797.964279
201.971705
-423.468408
-1076.435568
-1733.563792
-2354.522758
-2886.498944
-3304.846041
-3623.647654
-3807.374688
-3826.579604
-3684.783305
-3382.946034
-2936.431727
-2378.848985
-1723.001088
-1005.057295
-275.270469
465.079060
1180.142116
1827.667883
2402.535049
2886.178862
3286.921452
3616.605851
3862.108700
4023.429998
4131.937776
4207.797196
4259.330389
4301.901287
4295.499648
4212.278343
4035.913194
3741.437808
3354.778823
2889.379681
2327.315793
1670.187568
937.520005
147.877857
-674.412650
-1545.355611
-2465.911273
-3355.418987
-4152.423020
-4828.436080
-5395.301197
-5844.056078
-6117.085974
-6171.819986
-6037.705653
-5772.997887
-5377.056526
-4845.080341
-4177.069330
-3409.192753
-2616.349786
-1827.987965
-1040.586390
-266.948339
463.798732
1124.447859
1698.674861
2177.837526
2584.981755
2911.145253
3172.012035
3372.703412
3499.775943
3565.712822
3576.915690
3541.386595
3441.841111
3252.992766
2973.561232
2628.192817
2208.245311
1691.953140
1086.358108
417.066769
-287.113501
-1020.101146
-1757.569938
-2472.953076
-3110.556302
-3625.888227
-4019.589015
-4281.736124
-4372.959478
-4275.014404
-3985.980411
-3528.903399
-2930.350170
-2222.328916
-1426.925293
-586.390116
250.624160
1070.033929
1829.588375
2479.674797
3018.052621
3460.405864
3816.657064
4093.848025
4273.734076
4347.673004
4364.317265
4365.277511
4359.516036
4353.434479
4296.139812
4155.303758
3926.125088
3600.921836
3185.775559
2678.445682
2048.844504
1303.053582
491.965943
-356.571282
-1250.240061
-2194.801869
-3163.369823
-4078.164010
-4860.764356
-5526.534793
-6073.554830
-6460.213815
-6631.137571
-6564.240446
-6300.813008
-5881.185584
-5298.636451
-4557.006594
-3698.866910
-2792.714935
-1895.525254
-1013.699507
-149.158184
656.167979
1366.109724
1973.305166
2479.994879
2894.180910
3211.702196
3426.157096
3568.593560
3655.655848
3676.461174
3646.373472
3566.673068
3433.839063
3237.628833
2971.320658
2633.314128
2221.368670
1734.203956
1148.133922
485.244223
-217.015556
-958.005249
-1724.601498
-2487.676845
-3204.660393
-3802.253377
-4256.449651
-4574.611100
-4734.972153
-4692.401255
-4433.454964
-3971.896806
-3347.737021
-2592.343640
-1733.563792
-809.487229
130.913514
1048.908521
1916.970745
2685.487485
3324.371039
3835.221817
4227.962358
4505.153319
4668.395109
4718.007810
4683.759042
4605.659049
4505.473401
4407.208245
4299.980795
4153.063184
3937.968120
3627.168555
3225.785801
2750.784201
2177.517444
1479.098649
674.732732
-183.086870
-1055.310159
-1954.740414
-2907.944434
-3868.190257
-4745.534857
-5482.043403
-6078.356059
-6551.437168
-6848.793291
-6898.726074
-6706.676909
-6328.019973
-5786.121247
-5075.539338
-4198.514820
-3223.865310
-2246.335062
-1288.649894
-335.125792
578.708149
1412.841687
2124.703924
2702.771910
3163.049741
3501.696434
3714.230843
3825.619359
3859.227962
3816.977146
3716.791499
3570.514052
3385.826772
3178.093592
2914.986236
2578.580117
2195.121951
1741.885923
1211.830229
618.718392
-48.012291
-751.872479
-1486.780616
-2256.257602
-3006.529672
-3671.659945
-4210.037770
-4611.420524
-4861.724601
-4940.784841
-4794.827476
-4415.530376
-3854.106651
-3131.041547
-2269.380962
-1315.856859
-299.596697
712.502401
1671.467896
2553.933807
3309.647270
3916.842712
4386.723001
4722.168875
4920.939761
4981.115165
4912.937712
4765.059855
4586.774214
4394.084886
4202.035721
4028.871391
3855.066897
3630.049293
3311.887843
2903.143205
2441.264964
1909.928942
1253.440881
481.083157
-362.652839
-1227.834326
-2113.501056
-3061.583765
-4024.710326
-4907.816401
-5663.529864
-6270.725306
-6729.402727
-6999.551885
-7014.595737
-6774.854363
-6343.703988
-5735.228218
-4943.985660
-4006.785737
-2980.603034
-1939.376480
-933.358940
48.652455
977.530248
1784.776903
2470.392420
3017.092376
3423.596441
3699.186992
3840.023046
3873.951732
3838.102554
3740.157480
3575.315281
3375.264068
3162.409577
2928.749760
2653.479291
2320.273990
1946.738365
1529.671596
1041.226554
476.602010
-151.078676
-815.248704
-1521.989629
-2267.780552
-3008.450163
-3671.659945
-4207.157032
-4610.460278
-4867.806158
-4941.104923
-4792.586902
-4426.413162
-3870.110748
-3135.522694
-2251.776455
-1256.321618
-206.132770
821.650342
1800.140836
2692.529287
3464.887011
4079.444338
4536.201268
4842.199603
4994.558607
5000.000000
4879.649190
4686.639780
4456.820946
4200.435311
3949.170988
3734.396005
3555.150118
3373.023494
3104.474746
2736.060431
2323.794891
1861.916651
1310.735548
644.004865
-126.112285
-950.963447
-1796.619935
-2688.688304
-3595.800525
-4438.896357
-5187.888099
-5817.809359
-6316.817105
-6639.459702
-6706.356827
-6524.230203
-6157.096217
-5617.438064
-4901.734844
-4026.630817
-3039.498112
-2024.518277
-1043.467128
-94.744255
799.884771
1592.087574
2269.380962
2811.599770
3199.539082
3437.039882
3537.225530
3537.545612
3487.932911
3380.705461
3214.262851
3016.772294
2799.116574
2576.659625
2336.278087
2063.888355
1771.013379
1442.289226
1032.584342
541.258562
-16.324179
-629.281096
-1275.846617
-1972.665002
-2693.169451
-3360.220216
-3914.282056
-4341.271365
-4620.062736
-4730.811088
-4637.347161
-4321.426285
-3810.575507
-3116.957941
-2258.178094
-1290.570386
-275.590551
739.709366
1708.917483
2607.067409
3379.105051
3974.137379
4412.969720
4719.288138
4866.525831
4851.481979
4707.765188
4476.025863
4218.039818
3945.650086
3656.296012
3415.914474
3243.070226
3099.993598
2937.712054
2681.006338
2347.801037
1974.265412
1505.345368
926.317137
255.745471
-507.329876
-1341.463415
-2245.374816
-3195.698099
-4075.603354
-4841.559439
-5532.616350
-6112.604827
-6519.428974
-6672.108060
-6527.431022
-6181.742526
-5701.619615
-5029.447539
-4166.506626
-3166.570642
-2095.256386
-1074.835158
-122.271301
785.481083
1576.083477
2227.450227
2759.426413
3136.482940
3355.098905
3429.998080
3380.065297
3282.440305
3162.729659
2982.843608
2777.030920
2578.580117
2375.968248
2187.119903
1983.227706
1736.444530
1466.295372
1135.010563
701.939697
196.530312
-368.414314
-990.973689
-1664.106011
-2393.892837
-3117.598105
-3739.197234
-4228.922604
-4577.171756
-4758.658217
-4746.815185
-4500.352090
-4014.467704
-3337.494399
-2494.718648
-1530.311760
-520.133154
507.970040
1519.428974
2442.865374
3242.750144
3869.470584
4317.265220
4630.305358
4797.388131
4800.268869
4652.070930
4392.804558
4095.448435
3805.454196
3505.537418
3240.829652
3052.621471
2924.588695
2835.285833
2718.455925
2502.720696
2206.324819
1818.065425
1321.938416
765.956085
124.191793
-664.490109
-1577.683887
-2555.214135
-3490.173484
-4304.461942
-5059.215159
-5772.357724
-6333.461366
-6631.777735
-6617.374048
-6343.063824
-5941.040906
-5381.217592
-4591.895525
-3626.208309
-2560.335446
-1492.862173
-504.769221
425.708981
1271.685552
1958.581397
2508.162089
2915.626400
3139.363677
3208.821458
3165.290314
3041.418603
2912.105499
2759.746495
2562.896101
2379.169067
2212.406376
2058.446962
1926.893285
1783.176493
1603.290442
1377.952756
1045.067537
600.793803
96.984828
-476.281928
-1126.688432
-1854.234684
-2632.673965
-3357.659561
-3949.170988
-4416.170540
-4727.930350
-4845.400423
-4741.693874
-4373.599642
-3780.807887
-3007.169835
-2077.011715
-1055.950323
6.401639
1072.274502
2074.451059
2954.676397
3672.940273
4181.550477
4517.956597
4717.047564
4761.218872
4650.790602
4410.729147
4094.168107
3777.286985
3480.250944
3194.737853
2976.121887
2845.848537
2773.830101
2755.265348
2695.410025
2532.488317
2277.062928
1886.562960
1399.718328
852.058127
159.720889
-708.341335
-1696.114205
-2730.619038
-3667.818962
-4489.149222
-5293.195058
-6018.180654
-6527.110940
-6749.247807
-6642.980603
-6298.892516
-5818.449523
-5127.712694
-4227.642276
-3203.700147
-2109.660073
-1041.546636
-70.097945
822.290506
1583.125280
2184.879329
2675.244863
3012.611228
3153.127201
3139.363677
3008.450163
2843.928046
2696.050189
2509.122335
2299.468664
2124.703924
1978.746559
1876.640420
1809.743294
1709.877729
1574.803150
1365.469560
1028.743358
595.032328
81.620895
-543.179054
-1256.001536
-2038.921964
-2838.166571
-3544.267332
-4121.695154
-4567.889380
-4818.193458
-4846.360668
-4643.748800
-4182.510723
-3515.459958
-2672.364125
-1671.467896
-607.515524
469.880289
1526.790858
2479.354715
3294.923500
3924.524678
4340.311120
4599.577492
4713.206581
4658.792651
4475.385699
4195.314000
3860.188208
3547.148070
3260.354651
3011.330901
2850.969848
2756.865758
2712.694450
2718.135843
2662.441585
2495.358812
2209.845721
1774.854363
1267.204404
691.056911
-66.897126
-1010.498688
-2066.449011
-3113.116958
-4014.787786
-4824.275014
-5612.316753
-6270.725306
-6679.469944
-6779.975674
-6560.719544
-6131.489661
-5541.258562
-4724.089367
-3755.841495
-2705.012483
-1593.687984
-544.139300
396.901607
1215.031048
1860.636323
2379.169067
2792.074771
3014.211638
3038.857948
2943.793611
2778.951412
2617.630113
2475.833813
2283.784649
2113.501056
2004.353114
1903.527303
1829.908457
1760.450675
1659.304782
1509.506434
1252.160553
857.819602
375.456117
-188.528263
-872.863453
-1647.141668
-2453.748160
-3229.946866
-3886.755009
-4426.093080
-4812.752065
-4961.910249
-4861.404520
-4509.954548
-3910.761155
-3126.560399
-2178.477690
-1112.284745
-27.527047
1051.469176
2076.691633
2973.561232
3694.065681
4202.355803
4524.678318
4713.206581
4741.373792
4596.376672
4335.189809
4003.905000
3667.818962
3364.381282
3105.755073
2915.306318
2807.758786
2750.464119
2736.380513
2755.905512
2702.771910
2505.601434
2133.026055
1613.853146
1045.387619
398.502017
-446.514308
-1475.897830
-2587.862493
-3627.808719
-4509.954548
-5305.358172
-6046.988029
-6593.367902
-6850.713783
-6787.017476
-6402.278983
-5810.447475
-5055.694258
-4123.935728
-3091.991550
-1993.790410
-869.342552
143.716791
988.733116
1664.426093
2176.877281
2577.299789
2856.731323
2933.871071
2842.327636
2683.887075
2487.356763
2313.552269
2159.272774
1997.311312
1891.364189
1840.791243
1792.138788
1756.609692
1720.760515
1620.574867
1432.046604
1106.523270
638.563472
86.742206
-559.823315
-1310.735548
-2111.900647
-2921.707957
-3676.141092
-4298.060303
-4746.815185
-4981.115165
-4957.429102
-4672.556174
-4149.222201
-3397.349722
-2459.189553
-1409.640868
-308.558991
782.920428
1825.747391
2775.750592
3548.108316
4111.452532
4477.946354
4676.397158
4719.928302
4594.136099
4342.231611
4018.308687
3660.136995
3314.128417
3020.293195
2797.196082
2673.964535
2636.194866
2643.236669
2691.248960
2742.141988
2686.127649
2447.666603
2003.392869
1435.247423
835.413866
118.750400
-819.409769
-1944.817873
-3103.834582
-4118.174253
-4944.625824
-5681.134370
-6330.900711
-6747.647398
-6819.985916
-6541.194546
-5979.770821
-5261.506946
-4409.128737
-3398.309967
-2308.751040
-1190.064657
-114.909417
788.361821
1495.422828
2021.957621
2390.371935
2642.596505
2766.148134
2691.569042
2475.513732
2237.692849
2010.114589
1838.230587
1706.036745
1593.367902
1564.240446
1602.010115
1641.060111
1674.988797
1683.951091
1611.612573
1425.965047
1083.797452
572.626592
-33.608604
-733.947891
-1553.997823
-2406.696114
-3237.628833
-3971.576724
-4524.678318
-4892.132386
-5027.847129
-4881.889764
-4470.264388
-3814.736573
-2933.871071
-1908.008450
-797.644197
355.611036
1461.174061
2475.513732
3346.456693
4005.505409
4438.896357
4679.277895
4751.616414
4675.436912
4441.457013
4077.203764
3671.019781
3278.279239
2921.387875
2628.832981
2435.183407
2358.683823
2384.930542
2464.630946
2578.580117
2681.326420
2654.759618
2418.539146
1975.225658
1423.724473
840.535177
101.786057
-912.553614
-2113.821138
-3279.239485
-4254.209078
-5060.815569
-5831.892965
-6505.345368
-6864.797388
-6836.950259
-6464.054798
-5853.018373
-5097.624992
-4160.745151
-3061.583765
-1919.211318
-790.922476
257.986044
1120.286793
1766.212150
2218.167851
2495.038730
2673.324371
2700.211254
2506.241598
2209.525639
1918.251072
1672.108060
1501.504385
1362.268741
1263.683503
1282.568337
1352.986365
1410.281032
1482.619551
1526.150695
1473.657256
1282.568337
900.390500
377.376608
-196.210230
-891.748288
-1724.601498
-2591.703476
-3400.230459
-4055.118110
-4520.837334
-4811.791819
-4857.243454
-4600.537738
-4081.364829
-3331.732924
-2377.888740
-1307.214647
-177.005313
950.963447
1991.869919
2946.354267
3754.241086
4319.505793
4648.229947
4793.227066
4791.306574
4644.388964
4342.231611
3927.085334
3503.616926
3118.878433
2776.070674
2521.285449
2376.928494
2345.240382
2387.491198
2458.549389
2557.454708
2614.749376
2507.521926
2151.910889
1618.014212
1043.787210
410.985212
-443.313488
-1576.403559
-2797.196082
-3866.589847
-4720.888547
-5477.882338
-6191.344984
-6692.913386
-6801.101082
-6542.474874
-6024.262211
-5344.408168
-4502.272582
-3464.566929
-2337.878497
-1235.836374
-179.245887
764.355675
1497.023238
2011.394917
2330.516612
2520.325203
2613.148966
2515.203892
2236.092440
1933.935087
1682.670764
1492.862173
1360.348249
1246.719160
1223.993342
1310.415466
1398.117918
1451.891684
1500.224057
1484.540042
1344.984316
1043.787210
554.702004
-21.445490
-673.772486
-1468.856027
-2331.476858
-3154.087446
-3859.227962
-4367.518085
-4698.482812
-4830.676653
-4650.470520
-4178.989821
-3494.654632
-2604.506754
-1566.481019
-454.516356
692.977402
1769.092888
2715.575187
3533.384546
4146.021381
4508.674221
4677.357403
4682.478715
4538.121759
4280.135715
3904.039434
3466.807503
3072.146469
2729.338711
2452.467832
2301.709238
2264.579732
2318.033417
2424.620703
2534.728891
2641.316177
2633.954292
2383.650214
1902.887139
1310.095384
662.569618
-122.911465
-1150.374496
-2362.844888
-3519.300941
-4466.423404
-5252.224569
-5961.526151
-6527.431022
-6765.571986
-6599.769541
-6122.527367
-5453.236028
-4632.225850
-3641.892324
-2529.927661
-1422.444146
-379.937264
553.101594
1308.494975
1844.312144
2165.994495
2329.876448
2388.451444
2310.991614
2061.327700
1747.327316
1472.376928
1273.285961
1140.451956
1048.908521
1041.546636
1155.175725
1322.578580
1458.613405
1563.920364
1612.892901
1554.637987
1333.141284
897.509762
303.117598
-358.171692
-1119.966711
-1993.470328
-2864.733372
-3635.170604
-4229.882850
-4621.022982
-4808.270917
-4718.007810
-4314.064400
-3657.576340
-2794.955509
-1779.335510
-667.050765
490.045452
1599.769541
2569.617822
3396.389476
4039.434095
4442.097177
4608.219704
4577.811920
4414.570130
4157.544331
3788.169771
3348.697267
2933.550989
2583.701428
2315.472761
2155.111709
2120.222777
2204.084246
2357.723577
2513.283401
2659.880930
2746.303054
2639.395685
2264.899814
1694.193714
1030.663850
287.113501
-645.925357
-1812.303950
-3043.019013
-4108.891876
-4947.826644
-5659.688880
-6267.844568
-6634.658473
-6598.169131
-6185.263427
-5540.298316
-4734.011907
-3780.167723
-2690.288714
-1567.121183
-530.695858
394.661033
1174.380641
1728.762563
2046.924013
2171.115806
2183.919083
2099.417451
1869.918699
1527.431022
1207.028999
997.695410
884.066321
837.014276
854.618782
989.693362
1220.152359
1446.130209
1615.773638
1719.480187
1733.563792
1579.924461
1207.669163
635.682735
-37.449587
-790.282312
-1661.225274
-2569.937904
-3401.190705
-4055.438192
-4494.270533
-4728.250432
-4707.445106
-4362.716856
-3728.314448
-2891.300173
-1896.165418
-798.284361
348.889316
1461.494143
2439.344472
3253.632930
3896.997631
4315.344728
4481.787338
4440.816849
4242.045964
3947.570578
3568.593560
3123.999744
2696.370271
2342.679726
2072.850650
1918.571154
1913.449843
2049.164586
2270.981371
2483.515780
2662.441585
2824.723129
2843.287882
2578.260035
2054.285897
1377.952756
633.762243
-240.061456
-1358.107676
-2623.711670
-3778.247231
-4695.281992
-5411.305294
-6002.176557
-6413.801933
-6478.778567
-6148.774086
-5544.139300
-4765.700019
-3839.382882
-2806.158377
-1728.442481
-697.458549
220.536457
1009.538442
1576.403559
1857.755585
1938.736316
1917.930990
1819.665834
1605.531016
1258.562192
895.589271
673.452404
593.111837
587.030280
652.326996
813.328212
1083.797452
1395.877345
1636.578964
1790.858460
1860.316241
1769.733052
1460.213815
936.239677
277.511043
-466.039306
-1311.055630
-2232.891620
-3110.236220
-3812.495999
-4303.821778
-4573.970937
-4605.979131
-4338.710710
-3761.602970
-2953.396069
-1992.510083
-927.917547
183.086870
1267.204404
2246.975226
3065.104667
3709.109532
4136.739005
4320.786121
4288.137763
4107.291467
3832.341079
3465.527175
3022.213687
2587.862493
2242.173997
2000.512131
1863.196978
1851.674029
1981.307215
2210.165802
2468.151847
2700.211254
2878.816977
2928.749760
2712.054286
2221.688752
1567.121183
830.932719
-17.604507
-1090.199091
-2354.202676
-3555.470200
-4509.954548
-5247.423340
-5857.179438
-6313.296204
-6453.492094
-6169.899494
-5574.867166
-4816.593048
-3930.286153
-2933.871071
-1881.121567
-853.658537
56.014340
815.888868
1392.676525
1709.237565
1803.341655
1784.456821
1696.114205
1505.985532
1199.667115
847.897062
611.996671
554.381922
581.268805
657.128225
827.411817
1119.006466
1482.299469
1789.898214
1954.100250
2006.913770
1944.817873
1686.831829
1198.066705
519.492990
-281.992190
-1153.895397
-2077.971961
-2984.764100
-3745.598873
-4298.060303
-4629.025030
-4697.522566
-4462.262339
-3913.961974
-3102.554254
-2140.067857
-1094.040074
15.684015
1117.406056
2123.423596
2958.517380
3588.758722
4007.105819
4218.039818
4225.401703
4052.877537
3762.563216
3379.425133
2936.111645
2509.762499
2168.875232
1936.815825
1817.745343
1824.146982
1974.265412
2242.173997
2553.293643
2830.164522
3028.935407
3116.317777
2979.642789
2560.655528
1918.571154
1148.774086
280.071698
-771.077396
-2007.233852
-3265.475962
-4331.668907
-5153.959414
-5800.524934
-6278.407272
-6479.098649
-6280.327764
-5725.625760
-4967.031560
-4086.486140
-3098.073107
-2044.043275
-1010.818770
-90.583189
672.172076
1243.198259
1579.924461
1684.911337
1640.740029
1519.749056
1316.176941
1015.619999
664.490109
406.504065
337.046284
395.301197
524.614301
741.629857
1077.075731
1500.864221
1886.562960
2133.026055
2239.293259
2216.567441
1991.869919
1510.786761
816.529031
-16.004097
-926.957301
-1896.485500
-2866.013700
-3692.465271
-4294.219320
-4650.470520
-4756.097561
-4568.529544
-4059.919339
-3261.634979
-2265.539978
-1193.265476
-82.261059
1018.820818
2028.359260
2873.375584
3511.298893
3923.884514
4120.414826
4109.211958
3915.882466
3599.641508
3211.062032
2778.631330
2366.045708
2035.401063
1808.462967
1709.877729
1738.685103
1925.612957
2238.653095
2580.500608
2876.256322
3115.357532
3268.676781
3213.302605
2840.727226
2182.318674
1377.312592
499.327828
-522.053646
-1747.007234
-3047.820242
-4198.834902
-5074.579092
-5730.426989
-6214.390884
-6449.651111
-6310.735548
-5788.361821
-5027.206965
-4147.621791
-3161.449331
-2113.180974
-1092.119583
-185.327444
566.545036
1136.931054
1475.577748
1563.920364
1471.096601
1323.858908
1127.968760
840.215095
501.888483
232.699571
160.681134
265.027847
448.114717
699.379041
1071.634338
1540.554382
1988.028935
2306.510467
2447.986685
2436.783817
2237.372767
1772.613789
1076.115486
229.178670
-701.299533
-1697.714615
-2704.052237
-3591.639460
-4241.405800
-4632.866014
-4778.823379
-4633.186096
-4159.144741
-3386.146854
-2388.131362
-1289.610140
-165.482363
951.603611
1969.784265
2813.840343
3449.523078
3862.428782
4049.036553
4011.586966
3786.889444
3445.041931
3064.784585
2649.638307
2231.291211
1904.167467
1697.714615
1627.936752
1698.034697
1904.487549
2244.414570
2638.115358
2981.563280
3230.587030
3396.709558
3402.150951
3098.393189
2468.792011
1626.656424
709.621663
-282.312272
-1471.736765
-2801.037065
-4034.312784
-4982.395493
-5644.965111
-6127.008514
-6409.320786
-6349.785545
-5872.223289
-5097.304910
-4192.753345
-3218.103835
-2194.161705
-1167.658921
-257.986044
462.198323
1002.176557
1323.218744
1407.080213
1295.371615
1090.199091
872.543371
610.716343
297.356123
28.807375
-53.773766
84.181550
350.809807
676.973305
1065.232700
1576.083477
2115.741630
2520.965367
2724.217400
2721.976826
2530.247743
2104.538762
1415.402343
522.053646
-485.244223
-1544.395365
-2599.385443
-3553.549709
-4286.857436
-4750.656168
-4934.703284
-4820.113949
-4374.239805
-3606.043147
-2607.067409
-1493.822419
-345.688496
780.999936
1823.826900
2687.407976
3326.611613
3737.916907
3914.602138
3866.909929
3623.007490
3270.277191
2879.457141
2479.674797
2086.934255
1763.011331
1578.003969
1551.757250
1660.905192
1889.443698
2251.776455
2708.853466
3136.482940
3445.041931
3624.287818
3659.496831
3443.121439
2884.578452
2042.122783
1056.910569
34.568850
-1114.205237
-2436.143653
-3756.481659
-4846.040586
-5592.151591
-6074.515076
-6373.151527
-6390.435952
-6006.977786
-5271.429486
-4354.074643
-3373.023494
-2358.683823
-1342.743742
-409.064721
320.722105
838.294603
1160.297036
1246.719160
1115.165482
846.936816
562.704052
307.598745
52.813520
-178.285641
-284.872927
-150.118430
174.124576
598.233148
1079.316305
1611.292491
2199.603098
2710.133794
3012.931310
3083.349337
2917.866974
2517.124384
1865.117470
979.450739
-64.976634
-1182.702772
-2314.832597
-3378.464887
-4225.081621
-4783.944690
-5045.451636
-4998.719672
-4629.985276
-3923.244351
-2939.632546
-1806.862557
-639.843800
497.727418
1546.956021
2439.664554
3120.798925
3546.507906
3722.873056
3683.502977
3445.362013
3083.349337
2683.246911
2273.221945
1891.364189
1575.763395
1398.438000
1398.758082
1542.474874
1799.180590
2174.956789
2673.964535
3185.455477
3598.361180
3862.428782
3957.813200
3856.347225
3432.558735
2654.119455
1651.622815
563.664298
-577.747903
-1830.868702
-3175.212854
-4407.208245
-5324.883170
-5887.267140
-6198.066705
-6278.407272
-6054.990077
-5472.120863
-4597.977082
-3613.725114
-2606.107163
-1631.137571
-741.309775
12.803278
573.586838
933.038858
1059.151143
943.921644
662.889700
330.004481
51.533192
-184.047116
-385.058575
-493.886435
-414.826196
-93.463927
383.138083
943.281480
1541.514628
2153.191217
2739.901415
3186.735804
3415.274310
3370.462838
3041.738685
2439.024390
1591.767492
573.906920
-573.266756
-1780.935920
-2954.676397
-3966.455413
-4676.717240
-5067.217208
-5160.681134
-4941.425005
-4380.321362
-3485.692337
-2378.208821
-1190.704820
-23.045900
1055.310159
2004.353114
2748.863709
3253.632930
3501.376352
3501.696434
3310.287434
2967.479675
2572.498560
2181.038346
1811.023622
1502.144549
1296.331861
1278.407272
1443.889636
1728.762563
2097.817041
2557.774790
3093.271878
3602.202164
3985.980411
4167.146790
4143.460726
3899.878369
3332.373088
2434.863325
1323.538826
135.074579
-1069.393765
-2338.198579
-3615.645605
-4725.369695
-5507.009795
-5928.237629
-6087.318353
-6012.419179
-5666.730683
-4991.997951
-4061.519749
-3070.866142
-2112.220729
-1247.999488
-498.047500
106.587286
498.047500
676.333141
638.243390
428.269637
104.346713
-242.942193
-505.409385
-686.895845
-763.715511
-702.899942
-452.915946
26.246719
647.525767
1333.461366
1999.231803
2623.071506
3174.572691
3551.629217
3687.023878
3494.974714
2987.004673
2225.529736
1263.683503
163.241790
-1038.025735
-2238.973177
-3335.893989
-4219.320146
-4783.944690
-5026.886883
-4959.029512
-4586.454132
-3906.280008
-2930.670252
-1800.140836
-645.605275
434.671276
1381.153575
2162.153511
2733.819858
3076.627617
3166.250560
3041.098521
2762.307151
2385.570706
2012.035081
1676.269125
1405.159721
1226.553998
1175.660969
1318.097433
1614.173228
2012.035081
2466.551437
2959.157544
3492.734140
3958.133282
4263.491454
4348.953332
4205.876704
3832.341079
3163.689905
2206.324819
1050.508930
-159.720889
-1355.867102
-2581.140772
-3765.443954
-4755.777479
-5410.024966
-5707.701171
-5762.755265
-5595.352410
-5171.563920
-4464.182831
-3569.233724
-2663.401831
-1821.586326
-1090.519173
-473.081109
-11.522950
234.620063
287.433583
157.800397
-98.585238
-413.865950
-699.058959
-866.141732
-917.674925
-847.897062
-648.486012
-253.184815
352.730299
1061.071634
1780.935920
2444.145701
3032.136227
3527.623072
3826.579604
3847.384931
3535.305038
2916.906728
2074.451059
1062.031880
-64.976634
-1273.606043
-2466.871519
-3530.503809
-4356.955381
-4832.917227
-4990.717624
-4851.481979
-4422.572178
-3717.111581
-2751.424365
-1653.863389
-561.743806
432.110620
1285.449075
1978.746559
2477.114141
2758.466167
2789.834198
2616.349786
2320.914154
1970.104347
1652.262979
1397.477754
1219.832277
1146.213431
1211.190065
1457.012995
1843.671980
2306.190385
2780.231739
3254.913258
3757.441905
4190.192689
4436.015620
4430.254145
4192.753345
3765.123872
3111.196466
2187.439985
1053.389668
-157.480315
-1317.137187
-2423.660457
-3481.211190
-4405.607836
-5043.851226
-5315.280712
-5306.958581
-5106.267204
-4730.170924
-4140.900070
-3374.943986
-2566.417003
-1842.711734
-1244.158505
-752.192561
-387.299149
-211.254081
-217.655720
-370.334806
-592.471673
-833.813456
-1061.711798
-1169.579412
-1126.688432
-936.239677
-613.276999
-156.199987
467.319634
1209.269573
1962.422380
2624.671916
3162.089495
3576.915690
3816.016900
3795.851738
3459.765700
2833.365342
1991.549837
992.574099
-104.346713
-1249.279816
-2347.480955
-3308.687024
-4065.680814
-4528.519301
-4665.834454
-4491.709878
-4065.360732
-3441.841111
-2607.067409
-1632.417899
-641.764292
257.025799
987.132706
1554.637987
1963.382626
2196.722361
2222.008834
2069.009666
1825.107227
1558.478971
1327.059727
1166.058511
1106.523270
1166.698675
1344.024070
1642.020357
2053.645733
2535.689136
3017.412458
3453.043979
3849.305422
4188.912362
4386.402919
4366.877921
4098.969336
3631.329620
3008.450163
2202.803918
1190.704820
51.853274
-1047.308111
-2021.637539
-2900.902631
-3706.548877
-4339.030792
-4670.315601
-4689.520517
-4505.153319
-4220.600474
-3821.138211
-3271.557519
-2629.793227
-2025.158441
-1551.117086
-1208.309327
-964.406888
-821.330261
-805.326163
-911.593368
-1076.115486
-1249.279816
-1374.751936
-1389.155624
-1245.438832
-946.162218
-539.658152
-39.370079
570.706101
1286.089239
2019.717048
2655.399782
3134.882530
3459.765700
3629.089047
3596.120607
3301.005057
2735.740350
1953.140004
1028.103194
36.489341
-971.768773
-1941.937136
-2813.840343
-3514.179630
-3982.139428
-4163.945970
-4049.036553
-3707.829204
-3198.898918
-2552.653479
-1777.415018
-928.237629
-140.836054
503.808975
994.174509
1348.505217
1570.642084
1638.179374
1574.803150
1421.803982
1246.078996
1108.123680
1041.866718
1082.837206
1238.717112
1495.742910
1820.946162
2212.406376
2668.523142
3126.880481
3513.219384
3801.293131
4018.628769
4168.427117
4158.184495
3919.403367
3477.370207
2920.107548
2285.064977
1502.464631
560.463479
-420.587670
-1298.892516
-2031.880161
-2702.771910
-3309.647270
-3748.479611
-3929.325907
-3887.395173
-3741.757890
-3539.786185
-3260.034569
-2876.896486
-2463.030536
-2117.662122
-1854.554766
-1653.543307
-1518.148646
-1471.736765
-1500.864221
-1539.274054
-1548.236349
-1531.912170
-1476.858076
-1302.413418
-966.007298
-509.250368
6.721721
547.340119
1149.094168
1790.858460
2373.087510
2833.045260
3121.759170
3257.153831
3253.312848
3068.625568
2675.885027
2100.697779
1393.956853
586.390116
-262.467192
-1103.002369
-1882.401895
-2542.730939
-3064.784585
-3406.312016
-3514.179630
-3396.709558
-3106.715319
-2699.891172
-2187.760067
-1600.729787
-986.492542
-402.983164
83.861469
469.560207
737.468792
911.593368
1012.739261
1041.866718
1029.703604
1021.061392
1046.667947
1137.571218
1328.340055
1599.769541
1909.928942
2252.736701
2622.751424
3003.648934
3354.458741
3601.882082
3752.320594
3825.299277
3819.857884
3697.906664
3414.634146
2994.046476
2484.796108
1937.135907
1321.618334
594.392164
-194.929902
-931.758530
-1532.552333
-2042.442865
-2530.887907
-2950.195250
-3213.622687
-3288.201780
-3253.953012
-3195.057935
-3113.757122
-2973.561232
-2752.704692
-2528.967416
-2350.041611
-2219.128097
-2116.061712
-2020.037130
-1947.378529
-1867.358044
-1740.925677
-1573.202740
-1371.551117
-1122.527367
-760.514692
-282.632354
232.059407
732.987645
1213.430638
1708.277319
2173.036297
2529.927661
2747.583381
2829.204276
2799.116574
2624.031752
2297.228090
1862.876896
1340.503169
738.749120
56.334422
-642.084374
-1266.244159
-1795.979771
-2251.136291
-2645.157160
-2904.423532
-2951.795660
-2817.361244
-2583.381346
-2307.470713
-1940.336726
-1481.339223
-995.774918
-542.858972
-177.005313
145.957365
412.905704
605.595032
743.550349
843.735996
941.681070
1050.508930
1197.746623
1400.998656
1658.984700
1961.782216
2256.577684
2555.854299
2868.254273
3149.606299
3368.862429
3480.250944
3508.098073
3483.451764
3387.427181
3194.097689
2890.980091
2524.486268
2115.101466
1662.505601
1164.138019
583.189296
-33.928686
-632.801997
-1162.537610
-1616.733884
-2052.685487
-2453.107996
-2765.507970
-2940.592792
-3000.448115
-3034.056719
-3059.023110
-3045.899750
-2939.632546
-2771.909609
-2624.991998
-2502.720696
-2387.171116
-2232.251456
-2052.365406
-1878.880994
-1670.507650
-1417.642917
-1129.249088
-817.169195
-466.039306
-43.211062
425.068818
881.185584
1274.246207
1632.417899
1983.547788
2267.140388
2434.223161
2462.390372
2386.210870
2226.489981
1969.144101
1637.859292
1228.474489
748.671660
198.130721
-404.903655
-968.247871
-1443.569554
-1850.713783
-2222.648998
-2530.887907
-2676.205109
-2633.954292
-2467.511683
-2281.223993
-2066.449011
-1742.206005
-1324.499072
-888.867550
-523.333973
-220.856539
60.815569
320.081941
549.260611
752.512643
943.281480
1137.891300
1335.701940
1561.679790
1824.787146
2122.143269
2419.819474
2667.242814
2884.258370
3081.428846
3236.668587
3307.726778
3271.877601
3178.093592
3053.581717
2896.101402
2686.447731
2399.654312
2063.888355
1699.315025
1298.892516
831.892965
309.199155
-223.097113
-726.586006
-1181.422444
-1623.775687
-2071.890404
-2467.511683
-2750.144037
-2926.509186
-3052.941553
-3169.451380
-3234.748096
-3181.294411
-3035.016964
-2875.936240
-2741.501824
-2585.942001
-2372.447347
-2104.218680
-1840.151079
-1586.006018
-1299.532680
-972.729019
-632.161833
-285.193009
88.022534
493.246271
877.344600
1198.706869
1476.217912
1756.609692
2010.754753
2138.787530
2149.030152
2095.896550
2027.078932
1905.127713
1661.865438
1317.777351
930.158120
526.854875
75.219256
-444.273734
-961.526151
-1414.122015
-1800.460918
-2147.749824
-2424.300621
-2570.578068
-2581.460854
-2490.877665
-2348.121119
-2120.862941
-1787.337558
-1400.998656
-1033.864669
-694.577812
-352.090135
7.361885
345.688496
644.645029
922.796236
1205.748672
1489.981435
1753.408873
2008.834262
2261.058831
2500.160041
2691.569042
2828.884194
2947.634594
3034.696882
3059.023110
2997.887459
2872.095256
2753.985020
2654.759618
2534.728891
2346.520709
2103.898598
1854.234684
1598.809295
1321.618334
964.086806
501.888483
-7.041803
-503.808975
-950.003201
-1385.634722
-1880.481403
-2379.809231
-2781.832149
-3022.533769
-3168.171052
-3303.565713
-3404.391524
-3397.029640
-3233.787850
-2986.364509
-2735.420268
-2480.314961
-2182.318674
-1844.312144
-1508.226106
-1195.506050
-893.668779
-592.791755
-323.282760
-97.304910
136.674989
413.865950
692.657320
917.354843
1084.117534
1261.122847
1469.816273
1650.982652
1757.890020
1810.063376
1842.391652
1826.067473
1711.158056
1495.102746
1216.631458
875.104027
420.267589
-143.076628
-715.063056
-1210.229819
-1655.143717
-2099.417451
-2511.362909
-2768.068626
-2809.999360
-2714.294859
-2570.257986
-2372.447347
-2051.085078
-1613.533064
-1139.491710
-682.414698
-253.824979
161.641380
542.218808
863.581077
1151.014660
1412.201524
1626.976506
1779.975674
1913.449843
2084.053518
2285.705141
2445.746111
2528.647334
2582.421100
2657.640356
2740.221497
2760.066577
2693.809615
2601.305934
2535.689136
2469.432175
2366.365790
2222.969080
2027.078932
1785.417067
1509.826516
1190.704820
821.330261
360.412266
-168.363101
-702.899942
-1180.462198
-1628.576916
-2107.099417
-2576.979707
-2943.153447
-3132.962038
-3196.658345
-3239.869407
-3230.266948
-3092.311632
-2810.639524
-2484.155944
-2212.086294
-1952.179758
-1653.543307
-1340.503169
-1107.803598
-958.005249
-806.286409
-619.678638
-451.635619
-337.366366
-216.375392
-2.880737
275.910633
545.739709
777.158953
1030.663850
1342.423660
1643.300685
1866.397798
1992.510083
2061.967864
2051.405160
1913.129761
1633.698227
1263.363421
833.493374
300.877025
-323.922924
-958.645413
-1506.945778
-1960.181807
-2379.489149
-2743.422316
-2940.272710
-2920.427629
-2749.823955
-2514.563728
-2212.086294
-1795.979771
-1284.808911
-763.395429
-303.757762
116.509827
503.168811
830.292555
1067.793355
1226.233916
1373.471609
1518.148646
1633.378145
1720.760515
1834.389604
2019.396966
2224.569490
2387.171116
2500.480123
2612.188720
2730.298957
2789.514116
2751.104283
2641.636259
2510.402663
2378.848985
2220.408425
2007.553934
1745.086742
1462.134306
1176.621215
877.984764
555.022086
175.404904
-258.946290
-686.895845
-1063.952372
-1399.078164
-1752.768709
-2131.745727
-2449.907176
-2627.232572
-2664.041995
-2668.843224
-2678.445682
-2624.671916
-2440.624800
-2168.235068
-1919.211318
-1728.122399
-1550.156840
-1351.065873
-1172.460150
-1052.109340
-959.925741
-857.819602
-736.188464
-611.356507
-475.001600
-269.829076
10.562704
308.879073
578.067985
840.215095
1137.891300
1435.247423
1650.662570
1748.927725
1759.810511
1723.641252
1591.767492
1331.540874
978.170412
591.831509
185.007362
-294.795468
-810.447475
-1283.208501
-1655.783881
-1951.859676
-2209.525639
-2388.451444
-2421.099802
-2279.303502
-2045.963767
-1787.657640
-1499.263812
-1146.853595
-747.391332
-370.974970
-43.851226
264.067601
557.582741
802.445426
986.172460
1134.370399
1294.731451
1458.293323
1594.648230
1713.398630
1859.355995
2048.204340
2235.772358
2362.204724
2415.018245
2429.742014
2406.696114
2320.594072
2161.513347
1935.535497
1679.469944
1430.126112
1211.510147
1046.988029
936.559759
845.976570
752.832725
657.128225
583.829460
511.490942
363.293003
114.269253
-172.524166
-428.909801
-681.454452
-990.973689
-1354.586774
-1685.871583
-1894.244927
-2002.752705
-2080.212534
-2133.026055
-2092.375648
-1942.577300
-1750.528135
-1596.248640
-1479.738813
-1344.344152
-1213.110556
-1134.690481
-1137.891300
-1168.299085
-1153.575315
-1110.044171
-1065.232700
-996.095000
-853.338455
-612.956917
-338.646694
-67.857371
217.335638
524.934383
818.129441
1030.343768
1156.135971
1246.078996
1297.612189
1253.440881
1080.596633
848.857307
622.879457
415.786441
167.402855
-167.402855
-500.608156
-746.111004
-927.277383
-1106.843352
-1285.449075
-1410.601114
-1443.249472
-1385.634722
-1295.371615
-1188.784329
-1030.023686
-829.332309
-611.996671
-372.575379
-100.825811
196.530312
476.281928
704.500352
901.030664
1110.044171
1309.775302
1434.927341
1484.540042
1495.742910
1515.267909
1537.033481
1528.391268
1468.215863
1385.314641
1319.697843
1270.085142
1226.874080
1177.581461
1132.769989
1115.805646
1123.167531
1165.738429
1260.162602
1376.672428
1471.736765
1505.665450
1481.019141
1422.124064
1314.256450
1107.803598
792.202804
426.029063
75.859420
-225.017605
-526.854875
-854.618782
-1155.815889
-1349.785545
-1428.525703
-1454.452340
-1482.939633
-1513.987581
-1514.307663
-1484.219960
-1493.182255
-1569.361757
-1676.589207
-1802.381410
-1926.893285
-2070.930158
-2207.925229
-2281.544075
-2271.301453
-2185.199411
-2020.997375
-1765.571986
-1404.199475
-965.687216
-515.011843
-86.742206
324.243006
710.261827
1030.023686
1249.919980
1367.069970
1426.925293
1440.688816
1388.515460
1286.409321
1183.342936
1102.362205
1015.940081
893.028615
723.705269
519.172908
301.837270
42.890980
-263.747519
-580.628641
-879.905256
-1128.929006
-1305.294155
-1402.599065
-1405.799885
-1328.019973
-1186.223673
-986.812624
-714.422892
-408.104475
-125.792203
102.746303
273.349978
405.543819
487.164714
499.967992
445.874144
386.979067
371.295052
392.420460
453.236028
568.465527
751.552397
988.092952
1223.673260
1441.969144
1623.775687
1748.607644
1806.542475
1787.657640
1724.921580
1647.461750
1570.001920
1516.548236
1506.305614
1540.554382
1589.206837
1601.369951
1588.246591
1593.047820
1585.045772
1491.581845
1273.285961
985.532296
710.901991
428.909801
53.133602
-412.265540
-860.700339
-1208.629409
-1490.301517
-1780.935920
-2085.974009
-2319.313744
-2436.143653
-2515.523974
-2633.634210
-2774.150182
-2864.413290
-2890.660009
-2912.425581
-2946.674349
-2915.306318
-2754.945266
-2503.040778
-2217.527687
-1890.724025
-1467.895781
-951.603611
-412.265540
80.020485
530.695858
960.885987
1355.547020
1670.187568
1882.721977
2016.196146
2104.218680
2148.389988
2146.149414
2115.421548
2059.727290
1980.346969
1852.954356
1680.750272
1478.458485
1200.307279
802.125344
306.318418
-224.377441
-737.148710
-1222.713015
-1686.831829
-2086.294091
-2344.920300
-2430.702260
-2381.409641
-2240.573587
-2023.237949
-1716.599449
-1340.823251
-962.806478
-624.159785
-346.648742
-120.350810
59.215159
177.325395
249.663914
318.801613
405.223737
522.693810
674.092568
869.342552
1117.726138
1385.314641
1634.978555
1833.109276
1983.547788
2085.653927
2129.505153
2102.618270
2023.237949
1958.901479
1935.215415
1953.140004
2015.235900
2101.017861
2195.442033
2272.901863
2289.866206
2220.088343
2058.126880
1789.258050
1403.239229
934.959350
442.033160
-43.211062
-528.455285
-1038.985980
-1513.027335
-1852.634274
-2043.403111
-2152.871135
-2273.542027
-2399.334230
-2461.430126
-2460.469880
-2494.398566
-2641.316177
-2855.130914
-3038.537866
-3148.966135
-3229.946866
-3289.482107
-3243.070226
-3021.573523
-2633.314128
-2142.948595
-1582.165034
-942.961398
-252.544651
417.066769
999.615902
1500.544139
1934.255169
2278.663338
2500.160041
2601.305934
2646.757570
2673.644453
2644.516996
2544.651431
2412.137507
2286.345304
2148.389988
1932.014596
1608.091671
1175.660969
662.889700
90.903271
-535.177005
-1159.976954
-1726.842072
-2209.525639
-2570.578068
-2783.432559
-2818.001408
-2691.569042
-2464.630946
-2199.283016
-1921.451892
-1633.378145
-1363.869151
-1167.018757
-1044.747455
-956.724922
-861.020421
-727.866334
-551.181102
-315.920876
-14.403687
364.893413
797.004033
1262.403175
1721.720761
2132.705973
2462.390372
2679.085846
2774.470264
2744.062480
2606.427245
2396.133410
2155.751872
1933.615005
1759.170348
1657.384290
1655.783881
1737.404776
1856.155176
1971.704756
2067.729339
2100.697779
2028.999424
1826.387555
1503.744959
1114.845400
686.895845
245.822931
-166.122527
-507.009795
-767.876576
-1006.337622
-1267.524486
-1508.226106
-1675.949043
-1811.023622
-2025.478523
-2350.361693
-2703.412073
-2962.678446
-3132.321874
-3296.523910
-3436.079636
-3447.922668
-3276.998912
-2956.596889
-2579.860444
-2168.875232
-1699.955189
-1197.106459
-746.431086
-391.140132
-83.861469
208.373344
461.878241
647.845849
822.610588
1068.113437
1384.674477
1705.716663
1995.070738
2277.703092
2570.898150
2808.398950
2912.745663
2871.775174
2722.937072
2476.473977
2095.896550
1603.290442
1058.510979
490.685616
-132.193842
-787.401575
-1383.074067
-1844.952308
-2188.080149
-2494.398566
-2784.072723
-2967.799757
-2981.883362
-2891.620255
-2777.351002
-2655.399782
-2456.948979
-2149.670316
-1796.940017
-1446.770373
-1083.797452
-697.458549
-323.282760
14.723769
322.002433
622.879457
894.949107
1090.839255
1221.432687
1342.423660
1506.305614
1703.476090
1883.042059
2031.880161
2192.241214
2367.646117
2496.639140
2556.494463
2569.617822
2549.772742
2479.354715
2350.041611
2206.964983
2097.817041
2000.832213
1882.401895
1738.365021
1594.648230
1464.374880
1301.773254
1078.996223
803.725754
511.490942
209.973753
-78.740157
-318.161449
-495.166763
-642.084374
-851.097881
-1136.931054
-1404.839639
-1576.723641
-1719.800269
-1945.778119
-2269.060880
-2573.458805
-2760.706741
-2880.097305
-3010.690737
-3154.087446
-3221.304654
-3149.926381
-2976.441969
-2756.865758
-2475.193650
-2077.651879
-1586.966263
-1085.077780
-597.272902
-82.261059
454.836438
964.086806
1386.915050
1731.963383
2051.725242
2354.202676
2591.703476
2722.616990
2763.907560
2750.144037
2676.205109
2513.603482
2280.903911
2026.758850
1763.651495
1443.249472
1060.431470
654.247487
242.302029
-225.977850
-794.123296
-1411.561360
-1978.106395
-2435.503489
-2814.480507
-3151.206709
-3420.715703
-3542.666923
-3491.453812
-3333.653415
-3133.282120
-2887.779271
-2570.578068
-2212.086294
-1859.355995
-1491.581845
-1075.155240
-619.998720
-161.001216
279.111453
719.544203
1185.263427
1648.101914
2037.001472
2320.273990
2544.971513
2749.823955
2909.224762
2963.638692
2920.747711
2848.729275
2756.225594
2612.188720
2429.101850
2252.096537
2112.220729
1992.510083
1876.640420
1759.810511
1672.748224
1625.696178
1567.441265
1463.094552
1329.620383
1190.064657
1002.816721
738.108956
411.945458
101.786057
-143.076628
-377.696690
-623.839703
-818.769605
-914.474105
-969.848281
-1103.322451
-1350.425709
-1612.252737
-1799.500672
-1911.849433
-2060.367454
-2283.784649
-2464.630946
-2502.720696
-2443.505537
-2376.288330
-2314.832597
-2214.326868
-2047.884258
-1861.276487
-1680.750272
-1477.818321
-1206.068754
-875.104027
-528.135203
-179.886051
206.772934
667.690929
1130.209334
1514.627745
1829.588375
2108.699827
2350.361693
2491.517829
2506.561680
2430.062096
2302.669483
2106.139172
1828.308047
1491.581845
1139.491710
799.244607
437.231931
20.165162
-429.229883
-851.738045
-1265.603995
-1755.329364
-2306.830549
-2810.639524
-3178.093592
-3386.146854
-3500.736188
-3556.750528
-3485.372255
-3257.793995
-2937.071890
-2577.299789
-2218.487933
-1843.031816
-1418.603162
-995.134754
-608.795852
-204.212278
251.264324
743.870431
1218.231867
1631.457653
2016.196146
2394.853082
2729.018629
2947.634594
3036.297292
3029.895653
2996.927213
2934.831317
2811.279688
2636.835030
2432.622751
2211.446130
1954.740414
1669.867486
1402.278983
1156.776135
903.271237
641.124128
428.909801
322.642597
314.960630
340.887267
358.811856
393.060624
466.999552
556.302413
582.549133
496.447090
371.295052
284.232764
193.329492
95.384418
35.849177
42.890980
97.624992
73.298764
-128.032776
-415.466359
-660.969208
-853.658537
-1044.107291
-1324.178990
-1650.342488
-1853.594520
-1918.571154
-1945.137955
-1983.227706
-2031.880161
-2033.800653
-1984.828116
-1943.857628
-1902.567057
-1821.906408
-1675.949043
-1442.289226
-1157.096217
-851.738045
-477.562256
-38.409833
394.981115
781.320018
1104.602778
1370.270789
1584.085526
1712.758466
1755.649446
1747.327316
1673.068305
1544.075283
1378.913002
1168.299085
933.679022
684.975354
385.698739
41.930734
-340.887267
-753.792971
-1179.181871
-1624.415850
-2061.967864
-2404.135459
-2637.475194
-2775.110428
-2805.838295
-2752.384610
-2610.588311
-2367.326035
-2069.329748
-1771.973625
-1483.899878
-1211.510147
-904.551565
-553.741758
-199.090967
175.724986
571.666347
969.528199
1363.549069
1731.643301
2029.319506
2244.414570
2386.530952
2447.986685
2448.306767
2391.652263
2292.746943
2182.958837
2064.528519
1936.175661
1806.222393
1626.336342
1392.356443
1139.811792
885.026567
651.046668
420.907752
205.812688
56.654504
27.847129
122.911465
305.998336
519.172908
724.345432
934.959350
1120.606875
1230.715063
1241.277767
1168.299085
1082.197042
1020.741310
971.128609
919.915498
886.626977
872.543371
875.424109
809.167147
542.538890
90.903271
-430.510211
-913.833941
-1297.932271
-1624.095769
-1966.263363
-2239.613341
-2385.250624
-2427.501440
-2413.737917
-2449.267012
-2555.534217
-2649.318225
-2718.776007
-2761.987069
-2747.903463
-2644.837078
-2396.453492
-1998.271558
-1530.631842
-1039.626144
-532.936432
-33.608604
435.631522
815.888868
1069.713847
1249.919980
1416.042507
1586.006018
1750.528135
1851.994110
1878.560912
1875.680174
1854.874848
1790.858460
1632.097817
1333.781448
942.001152
527.174957
113.309007
-305.358172
-743.230267
-1166.378593
-1511.426925
-1745.726906
-1887.843288
-1991.869919
-2092.375648
-2160.553102
-2159.272774
-2104.858844
-2012.675245
-1882.721977
-1716.919531
-1485.180206
-1199.026951
-893.028615
-557.902823
-190.768837
169.643429
510.530696
793.163050
992.894181
1160.937200
1319.057679
1468.535945
1611.932655
1734.844120
1831.828948
1923.052301
1983.547788
1999.231803
1967.223609
1861.596569
1701.235516
1526.470777
1338.582677
1153.895397
998.975738
882.785993
820.049933
798.604443
794.763459
814.608540
866.461814
956.084758
1072.594584
1154.855643
1201.587606
1253.760963
1322.578580
1382.433903
1383.074067
1302.733500
1195.185968
1099.801549
1004.417131
902.631074
761.795020
593.111837
420.267589
166.442609
-225.017605
-720.504449
-1247.679406
-1673.388387
-1949.299021
-2173.996543
-2388.131362
-2594.584214
-2784.392805
-2899.942385
-2970.360412
-3055.502209
-3138.083349
-3179.053838
-3130.081301
-2935.471481
-2650.918635
-2322.514564
-1913.449843
-1457.653159
-966.007298
-467.959798
-45.451636
316.240958
650.086422
937.199923
1213.750720
1478.778567
1721.080597
1977.466231
2213.046540
2368.926445
2415.018245
2325.395301
2122.783433
1878.560912
1611.612573
1313.616286
997.055246
650.086422
314.640548
-0.320082
-338.326612
-701.619615
-1111.964663
-1524.230203
-1851.033865
-2098.457205
-2304.589975
-2478.074387
-2636.835030
-2706.292811
-2621.151015
-2424.620703
-2149.670316
-1854.554766
-1589.206837
-1294.731451
-941.360988
-569.745855
-175.084822
193.009410
516.932335
845.656488
1183.663018
1494.462582
1769.412970
1966.583445
2099.097369
2210.165802
2287.305550
2342.039562
2378.528903
2362.524806
2280.903911
2149.670316
1978.426477
1821.586326
1675.628961
1507.585942
1321.938416
1115.805646
912.553614
740.029448
586.710198
446.514308
333.525382
247.423340
191.729083
157.160233
133.154087
110.428270
92.183599
91.543435
107.227450
131.553678
143.396710
135.714743
105.947122
68.177453
37.129505
12.163114
2.880737
10.242622
19.204916
8.962294
-62.095897
-214.134819
-431.470456
-660.969208
-856.539274
-986.492542
-1063.632290
-1127.328596
-1190.704820
-1261.763011
-1332.181038
-1395.557263
-1458.293323
-1514.947827
-1528.391268
-1476.537994
-1362.588823
-1210.869983
-1068.433519
-952.243774
-852.698291
-762.755265
-682.734780
-591.191345
-482.683567
-368.414314
-252.544651
-155.879905
-73.938928
4.481147
75.219256
118.750400
117.790154
84.501632
53.133602
56.654504
87.382370
114.589335
132.834006
133.794251
118.110236
97.624992
69.457781
45.131554
24.966391
4.801229
-17.284425
-22.085654
-7.041803
24.646309
62.736060
81.620895
92.823763
113.309007
142.116382
184.367198
243.582357
313.360220
394.981115
472.120863
525.894629
555.982331
554.381922
515.972089
446.194226
340.247103
229.818834
147.877857
96.344664
65.616798
35.209014
1.600410
-34.888932
-73.938928
-103.706549
-131.873760
-162.281544
-186.927854
-186.287690
-143.076628
-69.137699
17.924589
97.945074
165.802445
234.940145
312.079892
402.343000
500.608156
603.034377
701.299533
780.999936
835.733948
866.461814
884.386403
901.350746
918.315089
914.794187
893.348697
872.863453
858.779848
846.296652
806.606491
715.063056
596.952820
488.124960
397.221689
314.960630
214.774982
94.744255
-24.006146
-137.955317
-250.944242
-369.374560
-476.922092
-562.063888
-618.078228
-660.329044
-688.816337
-689.136419
-675.372895
-666.730683
-674.412650
-693.617566
-694.257730
-666.730683
-634.722489
-598.873312
-570.386019
-555.982331
-545.739709
-541.578644
-544.459382
-543.179054
-549.900775
-555.022086
-542.218808
-508.610204
-444.273734
-376.736445
-339.927021
-324.883170
-305.998336
-284.552846
-266.308175
-255.745471
-233.659817
-177.325395
-98.265156
-26.886883
27.847129
69.137699
93.784009
101.465975
90.903271
71.698355
62.095897
60.175405
58.254913
66.897126
79.700403
97.624992
106.267204
98.265156
88.342616
83.221305
76.499584
47.052045
4.161065
-34.888932
-64.336470
-86.742206
-113.629089
-141.796300
-165.162282
-173.484412
-169.643429
-158.760643
-126.432367
-66.897126
6.081557
85.781960
157.160233
224.697523
287.433583
331.924973
365.533577
386.018821
398.181935
419.947507
447.794635
478.202420
501.888483
514.691761
515.011843
505.089303
485.564304
458.357339
429.870047
396.581525
362.652839
324.243006
289.994239
272.709814
272.069650
272.069650
263.427437
246.143013
230.779079
216.695474
188.528263
137.955317
81.620895
30.407784
-19.204916
-64.976634
-121.951220
-170.283593
-208.053262
-235.580309
-246.463095
-235.260227
-213.814737
-185.007362
-149.478266
-108.827860
-57.934831
-16.324179
14.083605
17.284425
7.361885
8.642212
23.045900
36.809423
42.890980
43.211062
45.451636
50.572947
44.491390
37.769669
31.047948
10.882786
-13.123360
-46.091800
-77.459830
-100.825811
-127.072531
-151.078676
-174.444658
-186.927854
-205.172524
-233.019653
-263.427437
-288.393829
-323.602842
-373.215543
-424.428654
-473.081109
-507.649958
-541.258562
-559.183151
-565.264708
-561.423724
-537.737661
-509.250368
-481.403239
-434.991358
-368.414314
-299.596697
-233.019653
-169.643429
-108.827860
-49.932783
0.000000
47.052045
91.863517
127.072531
171.563920
215.095064
261.506946
317.841367
364.573331
385.058575
389.859804
398.822098
421.227834
452.595865
455.476602
423.148326
379.297100
344.728250
317.201204
282.632354
237.500800
188.848345
137.955317
73.298764
4.801229
-62.415978
-137.955317
-219.896293
-298.636451
-357.531528
-378.656936
-371.295052
-364.253249
-364.893413
-363.293003
-341.207349
-299.916779
-275.910633
-258.626208
-231.739325
-182.766788
-122.591383
-73.298764
-34.888932
13.763523
75.219256
126.432367
152.999168
163.881954
190.768837
239.101210
297.356123
364.253249
431.790538
503.168811
574.227002
625.120031
661.289290
686.895845
704.180270
709.621663
708.981499
719.224121
734.588055
734.588055
694.257730
621.919211
550.220857
495.166763
450.675373
401.702836
342.807759
290.634402
238.781128
167.402855
77.459830
-39.370079
-164.202036
-280.071698
-376.416363
-457.717176
-519.492990
-570.386019
-636.002817
-715.383138
-790.282312
-839.574931
-876.384354
-906.472057
-928.877793
-944.561808
-925.356891
-869.022470
-797.004033
-717.943794
-636.002817
-547.020037
-443.633570
-323.922924
-204.212278
-82.901223
27.527047
121.631138
204.852442
283.912682
353.690545
410.985212
449.715127
474.681518
494.846681
501.248320
498.687664
475.321682
440.752833
400.422508
352.090135
287.433583
224.057359
169.003265
108.507778
31.688112
-75.859420
-189.808591
-290.954484
-371.615133
-445.554062
-519.813072
-589.911017
-628.961014
-649.126176
-663.209782
-667.690929
-667.370847
-656.808143
-632.481915
-590.551181
-532.936432
-446.194226
-341.527431
-249.663914
-164.522118
-83.861469
-0.640164
89.943025
181.166379
278.471289
364.893413
431.150374
476.281928
509.890532
551.501184
603.994623
644.645029
669.611421
704.820434
748.991742
783.880673
799.244607
785.801165
775.238461
764.675757
732.027399
674.092568
612.956917
570.386019
522.373728
449.395045
341.527431
224.057359
124.831957
45.451636
-25.926637
-92.503681
-142.436464
-176.685231
-217.335638
-269.829076
-317.521285
-360.092184
-386.658985
-398.502017
-416.426605
-428.909801
-433.711030
-442.993406
-438.512259
-418.987261
-398.181935
-370.334806
-335.765956
-300.236861
-250.304078
-200.051213
-154.279496
-104.666795
-63.056142
-15.363933
38.409833
80.020485
121.951220
171.884002
209.333589
242.942193
273.029896
283.592600
287.433583
294.155304
281.672108
256.065553
223.737277
170.603675
121.631138
79.380321
32.648358
-13.763523
-61.455733
-110.108188
-152.999168
-195.890148
-236.220472
-258.626208
-274.310223
-285.513091
-310.799565
-355.611036
-397.221689
-409.064721
-407.464311
-402.343000
-404.583573
-413.865950
-401.702836
-383.138083
-354.330709
-308.879073
-265.988093
-225.017605
-173.484412
-123.871711
-61.135651
24.326228
102.426221
159.080725
198.450803
224.697523
258.946290
296.715959
328.404071
350.809807
358.171692
358.491774
358.811856
358.171692
353.690545
348.569234
337.046284
318.161449
286.473337
238.461046
186.607772
145.957365
112.988925
85.781960
49.612701
-1.280328
-48.652455
-93.784009
-134.434415
-162.921708
-186.927854
-207.413098
-227.258178
-248.703668
-260.226618
-247.743422
-217.975802
-186.287690
-149.478266
-116.509827
-72.018437
-8.002049
51.533192
115.549581
176.365149
218.615966
242.942193
265.347929
294.795468
335.765956
363.613085
364.573331
359.452020
364.253249
388.579476
398.502017
370.974970
339.606939
329.044235
327.763908
319.441777
282.312272
215.415146
144.677037
82.581141
7.681967
-71.058191
-148.197939
-211.254081
-261.506946
-322.962678
-395.941361
-463.158569
-512.771269
-552.781512
-583.829460
-610.076180
-623.519621
-623.199539
-604.954868
-574.547084
-545.419627
-509.570450
-455.476602
-394.661033
-335.125792
-267.588503
-207.093016
-149.798348
-81.620895
-13.763523
48.972537
113.949171
169.003265
223.417195
284.552846
333.845464
377.376608
413.545868
428.909801
443.633570
457.717176
457.717176
452.595865
428.589719
396.261443
366.813904
325.203252
278.151207
222.777031
152.359004
77.779912
10.562704
-59.215159
-115.869663
-149.158184
-185.327444
-238.781128
-292.234812
-327.443826
-335.125792
-323.922924
-311.439729
-296.395877
-277.511043
-245.822931
-206.132770
-183.406952
-166.762691
-123.871711
-64.336470
12.803278
92.503681
144.677037
186.607772
225.657768
259.266372
303.757762
361.692593
410.985212
450.355291
463.158569
453.876192
450.355291
445.233980
436.271686
422.828244
392.420460
357.211446
326.163498
289.354075
257.986044
235.580309
182.126624
101.786057
27.527047
-20.805326
-64.336470
-220.536457
-540.618398
-884.386403
-1001.536393
-758.594200
-283.912682
74.899174
54.413930
-271.429486
-661.929454
-878.945010
-853.658537
-730.747071
-610.716343
-512.771269
-452.595865
-389.539722
-333.525382
-325.203252
-331.604891
-344.088087
-332.565137
-246.463095
-104.026631
56.334422
188.848345
239.421292
240.061456
267.268421
348.889316
468.279880
539.658152
456.116766
221.816785
-44.811472
-203.572114
-155.559823
53.773766
289.033993
444.593816
490.045452
455.796684
385.378657
285.833173
170.283593
90.903271
75.859420
127.392613
198.450803
229.818834
217.335638
176.045068
132.834006
107.227450
89.302862
79.700403
77.459830
65.616798
38.089751
13.123360
28.167211
97.304910
180.206133
209.013507
180.526215
139.235644
125.792203
138.275399
120.030728
37.449587
-51.533192
-81.940977
-59.215159
-23.045900
-25.926637
-55.374176
-55.054094
-4.801229
51.853274
67.217208
18.244671
-48.012291
-73.938928
-49.292619
9.282376
71.378273
122.911465
165.482363
194.289738
188.848345
125.152039
21.445490
-67.537290
-124.511875
-142.756546
-123.551629
-103.386467
-86.422124
-73.618846
-78.420076
-107.547532
-154.279496
-205.492606
-246.143013
-269.508994
-276.230715
-270.469240
-257.025799
-234.299981
-215.735228
-213.174573
-245.502849
-276.230715
-282.952436
-266.308175
-256.705717
-275.270469
-285.193009
-257.665962
-173.804494
-76.179502
-15.363933
0.000000
-4.161065
5.121311
18.244671
11.843032
-10.882786
-3.840983
39.690161
99.865566
151.078676
165.482363
158.440561
133.154087
92.823763
47.052045
10.882786
-0.640164
19.845080
64.656552
116.509827
160.361052
182.446706
186.607772
178.285641
154.919659
123.871711
84.501632
47.372127
37.449587
60.815569
109.468024
158.760643
186.927854
191.729083
177.325395
146.277447
103.706549
47.372127
3.840983
3.520901
43.851226
113.949171
196.850394
248.063504
258.946290
224.057359
152.359004
65.936880
-9.922540
-54.734012
-58.574995
-21.445490
28.167211
81.620895
135.074579
165.162282
154.279496
97.945074
14.403687
-53.453684
-85.781960
-77.139748
-45.131554
-16.324179
-11.522950
-16.644261
-25.926637
-39.690161
-64.976634
-113.629089
-191.409001
-258.306126
-292.874976
-288.073747
-239.101210
-188.848345
-152.038922
-130.593432
-134.114333
-153.319250
-183.727034
-217.335638
-239.741374
-258.946290
-262.467192
-233.339735
-176.045068
-100.185648
-42.890980
-36.169259
-72.338519
-135.074579
-195.570066
-242.622111
-273.670060
-283.272518
-268.868830
-229.178670
-183.727034
-137.635235
-106.267204
-103.066385
-122.591383
-163.241790
-217.335638
-250.304078
-240.381538
-191.729083
-114.909417
-53.453684
-16.644261
4.481147
14.723769
31.368030
46.091800
59.215159
77.459830
112.028679
182.126624
290.954484
411.305294
507.329876
552.141348
551.181102
536.777415
542.218808
563.984380
576.467576
561.743806
540.618398
557.262659
616.797900
676.333141
691.056911
634.402407
530.055694
433.070866
379.297100
368.414314
371.295052
359.772102
324.883170
281.352026
248.703668
226.618014
197.490558
141.796300
63.376224
-3.200819
-50.572947
-77.139748
-93.143845
-116.829908
-132.193842
-144.356955
-165.482363
-199.731131
-243.262275
-289.994239
-332.565137
-370.014724
-394.981115
-402.022918
-389.219640
-371.295052
-360.412266
-371.295052
-410.985212
-478.202420
-559.503233
-649.446258
-725.945842
-764.995839
-745.470841
-680.814288
-611.996671
-549.580693
-509.570450
-482.043403
-455.156520
-415.786441
-370.654888
-324.243006
-272.069650
-214.454900
-135.394661
-15.363933
129.953268
264.707765
354.650791
396.901607
411.305294
420.267589
439.152423
445.554062
445.874144
453.236028
470.200371
502.208565
512.451188
470.200371
371.295052
229.498752
66.577044
-75.539338
-180.206133
-243.262275
-278.471289
-313.040138
-365.853659
-422.508162
-481.723321
-534.856923
-575.187248
-620.638884
-667.050765
-684.975354
-644.004865
-538.057743
-376.096281
-215.415146
-104.346713
-39.690161
8.962294
73.298764
168.363101
268.228667
357.531528
444.913898
531.336022
623.519621
710.581909
774.278215
797.004033
775.878625
714.102810
649.766340
609.115934
592.791755
588.310608
570.065937
529.735612
477.242174
429.870047
387.939312
330.324563
253.504897
173.484412
102.106139
61.135651
48.652455
44.811472
40.010243
35.209014
25.926637
25.606555
33.928686
39.690161
45.451636
50.572947
46.411881
38.409833
36.489341
51.533192
94.424173
126.432367
123.551629
69.777863
-8.002049
-73.618846
-108.827860
-133.154087
-171.884002
-229.818834
-302.477434
-373.855707
-442.673324
-519.492990
-602.394213
-655.847897
-668.651175
-644.645029
-614.237245
-601.113885
-599.833557
-592.471673
-551.821266
-483.323731
-411.305294
-350.809807
-294.795468
-229.818834
-161.641380
-98.585238
-45.771718
8.002049
70.097945
136.034825
202.291787
259.906536
309.519237
349.849561
383.458165
406.504065
407.464311
384.418411
345.048332
300.877025
246.783176
192.689328
126.432367
38.089751
-58.254913
-149.478266
-225.657768
-282.952436
-330.004481
-366.493822
-400.742590
-432.110620
-443.633570
-438.832341
-432.110620
-434.991358
-442.993406
-439.152423
-401.062672
-335.125792
-257.345881
-186.287690
-136.995071
-102.426221
-67.537290
-22.085654
34.248768
82.261059
128.032776
170.603675
222.456949
291.914730
361.692593
410.985212
426.989309
421.227834
414.186032
414.506114
408.424557
393.060624
370.654888
354.010627
355.611036
375.776199
409.704884
431.790538
429.870047
403.943410
361.372511
323.282760
303.757762
307.598745
324.243006
347.929070
375.136035
404.583573
426.029063
424.748736
411.305294
384.098329
341.847513
298.636451
257.345881
217.975802
182.126624
141.156136
85.781960
29.447539
-14.723769
-36.809423
-41.930734
-52.173356
-85.461878
-137.955317
-207.733180
-281.031944
-334.165546
-360.732347
-370.334806
-373.535625
-389.859804
-422.508162
-466.999552
-509.250368
-533.576596
-542.538890
-544.779464
-529.095448
-490.365534
-445.554062
-395.941361
-347.288906
-305.678254
-263.747519
-218.615966
-184.367198
-158.120479
-133.474169
-105.306959
-75.219256
-45.131554
-18.244671
0.000000
16.964343
33.928686
46.091800
51.213111
50.572947
41.610652
28.807375
16.644261
8.322130
0.320082
-4.801229
-15.043851
-25.286473
-40.970488
-70.738109
-110.428270
-152.359004
-185.967608
-206.452852
-210.293835
-210.293835
-209.333589
-199.090967
-197.170476
-201.331541
-214.774982
-238.461046
-245.822931
-228.218424
-188.528263
-140.195890
-92.183599
-56.334422
-16.644261
32.648358
83.541387
134.114333
171.243838
193.009410
214.454900
245.822931
294.155304
351.449971
399.782344
439.792587
461.878241
461.558159
449.715127
434.031112
426.989309
431.790538
452.275783
476.602010
495.486845
479.482748
422.188080
346.008578
280.071698
243.262275
234.940145
229.498752
206.132770
162.601626
95.704500
34.248768
-11.522950
-32.968440
-32.328276
-27.847129
-36.169259
-62.415978
-101.465975
-136.674989
-151.718840
-140.515972
-97.624992
-32.648358
20.165162
43.211062
40.010243
14.403687
-5.121311
-11.202868
-2.880737
13.443442
34.568850
64.656552
98.905320
117.790154
115.229499
104.346713
92.503681
86.742206
84.821714
68.817617
33.608604
-18.884835
-74.899174
-117.149990
-144.677037
-168.363101
-197.170476
-233.339735
-286.153255
-343.447923
-392.420460
-427.629473
-437.552013
-442.033160
-445.554062
-444.913898
-445.233980
-440.112669
-425.068818
-401.382754
-367.774150
-328.404071
-294.155304
-264.387683
-238.461046
-204.532360
-165.802445
-129.633186
-96.984828
-61.135651
-30.727866
-0.320082
26.566801
37.769669
42.890980
35.529095
30.087702
40.010243
64.016388
94.744255
112.668843
107.227450
90.583189
75.539338
67.857371
68.817617
57.934831
18.564753
-26.566801
-64.016388
-79.380321
-72.338519
-52.813520
-31.688112
-9.602458
5.121311
15.684015
27.847129
48.652455
86.742206
134.754497
177.005313
200.371295
217.335638
234.299981
258.626208
281.672108
297.996287
315.600794
331.604891
350.169643
359.131938
346.968824
319.121695
281.031944
244.862685
236.540554
248.703668
259.586454
252.544651
222.456949
188.208181
172.844248
173.164330
175.404904
168.683183
141.796300
102.106139
62.095897
19.524998
-8.962294
-13.443442
7.041803
41.290570
58.254913
48.012291
12.163114
-31.688112
-63.376224
-65.936880
-32.968440
9.282376
46.411881
53.133602
22.085654
-18.564753
-53.133602
-71.378273
-85.781960
-97.624992
-117.790154
-139.875808
-164.522118
-190.128673
-209.653671
-216.695474
-202.611869
-189.168427
-191.729083
-212.214327
-235.580309
-246.463095
-246.463095
-236.540554
-225.977850
-208.373344
-181.166379
-152.999168
-135.714743
-142.116382
-170.923756
-205.492606
-222.456949
-208.053262
-170.603675
-124.511875
-89.622943
-80.020485
-80.660649
-73.938928
-64.336470
-52.493438
-53.453684
-70.738109
-98.585238
-127.392613
-141.476218
-137.635235
-120.990974
-103.066385
-99.865566
-116.509827
-143.716791
-167.082773
-165.162282
-155.879905
-133.154087
-107.227450
-84.181550
-52.493438
-17.604507
16.324179
46.731963
65.936880
76.819666
97.624992
118.110236
145.637283
180.846297
204.852442
223.417195
232.699571
236.540554
242.942193
255.105307
277.831125
311.759811
335.445874
337.686448
324.243006
305.998336
297.036041
300.556943
307.278663
303.437680
287.113501
259.586454
233.659817
208.373344
182.766788
152.679086
122.911465
98.585238
73.938928
43.531144
10.562704
-21.125408
-38.089751
-43.851226
-45.451636
-39.049997
-30.727866
-18.884835
-12.483196
-22.725818
-41.610652
-55.374176
-66.577044
-74.259010
-74.259010
-67.537290
-52.493438
-29.767621
-1.600410
21.765572
35.849177
43.851226
39.690161
32.008194
30.087702
33.288522
36.809423
40.330325
52.173356
67.217208
82.581141
83.221305
66.256962
38.729915
-0.960246
-41.930734
-80.020485
-113.949171
-135.714743
-159.080725
-180.846297
-193.969656
-205.172524
-213.174573
-224.057359
-243.262275
-279.431534
-321.682351
-342.487677
-343.127841
-327.123744
-304.718008
-291.914730
-286.153255
-283.912682
-279.751616
-272.389732
-259.906536
-237.820882
-209.973753
-182.766788
-160.040970
-135.074579
-106.907368
-75.539338
-39.370079
5.121311
49.612701
91.863517
124.191793
137.315153
131.553678
125.152039
120.990974
118.430318
128.352858
145.637283
155.879905
160.681134
163.561872
156.840151
154.599577
152.999168
144.677037
133.794251
121.951220
104.026631
98.905320
96.024582
91.863517
93.143845
92.503681
92.183599
83.221305
65.936880
41.610652
21.445490
8.002049
1.600410
12.163114
23.365982
34.568850
45.771718
53.453684
60.175405
72.338519
85.461878
94.424173
99.545484
103.066385
112.348761
123.551629
140.515972
151.718840
159.720889
169.003265
173.804494
177.005313
171.884002
159.720889
153.319250
144.677037
144.036873
152.679086
158.440561
155.559823
144.677037
131.553678
122.591383
113.949171
94.744255
66.897126
32.968440
-3.840983
-45.451636
-81.300813
-110.428270
-134.754497
-150.118430
-169.963511
-192.689328
-218.295884
-247.743422
-277.831125
-298.956533
-309.519237
-306.318418
-297.676205
-289.354075
-271.429486
-240.381538
-201.651623
-166.762691
-143.396710
-131.873760
-121.311056
-103.386467
-71.698355
-34.248768
8.322130
35.849177
54.413930
66.256962
81.300813
104.026631
128.993022
144.997119
149.798348
141.476218
128.032776
117.149990
110.428270
103.386467
88.342616
60.175405
19.204916
-21.125408
-62.736060
-100.185648
-140.515972
-181.166379
-207.413098
-226.618014
-225.977850
-221.496703
-226.618014
-238.781128
-254.145061
-250.624160
-236.220472
-214.454900
-194.929902
-177.645477
-161.641380
-132.193842
-89.943025
-44.491390
0.960246
29.767621
42.890980
48.012291
60.495487
77.779912
104.986877
140.195890
171.884002
200.051213
220.856539
233.979899
234.940145
228.218424
217.975802
202.291787
192.369247
185.647526
179.245887
170.283593
162.601626
149.478266
138.275399
129.953268
123.231547
122.911465
112.988925
96.664746
74.579092
45.451636
27.206965
24.966391
33.288522
37.769669
33.608604
24.646309
16.324179
11.522950
7.361885
-2.240574
-24.966391
-43.531144
-59.535241
-61.455733
-53.453684
-34.888932
-14.083605
-4.801229
8.642212
20.485244
35.529095
53.133602
64.656552
62.095897
55.054094
47.372127
46.411881
53.773766
59.855323
62.095897
56.654504
55.054094
59.535241
62.415978
56.654504
42.250816
29.127457
16.004097
6.401639
6.081557
6.081557
6.081557
6.401639
1.920492
-5.441393
-17.604507
-33.288522
-56.014340
-81.940977
-104.346713
-116.829908
-121.951220
-124.511875
-120.030728
-121.631138
-126.752449
-131.873760
-143.716791
-154.279496
-168.683183
-184.047116
-185.647526
-177.645477
-154.919659
-129.313104
-112.028679
-104.346713
-106.267204
-112.668843
-123.551629
-139.555726
-152.679086
-161.321298
-148.518021
-115.229499
-81.940977
-46.731963
-15.363933
8.322130
27.527047
44.811472
56.974585
51.853274
48.972537
49.292619
54.413930
77.459830
105.947122
123.871711
125.792203
110.108188
80.660649
55.054094
36.489341
20.165162
7.361885
-0.960246
1.600410
9.922540
21.125408
30.727866
25.606555
10.882786
-9.922540
-24.966391
-30.407784
-30.407784
-20.165162
-6.401639
4.161065
17.284425
29.767621
40.330325
56.334422
66.577044
68.497535
67.857371
68.497535
74.899174
91.543435
117.470072
147.237693
172.844248
187.568017
190.768837
183.727034
165.162282
143.076628
126.752449
113.949171
111.388515
107.867614
101.786057
92.503681
75.859420
53.133602
32.008194
10.882786
-6.721721
-16.324179
-26.566801
-37.129505
-43.211062
-43.531144
-40.330325
-30.727866
-26.246719
-36.489341
-47.372127
-59.535241
-68.177453
-67.857371
-62.736060
-61.775815
-57.614749
-48.652455
-53.773766
-53.453684
-46.731963
-41.290570
-35.529095
-31.368030
-39.049997
-47.692209
-49.932783
-54.093848
-61.135651
-60.495487
-51.853274
-40.970488
-31.688112
-30.727866
-37.769669
-52.493438
-70.418027
-82.581141
-87.062288
-85.781960
-73.618846
-52.813520
-32.968440
-25.606555
-24.966391
-32.968440
-47.372127
-56.334422
-63.056142
-67.537290
-68.177453
-67.857371
-68.497535
-65.936880
-59.535241
-55.374176
-51.213111
-48.332373
-53.773766
-56.014340
-50.893029
-44.491390
-32.328276
-9.922540
19.204916
47.052045
68.497535
81.940977
86.742206
86.422124
86.422124
87.062288
86.742206
99.865566
117.790154
133.794251
141.476218
142.756546
140.195890
128.352858
117.470072
104.346713
91.543435
76.819666
59.855323
40.330325
26.566801
13.443442
2.880737
-8.322130
-33.928686
-65.936880
-101.465975
-132.193842
-156.199987
-167.082773
-166.762691
-161.961462
-147.557775
-130.593432
-109.788106
-89.302862
-73.938928
-53.773766
-32.968440
-13.123360
8.322130
30.087702
48.012291
64.656552
86.742206
105.947122
126.752449
148.838103
169.323347
184.047116
185.967608
183.086870
170.603675
158.440561
152.679086
147.557775
138.915562
125.472121
112.668843
101.145893
96.664746
86.102042
67.537290
41.610652
5.121311
-32.968440
-65.936880
-95.704500
-122.911465
-143.716791
-159.400807
-169.643429
-167.402855
-167.722937
-164.202036
-164.202036
-167.722937
-167.402855
-161.641380
-149.478266
-131.233596
-106.907368
-86.422124
-64.336470
-43.531144
-20.485244
0.640164
9.602458
21.765572
34.248768
38.729915
47.052045
55.054094
59.855323
68.177453
85.461878
102.106139
124.511875
141.476218
138.915562
123.871711
99.225402
80.020485
61.135651
38.409833
27.847129
19.845080
8.962294
-0.960246
-11.202868
-27.206965
-49.932783
-65.296716
-84.821714
-103.386467
-113.309007
-117.470072
-118.110236
-112.668843
-103.386467
-88.662698
-71.058191
-58.574995
-45.451636
-42.250816
-44.491390
-48.972537
-49.612701
-42.890980
-28.167211
-10.242622
6.081557
17.604507
23.365982
27.527047
35.529095
44.491390
52.493438
63.376224
74.259010
86.422124
99.865566
105.627041
112.988925
118.110236
116.829908
118.430318
110.748352
93.784009
75.219256
52.173356
29.447539
14.403687
3.520901
-6.721721
-12.803278
-18.564753
-23.686064
-28.167211
-40.650407
-50.893029
-57.614749
-61.455733
-62.736060
-56.974585
-49.612701
-48.332373
-42.890980
-43.211062
-43.211062
-48.012291
-56.334422
-68.497535
-77.139748
-71.378273
-59.855323
-33.928686
-6.401639
17.924589
37.129505
47.372127
50.252865
46.091800
42.250816
37.129505
40.330325
53.453684
74.899174
94.744255
104.986877
104.666795
90.263107
62.415978
32.008194
6.081557
-15.363933
-25.606555
-24.326228
-19.845080
-12.483196
-1.600410
0.640164
-2.880737
-15.363933
-40.970488
-65.936880
-88.662698
-103.706549
-104.346713
-97.945074
-80.020485
-59.215159
-49.932783
-46.731963
-53.773766
-61.135651
-64.976634
-55.694258
-38.409833
-20.485244
4.801229
30.407784
54.413930
77.139748
93.784009
97.945074
103.066385
104.666795
95.384418
83.541387
73.938928
69.137699
72.338519
79.700403
80.340567
80.980731
74.579092
65.936880
56.014340
39.049997
26.566801
13.443442
1.920492
-9.282376
-19.524998
-24.966391
-32.648358
-38.409833
-47.052045
-58.254913
-66.256962
-75.219256
-83.541387
-91.543435
-97.304910
-98.265156
-88.342616
-77.139748
-65.296716
-54.413930
-46.411881
-40.650407
-34.888932
-30.407784
-31.047948
-31.047948
-26.886883
-20.485244
-10.242622
1.920492
11.202868
12.163114
13.443442
19.524998
25.926637
36.809423
47.372127
52.493438
58.574995
62.095897
56.334422
55.694258
59.535241
64.336470
68.177453
68.177453
54.413930
37.129505
16.324179
-9.602458
-35.209014
-56.014340
-72.978683
-84.181550
-87.702452
-91.863517
-94.744255
-98.905320
-99.225402
-98.265156
-100.825811
-104.986877
-105.306959
-104.346713
-98.905320
-87.062288
-65.936880
-43.531144
-19.204916
-2.240574
10.242622
21.445490
32.968440
46.411881
67.537290
92.503681
119.070482
140.195890
157.800397
171.884002
175.084822
180.846297
188.848345
192.049165
191.729083
190.768837
177.005313
156.520069
134.754497
107.227450
81.940977
57.614749
34.568850
12.163114
-10.562704
-33.608604
-56.014340
-73.298764
-89.943025
-107.227450
-123.551629
-135.394661
-152.359004
-163.881954
-169.003265
-166.442609
-157.160233
-148.518021
-141.796300
-135.394661
-126.112285
-117.790154
-109.147942
-91.863517
-69.137699
-53.453684
-35.529095
-18.884835
-3.520901
14.403687
33.288522
55.054094
73.298764
91.223353
102.426221
112.668843
118.750400
113.629089
111.388515
109.147942
104.986877
102.426221
91.543435
80.340567
62.736060
48.972537
36.809423
23.686064
14.723769
2.560656
-9.282376
-14.403687
-24.006146
-35.209014
-41.930734
-56.654504
-70.097945
-82.581141
-92.183599
-96.344664
-101.465975
-104.986877
-105.306959
-104.346713
-99.225402
-92.183599
-83.861469
-73.618846
-61.775815
-50.893029
-39.370079
-28.167211
-13.443442
8.642212
27.847129
49.292619
68.497535
84.821714
97.624992
107.547532
113.309007
119.070482
124.191793
123.551629
123.871711
123.551629
124.191793
118.750400
117.470072
114.589335
106.587286
95.704500
80.020485
62.736060
45.771718
28.487293
12.163114
-0.320082
-15.363933
-36.169259
-57.294667
-73.618846
-90.583189
-108.187696
-122.911465
-131.553678
-136.674989
-134.754497
-129.633186
-123.871711
-117.790154
-106.907368
-94.104091
-80.660649
-69.777863
-62.415978
-52.493438
-41.290570
-26.566801
-8.322130
7.681967
25.606555
40.330325
50.252865
55.694258
55.694258
55.054094
58.574995
67.537290
78.420076
90.263107
98.585238
98.265156
91.543435
80.980731
64.016388
46.731963
30.407784
13.123360
1.600410
-10.242622
-24.646309
-37.449587
-46.411881
-58.254913
-72.978683
-84.501632
-93.784009
-100.505729
-102.746303
-96.984828
-88.662698
-81.300813
-75.539338
-66.256962
-57.934831
-50.572947
-44.171308
-36.489341
-30.727866
-15.043851
0.640164
14.723769
36.489341
47.692209
58.895077
65.616798
72.658601
73.938928
77.459830
88.982780
97.624992
110.108188
120.350810
124.191793
115.549581
104.986877
90.903271
72.658601
56.654504
39.049997
23.045900
11.202868
-5.761475
-21.445490
-32.648358
-42.890980
-52.813520
-66.256962
-77.459830
-82.901223
-87.062288
-91.543435
-93.143845
-90.583189
-81.940977
-73.618846
-64.336470
-61.775815
-60.815569
-53.453684
-48.972537
-40.330325
-32.968440
-19.845080
-3.200819
16.644261
39.690161
63.056142
83.221305
94.424173
104.346713
111.068434
116.509827
117.790154
116.829908
119.710646
122.911465
116.829908
111.068434
105.627041
96.664746
83.861469
67.217208
42.250816
18.884835
-3.840983
-25.606555
-43.531144
-55.374176
-60.175405
-62.736060
-68.817617
-78.420076
-88.022534
-101.145893
-113.629089
-124.511875
-133.154087
-136.995071
-141.796300
-141.156136
-132.834006
-123.231547
-110.108188
-95.704500
-83.221305
-65.936880
-48.332373
-35.529095
-22.085654
-12.483196
-4.161065
11.202868
28.807375
45.451636
67.537290
82.901223
94.744255
102.426221
104.986877
104.986877
104.986877
100.185648
89.622943
78.740157
70.418027
66.577044
61.775815
58.254913
53.453684
50.252865
46.731963
34.888932
24.006146
9.922540
-7.681967
-24.966391
-38.409833
-45.771718
-52.493438
-55.694258
-58.895077
-63.056142
-56.014340
-59.855323
-62.095897
-62.415978
-68.497535
-67.537290
-68.497535
-59.535241
-48.012291
-36.489341
-18.884835
-5.441393
5.441393
14.723769
22.405736
26.246719
31.047948
35.209014
39.049997
44.811472
50.572947
57.294667
70.738109
73.618846
78.099994
78.420076
73.938928
70.738109
67.537290
66.577044
56.654504
56.014340
52.813520
43.851226
35.209014
23.686064
10.562704
-0.320082
-7.361885
-18.244671
-25.926637
-37.449587
-50.252865
-59.855323
-68.177453
-77.139748
-80.980731
-80.020485
-78.099994
-70.418027
-68.497535
-64.016388
-56.014340
-56.014340
-51.533192
-47.372127
-41.930734
-36.169259
-30.727866
-24.966391
-18.884835
-13.443442
-7.361885
1.600410
9.922540
13.763523
17.924589
20.165162
26.566801
30.407784
33.288522
41.610652
43.851226
42.890980
43.211062
32.648358
24.326228
14.083605
6.081557
5.761475
0.640164
-0.640164
-6.721721
-5.761475
-9.922540
-12.803278
-16.964343
-19.204916
-17.924589
-18.564753
-17.924589
-19.204916
-16.644261
-12.163114
-12.163114
-12.483196
-12.163114
-12.803278
-11.843032
-16.964343
-18.884835
-18.564753
-18.244671
-11.843032
-5.441393
5.121311
15.684015
23.686064
34.888932
44.171308
50.252865
56.334422
61.775815
61.775815
61.775815
61.775815
62.095897
61.455733
64.976634
68.497535
68.177453
64.976634
59.855323
54.093848
42.250816
29.767621
21.125408
13.443442
8.002049
2.240574
-3.520901
-9.282376
-13.123360
-17.924589
-24.326228
-29.447539
-35.849177
-47.052045
-58.574995
-69.777863
-79.380321
-80.340567
-80.660649
-77.779912
-68.177453
-61.775815
-56.334422
-50.252865
-40.650407
-32.968440
-28.807375
-24.966391
-24.006146
-19.524998
-14.723769
-6.721721
-0.960246
8.322130
12.803278
16.964343
24.006146
24.646309
25.286473
23.365982
17.924589
12.163114
6.721721
10.882786
13.443442
17.924589
18.564753
18.564753
18.564753
18.564753
18.244671
18.244671
8.642212
-2.240574
-10.882786
-17.924589
-19.845080
-24.006146
-19.204916
-15.043851
-11.843032
-12.803278
-11.843032
-15.684015
-24.966391
-31.047948
-36.809423
-42.570898
-43.211062
-38.409833
-28.807375
-21.445490
-11.522950
-6.401639
-5.121311
-8.002049
-11.202868
-6.401639
-12.483196
-11.202868
-2.880737
7.681967
26.246719
38.089751
52.813520
68.497535
74.259010
73.938928
73.938928
73.938928
74.579092
72.658601
67.217208
68.817617
73.938928
74.579092
73.938928
69.457781
61.775815
48.972537
39.049997
20.805326
0.960246
-11.522950
-29.767621
-40.330325
-48.332373
-48.972537
-53.133602
-56.014340
-60.175405
-69.137699
-72.658601
-78.099994
-80.660649
-80.020485
-80.660649
-77.459830
-71.378273
-62.095897
-49.612701
-33.928686
-16.004097
-1.280328
7.681967
19.204916
24.966391
28.807375
39.370079
42.890980
45.771718
54.413930
56.014340
55.374176
55.694258
57.934831
54.093848
40.010243
29.447539
16.644261
2.240574
-7.361885
-18.244671
-30.407784
-36.809423
-38.409833
-43.851226
-42.890980
-47.052045
-53.773766
-55.694258
-56.334422
-61.775815
-62.415978
-58.895077
-52.813520
-45.131554
-39.690161
-28.487293
-18.884835
-10.562704
-1.920492
6.401639
13.123360
19.845080
29.127457
37.449587
46.091800
54.413930
61.775815
66.897126
68.497535
67.217208
63.056142
58.574995
52.813520
46.731963
42.570898
38.089751
31.047948
22.405736
12.483196
-1.920492
-6.081557
-10.882786
-12.483196
-6.721721
-5.761475
-6.081557
-5.761475
-7.681967
-12.483196
-11.843032
-12.803278
-11.843032
-13.123360
-9.602458
-5.761475
-6.081557
-6.721721
-3.520901
-0.960246
-7.681967
-4.801229
-7.681967
-11.202868
-14.723769
-18.564753
-19.204916
-16.324179
-11.843032
-12.163114
-13.123360
-18.564753
-25.606555
-34.888932
-37.449587
-36.809423
-37.449587
-35.849177
-29.447539
-24.966391
-21.125408
-10.882786
-5.761475
2.560656
14.083605
22.405736
25.286473
29.127457
32.008194
29.767621
34.568850
37.449587
37.129505
42.890980
43.531144
38.409833
35.209014
26.566801
18.564753
9.602458
3.840983
-1.920492
-7.041803
-18.244671
-24.326228
-28.487293
-31.688112
-25.606555
-24.326228
-26.246719
-31.688112
-30.407784
-32.968440
-37.769669
-35.529095
-30.087702
-22.725818
-14.083605
-5.441393
5.121311
10.562704
13.443442
17.284425
21.765572
24.966391
24.646309
26.886883
25.286473
24.646309
24.646309
18.884835
18.564753
18.244671
18.884835
15.043851
11.522950
12.483196
3.840983
0.000000
-0.640164
-7.041803
-11.843032
-12.483196
-12.483196
-12.163114
-12.803278
-10.882786
-5.761475
-6.081557
-6.401639
-5.761475
-9.282376
-12.803278
-12.163114
-12.163114
-6.721721
-1.280328
4.801229
14.083605
18.884835
23.045900
25.286473
24.326228
25.286473
23.365982
19.204916
14.403687
11.843032
12.803278
12.163114
12.803278
17.924589
18.244671
18.564753
15.043851
8.322130
4.801229
-0.320082
-6.401639
-5.441393
-8.002049
-9.922540
-5.441393
-6.721721
-5.441393
-9.282376
-12.803278
-12.483196
-17.284425
-21.765572
-25.286473
-30.727866
-30.727866
-31.688112
-28.487293
-24.326228
-24.966391
-22.725818
-15.043851
-14.403687
-17.604507
-11.843032
-12.483196
-12.803278
-8.962294
-2.560656
0.960246
5.441393
9.602458
13.763523
18.564753
18.564753
18.564753
17.604507
12.163114
12.483196
6.401639
6.401639
5.761475
8.322130
16.004097
22.085654
25.286473
24.646309
24.326228
19.524998
17.604507
12.483196
6.081557
6.401639
5.441393
0.000000
-0.320082
-5.121311
-6.401639
-9.602458
-16.964343
-18.244671
-21.445490
-25.606555
-24.326228
-24.966391
-30.087702
-27.206965
-22.085654
-24.326228
-23.686064
-18.564753
-18.244671
-18.564753
-18.244671
-18.884835
-14.083605
-11.843032
-12.483196
-12.163114
-12.483196
-12.163114
-12.483196
-7.361885
-1.920492
4.481147
6.401639
6.401639
12.483196
12.163114
12.803278
11.843032
16.964343
18.884835
18.244671
18.244671
20.485244
25.286473
18.884835
23.686064
24.646309
18.564753
18.564753
18.564753
18.884835
18.244671
18.884835
18.244671
18.884835
