-2151.073928
-2064.596573
-1918.188400
-1747.244791
-1554.179068
-1327.729064
-1111.334567
-887.700105
-645.161290
-417.906846
-199.501247
23.730995
207.545652
383.315904
567.532781
719.974258
871.611294
990.668490
1038.934921
1055.828172
1036.923819
966.535275
848.684740
676.132250
456.117770
240.929933
21.317674
-205.132330
-392.164749
-559.086156
-704.287668
-795.189446
-838.227013
-829.378167
-754.967420
-665.674523
-559.488376
-410.666881
-238.918832
-47.059770
156.463680
335.049473
499.557558
678.545572
851.098061
1012.790604
1164.829861
1296.355884
1416.217521
1525.219210
1636.634221
1782.640174
1955.594884
2108.438581
2244.791248
2344.944091
2381.948355
2374.306170
2288.231035
2131.365136
1945.539377
1714.262730
1437.535194
1133.456681
775.480653
386.131446
-28.959858
-483.870968
-915.051082
-1304.400290
-1672.431824
-2001.045773
-2283.002172
-2526.747647
-2692.864613
-2788.593034
-2847.317191
-2846.110530
-2791.408575
-2699.702357
-2552.489743
-2377.121712
-2186.469311
-1964.041509
-1746.440351
-1541.710241
-1312.846915
-1072.721422
-825.355965
-564.717239
-317.754002
-63.148580
213.981176
488.295391
762.207385
1039.739361
1298.366986
1532.861395
1735.178184
1864.290886
1943.528276
1952.779342
1846.995415
1655.538573
1377.604376
1026.466093
633.496903
200.305687
-257.018743
-678.545572
-1048.990427
-1355.884482
-1581.932266
-1735.982624
-1795.109002
-1749.255893
-1627.383155
-1425.066366
-1142.305527
-830.987049
-498.350897
-157.268120
158.877001
476.228783
782.720618
1035.314938
1250.904996
1443.166278
1600.836618
1748.049232
1877.564154
1988.174724
2112.863004
2230.713539
2335.290805
2455.152441
2563.751911
2664.709195
2749.175448
2778.537527
2751.186550
2658.273671
2465.610168
2165.956078
1791.891240
1335.773470
826.160405
263.052047
-368.835975
-1011.181723
-1623.360952
-2212.211407
-2732.282198
-3176.333360
-3548.789317
-3802.188078
-3932.105221
-3957.445097
-3851.258949
-3647.333280
-3381.063470
-3045.611777
-2669.133618
-2274.957767
-1867.910868
-1484.594964
-1157.589896
-855.924704
-584.426032
-353.953825
-140.374869
49.875312
226.852224
420.320167
634.301343
864.773550
1121.390073
1366.744429
1593.998874
1814.415574
2009.492398
2173.196042
2275.762207
2280.991071
2160.727214
1920.601722
1568.256777
1105.703483
569.543882
-17.295471
-632.692462
-1213.498512
-1735.580404
-2174.804923
-2487.732282
-2671.949159
-2716.595608
-2609.605020
-2379.535033
-2034.027834
-1591.585552
-1093.636876
-565.521680
-34.590942
483.870968
953.664227
1367.951090
1713.458290
1990.588046
2221.060253
2394.014963
2515.485480
2605.180597
2659.882552
2692.864613
2731.477757
2760.437616
2805.888505
2872.657067
2932.990105
2999.758668
3041.991795
3011.423055
2892.365860
2666.720296
2336.095246
1922.612823
1422.653045
824.953745
134.341565
-628.268040
-1426.273027
-2196.122597
-2917.303515
-3574.933634
-4134.422009
-4603.410828
-4932.024777
-5077.226289
-5059.528598
-4886.976108
-4581.690934
-4172.230714
-3661.008768
-3062.102807
-2446.705816
-1849.006516
-1310.031373
-848.282520
-432.788995
-59.126378
264.258708
541.388464
761.000724
923.497707
1085.592470
1262.971603
1452.015123
1653.527472
1834.526587
1993.805808
2169.173840
2329.257501
2451.532459
2511.463277
2444.694715
2256.455635
1963.237069
1558.201271
1054.219290
457.324431
-225.645564
-930.335452
-1601.238838
-2201.753680
-2685.624648
-3033.545169
-3255.168530
-3299.010538
-3142.949079
-2823.183976
-2346.955193
-1772.986888
-1148.338830
-486.284289
169.736948
789.960582
1369.962191
1862.279784
2266.913362
2604.376156
2862.601561
3044.807336
3161.853431
3201.673236
3184.779986
3154.613466
3118.413643
3107.151476
3105.944815
3085.833803
3081.409380
3063.309468
3002.171989
2896.388062
2708.148982
2410.505993
2021.559006
1527.632532
935.564315
264.660928
-502.373100
-1331.349047
-2162.738316
-2963.961065
-3703.241895
-4351.620948
-4915.131526
-5327.809508
-5548.628429
-5579.599389
-5428.766793
-5120.666077
-4689.888183
-4140.053093
-3496.500684
-2809.910707
-2084.305366
-1383.235460
-754.162980
-183.814657
313.329579
725.605341
1075.134744
1335.371249
1515.968144
1671.627383
1794.304561
1904.915132
2017.536803
2089.936449
2141.420642
2205.775883
2249.215671
2261.684498
2235.137962
2096.774194
1857.855362
1535.274716
1104.496822
621.028075
87.281796
-519.266350
-1131.445580
-1717.882713
-2263.695600
-2699.300137
-3023.489663
-3223.795350
-3249.537447
-3105.140375
-2809.106267
-2358.619580
-1808.382270
-1194.996380
-516.048588
175.770252
853.109163
1511.945942
2097.980854
2597.538412
3022.685222
3353.310273
3582.173598
3739.039498
3814.656906
3813.048025
3783.283726
3724.157349
3640.495535
3554.420401
3452.256456
3323.545974
3173.115598
2955.112219
2657.067010
2293.459899
1849.408736
1348.644518
791.167243
139.570429
-598.101520
-1385.648781
-2186.469311
-2968.787708
-3696.001931
-4367.709758
-4965.409058
-5415.091304
-5709.516531
-5826.964846
-5764.218486
-5559.086156
-5223.634462
-4730.914649
-4111.495455
-3398.358941
-2624.084949
-1864.693106
-1141.501086
-452.497788
177.781353
735.258628
1230.391763
1622.556512
1921.003942
2169.978280
2365.859545
2530.769850
2661.089212
2710.964524
2701.713458
2671.949159
2620.062746
2538.009814
2403.266028
2162.738316
1826.079961
1419.837503
931.139892
391.762529
-182.205776
-800.820529
-1426.675247
-2009.090178
-2521.116563
-2932.990105
-3235.057517
-3416.458853
-3450.245354
-3323.143754
-3038.774033
-2599.147293
-2034.832274
-1388.464323
-673.316708
70.790765
800.016089
1498.672673
2146.649505
2706.137881
3190.008849
3596.251307
3912.798649
4145.281956
4296.516773
4363.285335
4368.916419
4341.967661
4273.187998
4180.677339
4053.575738
3877.805486
3652.964363
3339.232564
2910.063551
2394.819403
1797.924543
1143.914408
442.844502
-349.127182
-1224.358459
-2123.320730
-3013.434157
-3845.627866
-4591.746440
-5273.911994
-5840.640335
-6233.207304
-6438.339635
-6434.317432
-6249.296115
-5926.715469
-5459.737752
-4851.580726
-4142.868635
-3346.070308
-2501.407771
-1682.889550
-891.722307
-133.939345
565.119459
1200.627464
1745.233690
2174.804923
2515.485480
2793.419677
3013.836377
3209.717641
3347.276969
3393.130078
3371.410184
3298.206098
3165.071193
2975.625452
2709.757863
2327.246400
1849.810956
1291.931462
664.870083
-4.826643
-701.069906
-1420.239723
-2110.851903
-2743.946585
-3286.139490
-3689.968627
-3949.802912
-4056.391280
-3983.187193
-3742.257260
-3337.221462
-2765.666479
-2083.098705
-1325.315743
-511.221945
303.274073
1085.994691
1837.744349
2517.094361
3096.291529
3586.598021
3961.065079
4230.150430
4438.500523
4566.808784
4629.555144
4650.872818
4616.684096
4554.339957
4475.102566
4353.632049
4173.839595
3921.647494
3551.604859
3064.113909
2494.570027
1831.308825
1100.474620
294.023007
-630.681361
-1616.120988
-2593.113989
-3537.929370
-4397.876277
-5182.205776
-5877.644598
-6403.748693
-6720.296034
-6818.035556
-6706.218325
-6437.535194
-6018.421688
-5425.549031
-4698.334808
-3872.576623
-2982.060977
-2108.840801
-1284.691497
-483.066527
256.616523
937.173196
1540.101360
2019.547904
2396.428284
2706.137881
2955.112219
3163.462312
3316.306009
3386.292334
3391.923417
3356.528035
3279.301746
3146.971281
2932.990105
2600.756174
2176.816024
1669.616282
1091.223554
459.335532
-244.952136
-999.919556
-1745.635910
-2447.912477
-3069.744992
-3578.151396
-3976.349449
-4239.401496
-4302.550076
-4154.130802
-3803.394739
-3279.301746
-2635.749336
-1894.457405
-1061.459255
-192.261282
681.763334
1508.728180
2238.757944
2885.930335
3445.418711
3907.972005
4261.925831
4493.604698
4603.410828
4638.403990
4623.521841
4579.679833
4518.542354
4423.216153
4291.287909
4125.170944
3919.234173
3658.193227
3314.294908
2838.066125
2263.695600
1618.936530
911.431100
135.548226
-750.542997
-1713.056070
-2688.842410
-3627.222267
-4476.711447
-5228.058885
-5886.493444
-6380.017698
-6660.767436
-6741.613708
-6612.501006
-6308.824712
-5863.969109
-5251.387660
-4494.811359
-3655.779905
-2746.762127
-1835.331027
-985.841847
-174.563591
555.466173
1188.963076
1758.506958
2205.373663
2521.116563
2768.079800
2953.905559
3083.822701
3185.584426
3209.717641
3151.797925
3077.387177
2961.547744
2789.799694
2573.807417
2253.640093
1836.537688
1365.135548
810.071595
189.445740
-461.748854
-1164.829861
-1880.781916
-2525.943206
-3111.173679
-3583.380259
-3903.145362
-4109.484354
-4133.617569
-3926.474137
-3550.398198
-3007.400853
-2318.397555
-1558.603491
-718.365377
169.334728
1027.270533
1849.006516
2601.962835
3233.046416
3772.826000
4207.223876
4491.593597
4661.732765
4733.730191
4695.117046
4618.695197
4532.217842
4405.116242
4267.959134
4104.255490
3884.241010
3649.344381
3373.421285
2975.223232
2490.950044
1920.199501
1256.938299
557.879495
-233.689969
-1153.165473
-2107.231920
-3065.722790
-3983.991634
-4784.007723
-5518.864130
-6154.372134
-6586.758909
-6801.544526
-6815.220014
-6606.065481
-6236.425066
-5717.158716
-5008.848846
-4183.090660
-3280.106186
-2327.648620
-1403.748693
-542.595125
273.107554
980.612984
1578.312284
2092.349771
2472.850133
2737.108841
2947.067814
3095.084868
3186.388867
3248.733006
3222.186469
3142.949079
3045.611777
2894.779181
2678.384683
2407.690451
2034.430054
1563.832355
1038.934921
419.515727
-259.432065
-949.642024
-1680.074009
-2385.970557
-3000.160888
-3549.191537
-3953.825115
-4183.090660
-4273.992438
-4160.968546
-3817.070228
-3320.730432
-2668.731397
-1880.379696
-1035.314938
-133.134905
780.709517
1610.892125
2376.719492
3081.007160
3653.366584
4133.617569
4498.431341
4704.770332
4815.783123
4843.134100
4769.527793
4652.883919
4520.553455
4348.000965
4175.850696
3983.187193
3749.899445
3508.969512
3212.130963
2790.604135
2263.695600
1642.667525
941.195399
205.936771
-627.463599
-1577.910064
-2566.969673
-3528.276084
-4406.725123
-5170.541388
-5859.946907
-6440.350736
-6804.360068
-6930.255008
-6821.253318
-6492.237149
-6023.650551
-5419.113507
-4648.057276
-3764.379374
-2807.095165
-1829.699944
-912.637760
-69.986325
703.081007
1373.179953
1931.059448
2381.143914
2688.440190
2888.343657
3022.685222
3099.107071
3132.893573
3121.229185
3053.656182
2930.979004
2784.973051
2607.191698
2392.406082
2118.091867
1766.551364
1316.869118
801.222750
225.645564
-410.264661
-1075.939184
-1773.791328
-2459.576864
-3069.342772
-3581.771378
-3973.936127
-4216.877162
-4300.136755
-4191.537286
-3860.107795
-3346.070308
-2690.451291
-1895.261845
-1020.030569
-86.477355
870.806854
1766.149143
2576.622959
3303.434961
3914.407530
4390.636312
4741.372376
4937.253640
5000.000000
4974.660124
4839.111898
4638.001770
4426.836135
4177.459577
3914.809750
3657.791006
3371.410184
3091.867106
2812.726249
2440.672512
1980.130319
1441.557397
824.551524
189.445740
-492.317593
-1301.986968
-2180.436007
-3062.102807
-3911.189768
-4659.319443
-5332.636152
-5950.044244
-6392.084305
-6606.467702
-6598.423297
-6360.308905
-5955.675328
-5420.722388
-4712.412517
-3849.247848
-2918.912396
-1940.310514
-1000.723996
-138.363768
658.434559
1355.884482
1933.070549
2385.970557
2696.082375
2881.908133
2993.323144
3021.880782
2986.887620
2904.030247
2764.862038
2586.276245
2406.483791
2202.155901
1972.890355
1707.022766
1384.442121
1007.963961
574.772746
91.706218
-442.442281
-1014.801705
-1604.456600
-2180.033787
-2703.322339
-3143.351299
-3494.087362
-3746.279463
-3854.074491
-3778.859303
-3515.002816
-3072.158314
-2502.614432
-1826.079961
-1036.521599
-168.932507
724.800901
1592.792213
2372.697289
3059.287266
3667.042072
4162.979648
4533.022283
4771.538895
4865.256214
4848.362964
4756.656745
4586.517577
4370.927520
4138.846432
3872.978843
3589.815783
3307.457164
3019.467460
2721.422251
2373.501730
1914.568418
1371.973293
785.938380
176.574692
-474.217682
-1213.096292
-2045.692221
-2901.214705
-3699.219693
-4418.389510
-5067.573003
-5641.139088
-6085.994691
-6326.924624
-6341.404553
-6147.936610
-5791.569463
-5294.425227
-4657.308342
-3886.654332
-3019.065240
-2111.656343
-1223.151798
-384.522565
378.087040
1057.034832
1645.483067
2117.689647
2463.196847
2688.440190
2822.379535
2894.376961
2908.052450
2859.383799
2755.610973
2617.649425
2459.174644
2271.740005
2040.463358
1754.082536
1417.826402
1033.303837
579.197168
63.550800
-485.077629
-1051.805969
-1627.383155
-2196.524817
-2715.791167
-3150.591264
-3478.802993
-3683.130882
-3755.128308
-3662.215429
-3385.890113
-2931.783445
-2351.379615
-1670.822943
-893.733408
-59.126378
795.993886
1612.098785
2348.966294
3009.009734
3581.771378
4042.313571
4396.669616
4613.064114
4703.161451
4705.976993
4611.455233
4455.393774
4273.992438
4068.457888
3861.314456
3632.853350
3364.170220
3093.475987
2814.335130
2464.403507
2012.710160
1467.701713
843.455876
201.914568
-475.022122
-1264.580484
-2138.202880
-3025.098544
-3858.901134
-4574.048749
-5205.132330
-5779.905076
-6188.963076
-6380.017698
-6346.231196
-6094.441316
-5690.612179
-5162.899204
-4483.951412
-3692.784169
-2836.457244
-1941.114955
-1086.396911
-301.262972
421.929048
1050.197088
1587.563350
2036.843375
2346.150752
2532.780951
2656.262569
2727.857775
2752.795431
2742.337704
2664.709195
2550.478642
2435.041429
2282.599952
2090.338669
1844.179873
1508.325959
1120.183412
674.925589
150.832596
-421.929048
-1016.812807
-1627.383155
-2225.082455
-2765.666479
-3218.968707
-3546.778216
-3736.626176
-3785.294827
-3666.237632
-3349.690290
-2856.970477
-2230.713539
-1522.805889
-754.162980
79.237390
937.977637
1756.093637
2477.676776
3101.922613
3640.093315
4076.904513
4389.027431
4555.144397
4600.193066
4556.753278
4442.924946
4276.003540
4082.937817
3889.872094
3692.784169
3494.891803
3265.224037
3022.283002
2783.766390
2482.503419
2083.903145
1579.518945
991.875151
378.891481
-277.934197
-1050.197088
-1930.657228
-2841.283887
-3702.437455
-4448.556029
-5113.828332
-5714.745395
-6171.667605
-6402.542032
-6374.386614
-6123.401174
-5713.136514
-5187.836859
-4505.269085
-3689.164186
-2796.235218
-1869.921969
-993.886252
-201.512348
510.417505
1139.087764
1662.778538
2071.836538
2348.966294
2486.927842
2562.947470
2605.180597
2607.996139
2580.645161
2493.765586
2369.479527
2249.617891
2135.387338
1982.141421
1777.813531
1506.717078
1173.678706
780.709517
310.111817
-237.712171
-826.964846
-1464.081731
-2103.611938
-2677.982463
-3173.517818
-3545.571555
-3777.250422
-3873.381063
-3810.634704
-3534.309388
-3082.213820
-2482.101199
-1777.009090
-1007.561741
-155.257019
747.325235
1609.685464
2387.177218
3056.471724
3608.317915
4067.653447
4403.105140
4580.082053
4627.544043
4573.244309
4432.467219
4246.239241
4028.638082
3801.785858
3589.815783
3376.639048
3148.580162
2924.945700
2707.746762
2466.414609
2157.509452
1722.709356
1185.745314
607.754807
-7.642185
-712.734293
-1533.263615
-2429.812565
-3323.948194
-4120.746521
-4812.565361
-5432.386775
-5941.597619
-6272.222669
-6354.275601
-6176.092028
-5805.244952
-5294.023007
-4647.655056
-3875.794385
-2993.725364
-2058.161049
-1153.969914
-327.407288
409.460220
1044.968225
1575.898962
1998.230231
2284.611053
2447.510257
2523.529885
2539.216475
2528.758748
2488.134502
2404.472689
2296.677661
2188.480412
2079.880943
1960.019307
1803.153407
1577.910064
1291.529241
929.531011
470.999920
-60.735259
-654.412356
-1279.462634
-1906.524013
-2513.876599
-3052.047301
-3472.769689
-3765.183815
-3920.440833
-3907.972005
-3707.666318
-3310.272705
-2733.488858
-2038.452256
-1267.396026
-418.711286
476.631003
1349.448958
2146.247285
2826.401738
3402.783364
3886.654332
4247.848122
4467.460381
4548.306653
4512.509050
4397.876277
4221.703805
4004.907087
3786.099268
3577.346955
3385.085673
3202.879897
3027.511865
2860.590459
2683.211327
2430.617006
2058.161049
1582.736707
1031.694956
443.648942
-228.863326
-1035.314938
-1957.605985
-2902.823586
-3772.423779
-4529.804521
-5212.774515
-5812.082696
-6255.731639
-6446.786260
-6352.264500
-6030.890516
-5559.890596
-4973.453463
-4232.965972
-3350.494731
-2393.210522
-1444.372939
-581.208270
169.334728
824.551524
1381.626579
1834.526587
2153.889470
2335.290805
2399.243826
2394.014963
2382.350575
2367.870646
2318.397555
2230.713539
2131.767356
2059.769930
2004.665755
1918.992840
1757.300298
1497.868233
1163.623200
748.934116
250.180999
-321.776205
-962.110852
-1634.623120
-2288.633256
-2895.985842
-3399.565602
-3773.630440
-4010.538171
-4079.317834
-3945.378489
-3606.306814
-3058.885045
-2363.446223
-1585.552248
-725.203121
189.043520
1111.736787
1970.879253
2720.215590
3343.254766
3863.727777
4262.328051
4516.531253
4638.001770
4629.555144
4513.715711
4335.934358
4117.528759
3883.034350
3687.153085
3495.696243
3299.814979
3122.435846
2955.112219
2797.844099
2607.996139
2297.884321
1844.984313
1306.411391
715.549835
59.930818
-714.745395
-1642.667525
-2645.804843
-3593.033545
-4424.020594
-5134.743786
-5764.620706
-6291.931462
-6590.781112
-6570.267879
-6286.300378
-5817.713780
-5214.785617
-4491.995817
-3618.775642
-2628.911592
-1626.578715
-683.774435
137.157107
820.529322
1386.855442
1855.039820
2202.960341
2411.310434
2474.459014
2416.137077
2356.608479
2322.821977
2278.577749
2203.362561
2095.567533
1984.152522
1932.668329
1888.424101
1760.115839
1543.319122
1236.022846
851.098061
392.164749
-157.670340
-800.418309
-1484.192744
-2176.816024
-2849.328292
-3418.469954
-3858.498914
-4144.879736
-4263.936932
-4214.463840
-3952.618454
-3447.832033
-2757.219854
-1958.410426
-1069.101440
-140.777090
824.149304
1794.304561
2645.000402
3344.461427
3915.614190
4338.347679
4631.566246
4815.380903
4840.720779
4724.881345
4524.977878
4263.132491
4000.482664
3774.434881
3554.822621
3346.472528
3150.189044
2953.101118
2807.497386
2684.820208
2466.012388
2100.796396
1607.674362
1015.606146
403.426917
-266.269809
-1104.094602
-2083.500925
-3107.151476
-4056.391280
-4825.034189
-5484.675408
-6089.614673
-6531.654734
-6714.664951
-6571.474539
-6124.607835
-5516.048588
-4820.609766
-4007.320409
-3074.571635
-2058.965490
-1026.868313
-114.230553
619.821414
1224.358459
1702.598343
2067.009895
2334.888585
2430.617006
2367.066205
2253.640093
2144.236184
2082.294264
2040.865578
1947.550479
1840.157670
1776.606870
1742.015928
1705.816105
1612.501006
1400.933151
1094.843536
715.549835
230.472207
-345.507200
-998.712895
-1735.982624
-2478.078996
-3146.971281
-3704.850776
-4096.613305
-4323.867750
-4409.138444
-4271.579117
-3871.772182
-3254.364090
-2451.130239
-1563.832355
-637.921326
365.618213
1388.866543
2338.910788
3157.831228
3790.523691
4256.294747
4617.890757
4848.362964
4911.511544
4835.089695
4627.544043
4335.934358
4054.380179
3790.523691
3542.756013
3333.601480
3133.698013
2956.318880
2829.217279
2725.444453
2602.365055
2385.970557
1996.621350
1478.963881
907.811117
273.509774
-454.106669
-1320.489100
-2343.737431
-3387.901215
-4288.070147
-5033.786501
-5664.870083
-6211.085190
-6604.456600
-6678.062907
-6388.464323
-5851.098061
-5174.965811
-4413.562867
-3573.726973
-2596.733972
-1542.112461
-569.141662
258.627624
913.039981
1408.575336
1818.035556
2121.309629
2280.588850
2297.884321
2178.022685
2021.559006
1935.886091
1894.859625
1847.799855
1781.031293
1701.391682
1646.287507
1659.158555
1668.409621
1573.887861
1345.426756
991.472931
570.348323
89.695117
-497.144236
-1198.214142
-1954.790443
-2697.691256
-3334.003700
-3800.176977
-4117.126538
-4301.343416
-4302.952297
-4067.251227
-3562.062585
-2821.172874
-1971.281474
-1069.503660
-133.537125
828.171507
1800.740085
2690.049071
3395.945620
3901.938702
4266.350253
4516.933473
4647.252836
4634.784008
4477.515888
4214.866061
3918.027512
3649.746601
3432.949883
3240.286381
3060.091706
2919.314617
2810.715148
2719.008929
2651.838147
2546.858660
2313.973132
1906.121792
1370.766632
759.794063
100.555064
-661.250101
-1585.954469
-2624.487169
-3640.495535
-4497.224680
-5156.463680
-5705.896549
-6188.560856
-6464.886172
-6402.139812
-5998.310675
-5371.249296
-4654.895021
-3886.252112
-3022.685222
-2055.345507
-1067.492559
-175.368032
520.473011
1029.281635
1422.250825
1709.838307
1884.401898
1953.986003
1896.870726
1727.938219
1575.496742
1516.772585
1530.045853
1564.234575
1559.810152
1546.134663
1601.238838
1689.325074
1739.200386
1663.582978
1397.715389
1004.746199
568.739442
51.484193
-587.241573
-1324.913523
-2116.080766
-2863.003781
-3464.323063
-3892.687636
-4161.772987
-4279.221302
-4220.497144
-3900.329821
-3290.563913
-2498.994449
-1620.143190
-714.745395
195.881265
1132.250020
2067.814335
2879.092591
3480.411874
3886.252112
4145.281956
4316.225565
4376.960824
4304.561178
4125.170944
3862.923337
3567.693669
3337.623683
3172.311158
3041.991795
2947.470035
2868.634864
2811.519588
2784.570831
2767.275360
2700.104577
2485.318961
2062.183252
1486.606065
857.935806
181.803556
-605.341485
-1546.939104
-2614.431663
-3650.953262
-4484.755852
-5106.990588
-5619.419194
-6061.459255
-6301.182528
-6178.505350
-5704.287668
-5034.590942
-4296.114552
-3523.449441
-2683.211327
-1754.886976
-816.507119
-8.446625
600.112622
1024.857212
1314.455796
1514.359263
1633.416459
1660.365216
1578.714504
1403.748693
1248.893894
1224.358459
1314.858016
1420.239723
1490.628268
1552.570187
1652.320811
1788.271257
1869.117529
1782.237954
1502.292655
1077.145845
580.806049
12.871048
-660.847880
-1423.859706
-2226.691336
-2976.027673
-3574.933634
-3966.293943
-4164.990749
-4214.061620
-4084.948918
-3692.381948
-3028.718526
-2184.055989
-1267.396026
-357.171587
528.919636
1411.793098
2264.500040
2994.932025
3510.578393
3813.852466
3978.360550
4060.815703
4065.240125
3966.293943
3757.139410
3473.976349
3189.204408
3002.574210
2916.901295
2858.177138
2807.899606
2778.537527
2788.190813
2828.815059
2848.926072
2775.319765
2521.921004
2072.640978
1484.192744
830.584828
121.872738
-717.158716
-1715.469391
-2793.821897
-3789.719250
-4564.797683
-5121.068297
-5587.643794
-5968.948596
-6104.094602
-5865.577991
-5304.480734
-4609.444132
-3885.447671
-3120.022524
-2288.231035
-1409.379776
-571.554984
123.079398
618.212533
934.759875
1136.674443
1254.122758
1314.455796
1308.020272
1204.247446
1032.097176
925.106588
983.026305
1155.578795
1320.891320
1438.741855
1558.201271
1716.676052
1879.575255
1960.421527
1868.715309
1577.910064
1133.456681
596.894860
-14.077709
-715.952055
-1502.292655
-2327.246400
-3091.464886
-3688.761966
-4049.955756
-4197.168369
-4187.515083
-4005.309307
-3559.247044
-2844.501649
-1963.639289
-1034.108278
-122.677178
761.000724
1609.283244
2394.014963
3037.567372
3482.422975
3726.972890
3819.081329
3837.181240
3778.457083
3636.473333
3435.765425
3180.355563
2942.241171
2807.899606
2770.493122
2775.319765
2796.235218
2851.339393
2941.838951
3026.707425
3054.862843
2992.920923
2769.688682
2331.670823
1722.709356
1003.941759
207.143432
-687.796637
-1708.229426
-2795.430778
-3807.819162
-4613.868554
-5187.836859
-5621.028075
-5943.206500
-6030.488295
-5761.000724
-5193.065723
-4478.722548
-3715.710723
-2923.336819
-2099.589735
-1268.602687
-494.730915
131.526024
570.348323
832.595930
963.317513
1010.377283
1013.595045
986.646288
901.777814
773.067332
715.952055
823.344864
1055.828172
1307.215831
1523.208109
1730.351541
1954.388223
2150.269488
2239.160164
2145.845065
1830.504384
1334.969029
723.192020
30.166519
-750.140777
-1589.976671
-2437.856970
-3212.533183
-3821.092430
-4177.459577
-4279.221302
-4207.626096
-3957.847317
-3465.127504
-2716.997828
-1809.588931
-865.980211
40.222026
878.851259
1665.191859
2380.741694
2955.514440
3333.199260
3503.338428
3542.353793
3523.047221
3444.212051
3312.686027
3142.546859
2948.274475
2778.939747
2705.333441
2722.226691
2802.670742
2902.823586
3016.651919
3140.937978
3227.817553
3257.179632
3202.075457
2980.854316
2520.714343
1858.659802
1083.179149
261.845387
-623.843617
-1635.829780
-2728.662215
-3766.390475
-4566.004344
-5090.499558
-5467.782158
-5752.956319
-5837.020352
-5573.968305
-5000.804441
-4283.645724
-3548.789317
-2821.977315
-2072.640978
-1310.835814
-614.592551
-72.801866
290.805245
498.753117
585.230472
604.134824
596.894860
597.699300
591.665996
547.823988
554.661733
720.376478
1043.359344
1392.888746
1688.922854
1939.908294
2173.598262
2379.937254
2472.447912
2352.988497
2007.079077
1475.746119
817.713780
83.661813
-738.476390
-1598.825517
-2454.750221
-3250.341887
-3869.761081
-4219.692704
-4294.103451
-4170.219612
-3897.916499
-3413.241091
-2667.122516
-1737.993725
-778.296195
97.337302
894.135629
1624.567613
2281.393291
2814.737350
3136.513555
3264.017376
3278.095085
3230.633095
3157.831228
3070.147213
2958.329981
2832.032821
2727.857775
2700.909018
2788.593034
2949.883356
3118.011423
3263.615156
3387.901215
3480.411874
3509.773952
3436.167645
3178.344461
2677.982463
1964.041509
1129.434478
254.605422
-669.696726
-1688.922854
-2782.961950
-3826.321294
-4646.850615
-5162.094763
-5482.262087
-5716.354276
-5770.251790
-5510.819725
-4940.873622
-4204.006114
-3465.931944
-2760.437616
-2054.943287
-1361.113346
-728.823104
-235.298850
86.879575
261.443166
322.982865
314.134020
300.458531
326.200627
372.455957
414.689084
482.664307
705.092108
1095.647977
1537.285818
1909.339554
2188.882632
2433.834768
2628.509372
2696.886815
2560.936369
2181.240447
1600.434398
897.353391
96.130641
-760.598504
-1649.907489
-2521.518784
-3312.686027
-3934.116322
-4287.667927
-4352.425388
-4189.928405
-3872.576623
-3365.376880
-2624.889389
-1719.089373
-772.665111
109.403910
877.644598
1557.396831
2151.073928
2621.269407
2918.912396
3039.578473
3038.774033
2975.223232
2897.594723
2831.630601
2773.308664
2719.008929
2675.971362
2701.311238
2826.401738
3026.707425
3240.688601
3431.341002
3584.586920
3685.946424
3704.448556
3611.133457
3361.756898
2896.388062
2200.949240
1344.622315
411.471322
-542.595125
-1526.425871
-2583.058483
-3609.524576
-4458.611536
-5014.077709
-5316.949562
-5486.284289
-5514.439707
-5300.458531
-4799.694313
-4109.484354
-3384.281232
-2698.897916
-2057.758829
-1454.830665
-909.017778
-479.848765
-199.501247
-59.528598
-23.328775
-40.624246
-45.853109
-4.826643
93.315099
218.807819
376.478159
652.401255
1077.950286
1568.658998
2010.296839
2358.217360
2620.062746
2815.944011
2869.841525
2718.204489
2336.095246
1746.038130
1004.343979
171.345829
-718.767597
-1626.176494
-2489.341163
-3258.788513
-3859.303355
-4212.854959
-4280.025742
-4090.982222
-3724.961789
-3208.108760
-2511.463277
-1656.745234
-754.162980
71.192985
774.273992
1365.939989
1866.704207
2255.248974
2500.201110
2590.700668
2582.656263
2537.607594
2502.212211
2484.112300
2490.950044
2533.585391
2608.398359
2720.215590
2897.192503
3136.513555
3391.923417
3611.535677
3763.574934
3850.052289
3842.007884
3712.895181
3436.569866
2971.201030
2294.666559
1454.830665
529.321857
-421.124608
-1375.995495
-2341.324109
-3285.335049
-4111.897675
-4690.692623
-4998.391119
-5117.448315
-5123.883839
-4987.933392
-4621.510739
-4045.933553
-3392.727858
-2783.364170
-2256.053415
-1772.182447
-1309.226933
-921.486606
-660.445660
-518.864130
-450.888907
-409.058000
-355.562706
-249.376559
-72.801866
151.637036
417.906846
738.074169
1154.774354
1657.549674
2145.040624
2527.954308
2786.984153
2939.425629
2963.558845
2810.312927
2437.454750
1851.822058
1104.496822
250.180999
-656.825678
-1547.743544
-2375.915051
-3103.129274
-3692.784169
-4077.708953
-4191.537286
-4028.638082
-3660.204328
-3167.484515
-2553.294184
-1799.131204
-962.513072
-169.334728
507.199743
1061.057035
1513.152602
1859.464243
2095.969753
2220.255812
2264.097820
2278.175529
2280.991071
2305.124286
2384.361676
2524.334325
2687.233529
2861.394900
3060.896147
3302.630520
3564.073687
3785.294827
3909.983107
3952.216234
3917.223071
3765.586035
3467.943046
3004.987531
2391.601641
1634.623120
764.218486
-170.139168
-1086.396911
-1953.181562
-2794.626337
-3569.704770
-4187.515083
-4568.015445
-4713.216958
-4725.685786
-4657.710562
-4440.913844
-4033.464725
-3498.914005
-2968.787708
-2522.725444
-2123.722951
-1738.395946
-1390.877645
-1123.803395
-946.424262
-827.367066
-723.192020
-598.503741
-444.453383
-221.221141
81.248492
429.571233
793.178344
1211.487411
1686.911753
2171.184941
2576.622959
2836.457244
2966.374387
2974.418792
2832.032821
2484.112300
1944.734937
1254.122758
467.379937
-374.467058
-1218.727375
-2014.721261
-2702.920119
-3259.995173
-3661.410989
-3846.030086
-3798.568096
-3539.538251
-3133.295793
-2631.324914
-2036.843375
-1353.068941
-651.596814
-24.133215
495.133135
914.246641
1251.307216
1524.414770
1708.631647
1816.828896
1897.675167
1980.532540
2087.925348
2240.366825
2429.410345
2645.402622
2879.494811
3118.413643
3369.399083
3609.524576
3801.383638
3917.223071
3958.651758
3926.474137
3784.490387
3495.696243
3076.180516
2554.903065
1918.188400
1165.634301
322.982865
-535.757381
-1342.611214
-2076.260961
-2772.102003
-3397.956721
-3872.978843
-4149.304159
-4247.043681
-4249.457003
-4183.492881
-4010.538171
-3704.448556
-3318.719331
-2936.207867
-2601.560615
-2288.633256
-1996.219130
-1726.329338
-1488.617167
-1275.842651
-1085.190250
-896.548950
-683.774435
-415.895745
-65.964122
332.233931
744.911914
1151.958813
1577.507843
2022.363446
2426.997024
2717.802269
2867.428204
2875.472609
2763.655378
2515.083260
2098.383075
1524.816990
844.662537
104.577267
-664.065642
-1400.933151
-2071.836538
-2641.782640
-3078.996058
-3359.745797
-3453.865337
-3354.114713
-3100.313732
-2729.868876
-2265.304481
-1731.960422
-1172.874266
-621.028075
-121.872738
307.296275
678.947792
978.199662
1192.985279
1358.700024
1515.163704
1682.085110
1853.028719
2028.798970
2239.562384
2500.201110
2791.810796
3081.811600
3338.830343
3542.756013
3712.090741
3829.941276
3876.598826
3848.443408
3727.375111
3500.925107
3163.462312
2729.466656
2232.724640
1666.398520
1018.421688
290.403025
-459.737752
-1141.501086
-1738.798166
-2297.884321
-2828.815059
-3292.977234
-3615.155659
-3767.597136
-3815.059126
-3815.863567
-3767.194916
-3631.646690
-3397.152281
-3110.771458
-2832.032821
-2575.014078
-2332.475263
-2085.914247
-1837.744349
-1575.496742
-1297.964766
-1013.997265
-720.778698
-401.818036
-24.133215
405.438018
850.293621
1262.569383
1633.014239
1982.543641
2297.884321
2529.563189
2644.598182
2615.638324
2466.816829
2215.429169
1831.711045
1341.002333
781.513957
168.530287
-486.284289
-1137.881104
-1733.569303
-2223.071354
-2589.896227
-2852.143834
-3006.596412
-3016.249698
-2863.406001
-2582.254042
-2223.071354
-1845.386534
-1444.372939
-1001.126217
-549.835090
-138.363768
217.198938
522.886333
795.591666
1042.957123
1275.440431
1522.403668
1779.020191
2037.647816
2301.906524
2579.438501
2868.634864
3151.395704
3387.096774
3543.158233
3625.211166
3663.019870
3672.270936
3611.133457
3465.931944
3247.124125
2968.385488
2626.096050
2230.713539
1786.260156
1266.993806
679.752232
66.366342
-536.159601
-1105.301263
-1638.243102
-2160.324994
-2665.111415
-3102.324833
-3417.665514
-3616.362320
-3746.279463
-3819.885769
-3812.645805
-3698.415252
-3485.640737
-3216.153165
-2930.576784
-2642.989301
-2348.966294
-2036.441155
-1690.933955
-1339.393452
-1003.941759
-686.187756
-368.433754
-16.088810
366.824873
750.140777
1102.485721
1414.608640
1712.251629
2006.274636
2241.171265
2365.859545
2396.026064
2332.877484
2176.413804
1918.992840
1549.352425
1083.179149
553.455072
-22.524334
-621.832515
-1214.705173
-1748.853672
-2189.284852
-2530.367629
-2767.677580
-2889.148097
-2864.612662
-2704.126780
-2446.303596
-2120.907409
-1743.624809
-1320.891320
-874.829056
-440.833400
-34.993162
316.145121
629.876921
915.453302
1181.320891
1443.970718
1713.056070
1989.783606
2259.271177
2527.552088
2800.257421
3067.331671
3300.619419
3466.736385
3566.487008
3612.742338
3609.122355
3557.638163
3443.809830
3259.190733
3008.205293
2683.211327
2303.113185
1892.848524
1441.155177
928.726571
359.584909
-222.025581
-775.078433
-1287.104819
-1783.042394
-2296.677661
-2786.179712
-3177.137801
-3440.592068
-3615.960100
-3747.083903
-3819.885769
-3796.154774
-3646.931059
-3413.241091
-3150.591264
-2885.930335
-2591.505108
-2240.366825
-1868.715309
-1495.454911
-1131.847800
-773.469552
-418.309066
-63.550800
305.687394
673.718928
1018.019467
1330.946826
1605.261041
1847.799855
2051.725525
2193.307055
2246.400129
2212.613627
2093.154211
1897.675167
1622.556512
1249.296115
795.189446
285.576382
-255.812083
-797.602767
-1320.489100
-1795.511222
-2207.384764
-2536.400933
-2753.197651
-2838.870566
-2799.855201
-2671.144719
-2447.108036
-2143.833963
-1776.606870
-1361.113346
-938.379857
-533.746279
-151.637036
222.830022
589.654895
929.128791
1230.391763
1529.241413
1849.810956
2171.184941
2473.654573
2750.382109
2997.747567
3214.544284
3389.107875
3500.925107
3547.582656
3534.309388
3463.116403
3344.863647
3182.366664
2982.865417
2749.979889
2465.610168
2133.778457
1770.171346
1390.877645
977.395222
502.373100
-16.893251
-545.008447
-1065.079237
-1573.083420
-2080.685383
-2564.556351
-2997.345346
-3340.439225
-3583.782479
-3744.268361
-3822.299091
-3812.243585
-3702.035234
-3498.511785
-3217.762046
-2880.701472
-2504.625533
-2126.538492
-1748.451452
-1359.102244
-964.524173
-583.621591
-247.365457
42.635347
327.407288
621.832515
915.855522
1172.472046
1382.028799
1572.681200
1750.462553
1902.099590
1991.392487
2011.503499
1960.823747
1833.319926
1626.578715
1324.109082
933.150993
480.653206
-23.328775
-571.957204
-1120.585633
-1630.600917
-2071.836538
-2419.757059
-2681.200225
-2836.457244
-2852.948274
-2731.477757
-2503.821092
-2192.904835
-1820.448878
-1408.575336
-970.557477
-529.321857
-113.426112
274.314214
629.876921
961.306411
1263.776044
1540.101360
1822.459979
2110.851903
2384.763897
2635.347116
2855.763816
3057.678385
3248.330786
3397.152281
3466.334165
3461.909742
3400.772263
3291.368353
3146.166841
2955.514440
2721.422251
2442.281393
2114.069665
1758.104738
1387.257662
999.517336
577.990508
95.326201
-427.962352
-926.715469
-1373.984394
-1806.371169
-2254.444534
-2700.506798
-3070.951653
-3316.708229
-3463.116403
-3564.878127
-3613.546778
-3579.358056
-3418.067734
-3155.015687
-2850.132733
-2525.540986
-2185.664870
-1820.448878
-1446.384040
-1076.743625
-720.778698
-382.511463
-85.270694
179.390234
432.386775
694.232162
961.306411
1181.723112
1349.851179
1493.041590
1641.058644
1777.009090
1852.626498
1846.995415
1761.322500
1610.892125
1396.910948
1101.681281
715.952055
256.616523
-257.018743
-812.082696
-1352.264500
-1832.917706
-2245.997908
-2578.634060
-2823.988416
-2940.632290
-2894.779181
-2717.802269
-2440.672512
-2093.958652
-1704.207224
-1254.122758
-768.240689
-292.816346
141.179310
534.952940
897.755611
1234.413965
1531.654734
1796.315662
2048.105543
2285.415494
2497.385568
2698.897916
2893.572520
3050.840640
3179.953342
3260.397394
3278.899525
3244.308583
3168.691175
3060.896147
2908.856890
2713.377846
2478.078996
2221.462473
1934.277210
1606.467702
1254.122758
870.404634
442.442281
-16.491030
-485.077629
-952.859786
-1424.261926
-1869.921969
-2291.851018
-2677.982463
-2996.943126
-3233.448636
-3374.225726
-3434.960985
-3405.196686
-3296.597217
-3108.358137
-2858.579358
-2550.076422
-2206.580323
-1877.564154
-1560.614593
-1246.480573
-933.553214
-640.334647
-385.327005
-170.541388
41.830907
255.812083
477.033223
704.287668
911.028879
1109.323466
1316.064677
1515.968144
1680.476229
1783.444614
1814.013354
1761.322500
1613.305446
1365.135548
1021.639450
583.621591
57.517497
-502.775320
-1061.861475
-1590.781112
-2055.345507
-2420.561499
-2671.546939
-2785.777492
-2769.286461
-2614.431663
-2361.837342
-2036.843375
-1645.483067
-1217.118494
-784.731719
-380.098142
-3.619982
337.865015
639.932427
915.051082
1171.265385
1408.977556
1639.851983
1880.781916
2145.845065
2418.952618
2678.384683
2918.912396
3121.229185
3274.475103
3363.365779
3378.650149
3313.892688
3163.462312
2948.676695
2692.462392
2409.299332
2103.209718
1789.880138
1472.528357
1136.272223
812.484917
508.004183
207.947872
-109.403910
-475.424342
-854.718044
-1214.705173
-1562.223474
-1917.786180
-2281.795511
-2633.738235
-2905.236908
-3071.756094
-3164.668973
-3200.064355
-3155.820127
-3000.160888
-2768.079800
-2476.067895
-2151.476148
-1807.175609
-1462.875070
-1151.958813
-872.415735
-619.016974
-375.271499
-151.637036
26.144317
166.116966
326.602848
537.768482
768.642909
972.970799
1145.523289
1317.271338
1497.063792
1643.471965
1688.922854
1620.545411
1461.668410
1215.107393
874.426836
444.051162
-62.746360
-608.559247
-1143.914408
-1641.058644
-2062.987692
-2368.272866
-2550.880862
-2615.236103
-2566.567452
-2400.048266
-2111.254123
-1742.820368
-1373.582174
-1011.583943
-646.367951
-293.218566
41.026466
312.525139
529.321857
733.247526
962.513072
1212.694071
1470.115035
1732.362642
2013.916821
2339.313008
2663.502534
2945.861154
3165.473413
3307.859384
3359.343577
3307.457164
3154.211246
2924.141260
2629.313812
2283.806613
1917.786180
1573.083420
1282.278176
1059.045934
853.511383
658.434559
491.915373
367.227094
250.985440
67.975223
-197.087925
-510.417505
-845.064757
-1205.051886
-1596.814416
-2013.514601
-2406.081570
-2712.171185
-2913.683533
-3013.836377
-3012.629716
-2918.912396
-2712.171185
-2420.963720
-2095.969753
-1746.842571
-1404.150913
-1099.267959
-850.695841
-667.685625
-525.299654
-410.666881
-318.156222
-246.963237
-166.519186
-43.842008
129.917143
343.898319
567.532781
803.233851
1043.761564
1264.580484
1418.630842
1474.941678
1431.501890
1282.680396
1030.086075
659.238999
198.696806
-303.676293
-802.027190
-1268.602687
-1676.454026
-1986.565843
-2175.207143
-2235.540182
-2184.860430
-2037.647816
-1812.404473
-1528.034752
-1219.129595
-933.955434
-668.087845
-413.080203
-177.379133
24.535436
199.501247
377.684820
603.330384
881.264580
1183.331993
1502.694876
1840.157670
2200.144799
2552.891964
2860.590459
3073.767195
3177.942241
3174.322259
3056.873944
2843.294988
2556.109726
2217.842491
1853.430939
1502.694876
1205.454107
1005.952860
899.766712
849.489180
828.171507
826.562626
822.942643
808.060494
745.716354
562.303918
252.594321
-152.843697
-608.559247
-1072.319202
-1536.481377
-2006.676856
-2422.170381
-2717.802269
-2865.014882
-2846.914971
-2709.757863
-2497.787789
-2222.669134
-1904.110691
-1572.278980
-1266.591586
-1027.672754
-878.449039
-820.127102
-820.931542
-847.880299
-861.153568
-853.511383
-813.289357
-732.443086
-587.643794
-333.038372
6.435524
366.824873
691.416620
969.753037
1190.571957
1351.862280
1413.804199
1325.315743
1108.519025
804.842732
442.442281
50.679752
-339.876116
-716.354276
-1046.577106
-1304.802510
-1493.443810
-1582.334486
-1589.574451
-1544.928003
-1467.701713
-1372.777733
-1249.698335
-1103.290162
-945.619821
-797.602767
-655.619017
-484.273188
-262.247607
6.435524
296.838549
613.385890
964.121953
1325.315743
1661.974097
1964.041509
2213.418068
2397.232725
2500.603330
2503.016652
2426.997024
2290.644357
2114.874105
1905.719572
1683.693991
1485.399405
1334.566809
1240.447269
1196.203041
1201.431904
1250.100555
1330.142386
1402.542032
1420.239723
1372.375513
1260.558282
1080.363607
824.953745
484.675408
69.181884
-356.367147
-762.609605
-1135.065562
-1449.199582
-1705.413885
-1892.848524
-1975.303676
-1960.421527
-1892.446304
-1781.031293
-1671.225163
-1579.518945
-1499.477114
-1447.590701
-1437.937415
-1465.690612
-1523.208109
-1599.227737
-1643.069745
-1645.885287
-1589.976671
-1465.690612
-1289.115920
-1051.805969
-761.402944
-444.051162
-110.208350
220.014480
501.970879
728.823104
907.811117
1011.181723
1052.610409
1046.577106
969.350817
832.193709
646.770171
427.962352
199.501247
-23.730995
-260.638726
-511.624165
-746.923015
-944.815381
-1086.396911
-1168.449843
-1229.989542
-1260.156061
-1221.542917
-1113.747888
-944.413161
-736.063068
-518.059689
-268.280911
-9.653286
236.505510
482.262087
695.438822
879.253479
1028.477194
1129.434478
1208.269648
1295.149224
1375.995495
1436.328534
1485.801625
1528.034752
1597.618856
1673.236264
1713.860510
1717.078272
1703.805004
1671.225163
1633.014239
1572.681200
1490.628268
1418.228622
1353.068941
1289.518140
1234.413965
1191.778618
1128.227818
1040.543802
914.648862
748.531896
584.828252
387.740327
122.677178
-166.921406
-454.106669
-704.689888
-924.302148
-1154.774354
-1371.973293
-1513.554823
-1596.814416
-1652.723031
-1704.207224
-1773.791328
-1831.308825
-1871.933071
-1935.081651
-2022.363446
-2111.656343
-2169.576060
-2178.827126
-2151.476148
-2077.467621
-1915.372858
-1662.778538
-1354.677822
-1013.595045
-643.552409
-250.985440
139.972649
485.077629
755.771861
964.524173
1110.127906
1195.800821
1210.280750
1153.165473
1056.632612
933.150993
775.480653
598.503741
423.940150
252.996541
84.868474
-91.706218
-275.118655
-433.995656
-557.477275
-676.936691
-793.982785
-883.275682
-927.519910
-917.866624
-872.013515
-815.702679
-724.398681
-588.448234
-426.353471
-240.929933
-65.159681
103.370606
282.358620
456.922211
624.648057
791.971684
952.457566
1105.301263
1254.927198
1400.128710
1533.665835
1651.918591
1729.144880
1759.713619
1750.060333
1709.436087
1663.985198
1593.596654
1501.890435
1412.999759
1353.471161
1326.522404
1339.393452
1364.733328
1382.028799
1380.822138
1348.242297
1291.931462
1207.062988
1074.732524
870.806854
611.777009
309.307377
-6.435524
-320.167324
-659.238999
-1013.595045
-1341.806773
-1616.925428
-1840.962111
-2029.603411
-2199.742579
-2332.877484
-2420.159279
-2477.274556
-2517.094361
-2535.998713
-2532.378731
-2491.754485
-2401.657147
-2271.740005
-2094.763092
-1867.508648
-1591.987773
-1277.049312
-947.228702
-600.514842
-252.192100
76.421849
375.271499
645.161290
884.482343
1096.452417
1269.809348
1401.335371
1511.141501
1594.803314
1633.818679
1583.541147
1466.897273
1297.964766
1083.179149
813.691578
479.044325
106.588368
-257.018743
-598.101520
-908.615558
-1170.058724
-1371.571072
-1485.801625
-1512.750382
-1488.214947
-1408.575336
-1263.373824
-1067.090339
-847.075859
-637.116885
-439.224519
-220.416700
2.413322
206.741211
399.806934
578.794948
773.067332
975.384120
1155.578795
1310.031373
1455.232886
1580.323385
1674.845145
1717.480492
1699.380581
1662.778538
1624.165393
1575.496742
1518.381466
1474.137238
1465.288392
1512.750382
1594.803314
1673.638484
1747.244791
1781.031293
1744.831470
1641.460864
1463.277291
1241.653930
976.188561
647.172392
278.336417
-77.628509
-398.600274
-683.774435
-956.881989
-1239.240608
-1477.757220
-1645.885287
-1783.042394
-1913.361757
-2054.943287
-2202.558121
-2308.342048
-2383.959456
-2458.370204
-2515.083260
-2544.445338
-2522.725444
-2443.890274
-2324.028638
-2157.911672
-1927.037246
-1650.309710
-1361.515566
-1047.783766
-712.734293
-343.093878
44.244228
397.795833
726.812002
1056.230392
1383.235460
1693.347277
1942.321615
2104.818599
2200.547020
2231.920200
2157.509452
1954.388223
1620.545411
1169.254284
676.534470
162.899204
-342.691658
-779.502856
-1129.836699
-1392.888746
-1544.123562
-1578.312284
-1521.197007
-1410.586437
-1290.322581
-1175.689808
-1055.828172
-954.870887
-850.293621
-752.151878
-677.338911
-576.783847
-419.113507
-226.047784
-20.111013
199.903467
441.637841
711.929853
962.915292
1178.505350
1359.906685
1507.119299
1634.220899
1735.982624
1790.282359
1777.411310
1762.126941
1764.942483
1758.104738
1738.395946
1725.524897
1725.122677
1732.764862
1743.222589
1729.144880
1694.151717
1621.752071
1499.879334
1324.913523
1099.267959
879.253479
699.461025
517.255249
304.882954
93.717320
-98.946183
-266.269809
-456.922211
-726.812002
-1039.739361
-1345.024535
-1638.243102
-1912.557316
-2192.100394
-2451.934679
-2639.771539
-2758.024294
-2836.055024
-2878.690371
-2859.383799
-2758.426514
-2608.800579
-2445.499155
-2245.193468
-1978.923659
-1659.560775
-1313.249135
-974.177460
-622.234736
-217.601158
208.350093
608.157027
960.501971
1275.842651
1566.245676
1809.991151
1959.617086
2017.134583
2022.363446
1982.543641
1872.335291
1689.727295
1453.221784
1194.191940
922.693267
618.614753
276.325316
-61.941919
-360.791569
-632.692462
-888.906765
-1126.216716
-1312.444695
-1436.730754
-1518.783686
-1567.854557
-1584.747808
-1543.721342
-1443.166278
-1303.595849
-1135.467782
-942.402059
-729.627544
-490.306492
-257.420964
-33.786501
185.825758
393.773630
593.274877
769.045129
930.335452
1100.474620
1271.418229
1410.988657
1525.621430
1604.858821
1653.125251
1684.096211
1681.280669
1649.505269
1618.534309
1596.814416
1605.663261
1655.940793
1720.698254
1789.477918
1869.921969
1922.612823
1916.177299
1842.973212
1699.380581
1522.001448
1330.946826
1092.027995
808.462714
502.373100
188.641300
-119.861636
-467.379937
-895.342289
-1322.500201
-1675.649586
-1968.063712
-2218.646931
-2476.067895
-2700.104577
-2815.541791
-2852.546054
-2887.539216
-2920.521277
-2943.850052
-2915.694634
-2807.899606
-2686.831309
-2529.965409
-2273.348886
-1935.081651
-1553.374628
-1151.154372
-734.856407
-264.660928
231.276647
673.718928
1057.437053
1425.468587
1790.282359
2129.756255
2388.786099
2539.216475
2642.989301
2699.300137
2660.284772
2478.481216
2148.258386
1742.418148
1306.813611
824.149304
315.340681
-150.028155
-571.554984
-929.933231
-1230.793983
-1484.594964
-1667.202960
-1793.097900
-1920.601722
-2036.843375
-2104.416378
-2104.818599
-2022.363446
-1912.155096
-1797.522323
-1621.349851
-1348.644518
-1050.599308
-777.893975
-518.864130
-259.432065
28.557638
308.502936
556.672834
800.418309
1052.610409
1326.120183
1599.227737
1818.437777
1984.554742
2136.593999
2244.389027
2297.884321
2309.146489
2276.566648
2224.680235
2169.978280
2121.309629
2093.958652
2077.065401
2040.061137
1999.436892
1943.528276
1828.493283
1661.169657
1442.764058
1207.465208
989.461829
759.794063
508.406403
236.505510
-51.886413
-349.127182
-705.092108
-1132.250020
-1559.407932
-1915.372858
-2202.558121
-2459.576864
-2704.529000
-2900.410265
-2988.898721
-2998.954227
-2999.356448
-2994.932025
-2970.396589
-2891.159199
-2751.186550
-2581.851822
-2357.010699
-2041.670019
-1661.169657
-1253.720537
-828.975947
-381.304803
97.739522
564.315019
982.624085
1342.208994
1670.018502
1980.934760
2251.226772
2451.532459
2589.494007
2691.657952
2742.739924
2688.037970
2517.496581
2285.415494
1964.845950
1510.337061
952.055346
362.400450
-189.445740
-664.467863
-1094.039096
-1501.488215
-1840.559891
-2075.456520
-2220.255812
-2346.955193
-2485.318961
-2583.058483
-2593.113989
-2548.467541
-2459.174644
-2296.275440
-2053.334406
-1740.809267
-1398.117609
-1047.381546
-692.221060
-332.636152
30.166519
355.160486
613.788110
855.924704
1143.109967
1454.830665
1747.244791
2026.787869
2279.784410
2484.514520
2618.051645
2682.004666
2682.004666
2624.487169
2532.378731
2433.834768
2327.648620
2229.506878
2186.469311
2189.284852
2174.804923
2112.058563
2013.112380
1852.224278
1610.892125
1306.411391
994.690693
713.538734
452.900008
219.612260
20.111013
-198.294586
-461.748854
-748.934116
-1112.139007
-1528.839192
-1918.188400
-2237.551283
-2478.883437
-2674.764701
-2828.010619
-2889.148097
-2885.528115
-2862.199340
-2803.877403
-2756.013193
-2729.466656
-2659.480331
-2536.400933
-2369.077307
-2128.549594
-1778.617971
-1338.186791
-853.511383
-361.596010
129.514922
622.234736
1040.543802
1397.313169
1725.927118
1990.588046
2213.015847
2403.266028
2544.445338
2641.380420
2686.026868
2659.078111
2534.792052
2257.662296
1869.921969
1439.144075
931.944333
350.736063
-196.685705
-692.221060
-1154.372134
-1533.665835
-1843.777653
-2092.751991
-2288.231035
-2480.090097
-2667.122516
-2823.586196
-2915.694634
-2900.410265
-2803.475183
-2677.982463
-2462.794626
-2121.711849
-1729.949320
-1330.544606
-944.010940
-573.163865
-201.914568
148.017054
470.195479
816.104899
1159.600998
1518.783686
1916.579519
2270.131124
2578.231840
2865.417102
3067.331671
3138.926876
3111.173679
2988.496501
2837.261684
2677.580243
2483.710080
2317.995334
2183.251549
2064.596573
1985.359183
1908.937334
1782.237954
1643.471965
1463.277291
1207.062988
923.899928
637.116885
385.729225
224.036682
94.119540
-24.133215
-137.961548
-323.385086
-578.794948
-897.353391
-1320.489100
-1775.802429
-2155.900571
-2446.303596
-2590.298447
-2622.073848
-2620.062746
-2553.294184
-2451.934679
-2376.719492
-2309.548709
-2295.068780
-2317.593114
-2295.873220
-2224.278015
-2089.534229
-1831.711045
-1471.723916
-1029.683855
-526.506315
-61.539699
347.116081
723.192020
1032.499397
1293.138122
1531.252514
1702.196123
1851.822058
2023.167887
2193.709275
2361.837342
2475.665675
2459.979085
2342.128550
2135.789558
1803.957847
1384.442121
840.238114
182.607996
-456.519990
-1011.181723
-1453.221784
-1746.842571
-1979.325879
-2206.580323
-2412.114874
-2661.089212
-2910.063551
-3089.051565
-3221.784249
-3262.408495
-3166.680074
-2967.581047
-2630.118253
-2147.856166
-1617.327649
-1100.072400
-641.139088
-267.878690
69.986325
405.035798
735.660848
1106.105703
1497.063792
1894.859625
2321.213096
2749.175448
3123.642507
3414.849972
3568.900330
3553.213740
3408.816668
3175.931140
2927.761242
2710.562304
2503.418872
2318.397555
2151.878369
1972.085914
1782.237954
1577.910064
1327.326844
1033.706057
727.214223
414.286863
123.079398
-133.939345
-334.647253
-441.637841
-455.313330
-394.578071
-315.742901
-281.151959
-335.853914
-473.011021
-687.796637
-978.199662
-1325.315743
-1653.527472
-1846.995415
-1867.910868
-1736.787065
-1567.854557
-1463.277291
-1455.232886
-1517.577025
-1596.412195
-1670.822943
-1773.389108
-1880.781916
-1911.350656
-1805.566728
-1541.710241
-1185.745314
-813.289357
-482.664307
-205.936771
18.099912
180.596895
291.207465
382.913684
502.775320
683.774435
917.062183
1193.789719
1467.299493
1683.693991
1827.286622
1849.810956
1730.753761
1489.823828
1151.958813
773.871772
412.275762
71.595206
-244.952136
-533.344059
-828.975947
-1118.976752
-1396.910948
-1691.738396
-1990.588046
-2269.728904
-2527.552088
-2706.942322
-2766.068699
-2703.322339
-2492.558925
-2185.262650
-1852.224278
-1504.303757
-1184.136433
-896.951170
-604.537044
-320.971764
-37.808704
291.207465
656.021237
1048.990427
1477.355000
1897.675167
2266.511142
2553.696404
2720.617810
2774.113104
2763.253157
2708.148982
2632.531574
2540.423136
2394.014963
2228.702437
2061.378811
1881.586357
1696.162819
1496.259352
1251.307216
970.959698
683.774435
403.829137
178.183573
32.579841
-42.233127
-60.333038
-63.550800
-70.790765
-57.517497
-44.646448
-28.155418
21.317674
74.812968
126.297160
187.434639
233.287748
256.616523
226.047784
92.510659
-115.437213
-350.736063
-551.041750
-643.150189
-653.607916
-672.914488
-756.174081
-912.235540
-1122.596734
-1318.880219
-1481.377202
-1626.578715
-1750.060333
-1862.682005
-1909.339554
-1837.342129
-1698.978361
-1529.241413
-1355.482262
-1223.956238
-1099.670179
-936.368756
-749.738557
-549.835090
-355.562706
-183.814657
9.251066
224.841123
458.531092
710.723192
922.693267
1035.717159
1083.179149
1080.765827
1034.510498
979.406323
900.571153
784.731719
651.194594
486.284289
292.011906
88.086236
-134.743786
-345.507200
-522.886333
-687.796637
-836.215912
-951.653125
-1036.521599
-1079.961387
-1077.950286
-1038.130480
-960.501971
-870.002413
-767.034028
-630.681361
-472.608801
-299.654091
-121.068297
27.753198
140.777090
269.487571
423.940150
594.883758
735.258628
803.636071
817.311560
789.960582
737.671949
701.874346
685.785536
674.523369
668.892285
664.467863
648.379052
633.094683
607.754807
547.019548
446.464484
333.842812
262.247607
264.258708
317.351782
389.751428
455.715550
478.239884
468.586598
454.911109
444.855603
443.246722
467.379937
508.406403
565.923900
641.139088
719.572038
782.318398
807.658274
779.502856
709.114311
631.083581
562.706138
522.484112
509.210844
483.468747
411.471322
275.118655
78.030730
-137.157107
-338.267235
-508.004183
-639.127986
-720.376478
-757.380742
-769.447349
-761.402944
-772.665111
-814.093798
-871.209074
-921.888826
-936.368756
-896.951170
-816.104899
-719.974258
-645.965731
-589.654895
-541.790685
-501.166439
-477.033223
-449.682246
-405.438018
-340.278336
-265.063149
-204.327890
-168.932507
-161.290323
-161.290323
-167.323626
-176.574692
-184.216877
-186.227978
-167.725847
-148.419274
-137.157107
-140.777090
-164.508085
-213.981176
-287.185263
-356.367147
-404.231357
-428.766793
-442.844502
-464.564395
-482.664307
-489.502051
-475.022122
-451.291127
-435.604537
-429.571233
-406.644679
-360.389349
-293.218566
-213.981176
-130.721583
-44.244228
38.210924
107.795029
176.172472
241.332153
289.196364
331.429491
359.987129
376.880380
393.773630
413.884643
423.940150
440.028960
470.597699
518.864130
573.566085
623.039176
658.836779
687.796637
716.756496
730.834205
730.431985
727.214223
718.767597
714.745395
710.723192
689.405518
657.630118
596.492639
524.897434
473.011021
438.017859
418.309066
409.862441
400.209155
395.382511
401.818036
405.035798
399.806934
371.651516
324.189526
268.683131
227.254445
193.467943
169.736948
149.223715
127.101601
106.186148
84.466254
63.550800
40.222026
12.066608
-16.491030
-33.384281
-42.635347
-56.713056
-70.790765
-97.739522
-125.090500
-143.190411
-169.736948
-210.763414
-261.845387
-304.480734
-341.484997
-379.695921
-431.582334
-492.317593
-558.683935
-627.061379
-672.512268
-714.343174
-752.554099
-776.687314
-793.178344
-814.093798
-806.451613
-785.938380
-776.285094
-767.838468
-771.056230
-758.587402
-717.963157
-681.361113
-638.725766
-588.448234
-546.617328
-501.970879
-443.648942
-387.338106
-335.853914
-294.023007
-259.029845
-222.830022
-178.585794
-123.079398
-47.059770
28.155418
91.303998
162.899204
227.656665
292.011906
342.289438
381.707023
392.969190
380.500362
373.662618
383.718124
400.611375
415.493524
420.320167
418.711286
406.242458
395.382511
396.991392
387.338106
376.880380
366.020433
350.333843
325.798407
298.447430
277.531977
255.409862
234.896629
209.154533
182.607996
162.899204
140.777090
127.503821
120.666077
110.208350
109.806130
122.677178
141.581530
162.094763
187.836859
215.590057
230.069986
244.952136
260.638726
277.531977
295.631888
305.687394
317.754002
341.887217
368.031534
379.293701
370.042635
337.865015
302.469632
271.900893
242.538814
207.947872
170.541388
128.308262
92.510659
47.864210
-1.608881
-43.439788
-96.532861
-158.474781
-216.394498
-261.443166
-289.598584
-306.894055
-320.167324
-325.396187
-318.558443
-309.307377
-302.067412
-310.111817
-324.189526
-327.005068
-318.558443
-299.654091
-280.749739
-277.531977
-275.520875
-261.443166
-238.918832
-218.807819
-191.859062
-167.725847
-143.592631
-111.012791
-87.281796
-66.768562
-60.333038
-65.159681
-77.226289
-78.030730
-71.997426
-67.573003
-67.975223
-74.008527
-78.432950
-76.824069
-70.388545
-69.181884
-70.388545
-67.573003
-57.517497
-45.853109
-38.613145
-38.613145
-31.775400
-30.568739
-37.406484
-34.188722
-28.155418
-23.328775
-23.730995
-17.697691
-14.882149
-14.882149
-6.033304
-16.893251
-36.199823
-50.277532
-61.137479
-51.484193
-32.177620
-16.491030
-6.033304
1.608881
16.088810
27.753198
35.395383
44.646448
61.539699
83.259593
109.001689
135.146006
150.832596
155.257019
150.028155
143.994852
139.972649
139.168209
144.799292
159.279221
163.703644
153.648138
139.570429
130.319363
125.090500
121.872738
109.403910
90.097337
61.539699
35.395383
5.631084
-19.306572
-34.188722
-39.417585
-38.613145
-44.646448
-52.690854
-67.170783
-77.226289
-77.628509
-78.030730
-67.975223
-57.517497
-43.842008
-14.882149
16.088810
34.993162
40.222026
31.373180
24.937656
37.406484
59.528598
87.684016
107.392808
115.839434
117.850535
130.721583
147.212614
162.496983
181.803556
193.870163
194.272384
187.434639
182.607996
168.128067
152.039257
143.592631
126.699381
113.023892
99.750623
84.466254
86.477355
82.052932
74.812968
67.170783
50.679752
39.417585
39.417585
37.004264
25.339876
-2.413322
-36.199823
-62.344140
-86.075135
-127.906041
-175.368032
-216.796718
-252.594321
-269.085351
-272.303113
-281.554179
-305.687394
-330.222830
-357.573807
-382.109243
-388.946987
-387.338106
-377.282600
-357.171587
-333.842812
-288.391923
-236.505510
-197.892366
-162.496983
-134.743786
-105.381707
-67.170783
-27.753198
1.608881
36.199823
80.444051
129.917143
162.496983
173.356930
190.250181
222.025581
258.225404
286.783042
284.369721
255.409862
226.047784
218.003379
226.047784
209.154533
166.519186
112.621672
67.573003
39.417585
17.295471
-6.435524
-49.070871
-93.717320
-135.146006
-166.519186
-189.043520
-204.730110
-201.512348
-185.423538
-173.356930
-166.921406
-164.910305
-171.345829
-171.748049
-163.301424
-139.168209
-107.795029
-81.650712
-62.344140
-34.590942
-10.055506
10.457727
32.579841
49.473091
62.344140
87.281796
124.286059
158.877001
196.283485
240.527713
277.531977
312.122919
333.038372
346.311640
366.422653
390.555868
418.309066
434.800097
432.788995
421.124608
413.080203
424.342370
424.744590
388.946987
333.038372
279.543078
236.505510
203.121229
170.139168
112.219451
40.624246
-41.026466
-134.341565
-219.612260
-282.358620
-341.082777
-387.338106
-453.704449
-531.332958
-585.230472
-618.212533
-616.603652
-595.285979
-578.794948
-575.174966
-571.554984
-554.259513
-498.350897
-404.633577
-300.458531
-211.567855
-139.168209
-80.846271
4.424423
98.141742
131.526024
103.370606
53.897514
68.377443
199.099027
358.378248
421.526828
342.691658
180.999115
94.521760
162.899204
343.496098
538.170702
631.888022
583.219371
435.604537
277.129756
166.921406
139.972649
159.279221
164.105864
145.603733
98.141742
41.830907
-18.502132
-115.839434
-256.214303
-391.360309
-480.250985
-479.044325
-399.404714
-296.436329
-226.047784
-212.372295
-268.280911
-330.625050
-368.031534
-382.109243
-359.584909
-309.307377
-242.136594
-152.039257
-70.388545
-51.886413
-76.421849
-125.090500
-135.146006
-137.961548
-244.549916
-454.106669
-606.548146
-531.735178
-119.861636
484.273188
923.095487
1007.561741
770.654010
364.411552
55.104175
-24.535436
53.093074
275.520875
546.617328
751.749658
897.755611
902.984474
715.952055
423.537929
81.248492
-203.523449
-268.683131
-117.850535
150.430376
413.884643
514.037487
415.493524
201.110128
-63.953021
-308.905156
-482.262087
-611.777009
-700.667686
-701.874346
-608.157027
-422.331269
-187.434639
-37.406484
-26.948757
-128.308262
-285.978602
-397.393613
-419.515727
-378.489261
-269.487571
-84.466254
160.083662
418.309066
611.777009
668.892285
604.134824
481.055426
364.411552
309.307377
327.407288
383.315904
436.811198
477.033223
490.708712
475.826563
429.973453
328.211729
155.257019
-71.192985
-305.687394
-495.937575
-583.621591
-585.230472
-534.952940
-461.346633
-413.482423
-404.231357
-429.571233
-494.730915
-608.559247
-723.192020
-783.525058
-735.258628
-559.890596
-322.982865
-117.046094
-4.424423
-12.871048
-93.717320
-137.961548
-112.219451
-28.155418
78.835170
130.721583
156.061459
211.567855
294.023007
380.500362
434.397876
411.471322
332.636152
271.900893
240.527713
250.583219
284.771941
294.425227
287.587483
300.056311
302.067412
294.827448
265.063149
178.988014
68.377443
-15.686590
-69.584104
-63.953021
-19.306572
21.317674
35.797603
-8.044405
-95.326201
-178.585794
-225.243343
-238.918832
-227.656665
-224.438903
-237.712171
-240.929933
-217.601158
-197.087925
-200.305687
-232.885528
-275.923095
-277.934197
-221.623361
-131.526024
-34.590942
31.373180
75.617408
119.459416
172.552490
214.785617
238.516612
248.974338
269.889792
316.547341
377.684820
442.844502
479.044325
495.535355
510.417505
513.635267
496.742016
446.062264
383.315904
326.602848
286.380822
259.834285
225.243343
170.943609
99.750623
15.686590
-84.868474
-197.892366
-315.340681
-420.320167
-499.155337
-556.672834
-586.839353
-596.090419
-589.252675
-568.739442
-554.259513
-553.857292
-581.610490
-611.777009
-609.765908
-581.208270
-521.277452
-434.800097
-345.104979
-261.443166
-181.803556
-98.141742
-23.730995
37.406484
88.086236
117.046094
144.397072
188.239080
261.443166
350.333843
435.202317
502.775320
536.964042
527.310755
493.122034
451.693347
407.449119
366.020433
317.754002
272.303113
240.125493
222.025581
216.394498
194.272384
121.872738
6.033304
-114.632773
-213.578956
-278.738637
-306.491835
-318.558443
-323.787306
-318.558443
-302.871853
-281.956399
-272.705333
-279.945298
-313.731800
-349.127182
-358.780468
-326.200627
-257.018743
-174.563591
-91.706218
-21.719894
40.624246
82.455152
106.990588
126.699381
152.441477
192.663503
248.572118
313.731800
361.596010
401.415815
425.549031
440.028960
454.106669
457.726651
442.040061
415.493524
394.175851
372.858177
361.998230
347.920521
310.514037
252.996541
192.663503
139.972649
104.979487
68.779664
24.937656
-48.668651
-147.212614
-219.210039
-255.812083
-272.705333
-283.163060
-310.916258
-362.400450
-423.537929
-465.771056
-485.882069
-489.502051
-490.306492
-479.446545
-448.877805
-398.198053
-325.396187
-249.778779
-181.401335
-131.526024
-90.901778
-42.635347
26.144317
98.543963
168.530287
241.332153
309.709597
368.031534
423.940150
455.313330
458.531092
443.648942
420.320167
410.264661
403.024696
396.991392
394.980291
380.902582
341.484997
276.325316
185.423538
84.466254
-0.804441
-72.399646
-136.754887
-193.467943
-258.225404
-311.318478
-344.702759
-381.707023
-416.700185
-468.988818
-523.690773
-552.248411
-538.170702
-490.306492
-436.006757
-393.371410
-356.769367
-315.340681
-262.649827
-213.578956
-178.183573
-153.648138
-131.123803
-76.019628
8.848846
107.392808
189.043520
230.472207
229.667766
204.327890
177.781353
160.485882
155.659239
155.659239
166.116966
179.390234
199.501247
228.461105
247.365457
230.874427
167.725847
75.215188
-18.099912
-61.137479
-50.679752
-20.915453
-6.033304
-14.479929
-37.004264
-53.495294
-56.713056
-70.790765
-111.817231
-178.585794
-230.472207
-234.092189
-185.021318
-122.677178
-72.399646
-53.093074
-55.908616
-72.399646
-84.064033
-88.086236
-93.717320
-93.717320
-82.455152
-28.557638
55.104175
140.374869
206.741211
229.667766
210.361194
176.574692
143.592631
131.123803
146.005953
193.065723
268.683131
362.400450
454.106669
514.037487
536.561821
512.026386
445.257823
368.031534
307.698496
285.978602
308.100716
345.507200
364.411552
363.607111
345.909420
303.676293
234.092189
150.430376
58.321937
-26.144317
-74.008527
-69.986325
-45.450889
-31.373180
-34.188722
-67.975223
-133.537125
-210.361194
-292.414126
-368.835975
-422.331269
-444.453383
-421.929048
-367.629314
-320.569544
-296.436329
-301.262972
-331.429491
-364.813772
-392.566970
-397.795833
-385.729225
-348.724962
-296.436329
-242.136594
-195.479044
-169.334728
-152.441477
-148.419274
-165.312525
-190.652401
-216.796718
-219.612260
-195.881265
-149.223715
-106.186148
-79.237390
-62.746360
-61.941919
-76.421849
-98.946183
-125.894940
-150.832596
-163.301424
-162.094763
-151.637036
-144.397072
-134.743786
-127.503821
-123.481619
-127.503821
-134.743786
-145.201512
-147.614834
-131.526024
-110.610570
-82.455152
-53.495294
-25.742096
8.848846
42.635347
75.215188
103.370606
133.134905
177.379133
219.210039
261.845387
294.425227
318.156222
346.311640
386.935886
427.962352
443.648942
442.442281
437.615638
428.766793
418.711286
420.320167
408.655780
392.969190
382.913684
383.718124
393.371410
390.958089
370.847076
339.473896
303.274073
262.247607
233.287748
211.567855
197.087925
188.239080
180.999115
165.714745
149.223715
130.721583
105.381707
74.410747
48.266431
38.613145
53.495294
79.237390
102.968385
101.761725
74.812968
32.982061
1.206661
-8.446625
-6.837744
-6.435524
-25.742096
-50.277532
-68.779664
-68.377443
-60.333038
-80.041831
-135.146006
-215.590057
-296.034108
-336.658354
-342.691658
-327.005068
-312.927359
-310.514037
-312.927359
-326.602848
-339.876116
-364.411552
-397.795833
-427.962352
-454.911109
-464.966616
-448.877805
-413.080203
-383.718124
-376.478159
-393.371410
-436.408978
-464.564395
-465.771056
-460.542193
-440.028960
-408.253560
-372.053737
-327.809508
-287.587483
-257.420964
-235.298850
-220.818920
-216.394498
-210.763414
-206.338991
-184.619097
-144.799292
-89.292897
-16.491030
57.115276
120.263856
173.356930
212.774515
236.907731
258.225404
293.620787
339.473896
391.762529
445.660043
489.099831
532.941839
564.717239
575.979406
567.935001
531.332958
478.239884
438.017859
417.906846
411.873542
401.415815
369.238195
317.351782
256.214303
216.394498
190.652401
176.172472
150.832596
98.946183
41.830907
0.000000
-29.764299
-50.277532
-64.355241
-87.281796
-92.912879
-80.041831
-71.595206
-52.288633
-38.613145
-37.406484
-30.166519
-14.479929
16.491030
68.779664
139.972649
207.545652
257.823184
290.000804
291.609685
286.783042
285.978602
273.911994
271.498673
277.934197
290.403025
302.871853
299.654091
267.476470
214.383396
153.245917
100.555064
50.679752
-4.022203
-56.310836
-111.012791
-160.888102
-192.663503
-222.830022
-260.236506
-312.122919
-375.673719
-431.582334
-468.586598
-495.535355
-525.299654
-561.097257
-584.828252
-590.459336
-585.230472
-567.532781
-551.041750
-546.215107
-534.550720
-508.808624
-469.391039
-418.711286
-366.422653
-315.742901
-255.812083
-182.205776
-109.403910
-41.026466
12.066608
53.897514
86.879575
108.599469
134.341565
164.105864
197.892366
234.896629
275.118655
307.698496
319.765103
310.916258
283.967501
258.627624
238.918832
213.578956
187.032419
158.474781
127.906041
111.415011
106.186148
88.890677
44.244228
-18.904352
-84.064033
-142.385971
-162.899204
-162.899204
-149.223715
-127.101601
-121.872738
-120.263856
-117.046094
-102.968385
-69.584104
-36.602043
-3.619982
20.513233
47.059770
89.292897
134.743786
184.216877
214.383396
234.896629
243.343255
262.247607
280.347518
290.805245
295.631888
286.783042
274.716435
274.716435
280.749739
275.520875
255.007642
217.198938
183.412437
154.050358
125.492720
94.923980
43.439788
-15.686590
-51.081972
-73.606307
-94.521760
-115.839434
-137.559327
-164.508085
-189.043520
-201.914568
-201.512348
-182.607996
-164.508085
-148.419274
-126.297160
-97.739522
-61.941919
-25.339876
5.228863
27.753198
45.853109
61.137479
88.488456
113.828332
133.537125
148.419274
164.910305
180.596895
197.087925
202.719009
189.445740
160.888102
125.894940
98.543963
95.326201
101.359504
106.588368
96.935082
64.355241
17.295471
-36.199823
-80.846271
-129.917143
-177.781353
-230.874427
-275.118655
-298.849650
-299.654091
-284.771941
-267.476470
-266.672030
-280.749739
-297.642989
-304.480734
-285.978602
-253.398761
-222.025581
-205.936771
-197.490146
-179.792454
-139.570429
-96.935082
-63.550800
-41.830907
-31.373180
-19.306572
-5.228863
4.826643
16.088810
25.742096
39.819805
56.310836
73.204087
84.466254
91.303998
93.315099
93.717320
86.075135
77.628509
73.204087
67.975223
58.724157
53.495294
50.277532
45.450889
41.026466
16.491030
-22.122114
-53.897514
-68.377443
-70.790765
-67.573003
-61.539699
-62.746360
-78.030730
-92.510659
-87.684016
-65.159681
-30.568739
-7.642185
5.631084
6.837744
0.402220
8.446625
14.479929
12.871048
3.217762
2.413322
10.055506
19.306572
30.970960
39.015365
46.255329
53.495294
72.801866
91.303998
105.381707
116.241654
117.046094
126.297160
139.570429
160.083662
189.043520
203.121229
201.110128
195.881265
191.054622
193.870163
206.741211
218.405599
228.461105
242.136594
254.605422
264.258708
263.052047
253.800981
227.656665
194.674604
162.899204
137.559327
126.699381
113.023892
97.337302
75.215188
39.819805
-7.239965
-55.104175
-92.912879
-114.230553
-130.319363
-151.234816
-164.508085
-179.792454
-200.707908
-222.025581
-242.941035
-255.409862
-264.258708
-264.258708
-258.627624
-250.180999
-236.505510
-220.818920
-195.479044
-168.128067
-141.581530
-116.643874
-90.097337
-63.148580
-33.384281
-3.217762
26.144317
45.853109
58.724157
71.997426
78.030730
77.226289
82.857373
86.477355
82.052932
68.779664
41.428686
14.882149
-12.468828
-30.970960
-39.015365
-47.461990
-65.964122
-89.292897
-117.448315
-146.005953
-167.725847
-189.445740
-209.958974
-225.243343
-235.701070
-238.918832
-223.634462
-205.534551
-189.043520
-176.976913
-170.943609
-170.943609
-170.943609
-171.345829
-151.637036
-123.883839
-96.130641
-55.908616
-22.926555
9.251066
45.853109
73.606307
95.728421
111.012791
122.677178
140.374869
156.061459
171.748049
192.261282
210.763414
223.634462
239.321052
246.963237
236.103290
212.774515
177.781353
146.408173
127.101601
124.688279
134.341565
146.005953
146.810393
133.134905
116.241654
93.315099
73.204087
51.081972
30.568739
7.642185
-7.642185
-8.044405
-5.631084
7.239965
20.915453
23.328775
28.959858
31.775400
30.970960
28.959858
13.273268
7.642185
7.642185
17.697691
43.842008
84.868474
124.286059
152.039257
169.736948
170.943609
162.496983
150.832596
146.810393
150.028155
160.485882
170.943609
170.139168
162.094763
135.548226
98.543963
63.953021
32.177620
-1.206661
-28.557638
-49.473091
-68.779664
-82.052932
-96.130641
-112.219451
-132.732684
-160.083662
-183.814657
-208.350093
-235.298850
-255.007642
-277.531977
-298.447430
-319.765103
-332.233931
-326.602848
-307.698496
-285.576382
-264.660928
-239.321052
-205.132330
-176.976913
-150.832596
-123.883839
-96.130641
-64.757461
-22.926555
18.502132
44.244228
55.104175
54.299735
54.299735
63.550800
81.248492
98.946183
97.337302
80.444051
61.941919
54.701955
53.897514
55.908616
62.344140
61.539699
62.746360
54.299735
36.602043
8.848846
-28.959858
-65.159681
-88.488456
-109.001689
-111.012791
-101.761725
-94.119540
-95.728421
-115.839434
-137.961548
-156.061459
-163.703644
-156.463680
-129.917143
-94.521760
-49.875312
-8.446625
36.199823
66.768562
87.684016
109.001689
122.274958
131.526024
150.430376
168.932507
184.619097
212.372295
227.254445
249.778779
264.660928
263.052047
253.398761
241.734374
233.287748
232.483308
233.287748
232.081088
238.114391
241.734374
238.114391
224.036682
202.719009
173.356930
139.570429
104.577267
76.019628
43.439788
7.239965
-22.524334
-49.473091
-71.997426
-84.868474
-96.130641
-116.241654
-137.961548
-165.312525
-188.641300
-208.350093
-205.936771
-200.305687
-191.456842
-175.770252
-166.116966
-161.290323
-153.245917
-141.581530
-146.408173
-148.419274
-144.799292
-131.526024
-100.957284
-64.757461
-26.948757
7.239965
30.166519
44.244228
52.288633
61.137479
62.344140
66.366342
78.030730
87.684016
98.543963
108.599469
108.197249
96.130641
73.606307
39.417585
11.664387
-20.111013
-47.059770
-67.170783
-83.259593
-96.130641
-106.186148
-113.426112
-124.286059
-141.179310
-176.976913
-207.143432
-230.472207
-240.527713
-230.874427
-211.970075
-190.250181
-168.128067
-149.625935
-133.537125
-112.621672
-104.979487
-98.543963
-79.237390
-49.875312
-4.022203
55.104175
106.186148
150.028155
183.010216
196.685705
203.523449
196.685705
194.674604
191.054622
187.836859
196.283485
206.338991
219.612260
219.210039
209.154533
197.490146
176.574692
148.419274
118.252755
85.672914
53.897514
35.395383
30.970960
32.177620
39.819805
36.602043
25.742096
-1.206661
-37.004264
-78.030730
-109.001689
-117.046094
-116.643874
-115.034993
-101.359504
-82.857373
-66.768562
-48.266431
-46.255329
-55.104175
-62.746360
-61.137479
-54.299735
-29.764299
2.413322
24.535436
44.646448
53.495294
61.941919
69.986325
72.801866
69.181884
54.299735
46.657550
46.657550
47.461990
55.908616
61.539699
55.104175
53.093074
42.635347
32.177620
30.568739
24.133215
16.491030
15.284370
15.284370
8.848846
0.804441
-2.413322
-16.491030
-32.579841
-50.277532
-72.801866
-93.717320
-111.415011
-124.286059
-139.972649
-147.614834
-147.614834
-147.614834
-148.017054
-142.385971
-137.559327
-126.699381
-105.783927
-84.868474
-70.388545
-55.908616
-45.450889
-42.635347
-30.568739
-14.479929
-6.033304
-0.402220
4.424423
12.468828
25.339876
41.026466
57.517497
72.801866
90.097337
107.795029
123.481619
147.212614
163.301424
172.954710
175.368032
170.943609
167.323626
161.692543
150.430376
137.961548
121.470517
95.326201
66.768562
35.797603
6.435524
-18.904352
-39.819805
-61.137479
-75.215188
-84.064033
-87.684016
-98.946183
-108.599469
-127.503821
-142.788191
-150.028155
-155.659239
-149.625935
-144.397072
-139.168209
-139.972649
-139.972649
-134.341565
-129.514922
-120.263856
-105.783927
-86.477355
-62.344140
-32.177620
4.022203
39.819805
70.388545
91.303998
113.426112
131.526024
146.810393
162.899204
174.563591
183.010216
184.619097
176.574692
167.323626
156.061459
142.385971
125.894940
103.772826
86.075135
69.986325
46.657550
30.568739
13.273268
-9.653286
-24.937656
-42.635347
-47.864210
-56.310836
-77.226289
-98.141742
-122.274958
-141.983750
-153.245917
-156.463680
-151.637036
-146.408173
-139.972649
-131.928244
-119.057196
-105.783927
-94.923980
-84.868474
-73.204087
-52.690854
-30.568739
-1.206661
31.775400
62.746360
86.477355
106.990588
122.274958
135.950446
140.374869
139.570429
139.972649
139.570429
139.972649
139.168209
140.777090
135.548226
121.068297
102.566165
86.075135
70.388545
56.310836
42.233127
27.350977
12.871048
4.424423
-2.413322
-9.653286
-22.524334
-39.417585
-64.355241
-91.706218
-111.817231
-134.341565
-144.799292
-152.843697
-155.257019
-144.397072
-137.559327
-131.526024
-133.134905
-128.710482
-123.883839
-123.481619
-104.577267
-83.259593
-57.115276
-27.350977
4.424423
34.993162
51.886413
59.528598
63.148580
55.908616
56.310836
65.159681
80.041831
96.130641
117.448315
134.743786
139.570429
140.374869
134.743786
117.448315
99.348403
86.477355
74.008527
69.986325
68.779664
60.333038
55.104175
39.819805
17.697691
-6.435524
-40.624246
-69.181884
-91.706218
-109.001689
-116.643874
-115.839434
-117.448315
-111.817231
-109.001689
-116.241654
-120.666077
-126.297160
-131.928244
-130.721583
-117.046094
-97.739522
-71.595206
-45.853109
-24.133215
-7.239965
8.848846
22.122114
32.177620
47.864210
54.701955
67.573003
79.237390
90.499558
112.219451
127.503821
137.559327
140.374869
139.972649
133.939345
119.057196
105.783927
90.097337
67.975223
49.473091
33.786501
20.513233
16.491030
4.826643
-7.239965
-30.568739
-57.115276
-77.226289
-90.097337
-97.337302
-101.761725
-100.957284
-99.750623
-84.868474
-75.215188
-66.366342
-62.746360
-61.137479
-65.561902
-69.986325
-62.746360
-54.701955
-37.406484
-21.719894
-1.608881
20.513233
41.830907
58.321937
69.181884
69.986325
69.181884
59.528598
52.690854
56.713056
61.539699
67.975223
70.388545
69.584104
63.953021
55.506395
41.830907
26.144317
3.619982
-14.882149
-23.328775
-22.122114
-11.664387
-4.022203
0.402220
0.402220
-3.217762
-12.066608
-26.144317
-40.222026
-51.081972
-55.908616
-61.539699
-62.344140
-55.506395
-54.299735
-54.299735
-53.897514
-54.299735
-54.299735
-53.897514
-59.528598
-63.550800
-61.137479
-49.473091
-31.373180
-14.077709
-0.402220
10.457727
20.915453
32.579841
39.015365
39.015365
39.015365
42.635347
51.886413
65.159681
85.270694
98.141742
109.001689
116.643874
116.643874
107.795029
92.912879
76.824069
62.746360
53.897514
41.830907
39.015365
33.786501
29.362079
18.099912
-1.608881
-26.546537
-53.495294
-74.410747
-93.717320
-100.957284
-99.348403
-92.108439
-94.119540
-90.499558
-85.270694
-92.510659
-87.281796
-84.466254
-77.226289
-63.550800
-49.875312
-29.764299
-8.044405
12.871048
34.993162
49.473091
60.333038
69.584104
77.226289
88.890677
106.990588
115.839434
123.883839
133.134905
139.570429
135.950446
127.503821
121.068297
105.381707
90.097337
72.801866
58.724157
38.210924
21.719894
4.424423
-18.099912
-39.015365
-61.539699
-80.846271
-94.923980
-109.403910
-122.274958
-131.928244
-143.994852
-148.419274
-147.212614
-141.179310
-139.570429
-135.146006
-125.894940
-125.090500
-121.068297
-113.426112
-101.761725
-80.041831
-58.724157
-41.830907
-29.764299
-9.653286
8.446625
17.697691
29.362079
38.210924
45.853109
57.919717
71.997426
82.455152
94.119540
101.359504
100.555064
101.359504
97.337302
84.064033
68.779664
56.713056
46.255329
37.808704
31.373180
21.719894
13.273268
7.239965
-3.217762
-16.893251
-35.797603
-54.701955
-67.573003
-72.399646
-78.432950
-69.986325
-62.746360
-59.528598
-54.701955
-51.081972
-51.484193
-55.104175
-53.897514
-51.484193
-42.233127
-29.362079
-18.904352
-4.826643
12.066608
29.764299
46.255329
58.321937
68.377443
74.410747
82.455152
95.326201
111.415011
121.872738
129.514922
132.330464
132.330464
131.928244
123.883839
110.208350
94.119540
76.824069
57.517497
42.233127
26.144317
10.457727
3.217762
-4.424423
-14.077709
-21.719894
-32.982061
-43.037567
-56.310836
-69.584104
-78.835170
-90.901778
-93.717320
-92.912879
-92.912879
-86.477355
-85.270694
-85.672914
-85.270694
-86.075135
-84.868474
-86.477355
-78.432950
-63.148580
-43.037567
-20.915453
-4.826643
11.664387
26.546537
40.222026
55.908616
70.388545
68.779664
73.606307
77.628509
82.455152
92.912879
92.912879
93.315099
93.315099
85.270694
71.192985
64.757461
56.713056
43.439788
30.970960
18.099912
10.457727
2.815542
-6.435524
-14.077709
-25.339876
-43.842008
-59.930818
-76.019628
-90.097337
-97.337302
-104.979487
-114.632773
-117.046094
-116.241654
-117.046094
-116.241654
-117.046094
-112.219451
-105.381707
-92.510659
-76.421849
-60.333038
-37.808704
-20.513233
-4.826643
9.653286
23.328775
40.222026
53.495294
65.561902
81.650712
91.303998
96.532861
101.359504
100.957284
100.555064
106.990588
109.403910
109.806130
116.643874
105.381707
100.957284
100.152844
89.695117
82.052932
67.573003
49.875312
26.546537
9.653286
-6.837744
-36.199823
-58.321937
-80.041831
-98.946183
-113.023892
-120.666077
-127.906041
-133.134905
-138.765988
-147.212614
-147.614834
-146.005953
-132.732684
-116.643874
-98.946183
-78.835170
-68.779664
-56.713056
-36.602043
-25.339876
-9.251066
9.251066
21.317674
39.819805
56.713056
72.801866
100.555064
123.079398
136.352667
147.614834
153.648138
156.061459
154.854798
156.061459
154.452578
147.212614
135.548226
120.666077
106.186148
91.303998
69.986325
41.830907
12.871048
-15.686590
-39.417585
-59.930818
-76.019628
-91.706218
-108.599469
-123.481619
-134.341565
-139.570429
-139.972649
-139.972649
-133.537125
-125.894940
-119.057196
-106.588368
-93.315099
-78.432950
-62.746360
-45.853109
-28.155418
-0.402220
21.317674
37.808704
56.310836
68.779664
83.661813
97.739522
112.219451
126.699381
138.765988
139.972649
139.972649
139.168209
129.514922
119.057196
104.175046
80.846271
63.550800
47.461990
24.535436
5.228863
-10.055506
-26.144317
-43.037567
-57.115276
-71.997426
-88.488456
-104.175046
-120.263856
-130.319363
-137.559327
-140.374869
-139.168209
-139.972649
-137.559327
-126.699381
-122.677178
-113.828332
-102.163945
-92.108439
-80.444051
-71.192985
-54.701955
-26.948757
-2.413322
24.937656
47.864210
61.137479
75.215188
83.661813
92.108439
102.566165
113.828332
123.079398
129.917143
137.961548
139.972649
141.983750
141.179310
129.514922
115.437213
98.946183
84.064033
71.595206
61.539699
49.473091
35.395383
25.742096
9.653286
-12.066608
-33.384281
-54.701955
-76.019628
-91.303998
-104.577267
-109.403910
-108.197249
-109.001689
-108.599469
-109.001689
-104.175046
-92.108439
-85.672914
-80.041831
-68.377443
-58.321937
-49.875312
-30.568739
-8.446625
12.871048
28.557638
44.646448
59.528598
70.388545
82.052932
91.303998
98.543963
101.761725
106.990588
115.034993
117.046094
116.643874
115.839434
105.783927
98.141742
80.444051
63.953021
51.484193
30.568739
13.273268
4.826643
-10.457727
-25.742096
-44.646448
-59.930818
-80.444051
-98.946183
-115.034993
-129.514922
-135.548226
-141.581530
-146.810393
-148.419274
-141.179310
-139.972649
-134.743786
-124.286059
-119.057196
-113.023892
-96.130641
-82.052932
-67.573003
-53.093074
-39.015365
-24.937656
-4.022203
14.479929
27.753198
40.222026
50.679752
66.768562
82.455152
97.739522
107.795029
109.001689
108.599469
109.403910
107.795029
100.957284
101.761725
98.543963
92.912879
92.912879
85.270694
77.226289
63.953021
47.059770
36.199823
18.904352
4.022203
-7.239965
-20.915453
-23.730995
-24.133215
-34.993162
-41.830907
-51.886413
-62.746360
-74.008527
-78.432950
-85.270694
-81.650712
-69.986325
-59.528598
-49.070871
-34.993162
-24.535436
-20.111013
-15.284370
-6.837744
1.608881
10.457727
21.317674
37.004264
55.506395
67.975223
80.444051
85.270694
85.672914
85.270694
85.672914
85.270694
85.270694
85.672914
85.672914
85.270694
85.672914
78.835170
67.170783
55.908616
40.222026
27.350977
6.837744
-10.055506
-19.306572
-33.384281
-41.830907
-52.288633
-61.539699
-68.779664
-81.650712
-92.912879
-101.761725
-112.621672
-122.677178
-124.286059
-124.286059
-121.068297
-112.621672
-109.001689
-100.152844
-92.510659
-88.488456
-79.237390
-70.790765
-62.746360
-45.853109
-21.719894
-6.435524
11.664387
30.970960
40.624246
49.473091
54.299735
59.930818
67.975223
71.997426
79.639611
85.672914
85.672914
92.912879
89.695117
81.650712
75.215188
64.757461
53.495294
45.450889
36.602043
28.959858
17.697691
3.619982
-2.815542
-10.055506
-21.317674
-36.602043
-49.473091
-56.310836
-67.170783
-70.388545
-70.388545
-67.573003
-61.539699
-61.539699
-51.081972
-46.255329
-39.819805
-32.579841
-28.155418
-17.295471
-4.022203
8.446625
24.133215
40.222026
51.484193
65.561902
70.790765
74.812968
79.237390
76.421849
80.041831
82.052932
82.052932
87.281796
93.717320
90.097337
84.868474
82.052932
67.573003
53.093074
41.026466
28.155418
15.284370
4.826643
-5.631084
-19.306572
-25.339876
-32.982061
-46.255329
-60.735259
-75.617408
-86.879575
-92.108439
-95.326201
-101.359504
-100.555064
-100.957284
-100.555064
-101.761725
-97.739522
-92.108439
-94.521760
-88.890677
-84.868474
-75.617408
-59.930818
-46.255329
-35.395383
-22.926555
-10.055506
0.000000
11.262167
21.317674
32.982061
39.417585
44.646448
53.093074
64.355241
70.388545
69.584104
69.986325
69.584104
62.746360
62.344140
56.713056
53.093074
48.266431
45.048669
38.210924
30.970960
22.926555
11.664387
0.804441
-12.871048
-20.111013
-27.350977
-32.579841
-37.808704
-40.624246
-47.059770
-45.450889
-49.875312
-50.277532
-45.450889
-47.059770
-46.657550
-42.635347
-34.590942
-21.719894
-12.066608
-3.619982
4.424423
10.859947
21.719894
28.155418
33.384281
41.026466
51.081972
53.897514
58.724157
68.779664
75.617408
78.432950
77.226289
78.432950
74.812968
69.181884
70.388545
68.377443
61.539699
55.104175
50.277532
42.233127
36.199823
25.339876
14.882149
2.815542
-11.262167
-21.317674
-32.579841
-40.222026
-49.473091
-55.506395
-60.333038
-66.768562
-70.388545
-69.181884
-71.997426
-78.432950
-71.595206
-69.986325
-70.388545
-63.148580
-62.344140
-57.115276
-51.886413
-42.233127
-34.993162
-28.155418
-20.915453
-10.859947
-1.206661
6.033304
18.099912
23.328775
28.959858
37.004264
41.026466
47.461990
45.853109
47.864210
53.093074
56.713056
60.735259
54.299735
53.495294
47.864210
43.037567
37.406484
31.775400
22.122114
14.882149
16.088810
5.228863
-4.826643
-10.055506
-14.882149
-20.513233
-28.959858
-38.613145
-44.244228
-50.277532
-54.299735
-58.321937
-63.550800
-55.908616
-54.299735
-50.679752
-45.048669
-47.864210
-45.048669
-42.233127
-42.635347
-38.613145
-29.764299
-18.904352
-11.262167
-7.239965
-0.402220
6.837744
15.284370
23.328775
27.350977
36.602043
39.015365
39.417585
45.853109
46.657550
47.461990
55.104175
51.886413
45.853109
47.461990
41.026466
33.384281
26.144317
19.708793
12.066608
6.837744
0.402220
-0.402220
-0.402220
-8.446625
-14.479929
-18.904352
-27.350977
-31.775400
-38.613145
-45.048669
-50.277532
-55.908616
-49.070871
-46.255329
-46.657550
-46.255329
-45.853109
-50.679752
-49.070871
-45.048669
-39.819805
-29.764299
-19.708793
-12.066608
-2.413322
11.664387
19.306572
26.144317
33.384281
41.026466
47.864210
55.506395
61.941919
71.595206
78.030730
83.661813
86.477355
84.466254
86.075135
78.835170
77.226289
78.030730
77.628509
77.226289
69.181884
63.148580
53.093074
45.853109
36.199823
21.719894
11.262167
0.402220
-10.859947
-24.937656
-33.384281
-38.613145
-44.244228
-57.115276
-62.344140
-62.344140
-73.204087
-78.030730
-77.226289
-78.030730
-77.226289
-78.030730
-76.019628
-66.366342
-58.321937
-49.070871
-34.188722
-30.970960
-28.959858
-16.491030
-8.446625
-4.424423
9.653286
18.502132
24.937656
35.797603
39.015365
38.613145
39.015365
37.406484
30.568739
32.177620
28.959858
23.328775
20.513233
14.077709
8.848846
3.619982
-7.642185
-16.088810
-24.937656
-33.384281
-42.233127
-47.864210
-45.450889
-51.484193
-55.104175
-54.701955
-54.299735
-54.701955
-53.897514
-55.506395
-51.484193
-45.853109
-46.255329
-35.797603
-24.937656
-15.686590
-9.251066
-0.804441
8.446625
14.479929
19.306572
27.350977
31.775400
38.210924
45.450889
53.897514
63.148580
69.181884
70.388545
63.550800
61.539699
62.344140
61.539699
62.344140
61.539699
55.104175
54.299735
48.668651
45.450889
39.417585
31.373180
24.937656
17.697691
10.457727
5.631084
-1.206661
-7.239965
-12.871048
-16.491030
-14.882149
-18.502132
-26.144317
-31.775400
-30.568739
-31.775400
-30.568739
-36.199823
-38.210924
-30.568739
-31.775400
-26.144317
-22.524334
-24.133215
-22.122114
-16.893251
-13.273268
-14.479929
-13.273268
-5.228863
4.022203
8.848846
7.239965
10.457727
16.088810
14.882149
15.686590
15.284370
16.088810
15.284370
16.088810
12.871048
7.642185
7.642185
8.044405
5.631084
-1.608881
-11.664387
-16.491030
-14.479929
-20.513233
-23.730995
-22.926555
-24.133215
-29.764299
-31.373180
-30.568739
-31.373180
-30.166519
-32.579841
-37.808704
-30.970960
-31.775400
-29.764299
-23.328775
-23.730995
-19.306572
-10.055506
-8.044405
-1.206661
7.239965
11.262167
17.295471
22.524334
27.753198
36.199823
39.417585
39.015365
46.657550
46.255329
46.657550
47.059770
46.657550
47.059770
46.255329
47.461990
41.428686
38.210924
39.819805
32.982061
30.166519
24.535436
19.306572
14.882149
16.088810
11.262167
6.033304
-0.804441
-8.044405
-14.882149
-15.284370
-18.099912
-26.948757
-30.970960
-31.373180
-30.166519
-37.004264
-39.015365
-38.613145
-38.613145
-39.015365
-39.015365
-39.015365
-39.015365
-33.786501
-28.155418
-23.730995
-23.328775
-24.133215
-18.099912
-15.284370
-12.468828
-6.435524
-8.848846
-4.826643
-0.804441
3.217762
8.044405
8.044405
7.239965
8.848846
14.479929
17.697691
23.328775
22.926555
23.730995
23.328775
23.328775
23.730995
18.099912
14.882149
16.088810
16.088810
10.055506
6.837744
1.608881
-1.206661
-7.642185
-7.642185
-11.664387
-16.893251
-12.468828
-7.239965
-12.468828
-16.491030
-15.284370
-15.284370
-15.686590
-15.284370
-16.088810
-12.871048
-6.837744
-8.044405
-7.642185
-3.217762
1.608881
-1.206661
4.022203
7.642185
12.066608
16.088810
15.686590
15.284370
17.295471
25.339876
30.568739
30.970960
24.133215
22.926555
22.926555
23.328775
22.926555
23.730995
19.708793
14.479929
16.491030
13.675489
7.239965
7.642185
7.642185
1.206661
-1.206661
-7.239965
-8.446625
-14.479929
-16.088810
-14.882149
-20.111013
-24.133215
-22.122114
-26.546537
-31.373180
-30.568739
-30.970960
-31.373180
-30.970960
-31.373180
-30.568739
-32.177620
