39.645156
32.972209
10.598210
-5.887894
-9.813157
-35.719893
-52.991050
-41.215261
-28.261894
2.355158
24.336631
13.345894
4.317789
-0.785053
5.495368
40.037683
52.205998
30.617051
11.775789
-12.168315
-20.018841
-15.308526
-42.392840
-59.663997
-52.205998
-43.962946
0.392526
55.738734
76.150102
89.888523
78.112734
36.112420
14.523473
-20.018841
-85.570733
-113.440100
-119.720521
-106.374627
-55.738734
-7.850526
23.159052
59.271471
64.374313
41.215261
37.682525
27.869367
34.149788
65.159366
56.131261
16.878631
-19.233789
-58.093892
-54.561156
-13.345894
14.130947
41.607788
54.953682
47.103156
44.355472
32.187157
21.588946
29.046946
26.299262
14.915999
16.486105
6.672947
-13.345894
-23.159052
-33.757262
-28.261894
-17.271157
-21.981473
-17.271157
-32.187157
-81.645470
-111.869995
-133.066415
-120.505574
-60.056524
-11.775789
11.383263
38.075051
58.878945
73.402418
85.570733
61.626629
30.224525
9.028105
-10.990736
-16.486105
-14.523473
-36.897472
-42.000314
-19.233789
4.710316
40.037683
60.056524
43.570419
36.897472
38.860104
29.439472
23.159052
20.018841
5.102842
0.392526
-3.925263
-18.841262
-23.159052
-14.915999
3.140210
35.327367
54.561156
44.747998
34.934841
21.196420
0.392526
-13.738420
-34.149788
-52.205998
-38.860104
-14.130947
3.925263
19.626315
18.448736
13.738420
23.551578
30.224525
30.617051
29.046946
11.775789
-10.205684
-20.411368
-28.261894
-29.439472
-22.373999
-24.729157
-37.289998
-56.916313
-80.075365
-89.103470
-69.477155
-47.888209
-30.224525
-20.803894
-12.953368
3.925263
36.112420
73.794944
84.785681
71.832313
45.140524
12.560842
-5.102842
-8.243052
-7.458000
-5.495368
6.280421
7.065473
-5.887894
-32.187157
-51.420945
-41.215261
-10.990736
14.915999
7.850526
-25.121683
-59.663997
-95.383891
-118.150416
-117.365363
-98.916627
-45.140524
21.981473
65.944418
103.626943
111.477469
79.290312
55.738734
40.822735
29.046946
47.103156
60.841576
64.374313
97.346522
124.038311
113.047574
98.916627
76.935155
42.392840
52.205998
67.907050
56.131261
50.635893
39.645156
31.402104
26.691788
13.738420
-8.243052
-24.336631
-53.776103
-92.243680
-109.122311
-114.225153
-110.692416
-104.019469
-114.617679
-128.748626
-128.748626
-126.393468
-98.916627
-42.785367
13.738420
56.131261
65.944418
35.327367
9.028105
-0.392526
1.570105
14.915999
37.682525
55.738734
72.224839
74.579997
56.131261
34.542314
-1.177579
-43.962946
-49.458314
-16.878631
49.458314
121.683153
138.954310
92.243680
41.607788
1.962631
-15.701052
5.102842
12.953368
6.280421
7.458000
-21.981473
-62.804208
-68.692102
-56.523787
-29.439472
-7.458000
-14.915999
-35.719893
-37.289998
-47.495682
-51.813472
-34.542314
-34.149788
-44.355472
-50.243366
-67.514523
-76.150102
-60.841576
-63.196734
-67.907050
-44.355472
-12.953368
9.028105
28.261894
29.046946
21.981473
21.981473
-10.990736
-45.140524
-32.187157
2.355158
45.925577
75.757576
52.598524
19.626315
3.140210
-13.345894
-26.299262
-34.149788
-46.318103
-40.037683
-12.953368
-7.065473
-7.458000
-11.383263
-27.869367
-49.850840
-52.598524
-58.878945
-79.290312
-84.000628
-81.252944
-49.850840
-5.495368
10.598210
12.953368
34.149788
79.682839
105.197048
109.907364
97.739049
73.794944
89.495996
115.402732
112.655048
101.664312
93.421259
66.729471
60.056524
59.663997
51.813472
63.196734
97.346522
116.580311
135.421573
143.664626
115.795258
93.421259
78.112734
62.411682
60.056524
60.449050
34.542314
23.944104
38.467577
51.420945
73.009892
90.673575
90.281049
96.168943
94.991364
72.617365
52.598524
40.037683
28.261894
12.953368
0.000000
-14.130947
-14.130947
-25.514209
-62.411682
-100.094206
-109.122311
-97.739049
-81.252944
-68.692102
-74.972523
-101.271785
-130.711258
-150.337573
-183.309782
-230.412938
-281.833883
-336.002512
-377.610300
-396.844089
-424.713456
-447.872507
-456.115560
-450.227665
-430.993877
-403.909562
-384.283247
-369.367248
-342.282933
-303.815356
-254.749568
-195.870623
-157.795572
-120.505574
-71.439786
-29.831999
-5.102842
18.056210
45.140524
73.009892
121.683153
176.244308
241.403674
317.946302
394.488931
471.424085
534.620820
567.593029
582.509028
584.864186
580.938923
576.621134
569.163134
555.032187
540.901240
530.695557
531.480609
528.340399
522.059978
523.630083
519.312294
495.760716
469.068928
449.835139
421.573245
388.993563
358.376511
323.834197
299.105040
290.076935
286.936725
299.105040
318.731355
315.591145
294.394724
255.142095
179.777045
82.037997
-46.318103
-217.459570
-388.993563
-563.275239
-759.145863
-939.707960
-1114.382164
-1269.430052
-1357.355943
-1399.748783
-1415.057309
-1368.346679
-1281.205841
-1177.971424
-1050.792903
-928.324698
-809.389229
-682.210708
-589.574501
-534.620820
-480.452190
-461.610928
-455.330507
-445.124823
-457.293139
-456.508086
-425.105982
-394.881457
-339.142723
-219.814728
-67.514523
115.010206
309.310724
480.059664
648.453446
799.968598
894.567436
938.137855
931.464908
857.669964
750.510284
615.481237
441.199560
303.030303
198.225781
102.449364
65.944418
85.178207
151.122625
281.441357
442.377139
606.060606
791.333019
957.764170
1087.690375
1179.934056
1227.037211
1242.738263
1236.850369
1176.793845
1096.325954
1015.858062
919.296593
827.052913
724.603548
622.546711
544.826503
483.984927
420.395667
375.255142
344.245564
294.002198
231.590517
114.225153
-48.673261
-217.067043
-426.283561
-670.827445
-914.586277
-1174.831214
-1422.907835
-1627.021510
-1818.966871
-1957.921181
-2007.772021
-2009.342126
-1952.033286
-1827.602449
-1666.666667
-1459.412781
-1213.298791
-987.988695
-755.613126
-498.508400
-285.366620
-94.206312
72.617365
198.225781
317.553776
414.115246
459.255770
485.162506
503.218716
478.097033
425.498508
365.049458
290.861988
237.478411
187.235045
125.215889
78.112734
43.177893
10.598210
-37.682525
-100.486733
-169.571361
-226.095148
-282.618935
-348.170827
-399.591773
-431.386403
-447.087455
-446.302402
-422.750824
-356.413880
-237.085885
-96.953996
58.486419
248.076621
474.171770
732.846601
1001.334589
1260.794473
1510.441200
1722.405401
1886.481394
2007.772021
2073.716439
2111.006437
2119.642016
2064.295808
1975.977390
1875.098132
1736.536348
1559.114461
1353.823206
1125.765426
898.885225
677.892919
432.171455
191.945360
-52.991050
-312.843461
-560.920082
-835.688491
-1132.830900
-1394.253415
-1643.900141
-1885.303815
-2094.520333
-2268.016957
-2403.438530
-2474.485791
-2493.719579
-2469.382949
-2357.905480
-2210.708117
-2040.351704
-1818.966871
-1571.282776
-1295.729314
-999.764484
-719.108180
-447.872507
-169.571361
80.860418
301.460198
506.358926
678.285445
823.127650
936.960276
987.596169
1007.222484
1011.540273
972.287643
909.090909
816.847229
675.537761
514.994505
332.077249
127.178521
-70.654734
-265.347778
-459.255770
-636.285131
-785.052599
-905.558172
-965.222170
-983.670906
-980.530696
-917.726488
-803.108808
-653.948815
-458.470718
-235.908306
3.925263
273.198304
541.686293
802.323756
1060.213534
1303.972366
1529.282462
1724.368033
1887.658973
2034.071283
2171.455488
2291.961061
2392.840320
2463.495054
2500.392526
2503.925263
2455.644528
2373.214005
2255.848642
2090.202544
1871.172869
1601.899827
1277.673104
908.698383
503.218716
45.140524
-450.227665
-952.268802
-1445.674360
-1896.687078
-2299.419061
-2671.533993
-2974.956822
-3205.762286
-3371.015858
-3434.212592
-3403.988067
-3303.108808
-3118.228921
-2877.217774
-2609.514837
-2297.848956
-1959.491286
-1623.488774
-1291.018998
-977.390485
-676.715340
-382.713142
-105.589575
153.870309
407.049772
662.191867
909.875962
1160.700267
1385.617836
1579.918355
1739.284032
1843.696028
1881.378552
1862.537290
1777.359083
1612.498037
1377.767310
1076.307113
729.706390
356.413880
-41.215261
-440.021981
-825.875334
-1172.083530
-1448.422044
-1657.246035
-1791.882556
-1846.051185
-1813.078976
-1694.928560
-1482.179306
-1193.672476
-848.641859
-465.143665
-63.589260
334.039881
726.566180
1097.503533
1435.468676
1742.031716
1996.388758
2211.100644
2375.176637
2490.971895
2567.121997
2629.926205
2691.552834
2750.039253
2799.105040
2816.768724
2812.450934
2769.665568
2674.674203
2505.495368
2252.315905
1908.070341
1496.702779
1027.633851
484.377453
-102.841890
-728.528811
-1373.449521
-2003.454231
-2600.094206
-3147.668394
-3605.354059
-3961.375412
-4200.031402
-4296.200345
-4267.545926
-4135.657089
-3895.430994
-3568.849113
-3174.360182
-2716.281991
-2239.362537
-1774.218873
-1314.963103
-885.931857
-494.975663
-127.963574
186.057466
453.760402
687.706076
902.025436
1106.531638
1305.149945
1501.020568
1689.040666
1844.481080
1962.238970
2039.566651
2069.006123
2043.099388
1930.444340
1720.050243
1423.692887
1059.821008
641.780499
172.319045
-326.974407
-835.688491
-1320.850997
-1755.770137
-2112.184016
-2364.578427
-2517.271157
-2554.168629
-2469.775475
-2268.802010
-1955.173497
-1552.441514
-1091.615638
-580.153870
-35.719893
511.069242
1056.288271
1561.077092
2010.519705
2408.541372
2735.515780
2987.910190
3177.107866
3312.136913
3404.380593
3471.895117
3510.362694
3520.175852
3503.689747
3446.773434
3352.174596
3216.360496
3016.564610
2748.469147
2398.335688
1969.304443
1473.151201
905.950699
259.459884
-452.190297
-1202.308055
-1969.304443
-2715.104412
-3413.801225
-4056.759303
-4603.940964
-5020.411368
-5280.656304
-5378.787879
-5321.086513
-5116.187785
-4781.362851
-4326.032344
-3779.243209
-3161.799341
-2509.813157
-1858.219501
-1234.102685
-639.425341
-87.140838
400.376825
818.417334
1181.111634
1492.777516
1758.910347
1991.678442
2168.707803
2302.951798
2405.401162
2458.784739
2473.308212
2430.130319
2332.391270
2166.745172
1913.958235
1581.488460
1182.681740
721.463338
215.104412
-318.731355
-871.800911
-1409.169414
-1886.873921
-2300.204114
-2631.496310
-2844.245564
-2949.050086
-2916.862930
-2732.768095
-2420.317161
-1989.323285
-1454.702465
-865.127964
-236.300832
425.891035
1079.054797
1700.423928
2276.652536
2781.441357
3214.005338
3575.522060
3838.907207
4010.833726
4120.348563
4163.526456
4154.498351
4105.825090
3998.665411
3849.897943
3659.522688
3407.520804
3105.275553
2741.796200
2291.568535
1775.003925
1198.775318
548.751766
-137.384205
-874.548595
-1666.274140
-2453.289370
-3214.790391
-3930.758361
-4567.043492
-5107.552206
-5522.059978
-5770.136599
-5847.464280
-5772.491757
-5541.686293
-5178.599466
-4680.876119
-4069.320144
-3380.043963
-2640.524415
-1882.163605
-1134.401005
-422.358298
237.870937
831.370702
1344.795101
1770.686136
2116.894332
2399.120741
2625.215889
2790.076935
2899.984299
2946.694929
2926.676087
2858.376511
2730.020411
2531.794630
2263.306642
1930.836866
1523.002041
1052.363008
535.405872
-13.738420
-579.761344
-1157.560057
-1718.087612
-2247.213063
-2697.833255
-3043.648924
-3267.781441
-3364.342911
-3320.379965
-3129.612184
-2802.637777
-2345.344638
-1782.854451
-1142.251531
-443.162192
290.076935
1019.783325
1722.405401
2366.148532
2927.461140
3414.193751
3818.495839
4124.666353
4345.658659
4473.229706
4518.762757
4512.874863
4465.771707
4371.957921
4223.975506
4003.375726
3725.859633
3404.380593
3012.639347
2542.392840
1997.173811
1367.169100
681.425656
-45.533051
-840.398807
-1679.227508
-2521.588946
-3336.866070
-4098.367091
-4772.334746
-5359.554090
-5812.136913
-6094.755849
-6203.485634
-6132.045847
-5896.530068
-5521.274925
-5018.056210
-4383.733710
-3659.915214
-2869.759774
-2056.837808
-1272.570262
-527.555346
179.384519
814.492071
1360.888680
1820.929502
2182.446224
2478.411054
2720.992306
2887.423457
2991.050400
3043.648924
3029.517978
2963.573559
2840.320301
2637.384205
2367.718637
2028.183388
1607.395195
1128.905637
600.565238
23.159052
-586.434291
-1203.093107
-1806.013503
-2363.008322
-2842.675459
-3220.285759
-3466.399749
-3571.204271
-3524.493641
-3318.024808
-2959.255770
-2445.438844
-1809.938766
-1099.466164
-337.965144
451.405244
1228.999843
1972.444654
2645.627257
3221.463338
3703.093107
4092.086670
4382.163605
4575.679070
4676.950856
4694.614539
4662.034856
4585.099702
4463.416549
4302.873293
4092.086670
3818.103313
3484.063432
3087.611870
2593.028733
2000.314021
1325.953839
588.789449
-199.795886
-1044.119956
-1929.266761
-2829.722091
-3705.840791
-4507.379494
-5204.898728
-5793.295651
-6243.523316
-6526.534778
-6610.927932
-6494.347621
-6193.672476
-5739.912074
-5146.019783
-4417.098446
-3598.288585
-2720.992306
-1846.443712
-1006.044905
-204.506202
527.162820
1181.504161
1746.742032
2212.278223
2577.327681
2860.731669
3062.097661
3186.135971
3252.080389
3253.257968
3189.668708
3074.265976
2899.984299
2652.300204
2336.709060
1947.322971
1491.599937
976.997959
404.694615
-205.683781
-826.660386
-1446.459413
-2036.033914
-2576.150102
-3044.041451
-3396.922594
-3611.634480
-3681.896687
-3595.540901
-3347.071754
-2947.087455
-2394.410425
-1722.405401
-974.250275
-175.066729
641.387973
1444.104255
2201.680013
2883.105668
3470.325012
3955.487518
4344.873607
4618.856963
4789.213377
4866.148532
4853.587690
4778.615167
4652.614225
4475.977390
4249.882242
3976.291412
3641.466478
3254.043021
2802.245250
2264.091694
1634.872036
943.633223
198.225781
-588.396923
-1418.197519
-2287.643272
-3166.509656
-3993.955095
-4736.222327
-5383.105668
-5914.586277
-6310.645313
-6527.319830
-6532.815199
-6351.075522
-5995.446695
-5485.555032
-4845.737164
-4088.161407
-3239.912074
-2350.447480
-1465.300675
-628.042079
142.879573
852.567122
1479.431622
2019.155283
2456.429581
2786.151672
3026.770294
3192.023866
3277.594599
3292.118072
3239.912074
3128.827131
2971.424085
2753.964516
2473.700738
2116.894332
1687.078034
1196.420160
643.350604
41.215261
-598.602606
-1244.308369
-1868.817711
-2457.607160
-2976.134401
-3398.885225
-3693.672476
-3848.327838
-3840.869838
-3655.204899
-3311.744387
-2806.563040
-2167.922751
-1432.720992
-626.864500
216.281991
1059.035955
1874.313079
2622.468205
3287.015230
3850.682996
4297.770451
4630.240226
4858.298006
4976.840948
4985.476527
4913.251688
4778.615167
4602.370859
4403.360025
4149.788036
3842.832470
3498.194379
3097.817554
2631.888837
2078.819281
1427.225624
709.295023
-48.673261
-843.146491
-1679.620035
-2558.486419
-3444.418276
-4270.686136
-4999.607474
-5609.200816
-6098.288585
-6440.964045
-6602.292354
-6552.441514
-6290.626472
-5854.529753
-5269.665568
-4580.389386
-3789.841419
-2909.012404
-1990.500864
-1092.400691
-263.385147
482.414822
1150.102057
1737.321401
2230.726959
2606.767153
2864.656932
3039.723661
3150.023552
3195.164076
3171.219972
3090.752080
2958.078191
2769.665568
2540.430209
2253.493484
1895.116973
1471.188570
981.315748
442.377139
-141.701994
-754.828073
-1391.898257
-2014.052442
-2584.785681
-3077.798713
-3471.110064
-3739.205527
-3857.748469
-3814.178050
-3604.569006
-3225.781127
-2689.982729
-2034.463809
-1271.785210
-445.517350
397.629141
1239.990579
2048.594756
2800.675145
3464.829644
4008.478568
4425.734024
4722.091380
4915.606846
5000.000000
4977.626001
4865.756006
4693.436960
4486.183074
4249.882242
3977.468990
3654.419846
3292.903125
2893.311352
2453.681897
1944.967813
1338.907207
657.874078
-71.832313
-829.015544
-1614.853195
-2441.906108
-3294.865756
-4120.348563
-4844.559585
-5429.816298
-5898.492699
-6243.523316
-6427.618150
-6407.599309
-6169.728372
-5732.846601
-5151.907678
-4475.584864
-3702.308055
-2842.675459
-1938.294866
-1052.755535
-232.768095
492.227979
1128.905637
1683.152771
2149.474015
2500.785053
2718.244622
2842.675459
2914.507772
2936.096718
2907.442299
2817.553776
2670.748940
2490.579369
2277.830115
2025.435704
1709.059507
1331.056681
885.146805
383.498194
-157.795572
-735.201759
-1331.449207
-1915.920867
-2461.532423
-2944.732297
-3331.370702
-3593.185743
-3709.373528
-3669.335846
-3459.334275
-3081.723976
-2557.701366
-1902.182446
-1144.999215
-334.039881
504.396295
1326.738892
2106.688648
2828.151986
3464.437117
3980.609201
4367.640132
4630.240226
4786.858220
4852.802638
4817.475271
4695.007065
4510.519705
4302.480766
4083.058565
3836.159523
3544.905009
3210.472602
2851.311038
2445.831371
1988.538232
1438.216360
791.333019
97.739049
-633.144921
-1398.963731
-2200.109907
-3034.228293
-3852.253101
-4587.847386
-5194.300518
-5668.079761
-6013.895431
-6215.653949
-6223.897001
-6005.259852
-5597.425027
-5047.495682
-4396.294552
-3663.447951
-2853.273669
-1982.650338
-1128.120584
-336.787565
369.759774
976.997959
1505.730884
1942.220129
2268.409483
2486.654106
2608.729785
2659.758204
2672.711572
2655.832941
2587.533365
2474.485791
2318.652850
2133.772963
1919.061077
1664.704035
1347.150259
957.764170
506.358926
11.383263
-521.274925
-1085.727744
-1659.208667
-2210.315591
-2706.861360
-3117.836395
-3415.371330
-3577.484691
-3577.092165
-3425.184487
-3114.303658
-2638.954310
-2016.407599
-1281.598367
-485.162506
335.217460
1162.270372
1967.341812
2713.926833
3362.380279
3885.617836
4272.648767
4539.566651
4689.904224
4722.483906
4653.006751
4494.818653
4280.891820
4044.983514
3800.047103
3542.942377
3283.482493
2998.900926
2688.412624
2370.466321
2018.370231
1585.806249
1051.185429
445.517350
-204.898728
-898.492699
-1649.788036
-2461.139896
-3299.968598
-4084.628670
-4757.418747
-5301.852724
-5730.883969
-6024.101115
-6119.877532
-6000.942063
-5679.070498
-5178.991992
-4553.697598
-3825.561313
-3014.209452
-2153.399278
-1281.990893
-452.975349
279.478725
897.315120
1401.318888
1813.864029
2136.520647
2348.092322
2443.083687
2457.607160
2445.831371
2408.933899
2355.157796
2261.736536
2130.240226
1981.080232
1811.508871
1616.815827
1374.234574
1065.316376
679.463024
230.412938
-264.955252
-796.828388
-1337.337102
-1875.883184
-2403.831057
-2867.012090
-3212.042707
-3418.511540
-3487.988695
-3412.623646
-3183.388287
-2785.366620
-2215.418433
-1525.357199
-762.678599
38.075051
837.258596
1627.021510
2375.961689
3025.592715
3564.138797
3981.786780
4256.555189
4423.378866
4501.099074
4470.874549
4337.415607
4134.479510
3899.748783
3672.868582
3458.156696
3232.454074
2991.442927
2734.338201
2464.280107
2180.483592
1846.051185
1416.627414
889.072068
294.394724
-349.348406
-1028.811430
-1759.302873
-2556.523787
-3358.062490
-4094.049301
-4715.810959
-5208.823991
-5580.938923
-5812.529439
-5855.314806
-5677.107866
-5287.721777
-4740.147590
-4090.516565
-3382.791647
-2605.589575
-1780.891820
-971.895117
-224.917569
407.442299
922.436803
1347.542785
1687.078034
1940.257497
2094.520333
2134.165489
2116.501806
2088.632438
2061.155597
2029.360967
1964.986654
1862.537290
1748.704663
1641.937510
1512.011305
1313.392997
1020.568378
646.098289
225.310096
-246.113990
-756.005652
-1302.009735
-1865.284974
-2393.625373
-2843.853038
-3177.892919
-3370.230805
-3423.221856
-3332.940807
-3073.088397
-2636.599152
-2037.604019
-1319.280892
-542.471346
241.011148
1032.736693
1811.116345
2519.233789
3126.079447
3603.783954
3939.001413
4159.993720
4284.032030
4298.948030
4220.835296
4057.936882
3838.514680
3620.270058
3415.371330
3232.454074
3063.667766
2874.862616
2675.851782
2481.943790
2268.016957
1995.996232
1605.432564
1094.755849
499.293453
-147.197362
-850.211964
-1639.582352
-2499.214947
-3354.529753
-4134.872036
-4786.858220
-5300.282619
-5682.210708
-5900.847857
-5916.156382
-5689.276182
-5242.973779
-4652.614225
-3965.693201
-3220.678285
-2415.214319
-1570.890250
-759.145863
-38.075051
552.677029
1014.680484
1392.683310
1692.180876
1887.658973
1977.547496
1976.762443
1936.724761
1916.705919
1906.107709
1877.453289
1837.023081
1777.751609
1700.816455
1628.984142
1517.899199
1326.346365
1044.905009
671.219972
233.553148
-260.244936
-803.108808
-1373.842047
-1940.650024
-2469.775475
-2911.367562
-3226.566180
-3403.988067
-3420.081645
-3278.772178
-2970.246507
-2492.934527
-1869.210237
-1134.793531
-344.638091
442.769666
1213.691317
1955.173497
2623.645784
3190.846287
3622.625216
3917.019940
4091.694144
4176.087298
4170.199403
4075.208039
3897.393625
3670.513424
3454.623960
3268.566494
3110.378395
2971.816612
2814.413566
2644.057152
2474.878317
2286.465693
2035.641388
1660.778772
1161.092793
567.593029
-86.748312
-787.015230
-1561.469618
-2411.289056
-3276.809546
-4048.908777
-4684.016329
-5191.160308
-5563.667766
-5772.884283
-5777.987125
-5555.817240
-5128.356100
-4551.734966
-3894.645941
-3171.612498
-2393.232847
-1603.469932
-834.903439
-158.580625
393.311352
830.978176
1173.653635
1435.076150
1616.030774
1704.349191
1714.947401
1700.031402
1699.246350
1728.685822
1767.938452
1790.704977
1790.704977
1781.676872
1760.872978
1687.078034
1533.207725
1268.644999
898.492699
444.732297
-71.832313
-638.640289
-1231.747527
-1831.135186
-2398.728215
-2878.787879
-3219.893233
-3402.417962
-3422.829330
-3283.875020
-2981.237243
-2498.429895
-1861.359711
-1120.270058
-344.638091
420.788193
1161.485320
1875.098132
2523.551578
3062.882713
3467.969854
3733.710159
3892.290783
3975.898885
3980.216675
3895.038468
3732.532580
3529.989009
3345.894175
3204.192181
3105.275553
3023.237557
2922.358298
2811.273355
2695.478097
2546.710630
2318.652850
1959.883812
1467.263307
860.810174
168.393782
-588.789449
-1423.300361
-2344.952112
-3275.239441
-4116.030774
-4812.764955
-5363.479353
-5763.856178
-5985.633537
-5984.848485
-5730.491443
-5266.917883
-4645.156225
-3928.795729
-3161.014288
-2346.522217
-1528.104883
-755.613126
-75.365049
471.031559
886.716910
1198.382792
1423.300361
1560.684566
1627.021510
1622.311195
1600.722248
1612.105511
1666.274140
1748.704663
1829.172555
1888.836552
1935.939708
1961.061391
1918.276024
1771.078662
1499.842989
1106.139111
617.443869
47.495682
-583.686607
-1254.121526
-1932.014445
-2576.542628
-3121.761658
-3513.895431
-3735.672790
-3772.570262
-3627.335531
-3293.688177
-2763.777673
-2069.791176
-1281.205841
-450.620192
373.685037
1164.233004
1907.285288
2569.477155
3114.696185
3522.138483
3786.701209
3938.608887
4003.768252
3980.216675
3873.056995
3705.448265
3517.820694
3352.959648
3239.912074
3164.547025
3108.023238
3057.779871
2992.227979
2905.479667
2778.301146
2562.804208
2214.633380
1731.826032
1114.382164
386.638405
-414.507772
-1293.374156
-2236.614853
-3198.696813
-4095.226880
-4846.522217
-5435.704192
-5849.819438
-6082.195007
-6088.867954
-5835.688491
-5365.049458
-4738.577485
-4016.721620
-3230.883969
-2408.933899
-1594.834354
-834.510912
-166.823677
378.395352
789.762914
1078.662270
1278.065630
1414.272256
1485.712043
1506.515937
1502.983200
1520.646883
1609.357827
1731.433506
1847.621291
1944.182760
2023.080546
2076.856649
2056.052756
1910.818025
1631.731826
1244.700895
743.444811
140.916941
-526.770294
-1227.429738
-1926.519077
-2578.112734
-3135.107552
-3542.942377
-3761.972052
-3782.775946
-3623.017742
-3287.015230
-2777.123567
-2103.548438
-1320.458471
-509.106610
290.469461
1055.503219
1763.228136
2393.625373
2909.797456
3301.146177
3574.344481
3736.850369
3811.822892
3818.103313
3767.074894
3664.625530
3528.811430
3398.492699
3312.529439
3272.099231
3240.304600
3199.481865
3144.528183
3058.172398
2924.320930
2705.291255
2360.260637
1868.817711
1243.130790
519.704820
-280.656304
-1137.148689
-2050.557387
-2992.227979
-3882.477626
-4646.726331
-5231.983043
-5637.070184
-5874.156068
-5913.801225
-5712.827759
-5284.581567
-4693.829487
-3997.487832
-3247.762600
-2475.663369
-1698.853823
-974.642801
-339.142723
185.664940
591.537133
878.473858
1081.017428
1218.009107
1318.103313
1392.683310
1429.580782
1465.300675
1562.254671
1712.199717
1871.957921
1999.921495
2086.669807
2137.698226
2133.380436
2033.286230
1800.125608
1428.403203
921.651751
301.460198
-395.273983
-1130.083216
-1851.546554
-2532.187157
-3157.481551
-3634.401005
-3911.524572
-3982.571832
-3858.926048
-3565.316376
-3102.920396
-2466.635265
-1691.003297
-863.557858
-34.934841
751.295337
1481.001727
2144.371173
2698.618307
3134.715026
3453.838907
3647.746899
3737.635422
3761.579526
3736.850369
3668.158267
3551.577956
3422.829330
3325.090281
3286.230177
3287.407756
3295.258282
3298.005966
3271.706704
3207.332391
3061.705134
2797.142409
2395.195478
1840.163291
1132.830900
319.516408
-564.060292
-1493.562569
-2461.924949
-3424.006908
-4303.265819
-5016.878631
-5520.097347
-5831.763228
-5956.979118
-5859.240069
-5520.097347
-4974.093264
-4284.032030
-3521.745957
-2730.412938
-1944.967813
-1214.476370
-570.340713
-28.261894
403.517036
704.192181
870.230805
964.437117
1040.587219
1115.167216
1165.018056
1199.952897
1269.430052
1416.627414
1624.666353
1826.817397
1985.398022
2096.875491
2150.259067
2104.726017
1929.659287
1602.684880
1126.157953
517.742189
-189.590203
-951.091223
-1705.526770
-2407.363793
-3046.789135
-3575.522060
-3925.655519
-4044.590988
-3935.468676
-3636.756163
-3184.958392
-2584.393154
-1833.882870
-998.979432
-151.515152
649.238499
1375.804679
2028.968441
2582.430523
3023.237557
3356.099859
3581.017428
3705.055739
3748.626158
3737.242895
3703.878160
3655.989951
3576.699639
3478.960590
3417.726488
3405.558172
3414.193751
3415.371330
3366.698069
3254.043021
3071.910818
2792.432093
2388.130005
1834.667923
1135.186057
323.834197
-556.994819
-1465.300675
-2378.316847
-3276.024494
-4111.320458
-4813.157482
-5331.292197
-5637.070184
-5740.697127
-5649.238499
-5352.488617
-4872.821479
-4236.143822
-3495.446695
-2726.095148
-1991.678442
-1300.439629
-676.715340
-141.309468
292.039567
604.490501
796.043335
909.090909
993.876590
1074.344481
1149.317004
1206.625844
1278.458157
1411.132046
1606.610143
1814.256555
1987.360653
2089.810017
2119.642016
2056.445282
1864.107395
1530.852567
1050.400377
435.704192
-272.805778
-1022.138483
-1758.125294
-2448.186528
-3057.779871
-3560.606061
-3893.468362
-4001.805621
-3892.683310
-3586.120270
-3128.434605
-2528.654420
-1805.228450
-994.661642
-167.216203
614.696185
1323.991207
1937.509813
2449.364107
2869.367248
3182.603234
3402.417962
3528.418904
3572.381850
3576.307113
3568.456587
3546.475114
3498.194379
3433.035013
3369.445753
3355.314806
3370.623332
3374.156068
3340.006280
3243.052285
3071.125765
2814.806092
2453.681897
1960.276339
1316.533208
549.536819
-296.749882
-1169.728372
-2034.463809
-2879.180405
-3688.177108
-4410.818025
-4961.924949
-5299.890093
-5443.162192
-5411.760088
-5209.216518
-4831.606218
-4285.209609
-3613.989637
-2902.339457
-2209.138012
-1560.292040
-977.783011
-457.685665
-31.794630
281.048830
483.984927
600.565238
683.388287
767.388915
854.137227
940.885539
1040.587219
1186.999529
1391.898257
1629.376668
1851.939080
2019.547810
2099.230648
2079.211807
1945.752865
1681.975192
1264.719736
704.192181
32.187157
-709.295023
-1449.207097
-2147.511383
-2772.020725
-3305.071440
-3686.214476
-3864.421416
-3829.486576
-3589.653007
-3181.425656
-2629.533679
-1960.276339
-1208.981002
-417.255456
360.731669
1064.138797
1680.405087
2182.838750
2593.813786
2929.423771
3187.313550
3348.249333
3416.156382
3436.567750
3448.343539
3470.325012
3464.437117
3417.333961
3364.735437
3344.324070
3360.025122
3385.146805
3379.651437
3308.996703
3166.509656
2942.377139
2624.038311
2196.577171
1639.974878
944.810802
142.094520
-707.724918
-1541.450777
-2353.980217
-3152.378709
-3907.206783
-4527.398336
-4932.092950
-5142.094520
-5177.421887
-5063.981787
-4792.353588
-4337.415607
-3749.018684
-3101.350290
-2453.289370
-1835.845502
-1269.037526
-776.809546
-361.124195
-25.514209
212.749254
355.236301
445.909876
517.742189
619.013974
739.912074
871.800911
1015.858062
1207.803423
1456.665097
1713.377296
1932.799498
2061.940650
2105.118543
2033.286230
1827.602449
1487.674674
1010.362694
403.124509
-297.142409
-1038.232062
-1747.527084
-2386.559900
-2934.134087
-3356.492385
-3624.195321
-3685.821950
-3526.456273
-3179.070498
-2700.580939
-2111.006437
-1429.188256
-693.201444
48.673261
745.014916
1354.215732
1854.294238
2258.203800
2587.925891
2853.273669
3036.190925
3141.387973
3183.388287
3205.762286
3241.874706
3272.099231
3272.099231
3242.659758
3221.855864
3237.556916
3275.239441
3292.118072
3261.893547
3172.005024
3009.499136
2766.132831
2423.849898
1963.809075
1375.804679
671.612498
-114.617679
-922.436803
-1719.265191
-2507.065473
-3264.641231
-3935.076150
-4443.790234
-4753.493484
-4888.522531
-4881.064531
-4719.343696
-4399.042236
-3926.833098
-3372.978490
-2789.291883
-2209.923065
-1661.956351
-1166.980688
-749.332705
-416.077877
-150.337573
37.289998
146.019783
220.207254
305.777987
428.638719
569.555660
724.603548
901.632909
1132.438373
1406.029204
1670.199403
1880.200973
2005.809389
2033.286230
1939.864971
1714.554875
1345.972680
845.894175
234.338201
-466.321244
-1188.177108
-1858.612027
-2441.906108
-2930.601350
-3301.146177
-3502.904695
-3490.736379
-3266.996389
-2891.348720
-2399.120741
-1820.929502
-1156.775004
-451.797770
224.917569
838.436175
1360.888680
1790.704977
2134.165489
2410.504004
2628.356100
2786.936725
2880.750510
2928.638719
2973.779243
3034.228293
3093.892291
3124.901868
3132.359868
3141.780499
3182.210708
3232.061548
3256.398179
3226.566180
3130.789763
2974.564296
2738.655990
2407.756320
1958.706233
1399.748783
734.809232
-2.747684
-754.435547
-1493.170042
-2214.240854
-2903.909562
-3519.783325
-3996.310253
-4296.592872
-4436.724761
-4452.818339
-4343.303501
-4093.656775
-3712.906265
-3240.304600
-2733.160622
-2234.259695
-1775.003925
-1377.767310
-1028.811430
-729.313864
-489.872821
-319.516408
-212.356728
-122.468205
0.785053
165.646098
353.666196
551.499450
762.286073
1019.390799
1320.458471
1612.105511
1846.443712
1981.472759
2012.482336
1935.547182
1735.358769
1403.281520
932.642487
335.609986
-336.002512
-1006.437431
-1632.124352
-2189.511697
-2660.935783
-3013.424399
-3204.192181
-3202.622076
-3008.714084
-2668.001256
-2229.156854
-1700.816455
-1099.073638
-463.966086
157.795572
713.612812
1188.962160
1577.563197
1885.303815
2141.623489
2345.344638
2503.532737
2613.832627
2687.235045
2761.815042
2842.675459
2924.320930
2985.162506
3011.854294
3028.732925
3065.630397
3112.733553
3137.462710
3123.724290
3061.705134
2932.171455
2734.730727
2456.822107
2076.464123
1584.628670
989.558800
322.264092
-379.180405
-1079.054797
-1750.667295
-2400.298320
-3009.499136
-3515.073010
-3876.197205
-4082.273512
-4159.993720
-4125.843932
-3972.758675
-3692.102371
-3308.996703
-2871.722405
-2434.448108
-2029.753493
-1667.451719
-1339.692259
-1060.998587
-834.903439
-653.556288
-515.387031
-399.591773
-262.600094
-79.682839
136.206626
368.582195
610.770922
878.866384
1177.186371
1487.282148
1753.807505
1935.547182
2016.407599
1995.211179
1857.826974
1576.385618
1161.877846
638.247763
25.514209
-630.004710
-1267.074894
-1840.948344
-2322.578113
-2693.907992
-2937.666824
-3011.069242
-2902.339457
-2628.356100
-2230.334432
-1767.938452
-1251.766368
-686.921024
-115.402732
413.722719
861.202701
1230.177422
1530.067515
1767.938452
1964.201602
2136.520647
2278.222641
2394.410425
2498.037369
2611.084943
2735.515780
2856.413880
2958.863244
3025.200188
3084.864186
3150.416078
3208.117444
3222.640917
3181.033129
3079.368818
2899.591773
2638.169257
2282.147904
1831.527712
1286.701209
672.790077
12.953368
-669.257340
-1333.804365
-1964.594128
-2566.729471
-3098.210080
-3530.381536
-3825.561313
-3987.282148
-4039.488146
-3974.328780
-3797.299419
-3521.353431
-3178.285445
-2799.497566
-2418.747056
-2060.370545
-1738.498979
-1452.739834
-1203.878160
-984.063432
-791.333019
-620.584079
-454.937981
-256.319673
-14.915999
247.684095
531.088083
824.305228
1135.186057
1461.375412
1765.583294
2005.809389
2153.791804
2193.044434
2097.660543
1874.313079
1517.114147
1037.839535
459.648296
-194.693044
-865.913016
-1481.786780
-2019.940336
-2463.102528
-2783.403988
-2963.573559
-2963.181033
-2795.964830
-2489.401790
-2078.034228
-1604.647511
-1078.269744
-523.630083
4.710316
478.489559
888.679542
1219.579212
1482.179306
1696.106139
1884.126236
2059.978019
2212.278223
2350.054954
2490.186843
2640.916941
2803.815356
2954.152928
3077.798713
3164.154498
3234.024180
3301.146177
3330.978176
3306.641545
3224.996075
3076.621134
2848.563354
2534.149788
2140.838436
1662.348877
1096.325954
466.321244
-202.543570
-874.548595
-1516.329094
-2123.959805
-2695.870623
-3191.631339
-3566.886481
-3796.906893
-3902.888994
-3916.627414
-3828.701523
-3639.896373
-3355.707332
-3015.779557
-2667.216203
-2329.643586
-2021.117915
-1738.106453
-1485.319516
-1252.943947
-1050.400377
-861.595227
-675.145235
-473.386717
-231.983043
50.635893
354.058722
666.117130
982.885853
1307.897629
1626.236458
1902.967499
2098.053070
2171.848014
2136.128121
1990.893390
1717.695086
1308.290155
792.118072
200.973465
-431.778929
-1057.073324
-1612.890564
-2080.781912
-2454.466949
-2705.291255
-2804.600408
-2759.459884
-2554.953682
-2235.044748
-1849.976448
-1403.281520
-925.184487
-435.704192
27.084315
428.638719
759.538389
1031.559114
1256.869210
1458.235202
1649.395509
1828.780028
1999.921495
2177.735908
2379.886952
2603.234417
2815.983671
2995.760716
3142.565552
3259.145863
3349.426912
3418.119014
3435.390171
3389.072068
3285.445125
3119.799027
2869.367248
2539.645156
2132.595384
1635.264563
1058.643429
423.143351
-223.739991
-861.595227
-1477.861517
-2070.968755
-2624.823363
-3088.004396
-3431.464908
-3670.120898
-3820.458471
-3884.440257
-3842.439943
-3701.130476
-3477.783011
-3208.117444
-2924.320930
-2637.776731
-2354.372743
-2076.071597
-1798.555503
-1534.777830
-1277.673104
-1026.456273
-767.781441
-482.022295
-149.159994
205.683781
553.462082
897.315120
1249.411211
1611.320458
1930.444340
2178.128435
2330.821165
2383.812215
2334.353902
2164.390014
1852.331606
1402.103941
857.669964
252.394410
-388.601036
-1015.465536
-1590.909091
-2086.669807
-2487.831685
-2756.712200
-2865.441985
-2828.544512
-2660.935783
-2388.915057
-2034.856335
-1612.890564
-1138.326268
-665.724604
-236.300832
151.515152
494.190611
799.183545
1063.353745
1291.804051
1504.553305
1723.975506
1953.995918
2195.007065
2445.438844
2700.973465
2942.769666
3156.303972
3338.828702
3469.147433
3542.942377
3570.419218
3541.764798
3459.726802
3324.697755
3125.686921
2849.740933
2503.140210
2106.688648
1643.507615
1103.783954
520.489873
-87.533365
-691.631339
-1275.317946
-1836.238028
-2358.298006
-2823.441671
-3199.481865
-3476.212906
-3663.840477
-3765.112263
-3768.252473
-3691.317318
-3548.045219
-3336.473544
-3075.836081
-2800.675145
-2527.869367
-2247.998116
-1957.136128
-1662.741404
-1369.131732
-1089.260480
-799.968598
-485.162506
-140.916941
220.207254
564.060292
898.885225
1228.607317
1540.273198
1817.004239
2029.753493
2169.885382
2220.913801
2168.707803
2017.192652
1758.517821
1380.514995
908.698383
369.759774
-216.674517
-793.688177
-1332.234260
-1818.574344
-2220.128749
-2506.280421
-2646.412310
-2652.300204
-2549.850840
-2345.344638
-2057.622861
-1696.891192
-1287.093735
-862.772806
-472.209138
-112.262522
223.347464
518.134715
776.809546
1009.577642
1236.850369
1470.010991
1720.835296
1996.388758
2285.680641
2573.009892
2845.423143
3088.396923
3283.482493
3420.866698
3493.091537
3495.839221
3421.259224
3301.931229
3150.023552
2955.723033
2710.001570
2417.176951
2088.632438
1736.928874
1351.075522
924.791961
462.395981
-29.046946
-522.845031
-999.764484
-1477.468990
-1947.322971
-2384.204742
-2781.048830
-3109.593343
-3358.455016
-3532.344167
-3634.401005
-3663.447951
-3603.783954
-3455.409012
-3246.977547
-2999.685979
-2719.029675
-2418.354530
-2091.380122
-1735.358769
-1371.486890
-1020.960904
-677.892919
-336.787565
5.495368
341.105354
650.023552
945.203329
1207.410897
1430.758361
1640.367405
1810.723818
1918.276024
1964.201602
1923.378866
1793.060135
1586.591302
1289.448893
907.128278
454.937981
-53.383577
-554.247135
-1037.839535
-1491.992463
-1866.462553
-2159.287172
-2353.587690
-2420.709688
-2377.531795
-2244.465379
-2023.865599
-1744.386874
-1422.122782
-1067.279008
-715.967970
-370.937353
-45.140524
241.403674
517.349662
800.361124
1084.157639
1362.851311
1656.853509
1957.921181
2263.306642
2563.589260
2832.469775
3049.536819
3213.220286
3310.566808
3345.109122
3303.893861
3195.556602
3055.424713
2877.217774
2675.066729
2467.420317
2243.680327
2001.099074
1749.097190
1468.833412
1154.812372
813.314492
429.423771
3.532737
-449.050086
-926.754593
-1406.421730
-1897.079604
-2391.270215
-2823.441671
-3179.070498
-3464.437117
-3668.943319
-3780.420788
-3783.168472
-3665.803109
-3462.867012
-3200.659444
-2875.647668
-2512.560842
-2120.034542
-1721.620349
-1354.215732
-993.484063
-656.696499
-361.124195
-84.393154
169.571361
402.731983
633.929973
845.501649
1040.194693
1249.018684
1442.141623
1609.750353
1738.498979
1807.583608
1813.864029
1741.639190
1550.478882
1243.130790
856.884911
398.806720
-124.038311
-675.537761
-1215.261423
-1691.788350
-2068.221071
-2350.447480
-2526.691788
-2571.832313
-2489.401790
-2296.278851
-2021.510441
-1691.788350
-1311.037840
-909.483435
-525.592715
-156.617993
200.580939
536.583451
841.968912
1124.195321
1400.926362
1700.423928
2010.912231
2309.232219
2590.673575
2846.600722
3088.789449
3290.940493
3414.586277
3462.081959
3444.025750
3366.698069
3239.519548
3067.985555
2870.544827
2655.440415
2415.606846
2148.296436
1857.041922
1544.983514
1200.345423
806.641545
350.525985
-133.458942
-614.303658
-1101.036269
-1608.572774
-2112.969069
-2586.355786
-2988.695243
-3303.501335
-3551.185429
-3712.513738
-3780.028262
-3753.336474
-3607.709217
-3371.800911
-3070.733239
-2717.852096
-2338.279165
-1957.136128
-1567.750039
-1171.691003
-806.641545
-488.302716
-215.496938
43.570419
301.460198
542.471346
750.117758
932.249961
1104.961532
1275.317946
1444.104255
1581.488460
1686.292982
1751.844874
1747.527084
1655.283404
1481.394253
1225.074580
872.193437
411.760088
-137.776731
-705.369760
-1245.878474
-1759.695400
-2205.997802
-2564.374313
-2810.095776
-2892.133773
-2819.908934
-2630.711258
-2350.840006
-1981.080232
-1552.441514
-1095.148375
-620.191553
-156.225467
262.600094
620.976605
933.035013
1235.672790
1530.460041
1785.209609
2015.230020
2233.867169
2456.429581
2704.898728
2930.601350
3088.004396
3199.481865
3270.529125
3296.043335
3261.501021
3156.303972
3011.854294
2845.423143
2650.730099
2442.691160
2229.941906
1987.753179
1712.984770
1406.421730
1049.615324
669.257340
261.815042
-193.907992
-681.818182
-1164.625530
-1621.133616
-2063.510755
-2496.859790
-2881.143037
-3169.257340
-3367.483121
-3485.241011
-3519.390799
-3457.371644
-3282.697441
-3018.134715
-2715.496938
-2401.475899
-2069.006123
-1729.078348
-1402.496467
-1123.017742
-880.043963
-644.135657
-432.563982
-239.048516
-45.925577
164.468519
379.572931
594.284817
805.856492
1027.633851
1274.925420
1499.450463
1665.489088
1767.153399
1791.097504
1743.209295
1577.170670
1242.738263
799.968598
295.964830
-275.945988
-873.763542
-1436.646255
-1937.509813
-2321.793060
-2574.972523
-2706.861360
-2689.197676
-2532.972209
-2278.222641
-1942.612655
-1579.525828
-1188.962160
-743.444811
-343.460512
-9.028105
314.806092
595.854922
844.716596
1083.765112
1297.691945
1527.712357
1792.275082
2057.230334
2350.840006
2656.617993
2924.320930
3157.874078
3305.856492
3344.324070
3334.903439
3267.388915
3094.677343
2853.666196
2580.467891
2310.017271
2084.314649
1851.154027
1607.787722
1380.907521
1145.391741
904.773120
661.799341
371.722405
32.187157
-337.965144
-760.323442
-1197.990265
-1623.096247
-2064.688334
-2499.607474
-2893.311352
-3210.472602
-3387.109436
-3438.530382
-3419.689119
-3292.118072
-3053.069556
-2742.973779
-2370.073795
-1996.781284
-1663.133930
-1350.682996
-1083.372586
-871.800911
-684.173340
-525.985241
-399.591773
-273.590831
-155.047888
10.205684
244.543884
487.910190
737.164390
1002.119642
1265.897315
1523.394567
1734.181190
1824.462239
1806.798556
1658.423614
1373.056995
991.128906
502.433663
-64.766839
-650.416078
-1245.093421
-1771.471189
-2153.399278
-2411.289056
-2536.897472
-2529.831999
-2400.298320
-2130.632752
-1751.844874
-1369.524258
-991.128906
-628.434605
-306.170513
-9.420631
223.739991
388.601036
552.677029
709.295023
870.230805
1099.073638
1376.197205
1699.246350
2058.015387
2406.971267
2746.899042
3061.312608
3272.884283
3358.062490
3316.454702
3156.696499
2930.208824
2635.814100
2270.764641
1918.276024
1628.199089
1398.571204
1247.448579
1156.775004
1097.896059
1084.550165
1054.325640
968.362380
832.155754
591.537133
247.684095
-169.963888
-679.463024
-1217.616580
-1749.882242
-2291.961061
-2766.917883
-3104.097975
-3295.650809
-3332.940807
-3254.043021
-3082.901554
-2775.160936
-2397.943162
-2032.108651
-1687.470561
-1421.730256
-1237.242895
-1097.503533
-1038.232062
-1034.306799
-1026.063746
-1014.680484
-961.689433
-815.277124
-585.649238
-260.637463
135.814100
535.405872
949.913644
1368.739206
1718.872664
1961.846444
2044.669493
1955.173497
1746.742032
1407.599309
933.820066
378.002826
-211.179149
-794.080703
-1296.514366
-1697.283718
-1972.052127
-2096.090438
-2108.651280
-2014.444968
-1808.761187
-1543.413409
-1249.803737
-986.811116
-796.043335
-635.107552
-479.667138
-355.628827
-252.786937
-151.122625
-4.317789
237.870937
551.499450
928.717224
1360.496153
1806.013503
2246.035484
2647.982415
2972.994191
3194.379023
3280.734809
3208.509970
3009.106610
2722.562412
2373.214005
2001.884126
1613.283090
1274.925420
1060.213534
975.820380
1002.119642
1105.354059
1249.803737
1421.730256
1558.721934
1588.553933
1493.955095
1250.981316
841.968912
309.703250
-308.525671
-960.511854
-1562.254671
-2119.249490
-2592.243680
-2884.675773
-2992.620506
-2930.601350
-2739.048516
-2501.177579
-2208.352960
-1871.565395
-1583.843618
-1378.944889
-1285.523630
-1313.000471
-1397.393625
-1523.394567
-1675.694772
-1773.826346
-1785.994662
-1716.124980
-1509.263621
-1166.195635
-706.547339
-152.692730
380.750510
852.567122
1274.140367
1593.264249
1786.387188
1835.060449
1696.106139
1455.487518
1171.298477
804.286387
418.040509
37.289998
-349.740933
-656.696499
-903.988067
-1113.204585
-1205.055739
-1257.654263
-1318.888366
-1327.523944
-1329.094049
-1319.673418
-1263.542157
-1235.672790
-1222.719422
-1118.699953
-965.614696
-739.912074
-431.778929
-108.337259
276.731041
712.042707
1103.783954
1491.599937
1848.798870
2095.697912
2273.512325
2367.326111
2367.326111
2342.204428
2275.867483
2124.744858
1948.108023
1769.116031
1613.675616
1515.936568
1426.833098
1350.290469
1344.795101
1382.085100
1446.459413
1549.693829
1623.488774
1644.292668
1610.142880
1478.254043
1263.542157
1001.727116
657.089025
234.338201
-200.973465
-619.799027
-971.110064
-1254.906579
-1519.469304
-1716.910033
-1821.714555
-1864.892448
-1849.583922
-1811.901397
-1804.835924
-1798.162977
-1791.490030
-1827.994976
-1881.771079
-1944.182760
-2039.959177
-2118.071911
-2148.296436
-2133.772963
-2016.800126
-1831.527712
-1608.572774
-1300.832156
-943.240697
-555.032187
-142.879573
212.356728
491.050400
747.762600
940.885539
1065.708902
1168.158267
1187.392055
1156.382478
1125.372900
1033.914272
916.548909
776.024494
522.452504
227.665254
-79.290312
-442.377139
-746.977547
-1008.792589
-1300.439629
-1476.291412
-1537.918041
-1534.385304
-1398.963731
-1207.803423
-998.194379
-715.182917
-430.993877
-158.188099
142.879573
371.329879
540.116188
708.509970
792.510598
875.333647
997.409326
1070.026692
1163.840477
1298.084472
1409.169414
1574.030460
1749.489716
1852.331606
1934.762129
1932.014445
1831.135186
1727.115717
1567.750039
1359.711101
1188.177108
1020.960904
918.511540
948.343539
1046.082588
1184.644371
1348.327838
1466.085728
1545.376040
1577.955723
1490.814885
1322.028576
1039.802167
659.444183
281.048830
-92.243680
-454.937981
-768.959020
-1050.007851
-1274.532894
-1393.860889
-1461.767938
-1519.076778
-1589.731512
-1704.349191
-1837.023081
-2001.884126
-2221.698854
-2461.532423
-2702.151044
-2920.395667
-3035.405872
-3036.190925
-2929.031245
-2673.889151
-2309.624745
-1866.855079
-1349.505417
-822.342597
-319.123881
116.580311
449.835139
721.463338
926.754593
1045.297535
1104.961532
1148.531952
1192.887423
1261.972052
1325.953839
1358.533522
1368.739206
1317.710787
1192.494897
1000.157011
714.790391
361.909248
-12.953368
-411.760088
-777.202073
-1059.035955
-1251.766368
-1359.711101
-1381.692573
-1318.495839
-1178.756477
-986.026064
-786.622704
-594.677343
-421.965772
-263.777673
-119.327995
-4.710316
104.804522
242.581253
396.844089
573.480923
781.127336
1012.325326
1258.046789
1491.599937
1669.021824
1791.882556
1853.901711
1817.004239
1711.022138
1552.834040
1372.664469
1210.551107
1078.269744
1008.007537
1059.035955
1225.074580
1456.272570
1731.040980
1972.444654
2173.810645
2310.802324
2302.559271
2148.688962
1870.780342
1484.534464
1044.905009
591.144607
135.814100
-260.244936
-610.378395
-944.418276
-1221.541843
-1437.823834
-1614.460669
-1788.349819
-2021.902967
-2294.316219
-2542.000314
-2780.656304
-3014.994505
-3220.285759
-3390.249647
-3456.586591
-3395.352489
-3256.398179
-3007.143979
-2662.898414
-2263.306642
-1825.247292
-1400.141309
-987.596169
-556.209766
-170.356414
153.870309
468.676401
772.884283
1108.101743
1466.085728
1784.817083
2102.763385
2399.905794
2611.869995
2728.057780
2691.160308
2502.355158
2192.259381
1683.545298
1035.484377
384.675773
-270.450620
-845.894175
-1286.308683
-1648.217931
-1839.770765
-1829.172555
-1747.134558
-1598.759617
-1411.524572
-1274.532894
-1137.541215
-1050.400377
-1041.764798
-982.885853
-910.268488
-839.613754
-680.248077
-466.713770
-185.664940
210.786623
572.303344
886.716910
1212.906265
1449.207097
1618.385932
1722.797927
1701.601507
1654.105825
1600.329722
1474.328780
1404.459099
1405.244151
1422.122782
1537.132988
1672.554561
1811.508871
2039.174125
2243.680327
2365.363479
2441.906108
2393.232847
2265.661799
2102.763385
1805.620977
1479.039096
1207.803423
900.455331
637.462710
429.816298
185.664940
-20.411368
-261.422515
-622.546711
-986.418590
-1380.907521
-1832.312765
-2261.736536
-2715.104412
-3137.070184
-3392.604805
-3595.148375
-3734.495211
-3729.784896
-3678.363950
-3546.082588
-3320.379965
-3128.827131
-2889.386089
-2565.159366
-2249.568221
-1875.098132
-1442.926676
-987.203643
-418.040509
161.720835
697.126707
1283.168472
1822.107081
2250.353274
2622.468205
2847.778301
2946.302402
2980.844717
2854.451248
2609.514837
2316.690218
1934.369603
1523.394567
1082.195007
543.256398
62.411682
-352.881143
-793.688177
-1154.812372
-1450.384676
-1714.947401
-1857.041922
-1948.108023
-2039.959177
-2045.062019
-2022.688020
-1972.052127
-1858.219501
-1754.985084
-1583.843618
-1306.327524
-1039.017114
-743.444811
-380.750510
-38.860104
326.189355
673.967656
910.661014
1143.036583
1365.598995
1515.936568
1649.395509
1739.284032
1772.648767
1844.873607
1868.032658
1812.686450
1779.321715
1714.947401
1627.021510
1587.768881
1538.703093
1526.534778
1611.712985
1701.208981
1813.471503
1965.771707
2078.426755
2166.745172
2191.474329
2067.436018
1911.210551
1748.312137
1502.983200
1231.747527
926.754593
574.658502
261.815042
-91.066101
-555.817240
-1029.596483
-1495.132674
-1941.042550
-2328.858534
-2736.693358
-3115.873764
-3366.305542
-3555.110692
-3672.083530
-3708.588475
-3719.971738
-3657.952583
-3507.615010
-3352.959648
-3135.892605
-2819.908934
-2468.990422
-2062.333176
-1602.292354
-1107.316690
-530.303030
72.617365
626.079447
1169.728372
1699.246350
2185.193908
2622.468205
2943.162192
3122.939237
3243.444811
3296.828388
3234.024180
3049.536819
2766.525357
2414.429267
2000.706547
1471.973622
840.398807
196.655676
-439.236929
-1039.409640
-1574.030460
-2032.893704
-2370.073795
-2550.243366
-2629.926205
-2660.935783
-2634.243994
-2551.420945
-2435.233161
-2307.269587
-2174.595698
-1987.753179
-1719.265191
-1413.487204
-1072.381850
-688.098603
-286.936725
121.290626
498.508400
803.108808
1062.568692
1303.579840
1491.599937
1624.666353
1725.545612
1830.350133
1956.743602
2064.295808
2128.277595
2146.726331
2157.324541
2167.922751
2130.632752
2054.482650
1967.734338
1899.434762
1897.079604
1935.154655
1994.033600
2077.641702
2145.548752
2162.034856
2127.492542
2010.912231
1832.705291
1628.984142
1386.402889
1106.531638
830.585649
536.975977
210.394096
-154.262836
-615.481237
-1106.139111
-1582.273512
-2051.342440
-2473.700738
-2867.404616
-3253.650495
-3542.549851
-3740.775632
-3896.608573
-3977.468990
-4008.871094
-3967.655833
-3827.131418
-3627.728058
-3344.716596
-2952.190297
-2504.710316
-1982.257811
-1402.496467
-825.482807
-194.300518
464.751138
1082.195007
1670.199403
2194.614539
2645.234731
3055.817240
3347.464280
3526.456273
3661.485320
3688.569634
3609.279322
3452.268802
3177.107866
2810.488303
2328.073481
1691.788350
980.138169
210.394096
-571.125765
-1272.570262
-1959.098760
-2601.271785
-3044.433977
-3348.249333
-3560.213534
-3639.111320
-3664.233004
-3633.223426
-3508.792589
-3376.903753
-3198.304286
-2930.993877
-2627.963574
-2238.970011
-1762.443084
-1262.757105
-675.145235
-60.056524
478.097033
989.166274
1451.562255
1828.387502
2156.539488
2376.746742
2528.261894
2713.926833
2857.198932
2955.723033
3033.443241
3038.546083
3007.536505
2942.377139
2772.805778
2565.159366
2349.269901
2105.903596
1894.724447
1709.844560
1579.525828
1563.039724
1575.600565
1555.974250
1532.422672
1451.169728
1316.533208
1131.653321
871.408384
638.247763
484.377453
351.311038
238.655990
125.608416
-47.103156
-284.581567
-646.883341
-1135.971110
-1627.806563
-2068.221071
-2445.831371
-2758.674831
-3059.349976
-3256.005652
-3294.080703
-3292.903125
-3286.622704
-3259.930915
-3241.089653
-3166.902182
-3032.658188
-2867.012090
-2591.458628
-2199.324855
-1731.433506
-1176.008793
-571.910818
51.420945
709.295023
1300.832156
1772.648767
2188.726645
2532.972209
2787.721777
2965.143665
3029.125451
3039.331135
3053.069556
2996.153242
2825.011776
2587.925891
2272.727273
1855.864343
1302.009735
594.677343
-169.963888
-921.259224
-1615.638248
-2254.278537
-2848.955880
-3326.267860
-3619.092479
-3806.327524
-3932.720992
-3970.010991
-3935.468676
-3823.598681
-3658.737635
-3438.922908
-3095.854922
-2636.206626
-2100.015701
-1486.889622
-854.529753
-217.852096
464.751138
1103.391427
1626.628984
2066.258439
2426.205056
2738.655990
3008.714084
3202.622076
3382.006594
3531.559114
3593.185743
3617.914900
3566.493955
3370.623332
3105.275553
2765.347778
2341.811901
1958.706233
1608.572774
1285.131104
1053.933114
848.249333
712.435233
687.313550
641.387973
598.210080
582.509028
492.227979
398.806720
332.862302
199.795886
136.206626
182.917255
260.637463
422.358298
583.294081
609.985869
553.854608
333.254828
-85.570733
-549.929345
-1035.484377
-1446.066886
-1663.133930
-1815.826660
-1949.678128
-2003.061705
-2078.034228
-2179.698540
-2280.185272
-2496.074737
-2742.581253
-2889.386089
-2954.937981
-2861.124195
-2615.010206
-2300.204114
-1838.985712
-1293.766682
-802.323756
-314.806092
130.318731
456.508086
757.575758
1051.970482
1304.364892
1605.432564
1937.509813
2215.418433
2433.663055
2556.916313
2555.738734
2457.999686
2219.736222
1840.163291
1402.103941
902.025436
339.535249
-216.281991
-811.351861
-1460.197833
-2014.052442
-2461.532423
-2843.853038
-3084.471660
-3256.398179
-3409.875962
-3441.278066
-3396.922594
-3310.174282
-3099.780185
-2838.750196
-2513.738420
-2029.360967
-1510.833726
-976.605433
-364.656932
191.160308
693.201444
1199.167844
1588.553933
1934.762129
2302.166745
2580.860418
2837.180091
3084.079133
3230.883969
3363.950385
3453.446381
3385.146805
3243.444811
2981.237243
2551.028419
2142.016015
1742.424242
1329.094049
1040.587219
771.706704
507.929031
367.012090
250.039253
140.131889
105.982101
60.841576
49.458314
124.430837
184.879887
271.235673
403.517036
488.695243
575.443555
726.958706
874.548595
1068.456587
1263.934684
1321.243523
1269.822578
1156.775004
937.745329
586.434291
124.430837
-378.002826
-757.575758
-971.502591
-1112.419532
-1265.504789
-1494.347621
-1784.424556
-2069.398650
-2362.223269
-2712.356728
-3042.471346
-3265.818810
-3347.464280
-3253.257968
-3016.564610
-2731.197990
-2396.373057
-2014.052442
-1638.404773
-1261.187000
-940.100487
-692.023866
-427.853666
-117.757890
235.908306
667.687235
1092.008165
1455.487518
1796.200345
2038.389072
2102.370859
2039.174125
1879.023395
1678.049929
1524.179620
1340.084786
1099.858691
833.333333
478.882085
37.682525
-434.526613
-952.268802
-1406.814257
-1707.096875
-1945.752865
-2107.081174
-2178.128435
-2222.483906
-2196.969697
-2109.436332
-2037.211493
-1929.659287
-1766.760873
-1579.133302
-1316.925734
-1007.615010
-682.603234
-319.123881
49.458314
407.049772
787.015230
1120.662584
1373.056995
1584.236144
1733.003611
1860.967185
2016.015073
2153.791804
2269.979589
2361.045690
2375.176637
2303.736850
2149.866541
1927.304129
1701.601507
1488.852253
1293.374156
1146.569320
1031.166588
940.493013
877.296279
805.856492
735.986811
693.201444
688.883655
728.136285
776.024494
806.641545
837.258596
870.623332
891.034699
906.735751
909.483435
928.324698
987.988695
1051.185429
1082.980060
1048.045219
928.324698
720.285759
408.227351
0.785053
-422.750824
-788.977862
-1046.082588
-1177.578898
-1260.794473
-1352.645627
-1488.852253
-1729.863401
-2056.837808
-2415.999372
-2759.067358
-3000.078505
-3080.546397
-2993.405558
-2746.899042
-2394.017899
-2044.276967
-1751.452347
-1552.441514
-1424.870466
-1298.084472
-1152.064688
-976.212906
-750.117758
-459.648296
-117.365363
250.824305
567.985555
794.865756
944.810802
1016.643115
1040.194693
1027.633851
979.353117
941.278066
913.801225
866.698069
827.445439
774.454388
681.033129
540.508714
359.946616
151.515152
-51.813472
-254.357042
-443.947244
-596.247449
-694.379023
-727.351233
-715.575444
-694.379023
-681.425656
-657.874078
-630.397237
-614.696185
-612.341027
-597.032501
-545.611556
-451.405244
-331.684723
-210.394096
-86.355786
35.719893
133.851468
191.552834
230.412938
279.086199
359.554090
468.283875
572.695871
670.434919
759.145863
823.127650
856.884911
840.006280
786.230177
748.155126
734.024180
726.566180
734.809232
727.743759
707.332391
704.584707
686.528497
658.266604
633.929973
602.920396
591.144607
600.172712
597.032501
597.032501
584.471660
534.228293
470.246507
404.694615
326.189355
267.702936
242.581253
232.768095
253.179463
289.291883
325.796828
374.862616
394.096404
372.114932
330.507144
274.375883
222.562412
215.496938
228.842832
235.123253
255.142095
266.525357
248.076621
211.179149
138.169257
46.318103
-34.149788
-102.841890
-141.701994
-155.047888
-183.702308
-221.384833
-270.450620
-364.656932
-481.629769
-607.238185
-740.304600
-856.492385
-936.960276
-993.484063
-1022.531010
-1041.764798
-1058.250903
-1074.344481
-1115.167216
-1178.756477
-1223.504475
-1248.626158
-1250.981316
-1222.326896
-1175.616266
-1107.709217
-1000.942063
-875.333647
-761.108494
-665.332077
-573.873450
-468.283875
-357.983985
-262.992621
-191.160308
-112.655048
-23.159052
77.720207
166.038625
229.627885
270.058094
314.413566
355.236301
383.890721
401.161878
423.143351
460.433349
507.929031
549.929345
583.294081
600.565238
586.826817
555.424713
495.760716
443.947244
411.367562
370.152300
312.843461
250.824305
199.403360
170.748940
155.047888
142.094520
116.187785
97.739049
101.664312
114.225153
142.487047
158.973151
176.244308
195.870623
209.216518
253.964516
343.067986
419.218088
474.564296
528.732925
578.583765
646.883341
713.220286
749.332705
765.426284
763.071126
759.538389
774.454388
766.603862
738.734495
720.678285
695.164076
646.883341
602.135343
542.863872
457.685665
366.227037
257.497252
139.739363
49.065787
-29.439472
-113.047574
-199.403360
-295.964830
-367.797142
-419.218088
-482.414822
-558.564924
-622.939237
-678.285445
-709.687549
-712.042707
-723.033443
-729.313864
-720.285759
-697.519234
-651.593657
-599.387659
-555.032187
-523.630083
-498.900926
-482.022295
-477.704506
-489.872821
-517.742189
-537.368504
-527.947873
-509.106610
-480.452190
-444.339771
-429.031245
-409.012404
-376.432721
-346.208196
-313.628513
-274.768409
-226.880201
-166.823677
-98.524101
-29.439472
24.729157
49.458314
52.598524
45.925577
41.607788
29.831999
27.869367
37.682525
63.589260
118.150416
178.991992
213.141780
224.525043
228.450306
220.992306
219.814728
211.571675
196.263150
186.057466
151.122625
116.580311
90.281049
58.486419
39.252630
30.224525
31.402104
48.280735
80.075365
117.365363
142.879573
157.795572
165.253572
178.991992
193.907992
216.281991
230.805464
253.964516
286.936725
303.030303
314.021039
319.123881
316.768724
300.675145
272.413252
237.478411
205.291255
177.421887
158.580625
141.309468
105.197048
59.663997
21.588946
-15.308526
-57.308840
-85.963260
-92.243680
-74.972523
-47.888209
-18.056210
10.598210
15.308526
19.233789
23.159052
10.205684
-0.392526
0.000000
0.000000
6.280421
18.448736
32.187157
40.822735
37.682525
21.588946
4.710316
-6.280421
14.130947
51.420945
87.140838
123.645784
148.374941
168.001256
180.562098
188.805150
183.702308
180.954624
186.842518
193.907992
205.291255
217.459570
225.310096
228.450306
224.525043
212.749254
213.534307
214.711886
211.964202
209.609044
182.132203
136.599152
89.888523
41.215261
-9.813157
-46.318103
-77.327681
-126.393468
-181.739677
-251.609358
-326.581881
-399.199246
-487.910190
-581.331449
-656.303972
-723.818496
-760.323442
-768.959020
-772.491757
-755.220600
-722.640917
-698.304286
-679.855550
-646.098289
-597.425027
-524.022610
-438.451876
-367.404616
-285.366620
-186.057466
-92.636207
12.560842
96.561470
164.861046
236.300832
296.357356
321.479039
337.572617
348.170827
353.273669
379.572931
388.208510
385.460826
394.881457
383.890721
355.628827
319.123881
241.011148
158.188099
91.066101
10.205684
-60.056524
-105.589575
-154.262836
-190.375255
-216.281991
-258.282305
-287.329251
-300.282619
-309.703250
-298.712514
-279.086199
-257.497252
-229.627885
-189.590203
-131.888837
-69.084629
-28.654420
7.458000
49.065787
82.430523
114.617679
155.047888
193.515466
230.412938
282.618935
334.432407
373.292511
404.302088
433.349034
467.498822
495.760716
501.648610
495.760716
485.162506
475.741875
476.134401
468.676401
455.330507
449.050086
447.087455
447.872507
446.302402
429.031245
413.330193
407.834825
389.386089
367.797142
345.423143
301.460198
251.216832
191.160308
117.757890
51.813472
-21.981473
-93.813786
-157.010520
-220.207254
-281.441357
-333.647354
-392.526299
-455.330507
-522.059978
-596.247449
-650.416078
-685.743445
-718.715654
-728.528811
-730.098917
-737.556916
-707.332391
-648.060920
-590.752080
-520.489873
-472.601664
-425.105982
-350.918512
-275.160936
-191.945360
-97.739049
-22.766525
49.458314
140.524415
199.795886
244.151358
313.628513
362.694301
392.133773
428.246192
445.909876
463.573559
491.442927
487.910190
471.031559
440.807034
372.114932
308.525671
246.113990
168.786309
105.197048
43.177893
-39.645156
-104.804522
-161.720835
-220.207254
-244.936411
-281.833883
-338.357670
-381.928089
-415.292825
-439.629455
-434.134087
-435.704192
-438.059350
-414.900298
-398.021667
-378.787879
-343.460512
-309.703250
-269.273041
-224.917569
-184.094834
-141.309468
-91.066101
-31.009578
42.785367
122.075679
188.412624
258.282305
317.553776
357.198932
390.956194
426.676087
460.825875
513.031873
571.518292
619.406500
661.014288
676.322814
657.874078
619.013974
571.910818
525.592715
485.162506
438.451876
385.068300
336.395038
294.394724
244.936411
184.094834
115.795258
34.934841
-47.495682
-166.038625
-363.086827
-571.910818
-716.360496
-736.771864
-631.967342
-489.480295
-413.330193
-438.059350
-543.648924
-672.005024
-758.360810
-764.248705
-661.799341
-464.751138
-226.095148
-10.205684
122.860732
128.356100
31.009578
-87.140838
-161.328309
-142.487047
-13.738420
189.590203
429.423771
664.939551
842.361438
897.315120
816.062176
636.285131
441.592087
314.806092
289.291883
352.096090
461.610928
541.686293
539.723661
438.059350
252.786937
24.336631
-184.094834
-315.983671
-371.722405
-397.236615
-478.489559
-699.089339
-1032.344167
-1339.692259
-1455.880044
-1294.551735
-915.371330
-525.200188
-285.759146
-259.852410
-415.685351
-614.696185
-740.304600
-728.528811
-524.022610
-193.122939
100.486733
252.001884
200.188413
-18.448736
-213.534307
-264.170199
-162.505888
92.636207
367.797142
563.275239
708.902496
802.323756
876.118700
991.913958
1081.409954
1084.550165
993.484063
754.828073
453.367876
259.459884
208.038939
339.535249
604.490501
788.192809
814.492071
652.771236
292.824619
-91.066101
-371.329879
-524.807662
-489.480295
-366.619564
-304.600408
-307.348092
-380.750510
-492.227979
-538.153556
-538.938609
-547.574187
-543.648924
-569.948187
-613.126079
-579.368818
-483.984927
-303.030303
-15.701052
253.179463
430.601350
469.853980
333.647354
131.888837
15.701052
37.682525
232.375569
522.845031
768.959020
915.763856
941.670592
866.305542
750.510284
619.013974
491.050400
412.152614
387.030931
373.292511
370.152300
346.993249
283.403988
213.141780
117.757890
-13.738420
-185.664940
-384.675773
-556.602292
-642.173026
-638.247763
-577.013660
-494.583137
-448.265034
-461.218402
-526.377767
-628.827131
-735.986811
-794.080703
-767.781441
-673.967656
-547.574187
-438.451876
-367.012090
-348.170827
-356.806406
-355.628827
-343.460512
-295.179777
-230.412938
-142.879573
-60.841576
6.280421
77.720207
145.627257
217.459570
277.908620
312.058408
315.198618
307.348092
302.637777
310.880829
355.236301
401.161878
442.377139
468.283875
436.096718
361.516722
275.945988
189.982729
124.430837
92.243680
56.916313
15.701052
-34.149788
-86.355786
-141.701994
-204.898728
-267.310410
-320.301460
-353.273669
-385.853352
-405.479667
-420.788193
-422.358298
-388.601036
-357.983985
-340.320301
-333.254828
-334.039881
-330.507144
-296.357356
-242.973779
-162.898414
-54.168629
61.234103
156.225467
219.029675
235.908306
227.272727
230.805464
269.273041
344.638091
436.881771
510.284189
556.602292
578.191239
563.667766
536.190925
513.031873
498.508400
492.227979
494.190611
500.078505
491.050400
465.143665
417.255456
348.170827
251.216832
145.627257
47.888209
-31.402104
-82.037997
-103.234417
-107.944732
-115.795258
-144.449678
-186.449992
-239.441043
-295.179777
-326.581881
-335.217460
-321.086513
-283.011462
-230.805464
-183.702308
-153.085257
-137.384205
-121.290626
-91.851154
-36.897472
41.215261
126.785995
189.590203
217.852096
235.123253
232.375569
226.487675
234.338201
237.478411
253.571989
291.254514
324.226723
340.712828
336.002512
289.684409
213.534307
126.000942
23.551578
-70.654734
-146.019783
-206.076307
-243.366306
-285.759146
-350.918512
-414.115246
-496.545769
-597.032501
-678.677971
-739.127022
-770.136599
-756.398179
-723.425970
-692.808918
-657.874078
-633.144921
-616.658816
-607.238185
-606.845659
-597.425027
-554.247135
-480.452190
-396.451562
-305.385461
-228.842832
-167.608730
-103.234417
-49.065787
-14.915999
8.243052
24.729157
46.710630
98.131575
159.758204
230.412938
301.460198
359.161564
405.872193
447.087455
469.853980
464.751138
453.367876
440.807034
439.629455
449.442613
466.321244
481.237243
502.826189
509.499136
502.433663
468.676401
412.152614
362.301774
321.871565
292.824619
281.441357
280.656304
280.263778
272.413252
241.403674
186.057466
114.617679
44.747998
-6.280421
-35.327367
-44.355472
-21.196420
10.990736
45.533051
74.187471
74.579997
61.626629
49.065787
50.635893
80.860418
138.561784
208.431465
273.590831
330.507144
367.404616
392.133773
405.872193
396.059036
374.077563
357.591459
353.273669
358.376511
364.264406
345.815670
315.983671
266.917883
218.244622
174.674203
124.430837
72.224839
-1.177579
-78.897786
-152.692730
-208.823991
-252.394410
-294.394724
-330.507144
-365.441985
-399.591773
-444.339771
-504.788821
-574.658502
-636.285131
-682.210708
-703.799655
-697.519234
-689.668708
-677.500393
-661.014288
-647.275867
-639.817868
-633.144921
-623.331763
-616.658816
-600.957764
-586.434291
-566.415450
-538.153556
-517.349662
-489.872821
-467.891349
-456.508086
-451.012718
-436.096718
-411.760088
-368.189669
-309.310724
-253.179463
-197.833255
-143.272099
-105.197048
-73.402418
-38.467577
-9.028105
28.654420
69.084629
103.234417
139.346836
167.216203
186.449992
208.823991
225.702622
237.478411
242.973779
242.973779
253.179463
272.413252
301.460198
340.712828
377.217774
405.087141
428.638719
438.844403
429.031245
423.535877
437.274297
455.723033
483.592401
504.003768
508.321558
522.059978
536.583451
558.564924
582.116502
588.789449
583.686607
573.088397
560.527555
562.490187
571.518292
579.368818
584.079133
573.480923
544.041451
490.265348
425.105982
355.628827
306.170513
285.366620
279.478725
284.189041
275.945988
242.973779
206.076307
159.758204
113.440100
79.290312
47.103156
36.112420
42.785367
56.523787
73.009892
83.608102
72.224839
34.149788
-21.981473
-98.916627
-178.991992
-237.478411
-265.740305
-257.889779
-219.814728
-185.272413
-171.926519
-190.767781
-253.571989
-326.189355
-389.386089
-445.517350
-482.414822
-499.685979
-511.069242
-524.807662
-534.620820
-553.854608
-581.331449
-618.621448
-667.294709
-729.706390
-792.118072
-853.744701
-883.184173
-877.296279
-847.464280
-803.108808
-771.314178
-774.846915
-806.641545
-849.426912
-885.539331
-895.352489
-875.726174
-828.230491
-757.968284
-668.472288
-582.901554
-501.256084
-430.993877
-385.853352
-345.030617
-297.142409
-239.441043
-153.085257
-48.673261
72.617365
207.253886
337.180091
462.788507
571.518292
647.275867
697.911760
729.706390
751.687863
776.417020
806.641545
845.894175
882.399121
918.904067
945.595855
944.418276
922.044277
886.324384
830.193123
781.519862
739.912074
703.014602
672.397551
628.042079
582.901554
548.751766
513.816926
479.667138
436.881771
371.329879
295.964830
237.478411
194.693044
173.496624
168.001256
165.646098
175.851782
197.833255
218.244622
236.693358
239.441043
219.422201
190.767781
174.281677
181.347150
206.861360
261.029989
319.123881
379.180405
426.676087
421.180719
360.731669
272.020725
171.533993
98.916627
57.308840
38.075051
38.467577
45.140524
36.504946
1.962631
-65.551892
-164.861046
-269.665568
-358.769038
-436.096718
-484.377453
-505.573873
-520.097347
-523.630083
-526.770294
-538.938609
-568.770608
-619.799027
-683.388287
-745.799969
-805.463966
-829.015544
-811.351861
-766.996389
-711.650181
-658.659130
-624.116816
-614.303658
-613.911132
-613.911132
-609.593343
-592.714712
-565.630397
-535.798398
-507.143979
-485.947558
-468.676401
-461.218402
-454.152928
-447.872507
-447.087455
-447.479981
-442.377139
-421.965772
-378.787879
-309.310724
-227.272727
-144.057152
-70.262208
-9.028105
42.000314
78.505260
124.430837
180.562098
231.590517
283.403988
338.750196
398.806720
476.134401
546.789135
608.415764
649.631025
660.229235
659.051656
651.986183
638.247763
628.827131
629.219658
630.789763
637.855236
633.144921
611.555974
560.920082
496.545769
423.928403
354.843775
305.385461
272.805778
248.469147
233.553148
212.749254
185.664940
154.262836
118.150416
85.963260
68.692102
60.056524
63.589260
92.243680
123.645784
158.188099
201.365992
236.300832
249.646726
250.824305
243.758832
235.123253
242.973779
261.815042
279.871251
278.693672
245.721463
189.982729
138.169257
94.206312
75.365049
77.720207
83.215575
81.645470
67.514523
28.654420
-30.617051
-89.495996
-140.131889
-163.683467
-161.720835
-155.047888
-166.431151
-187.235045
-226.880201
-270.450620
-295.179777
-309.703250
-321.871565
-334.039881
-347.778301
-354.058722
-345.423143
-321.479039
-283.011462
-252.786937
-225.702622
-201.758518
-184.487361
-177.421887
-170.748940
-165.646098
-168.001256
-165.646098
-171.926519
-191.160308
-218.244622
-248.861674
-266.525357
-273.590831
-267.310410
-268.880515
-279.086199
-291.647040
-311.665882
-332.077249
-352.881143
-362.301774
-365.049458
-357.591459
-342.282933
-330.114618
-319.908934
-314.021039
-298.319987
-277.516094
-256.319673
-239.833569
-227.272727
-222.562412
-208.431465
-163.683467
-93.028733
-7.458000
72.617365
143.664626
198.225781
236.300832
259.852410
288.506830
306.563040
326.581881
368.582195
410.189983
451.797770
494.190611
526.377767
544.041451
549.929345
532.658188
505.181347
468.283875
399.591773
332.077249
279.478725
234.338201
210.786623
200.188413
172.319045
137.776731
96.168943
42.000314
-14.915999
-67.514523
-106.374627
-121.683153
-120.898100
-122.075679
-115.795258
-116.972837
-129.533679
-136.599152
-143.664626
-144.057152
-144.057152
-141.701994
-127.178521
-85.963260
-34.542314
20.018841
84.785681
133.458942
175.066729
208.431465
234.730727
257.104726
276.731041
297.534935
323.441671
340.320301
333.254828
323.049144
302.245250
287.721777
292.432093
316.768724
341.105354
344.638091
324.619249
281.048830
228.450306
169.178835
114.225153
68.692102
30.224525
0.392526
-19.626315
-48.673261
-82.823049
-120.113048
-162.113362
-206.861360
-257.104726
-304.992935
-353.273669
-383.498194
-397.629141
-401.946930
-401.946930
-395.273983
-394.096404
-392.133773
-381.535563
-368.582195
-343.853038
-315.591145
-284.974093
-252.394410
-227.665254
-218.244622
-197.833255
-181.739677
-156.617993
-108.337259
-62.804208
-27.869367
-5.495368
6.280421
7.458000
11.383263
19.233789
25.121683
36.112420
45.140524
44.747998
35.327367
7.065473
-32.579683
-78.112734
-126.000942
-158.973151
-176.244308
-180.954624
-173.496624
-166.823677
-168.393782
-178.206940
-188.412624
-199.403360
-204.113676
-191.945360
-175.459256
-159.758204
-137.384205
-118.542942
-98.524101
-69.869681
-34.934841
12.953368
57.701366
91.066101
126.393468
144.057152
144.057152
154.262836
168.786309
186.057466
207.646412
217.459570
213.534307
208.038939
197.440729
189.197676
189.982729
195.870623
200.580939
208.038939
212.749254
211.964202
203.721149
184.487361
158.580625
131.888837
106.374627
98.524101
98.131575
102.449364
116.187785
130.711258
147.197362
151.907678
145.234731
120.898100
99.309154
91.458628
100.486733
133.458942
174.674203
210.394096
239.441043
242.973779
237.870937
219.422201
193.515466
182.524729
171.926519
161.720835
151.907678
152.300204
159.365678
158.973151
159.365678
152.692730
135.814100
111.869995
78.505260
57.701366
36.112420
20.018841
15.308526
12.560842
-2.355158
-31.009578
-73.009892
-122.075679
-165.646098
-196.655676
-207.646412
-205.291255
-207.253886
-217.852096
-232.768095
-261.815042
-291.647040
-315.983671
-330.507144
-334.039881
-333.254828
-333.647354
-333.254828
-334.039881
-330.899670
-318.338829
-304.207882
-283.403988
-262.992621
-241.796200
-220.992306
-206.468833
-193.122939
-184.094834
-163.683467
-136.206626
-111.477469
-89.103470
-71.047260
-63.981787
-50.635893
-33.757262
-19.233789
-1.177579
13.738420
23.944104
40.822735
53.383577
62.804208
65.551892
55.346208
40.822735
18.056210
1.177579
-14.523473
-36.504946
-49.850840
-53.776103
-52.991050
-53.383577
-52.598524
-55.738734
-63.589260
-68.692102
-67.514523
-69.084629
-62.411682
-51.813472
-40.037683
-21.196420
-6.280421
14.523473
31.794630
43.962946
61.626629
82.430523
104.019469
123.645784
137.384205
158.973151
172.319045
199.795886
219.029675
233.553148
260.244936
285.366620
298.712514
306.563040
310.880829
312.450934
317.946302
323.834197
333.254828
339.927775
340.320301
333.647354
325.011776
310.488303
296.749882
286.151672
266.917883
239.833569
213.926833
186.842518
155.047888
125.608416
100.094206
74.187471
56.916313
33.364735
6.672947
-21.588946
-54.561156
-88.318417
-121.683153
-155.440415
-184.094834
-209.216518
-237.478411
-251.216832
-249.254200
-244.151358
-235.515780
-235.123253
-234.730727
-236.693358
-243.366306
-239.833569
-229.627885
-215.104412
-186.057466
-154.655362
-122.468205
-93.028733
-71.047260
-41.215261
-8.635579
20.411368
49.065787
67.907050
77.720207
86.355786
91.066101
91.458628
85.570733
74.187471
56.916313
29.046946
1.570105
-34.149788
-58.093892
-79.682839
-106.767153
-132.281363
-168.393782
-205.291255
-241.011148
-270.450620
-292.039567
-296.357356
-289.684409
-287.721777
-291.254514
-307.348092
-325.011776
-334.432407
-328.151986
-308.133145
-278.301146
-242.581253
-197.440729
-143.272099
-94.598838
-53.383577
-10.598210
33.364735
71.439786
106.767153
137.776731
163.290940
187.627571
228.057780
270.450620
310.880829
337.180091
339.142723
319.908934
292.432093
264.170199
242.973779
244.543884
260.637463
276.338515
291.254514
295.179777
281.441357
251.609358
207.253886
155.047888
111.869995
82.037997
68.692102
60.841576
67.514523
65.551892
56.916313
38.860104
9.813157
-17.663683
-54.168629
-83.215575
-100.879259
-106.374627
-106.767153
-104.411996
-92.636207
-77.720207
-60.056524
-44.355472
-37.289998
-38.075051
-38.075051
-47.495682
-54.561156
-47.888209
-27.476841
3.140210
34.149788
65.551892
76.935155
75.757576
71.832313
66.729471
72.617365
86.355786
104.804522
126.393468
140.524415
150.337573
147.589889
131.888837
107.552206
75.365049
44.747998
4.317789
-30.617051
-54.953682
-73.794944
-74.972523
-67.121997
-69.869681
-76.542628
-109.514837
-150.730099
-186.842518
-220.992306
-239.833569
-249.254200
-256.712200
-255.927147
-249.254200
-250.039253
-232.768095
-211.964202
-190.767781
-163.290940
-135.421573
-113.047574
-100.094206
-75.365049
-40.430209
4.317789
61.234103
108.729785
144.057152
163.290940
167.216203
166.823677
166.823677
171.533993
180.169571
189.982729
199.010834
204.113676
206.468833
213.534307
202.936097
182.524729
151.907678
103.234417
54.561156
10.598210
-23.944104
-38.075051
-36.897472
-29.439472
-35.719893
-56.916313
-91.458628
-131.496310
-158.973151
-180.954624
-191.160308
-186.449992
-179.384519
-173.496624
-175.459256
-170.748940
-161.328309
-145.627257
-124.038311
-108.729785
-93.028733
-77.327681
-52.205998
-22.373999
14.523473
49.850840
80.860418
101.271785
112.655048
109.907364
101.271785
91.458628
82.430523
89.103470
98.131575
95.776417
86.748312
74.187471
54.953682
40.822735
31.794630
24.729157
21.981473
23.159052
20.018841
7.458000
-6.672947
-25.906736
-37.289998
-48.280735
-62.411682
-72.617365
-94.206312
-112.262522
-114.225153
-113.047574
-96.561470
-74.579997
-55.738734
-45.533051
-40.037683
-31.794630
-20.803894
-6.672947
9.420631
37.682525
67.907050
77.720207
83.608102
82.823049
78.112734
87.533365
98.524101
112.655048
126.393468
136.599152
136.206626
137.384205
133.851468
128.356100
128.748626
129.533679
123.645784
109.907364
94.991364
74.579997
61.626629
65.551892
75.757576
87.140838
84.393154
56.916313
23.551578
-10.598210
-38.467577
-58.486419
-59.663997
-46.318103
-34.934841
-29.831999
-40.430209
-56.131261
-76.935155
-97.346522
-111.477469
-113.832627
-114.225153
-108.729785
-104.804522
-106.767153
-106.374627
-115.795258
-122.468205
-121.290626
-132.281363
-134.636521
-124.430837
-116.972837
-96.953996
-74.972523
-55.738734
-29.831999
-5.102842
15.308526
27.869367
36.897472
38.075051
38.075051
36.112420
29.439472
37.289998
47.888209
66.729471
87.925891
109.122311
122.468205
118.935469
102.449364
79.682839
52.205998
24.336631
2.747684
-16.093578
-22.373999
-27.084315
-32.187157
-46.318103
-63.196734
-77.327681
-94.991364
-104.804522
-113.832627
-127.963574
-128.748626
-129.533679
-126.000942
-118.935469
-109.514837
-95.383891
-73.402418
-53.776103
-31.402104
-5.887894
21.196420
45.533051
69.084629
93.813786
108.729785
126.785995
142.094520
162.505888
176.636835
193.515466
197.048202
197.833255
193.122939
178.599466
160.935783
138.954310
124.430837
110.692416
105.589575
105.589575
94.206312
77.720207
61.626629
33.364735
6.280421
-23.159052
-52.205998
-77.720207
-103.234417
-116.580311
-127.178521
-136.206626
-136.206626
-136.991678
-135.814100
-141.309468
-144.449678
-143.664626
-142.094520
-123.253258
-94.991364
-62.804208
-32.187157
-8.243052
3.925263
15.308526
21.981473
27.476841
31.794630
41.215261
45.925577
45.533051
45.140524
48.673261
53.383577
54.561156
61.234103
60.841576
54.953682
43.570419
20.803894
5.102842
-3.532737
-3.532737
11.775789
21.981473
22.766525
18.448736
1.177579
-27.084315
-46.318103
-59.271471
-67.121997
-68.692102
-66.729471
-61.626629
-56.131261
-52.991050
-53.383577
-53.383577
-52.991050
-52.991050
-58.486419
-63.589260
-69.084629
-60.449050
-49.850840
-24.729157
-4.710316
9.028105
20.411368
17.271157
14.915999
9.028105
7.065473
12.560842
20.411368
30.617051
41.215261
51.028419
58.093892
68.299576
73.402418
79.682839
81.645470
75.365049
69.869681
51.813472
40.037683
37.289998
38.467577
36.897472
31.402104
18.056210
-4.317789
-23.944104
-50.243366
-67.907050
-77.327681
-83.608102
-78.505260
-74.579997
-79.682839
-84.000628
-78.112734
-71.047260
-56.523787
-40.430209
-25.514209
-12.953368
-7.458000
-1.570105
10.598210
23.944104
42.392840
63.981787
79.290312
90.673575
90.673575
84.785681
72.617365
67.514523
68.299576
67.907050
73.794944
76.542628
75.365049
70.654734
61.626629
51.813472
32.187157
15.308526
-1.177579
-18.056210
-26.691788
-40.430209
-49.850840
-52.991050
-57.308840
-69.084629
-75.757576
-80.860418
-84.393154
-81.645470
-75.365049
-66.336945
-56.131261
-45.140524
-31.794630
-20.018841
-14.915999
-7.850526
3.532737
13.345894
25.121683
29.831999
33.364735
41.215261
45.925577
45.140524
51.420945
52.991050
53.383577
51.813472
44.747998
46.318103
40.822735
29.439472
19.233789
8.635579
-1.962631
-11.775789
-19.233789
-18.056210
-9.028105
-7.458000
-7.065473
-13.738420
-28.261894
-38.860104
-49.458314
-59.271471
-61.234103
-60.056524
-67.514523
-67.907050
-70.262208
-76.542628
-82.037997
-84.000628
-83.215575
-82.430523
-71.047260
-62.411682
-58.093892
-47.888209
-37.682525
-27.084315
-16.486105
-7.065473
-1.177579
7.065473
21.196420
32.187157
43.177893
58.486419
70.262208
83.608102
100.094206
109.122311
122.468205
134.636521
144.842204
155.440415
162.505888
167.608730
164.861046
157.403046
152.300204
145.234731
128.748626
110.692416
81.252944
52.991050
27.476841
1.962631
-8.243052
-17.271157
-23.944104
-27.869367
-41.215261
-69.477155
-96.561470
-126.393468
-154.262836
-165.646098
-174.281677
-166.431151
-151.515152
-142.879573
-137.384205
-135.814100
-140.131889
-138.954310
-126.393468
-111.084943
-89.103470
-65.944418
-38.860104
-9.420631
22.373999
53.383577
84.000628
106.767153
122.075679
126.393468
118.150416
109.907364
95.776417
84.000628
83.215575
83.608102
89.495996
91.066101
91.066101
85.570733
69.477155
51.813472
26.691788
0.785053
-20.018841
-39.645156
-54.168629
-70.654734
-76.150102
-76.150102
-86.355786
-100.094206
-110.299890
-123.645784
-146.019783
-159.365678
-158.188099
-147.589889
-127.571047
-102.449364
-75.365049
-51.028419
-36.504946
-24.729157
-14.130947
-5.887894
0.392526
9.420631
24.336631
37.682525
54.168629
68.299576
89.888523
106.767153
116.187785
122.075679
116.187785
110.299890
99.309154
98.916627
98.131575
102.841890
106.767153
106.374627
104.411996
87.533365
64.766839
47.888209
31.402104
11.383263
-1.570105
-10.990736
-17.271157
-26.691788
-34.149788
-40.430209
-52.598524
-65.551892
-69.869681
-76.150102
-83.215575
-83.215575
-84.000628
-80.467891
-75.365049
-65.159366
-52.205998
-45.533051
-36.112420
-25.906736
-19.233789
-5.887894
13.738420
23.159052
35.719893
45.925577
45.140524
52.991050
52.598524
54.168629
60.056524
62.804208
68.692102
68.692102
63.196734
58.486419
44.747998
38.075051
32.972209
20.803894
13.345894
5.102842
-8.243052
-21.196420
-31.009578
-45.533051
-53.776103
-60.449050
-59.663997
-49.065787
-44.747998
-46.710630
-43.177893
-41.215261
-47.103156
-52.205998
-52.991050
-53.383577
-47.495682
-34.934841
-21.981473
-10.990736
-1.177579
10.598210
23.551578
32.187157
37.289998
42.785367
50.243366
57.308840
66.729471
73.009892
78.112734
84.000628
77.720207
69.869681
59.271471
49.458314
41.607788
32.579683
25.514209
18.841262
10.990736
7.065473
-1.177579
-16.486105
-23.944104
-32.579683
-43.177893
-53.383577
-64.766839
-69.084629
-75.757576
-83.608102
-96.561470
-112.262522
-126.393468
-136.206626
-136.206626
-136.599152
-127.571047
-115.795258
-94.598838
-76.150102
-66.336945
-58.093892
-52.205998
-42.392840
-32.187157
-18.841262
-3.925263
18.448736
35.719893
50.635893
66.729471
85.178207
94.598838
100.094206
110.692416
119.327995
127.571047
136.206626
142.879573
147.197362
155.047888
159.758204
155.832941
146.412310
133.458942
114.225153
97.346522
84.000628
69.869681
58.486419
44.747998
27.476841
5.102842
-14.523473
-36.504946
-56.131261
-78.112734
-93.028733
-104.804522
-124.430837
-135.814100
-144.057152
-143.664626
-138.169257
-130.318731
-118.542942
-104.804522
-94.991364
-87.533365
-77.720207
-67.121997
-48.673261
-27.084315
-7.065473
14.523473
34.542314
56.523787
74.187471
87.533365
94.991364
102.449364
106.767153
105.589575
110.299890
115.402732
120.898100
121.290626
121.683153
115.010206
97.346522
71.047260
38.860104
8.243052
-23.551578
-45.140524
-60.056524
-71.439786
-85.570733
-105.982101
-120.505574
-139.739363
-162.505888
-175.066729
-181.347150
-182.132203
-176.636835
-171.926519
-162.505888
-147.982415
-137.776731
-121.290626
-100.094206
-76.935155
-52.991050
-40.037683
-28.261894
-14.523473
1.570105
16.878631
43.570419
66.336945
85.963260
113.440100
133.458942
148.767467
163.683467
172.319045
175.066729
173.889151
168.393782
166.431151
157.795572
150.730099
146.019783
137.776731
131.103784
116.187785
91.066101
65.551892
45.925577
24.336631
4.710316
-7.065473
-16.878631
-29.439472
-42.392840
-52.205998
-65.944418
-80.075365
-87.533365
-97.739049
-98.524101
-100.094206
-107.159680
-104.411996
-99.309154
-96.953996
-87.140838
-74.187471
-59.663997
-38.860104
-24.336631
-10.990736
11.775789
27.476841
42.392840
58.486419
70.654734
81.252944
94.598838
102.449364
109.907364
114.225153
114.225153
110.299890
103.234417
91.066101
76.542628
56.523787
38.467577
23.159052
5.102842
-9.028105
-25.906736
-43.177893
-54.561156
-65.551892
-86.355786
-104.411996
-114.617679
-125.608416
-137.384205
-148.374941
-147.197362
-144.057152
-141.701994
-133.066415
-127.571047
-116.580311
-113.440100
-109.122311
-100.486733
-91.066101
-73.402418
-51.813472
-38.860104
-13.345894
12.168315
25.514209
35.719893
45.140524
51.028419
60.056524
67.907050
76.935155
84.000628
83.608102
83.215575
84.000628
79.290312
75.365049
74.972523
62.411682
60.841576
57.701366
52.205998
53.776103
49.458314
42.000314
36.897472
31.009578
22.766525
10.990736
-6.280421
-16.486105
-27.084315
-36.504946
-43.570419
-46.318103
-45.140524
-45.533051
-46.318103
-41.215261
-36.504946
-38.860104
-31.402104
-21.588946
-8.635579
7.065473
23.551578
45.533051
66.336945
86.355786
94.598838
99.701680
104.804522
101.664312
105.197048
111.869995
113.832627
113.440100
113.832627
109.122311
101.271785
91.066101
80.075365
69.869681
59.271471
42.000314
25.514209
12.953368
-2.747684
-14.915999
-32.579683
-53.776103
-74.972523
-95.383891
-110.692416
-127.571047
-136.599152
-142.879573
-144.449678
-143.664626
-144.057152
-143.664626
-144.449678
-141.701994
-130.711258
-120.898100
-109.122311
-89.103470
-73.009892
-60.056524
-49.065787
-38.860104
-27.869367
-14.130947
-5.887894
5.887894
20.803894
31.402104
41.607788
48.673261
53.776103
59.663997
61.234103
59.663997
63.589260
68.692102
67.514523
69.084629
74.972523
69.084629
62.019155
54.168629
42.392840
28.654420
14.130947
0.785053
-8.635579
-14.523473
-22.373999
-28.261894
-36.504946
-45.140524
-52.205998
-52.991050
-58.486419
-60.841576
-60.056524
-60.449050
-60.449050
-60.056524
-61.234103
-57.308840
-45.140524
-29.046946
-14.523473
3.925263
15.701052
18.841262
28.261894
30.224525
36.897472
47.888209
57.701366
68.692102
82.037997
88.318417
96.168943
99.309154
98.131575
98.524101
98.524101
96.953996
90.281049
91.458628
90.281049
84.785681
82.037997
75.757576
64.374313
48.280735
32.972209
14.915999
1.570105
-7.458000
-19.626315
-23.159052
-32.579683
-45.140524
-52.205998
-63.589260
-73.794944
-83.608102
-82.823049
-89.495996
-91.458628
-91.066101
-91.066101
-91.066101
-90.281049
-84.393154
-80.075365
-72.224839
-65.944418
-58.486419
-52.205998
-42.392840
-32.187157
-21.196420
-7.065473
3.532737
13.345894
26.691788
34.542314
46.710630
62.019155
74.187471
83.215575
83.215575
84.000628
78.897786
71.439786
64.766839
56.916313
52.991050
52.598524
53.776103
50.243366
42.785367
34.149788
25.906736
10.990736
-1.962631
-13.738420
-31.402104
-40.037683
-51.813472
-60.056524
-66.729471
-74.187471
-76.935155
-73.794944
-67.907050
-68.692102
-67.907050
-68.299576
-67.907050
-68.299576
-63.196734
-51.420945
-41.607788
-30.617051
-17.271157
-4.710316
6.672947
13.345894
15.701052
22.373999
29.046946
33.364735
41.215261
46.318103
51.420945
60.056524
60.449050
62.804208
68.692102
68.299576
68.299576
68.692102
63.981787
56.916313
44.355472
30.617051
16.093578
3.925263
-3.925263
-7.850526
-7.458000
-7.458000
-8.243052
-14.523473
-16.878631
-24.336631
-30.224525
-34.934841
-40.822735
-45.533051
-45.533051
-45.533051
-45.925577
-45.140524
-45.533051
-45.533051
-45.533051
-38.860104
-37.289998
-38.075051
-36.897472
-38.860104
-34.934841
-27.476841
-18.056210
-4.317789
7.850526
17.271157
29.046946
29.831999
34.149788
38.075051
42.785367
46.318103
51.420945
53.776103
52.991050
52.598524
56.523787
62.019155
55.346208
50.635893
44.747998
39.645156
26.691788
23.159052
18.841262
14.523473
15.701052
7.458000
1.177579
-7.065473
-16.093578
-21.588946
-33.364735
-45.140524
-53.776103
-60.449050
-61.234103
-60.056524
-61.626629
-58.093892
-52.991050
-49.850840
-42.000314
-37.289998
-31.794630
-22.373999
-15.701052
-10.205684
0.785053
11.383263
16.486105
22.373999
22.766525
26.299262
31.009578
30.224525
30.224525
30.617051
27.476841
21.981473
23.159052
22.766525
17.663683
13.345894
9.813157
2.747684
0.000000
-5.495368
-7.850526
-8.635579
-15.701052
-14.523473
-15.701052
-14.523473
-18.448736
-25.906736
-31.009578
-36.897472
-38.860104
-36.897472
-31.402104
-25.906736
-19.626315
-10.990736
-9.420631
-15.308526
-15.308526
-9.813157
-6.672947
-7.850526
-1.570105
5.887894
12.168315
20.411368
29.046946
36.504946
37.682525
42.000314
40.430209
31.402104
30.617051
29.831999
31.009578
29.831999
30.617051
37.289998
44.747998
45.140524
45.925577
43.570419
37.682525
32.579683
27.476841
17.271157
14.915999
15.308526
15.701052
10.205684
6.672947
8.243052
1.962631
-0.785053
1.177579
-4.317789
-7.065473
-5.102842
-8.243052
-7.458000
-7.458000
-7.850526
-6.672947
-11.383263
-16.093578
-15.308526
-13.738420
-7.065473
-8.635579
-2.747684
0.785053
-1.177579
7.065473
2.355158
1.570105
8.243052
7.065473
7.850526
7.458000
7.850526
8.243052
15.308526
12.953368
6.672947
2.747684
-6.672947
-14.523473
-16.878631
-22.766525
-22.766525
-22.766525
-22.766525
-22.766525
-23.159052
-30.224525
-36.504946
-45.533051
-52.991050
-57.308840
-62.804208
-68.299576
-68.299576
-68.299576
-67.907050
-68.692102
-65.551892
