4	4	31	31	29	29	29	29	7	7	7	7	29	29	29	29	29	29	29	29	29	29	8	8	8	8	29	29	29	29	29	29	29	30	30	4	31	31	31	4	31	31	32	31	4	31	32	31	4	31	32	31	32	31	31	4	32	31	31	31	32	32	4	31	31	32	4	31	4	31	31	31	4	4	31	4	31	4	31	4	31	
31	31	29	29	29	29	30	31	31	31	30	29	29	29	31	31	31	31	31	31	31	31	32	32	31	32	31	31	31	31	31	31	31	4	31	30	29	4	31	31	31	31	32	31	31	32	32	30	30	32	30	31	31	31	32	31	31	31	32	31	31	32	32	4	31	32	31	31	4	31	4	31	31	4	4	4	31	4	31	4	31	
4	4	4	31	29	4	4	31	31	31	31	29	29	29	4	31	30	31	31	31	31	31	31	31	32	31	31	31	31	31	31	31	31	31	31	32	32	31	31	31	31	31	29	29	29	29	29	31	31	31	31	31	31	31	32	31	31	31	30	31	31	31	32	31	31	31	32	31	4	31	32	31	31	31	31	31	31	4	4	32	31	4	4	31	31	4	4	31	31	4	31	31	31	
4	4	31	29	7	7	29	4	29	32	31	31	31	29	29	29	29	29	29	8	29	31	31	31	31	31	29	29	29	29	29	29	29	29	29	29	29	29	29	4	31	31	31	31	4	30	31	30	4	31	29	30	30	29	29	29	30	32	32	31	31	32	31	31	31	32	31	31	31	31	30	31	31	4	29	29	4	31	31	32	4	4	4	30	4	4	4	31	31	
27	4	31	31	4	31	31	29	4	4	4	29	31	31	30	30	31	4	8	8	29	29	8	8	29	29	29	29	29	29	29	29	29	29	29	29	29	29	29	29	29	29	29	29	31	31	31	4	31	31	30	4	31	32	31	31	32	30	30	31	30	32	32	31	31	31	31	31	31	32	31	31	4	31	32	31	4	4	32	31	31	4	32	31	31	4	32	4	31	
4	12	31	31	31	32	31	31	31	29	29	29	29	29	29	31	31	30	31	31	31	31	31	31	32	31	31	31	32	31	31	31	31	32	32	31	31	31	31	31	31	31	31	32	31	30	31	31	31	30	31	31	31	31	31	31	31	31	32	31	4	31	30	31	31	31	32	31	31	31	31	4	31	31	4	31	32	31	31	4	31	31	31	31	31	4	31	31	31	31	32	31	4	
4	4	31	31	31	31	31	31	31	31	31	31	31	31	31	31	31	31	32	31	31	31	31	32	31	31	31	31	31	31	31	31	31	32	32	31	31	32	31	31	31	31	31	31	31	31	31	31	32	31	31	31	32	31	32	32	31	31	32	31	30	31	30	30	31	31	31	32	31	31	31	32	31	31	31	31	31	31	31	31	31	4	4	31	31	
4	4	4	4	4	29	31	30	31	31	31	31	31	31	31	31	31	31	31	31	31	31	31	31	31	31	31	31	31	31	31	31	31	31	31	31	31	31	31	31	31	31	31	31	31	31	31	31	31	30	30	30	29	30	31	30	4	31	31	32	31	31	31	31	31	30	30	31	31	31	31	31	30	31	31	31	32	31	31	32	32	31	31	32	31	31	31	31	31	31	31	31	30	30	4	31	31	31	31	31	32	
4	7	29	29	29	31	32	31	31	31	31	32	31	31	31	31	30	31	31	31	31	31	31	31	31	31	31	31	31	31	31	31	31	31	31	31	31	31	31	31	31	31	31	31	31	31	31	31	31	31	31	30	30	31	31	31	31	31	31	31	31	31	4	31	32	31	4	31	30	31	4	31	32	31	31	31	32	4	32	32	32	4	31	32	31	31	32	32	31	4	31	31	32	31	4	31	31	31	4	32	31	
4	4	4	4	31	31	31	31	31	31	31	31	31	31	31	31	31	31	31	31	29	30	30	29	29	29	29	29	30	30	30	31	31	31	31	29	30	30	31	31	31	31	31	31	31	31	31	31	31	31	31	31	31	31	31	31	32	31	31	31	32	31	31	31	32	31	32	31	31	31	32	31	31	31	31	31	32	31	4	4	31	29	4	31	31	31	31	31	4	31	31	4	4	
