32	31	31	31	31	8	4	8	4	8	4	8	31	30	31	31	32	31	29	29	4	29	8	23	29	6	6	6	5	5	5	5	5	5	5	5	5	6	5	5	1	2	2	2	2	2	2	2	4	4	4	27	27	27	27	27	27	12	12	12	27	27	27	27	27	27	27	27	12	31	28	4	4	31	31	31	31	4	31	28	31	31	31	31	31	31	4	4	4	31	31	31	31	31	4	4	31	
31	31	31	31	31	30	31	4	31	29	4	29	29	29	4	29	7	6	7	5	5	5	5	5	5	1	1	1	1	1	1	1	1	1	2	2	2	2	2	2	27	27	12	12	12	12	12	12	12	12	12	12	12	12	12	12	28	27	27	12	27	31	31	31	31	31	31	31	31	31	31	31	31	31	31	31	31	31	4	31	4	31	31	4	31	31	31	31	31	
31	31	31	31	31	31	31	32	31	32	31	31	31	31	31	32	31	31	31	22	4	29	8	8	4	7	5	5	5	5	5	5	5	5	5	5	5	5	2	2	2	2	2	2	2	2	14	14	12	12	12	12	12	12	12	12	12	12	12	12	27	12	12	12	31	31	31	31	31	31	31	31	31	31	32	31	31	31	31	31	28	4	12	28	12	
31	31	31	31	31	31	32	32	31	4	32	31	4	29	29	29	29	29	29	6	6	5	5	5	5	5	5	5	5	5	1	1	1	1	2	2	2	2	27	2	27	12	12	28	12	12	12	12	31	31	28	12	31	31	31	12	31	31	31	31	31	31	31	31	31	31	31	31	31	31	31	31	31	31	31	31	31	31	31	31	31	31	31	31	31	
4	32	31	31	31	32	31	31	31	30	29	29	8	6	5	5	6	5	5	5	5	5	5	5	5	5	5	5	2	2	2	2	2	2	2	14	14	27	27	12	12	12	12	12	12	12	12	12	12	12	12	27	27	4	27	28	31	31	31	31	31	12	31	31	31	31	31	31	31	4	4	27	4	27	4	4	4	4	27	27	27	28	31	31	27	27	4	4	27	
4	4	4	4	4	7	4	29	31	31	31	8	31	8	7	6	6	6	6	6	5	5	5	5	5	5	5	5	1	1	1	1	1	1	1	2	2	2	2	14	27	27	14	4	4	27	28	12	12	12	28	12	12	27	27	27	27	27	27	28	31	31	31	31	31	31	31	31	31	28	31	31	31	31	31	4	28	28	31	31	31	
32	31	4	4	30	30	30	31	30	30	29	29	29	8	8	8	8	6	5	5	5	5	5	5	5	5	1	1	1	1	1	1	1	1	1	10	10	2	10	2	10	27	27	27	27	27	27	27	27	27	27	27	27	27	27	27	27	27	27	4	12	27	4	4	31	31	31	31	31	31	31	31	31	31	31	31	27	27	27	27	27	27	27	27	4	
30	31	30	31	29	24	31	29	23	23	6	6	6	6	6	5	5	5	5	5	5	1	1	5	5	5	5	6	6	6	13	13	13	10	2	27	10	27	27	27	27	27	27	12	12	12	12	12	12	4	12	28	31	12	31	31	31	31	31	31	31	31	32	31	31	31	31	31	31	4	31	31	31	31	31	31	31	
31	31	32	32	31	31	31	31	31	32	31	31	31	29	29	29	29	6	6	6	6	6	6	5	5	5	5	5	1	1	5	5	6	6	6	6	6	13	13	2	2	2	14	14	4	12	12	28	12	12	12	28	12	12	12	31	12	12	31	31	12	31	31	31	31	31	31	31	31	31	31	31	4	31	31	31	31	31	32	31	4	31	31	31	31	31	31	31	31	31	31	31	31	
31	31	31	31	31	4	4	30	30	31	31	31	31	30	4	29	29	30	29	8	7	6	6	6	5	5	5	5	5	5	5	5	5	5	5	5	1	1	1	2	2	13	13	2	13	14	27	12	12	12	12	12	12	12	31	12	28	14	4	12	31	31	31	31	31	31	31	31	31	31	31	31	31	31	31	31	31	31	31	31	31	4	31	31	31	31	31	31	31	
