27	4	4	27	28	28	12	12	28	12	12	12	12	12	12	31	12	12	12	12	12	12	12	12	12	12	12	12	16	12	12	12	16	16	12	12	12	12	12	12	12	12	12	27	28	12	12	27	4	4	4	4	4	4	3	3	3	5	5	7	7	5	5	5	5	5	5	6	7	7	7	8	8	7	4	8	8	29	4	8	29	29	29	29	29	29	29	29	30	29	29	29	30	29	29	4	8	29	8	4	29	4	29	29	29	
31	31	28	28	28	28	28	28	28	28	28	28	28	12	12	12	12	31	12	24	12	12	24	31	24	24	31	31	31	24	31	31	31	31	31	31	31	31	31	31	31	31	12	14	12	31	4	4	7	4	7	4	7	4	7	4	7	4	8	7	7	7	8	8	7	7	7	7	29	29	29	30	31	30	30	30	29	30	30	30	31	31	31	32	31	30	29	29	29	29	29	29	29	29	30	29	29	31	32	4	29	
28	27	4	4	4	4	4	4	4	31	28	28	28	28	28	31	28	28	4	27	27	27	28	31	12	12	12	12	12	12	12	12	12	12	12	12	12	12	12	12	12	12	12	12	12	31	31	31	14	12	14	11	27	4	4	4	4	4	4	4	7	29	7	7	7	29	7	8	29	29	29	29	29	29	29	29	29	29	30	29	30	29	30	29	30	29	30	31	30	30	30	4	29	29	29	29	29	29	8	30	29	4	29	29	29	29	4	29	29	
31	31	31	31	4	27	4	4	4	28	12	28	12	28	28	28	28	27	27	27	12	12	12	28	28	28	28	28	28	28	12	28	28	12	28	12	28	12	31	28	28	12	28	31	28	28	14	14	16	14	11	14	14	4	4	4	7	7	4	29	7	7	7	7	7	29	29	29	29	29	29	29	29	29	29	29	30	29	29	30	30	30	30	30	30	30	32	31	30	29	29	29	30	29	30	30	4	29	29	29	4	29	29	29	29	4	4	4	29	
31	31	31	4	28	4	4	4	28	4	4	28	27	27	27	27	28	12	12	12	12	12	12	12	12	12	12	12	16	12	12	12	12	12	12	12	12	12	12	12	28	31	31	12	12	14	14	14	14	4	4	29	4	4	7	7	4	29	29	4	29	29	29	29	29	31	29	30	29	30	29	30	29	30	29	29	4	29	29	29	32	31	31	31	31	29	4	29	29	30	29	29	4	29	29	29	29	4	4	31	29	30	29	29	29	
4	4	4	4	4	4	28	28	4	4	28	28	31	28	28	28	28	12	28	28	28	31	31	31	31	31	12	12	31	31	31	31	31	31	12	12	12	24	24	24	12	31	31	31	31	31	31	24	14	14	14	14	14	14	14	4	4	4	5	5	7	4	7	29	4	4	4	8	29	29	29	8	29	29	29	7	29	29	29	29	30	29	30	29	30	31	29	31	30	31	4	31	29	29	4	29	29	29	30	29	4	29	29	29	29	29	29	29	30	30	29	4	29	
31	12	28	28	27	27	27	27	28	28	28	28	28	28	28	28	12	12	12	12	28	28	31	31	31	31	31	4	4	4	4	31	24	31	24	24	24	12	31	31	31	31	31	31	31	31	31	31	14	14	14	14	14	14	14	14	29	29	6	7	7	7	7	7	7	7	7	29	8	29	29	29	8	29	29	29	29	29	29	8	29	29	30	30	29	4	30	29	29	4	30	29	29	8	29	30	29	30	29	29	4	
4	4	4	4	4	4	4	4	4	31	28	28	28	28	28	28	12	12	28	28	28	31	28	31	28	12	12	12	16	16	16	16	12	12	16	12	12	12	12	12	12	12	12	24	24	24	24	24	31	31	31	14	14	14	14	29	29	29	29	29	29	29	29	7	7	7	4	29	4	8	4	29	29	29	29	29	29	29	29	30	31	30	31	30	4	30	4	30	4	30	4	30	4	32	4	29	30	29	30	4	30	29	30	4	29	30	30	30	29	29	29	31	29	
4	4	27	28	27	4	31	28	31	31	31	31	31	31	31	31	27	27	27	27	27	28	31	31	31	31	31	31	31	31	31	31	31	12	12	12	12	12	12	16	16	16	12	24	24	24	31	31	31	31	31	31	16	14	14	16	29	4	4	4	4	7	7	7	29	7	7	7	7	7	7	4	6	7	8	7	7	7	8	29	29	30	29	29	29	30	29	4	30	8	29	4	29	30	29	29	29	29	29	29	29	29	29	29	4	29	30	30	29	29	29	29	4	
28	28	28	28	28	28	28	28	31	28	12	12	12	12	28	28	12	27	27	27	27	27	28	28	28	12	12	12	12	12	12	16	16	12	12	24	24	31	31	31	31	31	31	31	31	31	31	31	31	12	12	14	14	31	29	29	29	4	29	29	29	29	7	29	7	8	7	29	8	29	29	29	29	29	29	29	4	30	29	8	4	30	29	30	31	30	4	31	31	30	4	29	29	29	29	4	29	
