3	3	3	3	3	3	3	3	3	3	3	3	3	3	3	3	3	3	3	10	10	10	10	10	10	10	10	10	10	10	11	10	10	12	16	12	12	12	12	12	12	12	12	12	12	12	12	12	12	14	14	14	14	14	14	28	14	12	31	12	31	31	31	14	14	27	27	27	27	27	27	27	26	27	26	27	27	27	27	27	27	27	27	27	27	27	27	27	27	
3	3	3	3	3	1	3	3	3	3	3	3	3	3	3	3	3	3	3	3	3	3	27	27	27	27	27	27	27	27	12	12	12	12	12	16	16	16	16	16	16	16	16	12	12	12	14	28	14	31	31	31	31	14	31	14	31	14	28	14	28	31	28	27	27	27	27	27	27	27	27	27	27	27	27	25	25	25	25	25	25	25	2	2	2	
3	3	3	3	3	3	3	3	3	3	3	3	3	3	3	3	3	3	13	10	10	11	11	10	10	10	10	10	10	12	12	12	12	12	12	10	12	12	12	12	10	12	12	12	12	12	11	27	14	14	14	14	14	14	14	27	14	28	31	28	27	28	27	27	27	27	27	27	27	27	27	27	27	14	10	10	10	27	27	27	27	27	27	27	27	27	27	27	27	2	2	2	27	
5	5	5	5	3	3	3	3	3	3	3	3	3	3	3	3	3	3	3	3	27	4	27	4	11	12	11	12	12	12	27	12	31	12	12	12	12	12	28	31	12	12	12	15	12	12	12	14	27	12	27	14	28	14	14	31	14	14	27	12	28	28	14	28	27	27	27	27	27	27	27	27	27	27	27	27	27	27	27	27	27	27	27	27	27	4	4	27	27	27	27	27	27	
3	3	3	3	3	3	3	3	3	3	3	3	3	3	3	3	3	3	4	4	4	4	4	4	4	4	4	14	14	14	31	14	14	31	31	14	31	31	14	14	14	28	16	12	12	14	12	12	12	12	28	31	14	12	12	28	14	12	12	28	31	31	31	12	28	27	27	27	27	27	27	27	27	27	11	27	11	27	27	27	27	27	27	12	27	27	27	27	27	27	27	27	27	
5	5	5	5	5	5	5	5	3	3	3	3	3	3	3	3	3	3	3	27	4	4	4	14	14	4	14	14	14	16	14	16	14	14	14	14	14	14	15	15	15	16	14	15	14	28	14	28	28	27	14	27	31	12	14	31	28	14	28	31	28	31	31	31	31	31	31	31	28	28	4	31	31	31	31	31	4	27	27	27	27	27	27	27	27	4	27	4	27	27	4	4	4	
7	6	7	6	6	6	5	6	3	3	3	3	3	29	29	13	13	11	13	4	4	4	13	13	13	14	14	14	16	11	14	16	16	11	14	24	14	14	31	15	15	31	31	12	28	16	12	12	12	16	12	14	14	14	14	14	14	14	14	14	12	28	31	28	31	31	28	27	27	27	27	11	11	11	11	11	11	11	27	11	27	27	11	11	11	11	11	27	11	11	11	12	12	12	12	12	12	
5	5	3	5	5	5	3	3	5	5	1	3	5	3	3	3	3	3	3	3	3	3	3	27	27	27	27	27	27	27	11	12	12	12	12	12	12	12	12	12	12	12	11	16	12	12	16	16	16	12	16	12	16	12	14	14	14	14	14	16	14	14	31	14	14	31	28	28	27	27	27	27	27	28	27	27	27	27	27	27	27	27	27	27	27	27	27	27	27	27	27	27	27	
7	7	7	3	7	7	5	7	7	7	5	3	3	3	3	3	3	3	3	3	3	27	27	27	27	27	27	27	27	27	27	27	12	11	11	12	12	12	12	16	16	16	11	16	16	16	11	16	11	16	14	14	14	14	14	14	12	14	27	14	14	14	14	14	14	12	27	27	11	14	27	14	27	27	27	27	27	27	27	27	27	27	27	27	27	27	27	27	27	27	27	27	27	
5	5	5	5	5	5	5	5	5	5	5	3	3	3	3	3	3	3	3	3	4	27	27	27	27	27	27	27	27	27	27	27	28	28	12	12	12	12	12	12	12	12	12	12	12	12	12	12	14	14	14	14	14	27	14	14	14	14	14	14	14	14	14	14	28	28	27	27	27	27	27	27	27	27	27	27	11	27	27	27	27	27	27	27	27	
