25	25	25	25	3	3	3	3	4	3	3	4	4	31	31	31	28	27	27	27	27	27	28	28	28	12	12	12	12	12	16	16	12	12	12	31	31	31	12	12	24	24	24	24	24	24	16	16	16	24	24	24	12	12	24	24	12	12	24	24	24	24	24	24	12	12	24	24	31	31	24	24	31	12	24	24	12	24	24	31	31	31	24	12	14	24	31	12	31	24	4	31	31	
25	25	25	27	4	27	4	4	3	4	4	4	29	31	31	27	27	27	27	27	27	12	12	28	12	28	28	12	12	12	12	12	16	16	16	16	16	16	16	16	16	16	16	16	16	16	12	16	16	16	16	16	16	16	24	12	16	24	24	12	12	24	12	12	12	24	12	12	24	24	24	12	12	31	31	24	31	31	31	24	31	31	32	31	31	31	31	31	24	24	31	4	31	12	31	31	24	31	31	31	31	4	32	32	31	
25	25	27	27	27	27	4	4	29	14	14	14	14	14	14	14	27	27	27	12	12	12	12	12	12	12	12	12	16	16	16	16	16	16	16	16	16	16	16	16	12	12	12	12	12	12	12	12	12	12	12	31	12	24	24	24	24	24	24	24	12	24	31	24	31	24	14	24	24	24	31	31	24	31	31	24	31	31	31	24	31	24	12	12	12	24	31	31	31	31	31	4	24	24	31	31	31	24	31	31	31	24	31	4	4	
25	3	3	3	4	3	3	3	3	3	3	3	3	4	4	27	27	27	27	12	12	12	12	12	12	12	12	12	12	12	12	12	12	12	12	12	12	12	12	12	12	12	12	12	12	12	12	12	12	12	12	12	12	12	12	12	24	12	24	24	12	12	12	24	24	12	16	24	24	12	12	24	12	12	16	16	12	12	12	12	14	12	12	12	24	12	31	24	24	31	31	24	24	31	12	24	31	24	12	24	31	
25	25	25	27	27	3	3	3	3	4	4	4	4	31	31	31	14	14	27	27	27	27	27	27	28	28	28	12	12	12	12	12	12	12	12	12	12	12	12	12	12	12	12	12	12	12	12	12	12	24	24	24	24	24	24	24	24	12	12	12	24	24	12	24	24	24	24	24	24	31	24	24	12	31	24	24	12	31	24	24	24	31	24	31	24	31	24	31	24	31	24	31	31	24	31	31	31	24	31	31	32	31	31	31	24	
25	25	27	4	27	4	4	4	31	31	4	31	31	4	27	27	27	27	27	28	28	28	28	28	31	31	31	31	31	31	31	31	31	31	31	31	31	31	24	24	24	24	24	24	24	24	24	24	24	16	24	24	16	12	12	16	16	12	12	16	24	12	12	12	24	31	12	24	12	12	24	24	31	31	31	31	31	31	12	31	31	31	32	31	31	31	31	24	24	31	4	31	31	24	31	31	32	31	31	4	31	31	31	31	31	
27	27	27	27	27	4	4	32	31	31	14	14	27	27	27	27	27	27	27	27	27	28	28	31	31	31	12	12	12	31	24	24	24	24	31	24	31	31	31	31	31	31	31	31	24	24	24	24	24	24	24	24	24	16	24	24	24	16	16	16	12	16	12	24	12	12	12	12	24	12	12	31	24	12	31	12	12	31	31	24	31	31	31	32	31	24	31	24	24	24	24	31	31	24	31	31	12	24	31	31	31	31	31	32	31	31	31	31	31	
3	3	3	3	4	27	27	27	27	27	27	14	31	31	31	28	27	27	27	27	27	27	27	28	28	12	28	12	31	12	31	12	12	12	31	31	31	31	31	12	31	31	12	12	24	24	24	24	24	12	12	24	24	12	12	24	24	24	24	24	16	16	16	16	12	16	16	16	16	16	12	24	12	24	12	12	24	24	12	31	31	31	24	31	31	31	31	31	31	24	31	31	31	31	31	31	31	31	24	31	24	24	31	31	24	24	31	31	24	
25	25	27	27	27	27	27	27	4	29	29	29	4	4	28	27	27	27	27	27	27	28	12	12	12	12	12	16	16	16	16	16	16	16	16	16	16	16	16	16	16	16	16	16	16	16	16	16	16	16	16	16	16	16	16	16	16	16	12	16	16	16	12	12	12	24	12	12	24	16	12	12	12	24	12	24	24	24	24	24	31	31	31	24	24	31	31	24	12	12	24	12	12	24	14	31	12	24	31	31	31	31	14	31	31	
25	27	27	27	27	27	27	27	27	28	14	14	14	14	27	27	27	27	27	12	12	12	12	12	16	16	16	16	16	16	16	16	16	14	16	24	16	24	24	24	24	24	12	12	14	14	12	16	16	16	24	20	20	24	24	20	14	24	14	20	12	12	12	20	16	12	16	24	12	24	20	24	12	16	16	24	14	24	24	31	31	24	31	24	24	24	12	31	31	24	24	31	12	24	31	24	31	31	4	31	31	
