27	4	29	29	29	29	8	8	7	7	7	7	7	7	7	7	8	6	7	7	8	6	6	6	6	8	6	7	5	6	7	5	7	6	7	7	6	6	8	7	8	7	29	6	6	7	7	8	29	7	7	7	7	7	4	29	29	4	4	4	29	29	31	4	4	4	27	11	27	27	11	13	4	4	4	4	4	4	3	3	4	4	4	4	4	4	4	4	4	
8	8	29	29	8	8	29	8	8	8	8	8	6	6	6	6	6	6	7	7	7	7	7	7	7	7	5	7	7	5	7	7	7	7	29	29	29	29	29	29	29	7	7	7	7	7	29	29	4	29	29	4	29	4	4	29	31	31	27	10	10	27	27	4	4	4	31	27	27	27	27	27	4	4	4	3	4	3	4	3	4	4	4	4	4	3	3	3	4	
4	4	4	4	4	4	4	4	4	4	4	4	4	4	4	4	4	7	7	7	7	7	7	7	6	6	7	7	29	29	29	29	29	29	29	7	8	8	29	29	8	29	29	29	29	4	4	4	4	4	4	4	4	31	4	27	27	10	27	10	27	4	4	27	4	4	4	4	4	4	4	4	4	3	4	3	4	4	4	4	4	4	4	4	4	4	4	4	31	
3	27	29	29	29	29	29	29	29	29	29	29	29	29	29	29	29	29	29	29	7	7	7	7	7	7	7	7	7	7	29	29	29	29	29	29	29	29	7	7	8	7	7	7	7	7	4	29	4	4	4	4	4	4	4	4	4	4	27	27	27	27	27	27	4	4	4	4	4	4	4	4	4	4	4	4	27	27	4	4	4	4	4	4	4	4	4	4	4	
29	29	8	8	7	7	7	7	6	7	7	7	7	7	5	7	7	6	6	6	6	6	8	8	8	8	8	8	8	6	7	7	8	29	4	7	8	5	5	5	7	7	7	29	29	4	4	4	4	4	4	27	27	27	27	27	27	4	4	4	27	27	27	27	4	4	4	4	4	27	27	27	27	27	27	4	4	4	4	4	4	4	4	4	31	
7	7	7	7	7	7	7	6	6	6	6	6	6	6	6	6	6	6	8	6	6	6	6	6	6	6	6	6	7	7	7	7	7	8	7	7	7	8	7	7	7	8	7	5	5	5	7	29	18	29	29	29	4	4	4	4	29	27	27	27	27	27	27	4	4	27	27	4	27	27	4	27	27	27	27	27	27	4	4	4	4	4	4	4	4	4	4	4	4	
29	7	7	7	7	7	7	7	7	7	6	6	6	6	6	6	6	6	8	7	7	7	8	7	7	7	8	8	7	7	8	8	29	29	7	7	7	7	7	7	7	29	4	29	29	29	29	29	29	4	4	27	10	27	10	4	4	4	4	27	4	4	27	4	4	4	4	4	4	4	3	4	4	4	4	4	4	4	4	4	4	4	4	4	4	
30	29	29	29	29	29	8	8	8	7	7	8	8	8	7	7	7	7	7	7	7	7	7	7	7	7	6	7	7	7	8	7	8	29	8	29	8	7	7	29	7	7	7	29	29	29	29	30	29	4	4	4	4	27	27	27	27	27	27	27	27	4	4	27	27	27	27	27	27	27	27	27	4	4	27	4	4	4	27	4	4	4	4	4	4	
31	31	30	29	29	29	29	29	29	29	29	7	8	8	8	7	6	6	7	7	6	7	7	7	6	6	8	8	8	8	8	7	7	8	8	29	7	7	8	7	7	8	29	8	29	8	29	29	4	8	29	29	4	29	29	29	29	29	4	29	29	4	29	4	27	27	10	27	4	4	27	4	4	4	27	4	4	4	4	4	4	3	4	3	4	3	4	4	4	4	4	4	4	
1	3	4	31	30	30	29	8	8	29	29	29	29	29	29	29	29	29	29	29	8	6	6	6	6	6	6	6	6	6	6	6	6	6	6	8	8	8	8	8	29	29	29	8	29	29	7	7	7	7	7	29	29	29	29	4	7	4	7	4	3	4	4	4	29	27	27	10	27	27	27	4	4	4	4	4	4	4	27	4	4	4	4	4	4	4	4	4	4	4	4	4	4	4	4	4	4	
