1408.040098
1574.774959
1676.554828
1701.104746
1642.798691
1523.629296
1395.253682
1289.893617
1205.503273
1142.594108
1102.189034
1089.914075
1068.432897
979.950900
809.635843
559.533552
263.911620
-70.581015
-458.265139
-909.369885
-1401.902619
-1896.992635
-2354.746318
-2687.193126
-2841.141571
-2781.812602
-2569.046645
-2295.417349
-1973.199673
-1608.531097
-1186.579378
-752.864157
-391.264321
-130.421440
28.641571
107.405892
161.620295
214.811784
314.034370
475.143208
648.527005
814.238953
966.653028
1140.548282
1338.481997
1488.338789
1503.682488
1358.940262
1070.990180
662.847791
162.643208
-406.096563
-986.599836
-1527.720949
-1982.405892
-2326.616203
-2520.969722
-2514.832242
-2320.990180
-1987.009002
-1599.324877
-1199.877250
-799.406710
-428.600655
-101.268412
153.436989
344.721768
508.899345
654.664484
778.436989
891.980360
1025.470540
1187.602291
1353.825696
1461.743044
1491.918985
1462.254501
1383.490180
1266.878069
1110.372340
929.316694
768.207856
618.862520
482.303601
389.218494
377.454992
464.914075
618.862520
762.581833
893.003273
1059.226678
1291.939444
1598.301964
1922.565466
2176.759411
2273.936170
2135.331424
1750.716039
1217.778232
666.427987
182.078560
-247.545008
-729.848609
-1299.611293
-1891.366612
-2376.738953
-2637.070376
-2677.986907
-2572.626841
-2404.357610
-2266.264321
-2154.766776
-2009.513093
-1780.380524
-1463.277414
-1147.708674
-929.828151
-800.941080
-679.725859
-450.081833
-64.954992
390.752864
829.071195
1171.235679
1381.955810
1494.987725
1542.041735
1527.209493
1417.246318
1146.685761
692.000818
131.955810
-405.585106
-828.559738
-1138.502455
-1421.849427
-1706.730769
-1947.626841
-2101.063830
-2114.361702
-1991.100655
-1766.059738
-1452.536825
-1102.700491
-764.116203
-418.882979
-50.634206
335.515548
703.764321
984.554010
1156.914894
1253.068740
1305.748773
1319.046645
1286.313421
1191.182488
1078.150573
963.072831
849.018003
741.612111
639.832242
582.549100
556.464812
555.441899
562.602291
575.900164
579.480360
556.976268
536.006547
544.701309
607.099018
726.268412
878.682488
1057.692308
1308.817512
1697.524550
2216.141571
2749.079378
3118.351064
3159.779051
2777.209493
2016.162029
1053.089198
71.092471
-816.796236
-1638.195581
-2475.961538
-3299.918167
-3961.231588
-4268.105565
-4106.485270
-3584.288052
-2911.211129
-2280.585106
-1799.815876
-1435.658756
-1104.234861
-761.558920
-441.898527
-229.644026
-188.727496
-233.735679
-194.353519
76.718494
601.472995
1216.243863
1732.815057
2037.643208
2113.338789
2012.070376
1771.685761
1395.253682
846.460720
102.802782
-752.864157
-1540.507365
-2082.139935
-2272.913257
-2153.232406
-1877.045827
-1560.965630
-1241.816694
-920.110475
-588.686579
-300.736498
-94.108020
-7.671849
-38.359247
-135.024550
-204.582651
-142.184943
75.184124
390.241408
702.741408
947.729133
1132.876432
1273.527005
1354.848609
1327.741408
1146.685761
837.254501
468.494272
109.963175
-151.902619
-283.858429
-301.759411
-189.750409
0.511457
223.506547
458.776596
634.717676
711.947627
693.023732
618.862520
572.319967
615.793781
759.001637
977.393617
1305.748773
1796.747136
2486.190671
3303.498363
4036.415712
4388.809329
4099.324877
3126.534370
1689.341244
126.841244
-1291.939444
-2474.938625
-3519.333061
-4467.573650
-5165.200491
-5387.684124
-4936.579378
-3890.650573
-2582.855974
-1391.673486
-581.526187
-161.108838
24.038462
127.352700
213.277414
210.720131
40.916530
-222.995090
-384.615385
-207.651391
383.592471
1195.274141
1894.435352
2222.279051
2116.407529
1669.394435
1025.981997
255.728314
-608.121931
-1554.828151
-2498.977087
-3252.352700
-3560.249591
-3281.505728
-2468.289689
-1347.688216
-242.941899
614.259411
1170.724223
1474.018003
1557.896890
1406.505728
998.874795
368.760229
-332.958265
-909.881342
-1187.602291
-1075.593290
-637.274959
-47.054010
489.975450
877.148118
1124.693126
1278.641571
1323.649755
1202.945990
892.491817
434.738134
-34.267594
-345.744681
-417.860065
-256.751227
22.504092
292.553191
507.364975
652.107201
740.589198
754.909984
656.198854
439.852700
196.910802
55.237316
132.467267
459.288052
989.668576
1654.050736
2394.128478
3177.680033
3961.231588
4643.003273
5000.000000
4760.126841
3723.915712
1969.619476
-86.436170
-1938.420622
-3265.650573
-4052.270867
-4527.414075
-4850.654664
-4966.243863
-4693.126023
-3893.207856
-2696.399345
-1465.834697
-592.266776
-265.445990
-370.806056
-599.427169
-668.473813
-498.158756
-209.185761
23.015548
158.551555
340.630115
750.306874
1366.612111
1950.184124
2172.156301
1843.289689
1010.638298
-64.443535
-1066.898527
-1830.503273
-2345.028642
-2670.315057
-2805.339607
-2637.070376
-2042.246318
-1042.348609
176.963993
1320.069558
2120.499182
2442.716858
2297.974632
1843.801146
1293.985270
750.818331
204.582651
-375.920622
-963.072831
-1395.765139
-1542.041735
-1362.520458
-969.721768
-568.228314
-300.736498
-203.048282
-198.445172
-162.643208
-33.244681
173.895254
394.844517
549.815876
629.091653
683.817512
776.391162
905.789689
966.653028
829.582651
494.067103
58.306056
-326.309329
-551.861702
-594.312602
-493.044190
-299.202128
-3.580196
444.967267
1046.440262
1748.158756
2422.770049
2935.249591
3273.322422
3510.638298
3744.885434
3964.811784
4029.255319
3715.220949
2836.538462
1434.124386
-201.513912
-1602.393617
-2511.252046
-3014.525368
-3398.117840
-3894.230769
-4439.954992
-4713.584288
-4413.359247
-3520.867430
-2347.585925
-1320.581015
-671.031097
-332.446809
-37.336334
408.653846
971.767594
1431.055646
1549.202128
1285.801964
862.315876
588.175123
603.007365
759.513093
741.612111
345.233224
-363.134206
-1113.952537
-1658.142390
-1913.359247
-1946.603928
-1928.702946
-1934.840426
-1861.702128
-1546.644845
-899.652209
4.603110
920.110475
1588.584288
1906.710311
1872.442717
1594.210311
1237.725041
870.499182
460.310966
-56.260229
-673.588380
-1303.191489
-1802.884615
-2044.803601
-1977.291326
-1691.387070
-1323.649755
-952.332242
-537.540917
-1.022913
648.527005
1315.977905
1865.282324
2175.225041
2205.400982
1981.382979
1617.225859
1216.755319
785.597381
260.331424
-375.920622
-1013.195581
-1474.018003
-1616.202946
-1405.482815
-943.126023
-406.096563
92.062193
532.426350
999.386252
1582.446809
2238.645663
2816.591653
3183.817512
3327.025368
3362.827332
3467.164484
3715.220949
3941.284779
3796.031097
2937.806874
1386.558920
-429.623568
-1949.161211
-2883.081015
-3373.567921
-3805.748773
-4419.496727
-5047.054010
-5224.018003
-4586.743044
-3200.184124
-1554.828151
-244.987725
455.196399
713.993453
901.186579
1258.183306
1707.242226
1953.252864
1744.578560
1082.753682
312.500000
-156.505728
-169.803601
46.031097
73.649755
-352.393617
-1142.594108
-1938.420622
-2429.930442
-2505.626023
-2323.547463
-2121.522095
-1980.871522
-1749.181669
-1187.090835
-232.712766
945.171849
2018.207856
2720.437807
2910.188216
2606.382979
2020.765139
1372.749591
770.253682
165.711948
-531.914894
-1291.427987
-1971.665303
-2420.212766
-2534.779051
-2300.531915
-1846.358429
-1327.741408
-804.521277
-255.216858
402.004910
1127.761866
1787.540917
2250.409165
2409.472177
2258.592471
1859.144845
1286.313421
652.107201
0.000000
-715.016367
-1442.307692
-2052.475450
-2368.044190
-2283.142390
-1798.792962
-1056.669394
-240.384615
506.342062
1156.403437
1810.045008
2504.091653
3149.549918
3598.097381
3781.710311
3745.908347
3658.960720
3691.182488
3935.147300
4323.342881
4463.993453
3885.536007
2400.265957
335.004092
-1639.218494
-3037.029460
-3825.184124
-4331.014730
-4865.486907
-5410.699673
-5618.351064
-5082.855974
-3656.403437
-1714.402619
43.473813
1106.280687
1392.696399
1237.725041
1112.418167
1188.625205
1300.634206
1127.250409
473.097381
-448.547463
-1167.655483
-1353.825696
-1062.295417
-710.924714
-724.734043
-1231.587561
-2015.650573
-2660.597381
-2860.065466
-2584.901800
-2065.773322
-1561.477087
-1100.654664
-492.021277
417.348609
1547.667758
2655.994272
3455.912439
3717.266776
3335.208674
2423.792962
1324.672668
371.828969
-329.889525
-873.567921
-1401.391162
-1928.702946
-2345.540098
-2564.954992
-2465.732406
-2035.597381
-1405.994272
-722.176759
-55.748773
601.472995
1295.008183
1993.146481
2576.207038
2908.142390
2817.614566
2264.729951
1359.451718
319.660393
-654.153028
-1516.468903
-2265.752864
-2830.912439
-3060.045008
-2834.492635
-2148.117840
-1088.379705
121.215221
1215.732406
2034.063011
2584.390344
3019.639935
3401.186579
3644.128478
3655.380524
3467.675941
3234.963175
3143.412439
3328.559738
3808.306056
4367.328151
4511.047463
3741.305237
1939.954992
-418.882979
-2581.833061
-4061.477087
-4882.364975
-5373.363339
-5793.780687
-6043.371522
-5751.841244
-4599.018003
-2664.689034
-483.837971
1210.106383
1945.069558
1814.136661
1284.267594
861.804419
706.321604
615.793781
282.835516
-380.012275
-1085.822422
-1417.246318
-1186.579378
-636.763502
-256.751227
-414.279869
-1126.738953
-2046.337971
-2685.658756
-2754.705401
-2312.806874
-1650.470540
-1009.103928
-363.134206
445.478723
1464.811784
2534.267594
3393.003273
3823.649755
3674.815876
2921.951718
1749.693126
500.716039
-564.648118
-1360.474632
-1940.977905
-2393.617021
-2725.552373
-2884.103928
-2740.896072
-2238.645663
-1435.658756
-488.441080
431.157938
1214.198036
1849.427169
2348.097381
2719.414894
2914.791326
2786.415712
2234.042553
1275.061375
105.871522
-1015.241408
-1925.634206
-2593.596563
-2987.418167
-3064.648118
-2822.217676
-2251.432079
-1357.917349
-211.743044
987.622750
1982.917349
2651.902619
3030.380524
3229.337152
3333.674304
3374.079378
3344.926350
3285.085925
3273.833879
3406.301146
3765.855155
4258.899345
4521.788052
4079.378069
2572.626841
183.612930
-2349.120295
-4264.525368
-5208.674304
-5411.722586
-5391.264321
-5374.897709
-5154.459902
-4415.916530
-2965.936989
-1053.089198
697.115385
1706.730769
1756.342062
1175.838789
596.358429
416.837152
578.457447
707.855974
493.555646
-45.008183
-586.129296
-827.025368
-733.428805
-576.923077
-740.589198
-1411.620295
-2382.364975
-3195.069558
-3402.720949
-2884.615385
-1949.672668
-965.630115
-103.314239
693.535188
1520.560556
2352.189034
3056.976268
3475.859247
3457.446809
2949.570376
2027.414075
905.789689
-132.978723
-904.255319
-1389.116203
-1678.600655
-1942.512275
-2267.287234
-2526.084288
-2484.144845
-2020.765139
-1211.129296
-240.384615
693.535188
1478.621113
2048.895254
2399.243044
2615.589198
2661.620295
2335.310966
1522.094926
306.873977
-1005.012275
-2090.834697
-2795.621931
-3102.495908
-3021.685761
-2688.216039
-2197.729133
-1498.056465
-531.403437
673.588380
1840.220949
2669.803601
3106.076105
3257.467267
3245.192308
3219.619476
3212.970540
3195.069558
3198.138298
3228.314239
3378.171031
3778.130115
4287.029460
4498.772504
3900.368249
2113.850245
-516.571195
-3058.510638
-4735.576923
-5287.438625
-5137.581833
-4887.479542
-4699.263502
-4411.313421
-3735.167758
-2446.808511
-763.093290
725.245499
1465.834697
1260.229133
546.747136
57.794599
96.153846
467.471358
749.795417
584.594926
16.878069
-641.366612
-1088.379705
-1179.930442
-1135.433715
-1337.459083
-1943.535188
-2746.010638
-3259.513093
-3114.770867
-2341.959902
-1282.221768
-262.377250
539.586743
1149.754501
1703.662029
2291.837152
2891.775777
3350.552373
3404.255319
2894.844517
1930.748773
783.040098
-205.605565
-831.117021
-1172.258592
-1450.490998
-1880.114566
-2449.365794
-2804.316694
-2603.825696
-1860.679214
-770.253682
359.554010
1241.305237
1786.006547
2016.162029
2091.857610
2175.225041
2083.162848
1552.270867
571.297054
-629.091653
-1666.325696
-2315.875614
-2604.848609
-2562.909165
-2300.531915
-1973.711129
-1550.225041
-905.789689
12.786416
1100.143208
2034.063011
2597.688216
2892.287234
3030.380524
3147.504092
3319.864975
3444.148936
3502.454992
3546.951718
3602.700491
3784.779051
4047.667758
4143.310147
3752.045827
2470.846972
283.858429
-2125.613748
-3954.071195
-4812.806874
-4874.181669
-4745.806056
-4696.194763
-4559.124386
-4161.211129
-3275.368249
-1862.725041
-341.141571
772.299509
1086.333879
708.878887
310.454173
338.584288
701.207038
1089.402619
1142.594108
767.696399
157.528642
-465.425532
-853.109656
-955.912439
-1124.181669
-1611.088380
-2324.058920
-2934.738134
-3045.724223
-2610.474632
-1875.000000
-1045.417349
-261.865794
389.729951
987.622750
1614.668576
2310.249591
3003.273322
3367.941899
3171.542553
2453.968903
1390.650573
311.988543
-492.021277
-1032.630933
-1444.353519
-1899.038462
-2529.664484
-3014.525368
-2948.547463
-2299.509002
-1186.067921
56.260229
1061.783961
1692.409984
1910.290507
1929.214403
2033.551555
2079.071195
1773.220131
1040.302782
6.137480
-942.103110
-1547.667758
-1883.183306
-1956.321604
-1842.778232
-1706.219313
-1479.132570
-1033.653846
-310.965630
632.671849
1497.033552
2061.681669
2438.113748
2706.628478
2940.875614
3213.993453
3395.560556
3453.355155
3460.004092
3446.706219
3606.792144
3951.513912
4136.661211
3786.313421
2506.137480
346.767594
-1877.557283
-3416.018822
-4054.828151
-4125.409165
-4326.411620
-4782.630933
-5032.733224
-4773.936170
-3788.870704
-2216.653028
-627.045827
478.211948
762.070376
406.608020
156.505728
412.234043
979.950900
1484.247136
1515.957447
1074.058920
461.845336
-121.726678
-457.753682
-556.464812
-837.765957
-1538.461538
-2473.404255
-3233.940262
-3384.308511
-2922.463175
-2175.736498
-1345.642390
-586.129296
9.717676
553.907529
1211.640753
2049.918167
2884.615385
3290.711948
3047.258592
2302.577741
1333.878887
458.776596
-113.543372
-447.524550
-801.963993
-1411.620295
-2229.950900
-2788.972995
-2702.536825
-2044.292144
-1054.623568
-28.641571
778.948445
1266.878069
1449.979542
1570.683306
1836.640753
1974.222586
1662.745499
954.889525
107.405892
-536.518003
-897.606383
-1096.051555
-1160.495090
-1189.136661
-1288.870704
-1293.985270
-982.508183
-367.225859
326.309329
827.536825
1149.243044
1502.148118
1911.824877
2330.196399
2824.263502
3311.681669
3652.823241
3850.756956
4001.125205
4291.121113
4600.040917
4444.558101
3609.349427
2142.491817
290.507365
-1359.451718
-2426.861702
-2992.021277
-3422.156301
-4215.936989
-5194.353519
-5662.336334
-5319.148936
-4195.478723
-2660.597381
-1283.244681
-337.049918
0.511457
-107.405892
14.832242
555.953355
1163.052373
1474.529460
1276.084288
804.009820
374.386252
16.878069
-158.551555
-220.949264
-583.572013
-1390.650573
-2423.281506
-3207.855974
-3302.986907
-2879.500818
-2260.126841
-1533.858429
-866.918985
-327.843699
219.926350
884.819967
1751.738953
2573.138298
2796.133388
2368.044190
1646.378887
962.561375
640.343699
628.580196
591.755319
267.491817
-582.549100
-1660.699673
-2265.752864
-2146.072013
-1427.475450
-450.593290
310.965630
769.230769
991.202946
1079.173486
1325.695581
1626.432079
1594.721768
1133.899345
384.615385
-266.980360
-478.723404
-399.959083
-266.980360
-253.682488
-539.075286
-970.233224
-1204.480360
-1069.455810
-597.892799
-77.741408
250.102291
516.571195
896.072013
1444.864975
2198.240589
3011.968085
3672.770049
4118.760229
4372.442717
4557.078560
4743.760229
4664.995908
4076.820786
2925.020458
1352.802782
-105.871522
-1075.593290
-1733.326514
-2545.519640
-3838.481997
-5333.981178
-6254.603110
-6182.487725
-5216.346154
-3702.945990
-2195.683306
-1143.617021
-725.245499
-719.619476
-530.380524
80.298691
779.971358
1213.175123
1273.527005
1098.608838
922.156301
821.399345
825.490998
845.437807
492.532733
-424.509002
-1620.806056
-2603.314239
-3048.281506
-2954.173486
-2538.359247
-1918.473813
-1288.870704
-863.338789
-572.319967
-182.590016
410.188216
1045.417349
1416.734861
1467.369067
1401.391162
1407.017185
1549.202128
1656.096563
1480.155483
928.293781
17.389525
-979.439444
-1592.675941
-1627.966448
-1176.861702
-531.914894
-74.672668
127.864157
230.666939
344.210311
538.563830
718.085106
713.993453
603.518822
457.753682
386.149755
553.396072
796.337971
872.033552
649.549918
71.092471
-499.181669
-758.490180
-779.971358
-590.732406
-305.851064
-52.680033
266.468903
638.297872
1114.463993
1854.541735
2610.986088
3159.267594
3587.356792
3934.124386
4314.648118
4654.766776
4517.184943
3846.665303
2778.743863
1500.613748
534.472177
-21.992635
-616.816694
-1661.722586
-3428.293781
-5360.065466
-6437.193126
-6347.688216
-5280.789689
-3749.488543
-2495.908347
-1804.930442
-1632.569558
-1653.027823
-1236.702128
-389.729951
453.662029
1030.073650
1224.938625
1221.869885
1290.405074
1422.360884
1550.736498
1477.086743
871.522095
-172.872340
-1264.832242
-2059.124386
-2383.387889
-2373.158756
-2223.301964
-1980.871522
-1769.639935
-1675.531915
-1546.133388
-1227.495908
-689.443535
-95.130933
373.363339
688.932079
995.806056
1395.253682
1788.052373
1924.099836
1636.149755
971.256137
198.956628
-354.439444
-508.899345
-264.934534
106.894435
328.866612
300.225041
81.833061
-70.069558
38.870704
267.491817
393.821604
341.141571
210.720131
209.697218
402.516367
694.558101
911.415712
853.621113
473.608838
-14.320786
-319.660393
-310.454173
-61.886252
181.055646
252.148118
162.643208
50.122750
148.322422
644.435352
1436.170213
2261.149755
2902.516367
3324.979542
3715.220949
4145.867430
4425.634206
4301.350245
3603.723404
2398.731588
1247.954173
700.695581
660.290507
353.927987
-1003.989362
-3239.566285
-5315.057283
-6344.619476
-6102.700491
-4930.441899
-3498.874795
-2430.953355
-2128.171031
-2420.724223
-2502.557283
-1876.022913
-790.200491
206.628478
710.413257
858.224223
996.317512
1261.763502
1669.905892
1955.810147
1716.959902
912.438625
-127.352700
-965.118658
-1370.703764
-1516.980360
-1531.301146
-1488.338789
-1611.088380
-1911.824877
-2194.660393
-2205.912439
-1783.449264
-1176.861702
-642.900982
-159.574468
207.139935
539.075286
983.531097
1411.620295
1685.761047
1531.812602
860.270049
195.376432
-87.459083
61.374795
568.739771
1020.867430
1146.685761
911.415712
352.905074
-69.558101
-58.817512
126.329787
280.278232
251.125205
90.016367
79.275777
197.422259
379.500818
577.945990
526.800327
244.476268
-3.580196
-41.427987
238.850245
647.504092
863.850245
801.963993
484.860884
90.527823
50.634206
567.716858
1445.376432
2331.219313
2929.623568
3305.032733
3682.999182
4001.125205
4071.194763
3761.252046
2946.501637
1873.465630
1074.570376
812.704583
823.956628
244.987725
-1537.950082
-3879.909984
-5675.122750
-6228.007365
-5528.334697
-4266.571195
-3135.740589
-2572.115385
-2738.338789
-3073.854337
-2855.973813
-2051.452537
-1022.913257
-243.453355
147.299509
509.922259
1029.562193
1691.898527
2337.868249
2440.159574
1760.945172
683.306056
-175.941080
-411.722586
-226.575286
-122.238134
-297.667758
-751.329787
-1483.735679
-2203.866612
-2535.801964
-2391.059738
-1944.046645
-1564.545827
-1276.595745
-803.498363
-273.117840
171.849427
593.289689
855.155483
914.484452
734.963175
370.294599
303.293781
615.282324
1013.707038
1412.131751
1571.706219
1413.154664
1092.982815
662.847791
432.692308
447.013093
376.432079
227.086743
68.535188
-51.657119
-36.313421
-1.022913
16.878069
52.168576
-25.572831
-117.635025
-14.320786
259.819967
532.426350
669.496727
638.297872
500.716039
326.820786
218.903437
445.478723
1102.189034
1854.541735
2441.182488
2896.890344
3270.253682
3667.655483
3933.612930
3757.671849
3201.207038
2353.211948
1526.698036
1282.221768
1402.414075
1163.052373
-55.748773
-2307.180851
-4493.146481
-5573.342881
-5443.944354
-4406.198854
-3304.009820
-2888.195581
-3116.816694
-3659.983633
-3847.176759
-3199.161211
-2145.560556
-1173.792962
-539.075286
-250.102291
198.956628
1042.348609
1985.986088
2609.963175
2485.167758
1692.921440
900.675123
545.724223
622.954173
904.255319
943.637480
482.815057
-419.905892
-1539.484452
-2377.250409
-2617.123568
-2511.252046
-2334.288052
-2150.163666
-1948.138298
-1551.247954
-1012.684124
-540.098200
-67.000818
277.209493
375.920622
442.921440
523.731588
726.779869
1123.670213
1418.269231
1569.660393
1597.279051
1400.879705
1222.892799
1143.105565
1072.524550
1041.837152
871.010638
526.288871
214.811784
-97.688216
-329.889525
-363.645663
-420.417349
-472.074468
-431.669394
-402.004910
-212.254501
45.519640
172.872340
372.340426
525.265957
497.135843
516.571195
604.030278
957.446809
1695.990180
2310.761047
2735.270049
3103.518822
3296.337971
3600.143208
3876.841244
3706.526187
3231.382979
2425.838789
1670.928805
1652.516367
1863.236498
1508.797054
32.733224
-2578.252864
-4881.342062
-5732.405892
-5268.514730
-3990.896072
-3020.151391
-3101.984452
-3845.130933
-4756.035188
-4998.977087
-4065.057283
-2660.597381
-1457.651391
-796.337971
-629.091653
-209.697218
777.925532
1873.977087
2564.443535
2463.175123
1815.671031
1400.879705
1505.216858
1919.496727
2268.821604
2103.109656
1287.847791
78.252864
-1137.479542
-1908.756137
-2085.208674
-2048.383797
-2148.629296
-2356.792144
-2518.923895
-2418.166939
-2029.459902
-1622.340426
-1267.900982
-931.362520
-668.985270
-300.225041
262.377250
858.224223
1378.375614
1676.043372
1700.593290
1659.165303
1650.470540
1697.013093
1852.495908
1925.634206
1746.112930
1366.100655
851.063830
386.149755
64.954992
-251.636661
-530.380524
-650.061375
-659.267594
-577.434534
-429.623568
-308.408347
-175.429624
-65.977905
-20.969722
66.489362
184.635843
297.156301
558.510638
1083.265139
1774.754501
2396.685761
2727.086743
2893.821604
3222.688216
3710.106383
4081.935352
4112.111293
3642.594108
2855.973813
2259.103928
2145.560556
2279.050736
1862.213584
169.803601
-2341.959902
-4381.648936
-5137.070376
-4617.430442
-3658.449264
-3275.368249
-3765.343699
-4881.853519
-5903.232406
-5903.232406
-4851.166121
-3380.216858
-2119.476268
-1541.018822
-1347.176759
-882.774141
31.198854
1204.991817
2077.025368
2191.591653
2018.719313
2151.698036
2657.017185
3298.383797
3531.096563
3074.365794
2123.567921
856.178396
-231.689853
-699.672668
-806.567103
-1001.943535
-1546.133388
-2400.777414
-3098.404255
-3400.163666
-3404.255319
-3063.113748
-2517.389525
-2018.719313
-1590.630115
-1203.968903
-717.573650
-16.878069
679.725859
1241.816694
1652.004910
1853.518822
1998.772504
2235.576923
2461.640753
2568.535188
2482.610475
2175.736498
1781.914894
1338.481997
866.407529
490.998363
189.750409
-128.375614
-423.997545
-651.084288
-747.749591
-671.542553
-562.602291
-476.677578
-388.707038
-408.142390
-504.296236
-425.531915
-42.450900
670.519640
1459.697218
1962.970540
2312.295417
2720.437807
3224.734043
3805.748773
4111.088380
3960.208674
3575.593290
3118.862520
2913.256956
3050.838789
2960.310966
2128.171031
352.905074
-1891.878069
-3428.293781
-3723.915712
-3229.848609
-2773.629296
-3192.000818
-4456.833061
-5808.612930
-6614.668576
-6413.154664
-5354.950900
-4184.226678
-3349.529460
-2972.074468
-2747.545008
-2089.811784
-982.508183
177.475450
1079.173486
1547.156301
1959.390344
2708.162848
3610.883797
4334.083470
4477.291326
3890.650573
2988.952537
2110.781506
1498.056465
1271.481178
1043.882979
466.959902
-592.266776
-1947.115385
-3006.342062
-3486.088380
-3545.928805
-3442.614566
-3405.789689
-3346.972177
-3086.640753
-2641.162029
-1974.734043
-1233.121931
-587.663666
12.274959
549.304419
1094.005728
1722.585925
2298.486088
2717.880524
2903.539280
2765.445990
2525.572831
2406.403437
2317.921440
2133.797054
1709.799509
1092.982815
558.510638
188.727496
-73.138298
-219.926350
-344.210311
-533.449264
-692.512275
-773.833879
-792.246318
-771.788052
-777.925532
-635.229133
-88.993453
620.396890
1219.312602
1692.409984
1998.772504
2420.212766
3022.197218
3436.477087
3676.861702
3673.281506
3433.408347
3441.591653
3550.531915
3327.025368
2610.986088
1112.418167
-626.534370
-1694.455810
-2022.810966
-1769.639935
-1604.439444
-2397.197218
-3887.581833
-5478.723404
-6631.035188
-6646.890344
-5831.628478
-4905.891980
-4231.792144
-4186.783961
-4329.480360
-3887.070376
-2953.150573
-1759.922259
-581.014730
251.636661
1102.700491
2158.346972
3144.435352
4001.125205
4374.488543
4117.225859
3704.991817
3360.781506
3220.130933
3317.819149
3184.840426
2572.115385
1480.155483
4.603110
-1297.054010
-2086.743044
-2567.000818
-2932.180851
-3330.605565
-3707.549100
-3807.794599
-3688.625205
-3411.927169
-2945.478723
-2404.357610
-1790.609656
-1064.341244
-284.369885
495.090016
1184.022095
1663.768412
1946.603928
2147.606383
2355.769231
2616.100655
2873.363339
2890.752864
2573.138298
2138.400164
1732.815057
1419.803601
1209.083470
956.935352
694.046645
442.409984
84.901800
-211.231588
-469.517185
-768.719313
-858.735679
-734.963175
-427.066285
29.664484
273.117840
419.905892
769.230769
1230.564648
1836.129296
2327.639116
2450.388707
2489.259411
2569.558101
2861.599836
3379.705401
3489.157119
2885.638298
1685.249591
253.171031
-547.258592
-422.974632
90.016367
239.361702
-666.427987
-2493.862520
-4295.212766
-5374.897709
-5487.929624
-4875.204583
-4340.220949
-4336.640753
-4768.310147
-5258.797054
-5193.842062
-4445.069558
-3462.049918
-2481.076105
-1626.432079
-827.536825
200.490998
1337.970540
2302.577741
2957.242226
3181.260229
3231.382979
3465.118658
3831.321604
4205.707856
4365.793781
3993.453355
3118.351064
1957.855974
854.132570
138.604746
-340.118658
-885.842881
-1605.462357
-2422.258592
-3077.945990
-3367.941899
-3343.903437
-3107.099018
-2859.554010
-2698.956628
-2434.533552
-2002.864157
-1412.131751
-729.337152
-161.108838
270.560556
627.557283
973.301964
1461.231588
2012.581833
2365.486907
2436.067921
2256.546645
2013.604746
1923.588380
1913.359247
1889.832242
1809.533552
1568.637480
1230.053191
917.041735
618.351064
413.256956
310.454173
248.056465
309.431260
407.630933
368.760229
352.393617
426.043372
649.038462
1098.608838
1382.978723
1398.322422
1342.062193
1241.305237
1455.605565
2054.009820
2498.465630
2500.000000
1750.716039
378.989362
-560.045008
-575.900164
113.031915
903.232406
715.527823
-623.977087
-2361.395254
-3830.810147
-4320.274141
-3817.512275
-3205.298691
-3007.876432
-3490.691489
-4476.268412
-5109.451718
-5008.694763
-4330.503273
-3367.941899
-2609.451718
-2065.773322
-1345.642390
-486.395254
394.333061
1165.609656
1555.851064
1784.472177
2153.232406
2703.048282
3465.118658
4077.332242
4075.797872
3552.066285
2691.796236
1813.625205
1333.367430
1114.463993
888.400164
433.203764
-477.700491
-1453.559738
-2090.323241
-2415.609656
-2351.166121
-2175.225041
-2161.927169
-2152.209493
-2166.018822
-2057.590016
-1647.913257
-1229.541735
-846.972177
-447.013093
-135.536007
271.583470
726.268412
1037.745499
1252.557283
1299.099836
1270.458265
1401.391162
1608.019640
1778.334697
1871.931260
1762.990998
1548.179214
1365.589198
1191.693944
1153.846154
1269.946809
1365.589198
1425.429624
1352.291326
1098.097381
951.820786
1003.989362
1240.793781
1601.882160
1721.563011
1499.079378
1187.090835
859.758592
856.689853
1403.948445
1955.298691
2023.322422
1201.923077
-370.294599
-1459.697218
-1404.459902
-510.945172
542.144026
596.358429
-591.243863
-2223.301964
-3583.776596
-3920.315057
-3202.741408
-2344.005728
-2022.299509
-2562.397709
-3735.167758
-4595.437807
-4593.391980
-3859.451718
-2848.813421
-2145.560556
-1813.113748
-1461.743044
-911.415712
-239.361702
431.157938
860.270049
1068.432897
1369.169394
1892.389525
2680.544190
3423.179214
3570.478723
3131.137480
2367.532733
1648.424714
1451.513912
1578.866612
1585.515548
1206.014730
192.307692
-960.515548
-1640.241408
-1864.259411
-1638.195581
-1367.635025
-1497.033552
-1808.510638
-2142.491817
-2196.706219
-1744.067103
-1194.251227
-751.329787
-473.097381
-463.891162
-394.333061
-101.268412
284.369885
686.374795
878.171031
901.186579
1032.630933
1219.312602
1394.742226
1513.911620
1461.231588
1344.108020
1265.855155
1204.991817
1287.847791
1457.139935
1521.072013
1551.759411
1510.842881
1373.772504
1370.703764
1523.117840
1818.228314
2208.469722
2241.714403
1856.587561
1356.382979
880.728314
962.561375
1640.241408
2132.774141
1992.635025
859.758592
-897.094926
-1899.038462
-1672.463175
-642.900982
387.684124
195.376432
-1203.968903
-2863.645663
-4057.896890
-4006.751227
-2922.463175
-1932.794599
-1723.608838
-2597.176759
-4026.186579
-4783.142390
-4495.703764
-3487.111293
-2392.082651
-1898.527005
-1819.762684
-1583.469722
-1100.143208
-363.134206
362.622750
727.291326
976.882160
1325.695581
1858.633388
2723.506547
3425.225041
3465.630115
3038.052373
2291.325696
1702.127660
1739.463993
1966.550736
2039.177578
1604.439444
396.890344
-764.116203
-1388.093290
-1586.027005
-1293.985270
-1110.883797
-1402.414075
-1835.617840
-2340.936989
-2445.274141
-1928.191489
-1362.009002
-859.758592
-567.716858
-668.985270
-679.725859
-438.318331
-54.725859
502.250409
861.292962
990.691489
1192.205401
1276.595745
1299.099836
1444.353519
1458.162848
1432.078560
1460.720131
1399.345336
1499.079378
1635.638298
1554.828151
1597.790507
1648.424714
1565.568740
1669.394435
1775.265957
1934.840426
2199.774959
2039.689034
1650.470540
1335.924714
1024.447627
1206.526187
1664.279869
1714.914075
1291.427987
171.337971
-1133.387889
-1551.247954
-1132.364975
-330.400982
172.872340
-485.883797
-1880.626023
-3169.496727
-3845.130933
-3415.507365
-2432.999182
-1862.213584
-2020.253682
-2986.906710
-4119.783142
-4487.009002
-4030.789689
-3093.289689
-2206.423895
-1909.779051
-1919.496727
-1774.243044
-1400.368249
-713.481997
5.114566
480.769231
899.140753
1340.527823
1908.756137
2619.169394
3030.891980
3051.861702
2836.538462
2460.106383
2242.225859
2248.874795
2355.257774
2351.166121
1748.670213
656.198854
-309.942717
-846.460720
-897.606383
-772.299509
-839.300327
-1170.212766
-1841.243863
-2496.419804
-2609.451718
-2201.309329
-1538.972995
-969.721768
-857.201309
-1068.432897
-1266.366612
-1174.304419
-586.129296
133.490180
600.961538
870.499182
922.667758
859.758592
944.148936
1186.579378
1529.766776
1812.090835
1799.304419
1708.265139
1707.242226
1630.012275
1640.752864
1816.693944
1947.626841
2106.178396
2178.805237
2167.041735
2340.936989
2318.944354
1973.711129
1649.959083
1296.542553
1201.411620
1489.873159
1616.202946
1486.292962
862.827332
-357.508183
-1288.359247
-1478.109656
-1042.348609
-275.675123
-170.315057
-1047.463175
-2298.486088
-3443.637480
-3790.916530
-3163.870704
-2360.372340
-1911.824877
-2178.805237
-3217.573650
-4127.966448
-4282.937807
-3733.633388
-2734.758592
-2008.490180
-1869.373977
-1837.663666
-1771.174304
-1505.728314
-850.552373
-205.605565
364.157119
938.011457
1333.878887
1857.099018
2453.457447
2706.628478
2798.690671
2682.590016
2421.747136
2454.480360
2590.016367
2669.803601
2475.450082
1561.988543
484.860884
-169.292144
-413.768412
-236.292962
-130.932897
-527.311784
-1235.167758
-2081.117021
-2553.702946
-2276.493453
-1664.791326
-1148.220131
-1023.424714
-1409.063011
-1822.831424
-1792.655483
-1263.297872
-457.753682
148.833879
365.180033
397.913257
375.409165
474.120295
868.453355
1369.169394
1758.387889
1935.863339
1905.175941
1861.702128
1843.801146
1787.540917
1855.564648
2038.154664
2195.683306
2402.311784
2568.535188
2649.345336
2645.765139
2351.166121
1930.237316
1644.333061
1487.827332
1621.317512
1814.136661
1601.370704
939.545827
-185.658756
-1263.809329
-1554.828151
-1154.357610
-478.211948
-201.513912
-921.133388
-2246.317512
-3463.584288
-4009.819967
-3539.791326
-2594.108020
-2037.131751
-2248.363339
-3221.153846
-4265.548282
-4536.620295
-3948.445172
-2872.340426
-1934.328969
-1669.905892
-1850.450082
-1977.291326
-1798.281506
-1177.884615
-365.180033
276.698036
755.932897
1126.227496
1494.476268
2015.650573
2429.418985
2601.779869
2638.604746
2517.900982
2505.626023
2740.896072
2909.165303
2848.813421
2272.913257
1238.747954
450.593290
125.818331
144.742226
350.859247
193.330606
-495.601473
-1415.711948
-2248.874795
-2449.365794
-1958.367430
-1354.337152
-1047.974632
-1289.893617
-1925.634206
-2282.630933
-2048.895254
-1335.924714
-463.379705
64.443535
130.421440
9.717676
-59.840426
167.757774
730.360065
1299.611293
1711.845336
1924.099836
1900.061375
1811.067921
1772.197218
1818.228314
2060.147300
2387.990998
2658.551555
2891.775777
2977.189034
2875.920622
2657.528642
2356.792144
2125.102291
2086.231588
2135.331424
2140.445990
1915.405074
1284.267594
344.721768
-640.855155
-1211.129296
-1085.310966
-569.762684
-330.912439
-828.559738
-1928.702946
-3099.938625
-3800.122750
-3759.206219
-3186.886252
-2603.825696
-2567.512275
-3275.879705
-4246.624386
-4781.096563
-4521.788052
-3605.769231
-2639.116203
-2127.148118
-2075.490998
-2242.225859
-2222.790507
-1769.639935
-990.180033
-109.451718
578.968903
948.752046
1211.640753
1526.698036
1921.542553
2351.677578
2670.826514
2852.905074
2949.570376
2968.494272
2962.356792
2851.882160
2487.725041
1973.711129
1464.300327
1103.211948
957.446809
821.399345
504.296236
-64.443535
-818.330606
-1419.803601
-1634.103928
-1522.606383
-1250.000000
-1143.617021
-1439.750409
-1931.771686
-2292.348609
-2206.423895
-1635.638298
-971.767594
-509.922259
-379.500818
-539.586743
-618.862520
-348.301964
219.414894
900.675123
1364.054828
1562.500000
1616.202946
1560.454173
1602.905074
1837.663666
2161.415712
2491.305237
2747.033552
2908.653846
2977.700491
2847.790507
2638.604746
2544.496727
2544.496727
2598.711129
2594.619476
2420.212766
2080.094108
1480.666939
671.031097
-79.275777
-559.533552
-603.007365
-379.500818
-410.699673
-976.370704
-1964.504910
-2970.540098
-3535.699673
-3543.371522
-3193.023732
-2847.790507
-2975.143208
-3674.815876
-4506.444354
-4966.243863
-4729.439444
-3937.704583
-3114.770867
-2646.276596
-2601.268412
-2744.476268
-2656.505728
-2131.751227
-1289.893617
-385.126841
341.653028
757.467267
985.576923
1266.878069
1688.829787
2231.996727
2725.040917
3011.968085
3176.657119
3270.765139
3234.451718
3110.167758
2880.523732
2491.816694
2115.896072
1823.342881
1591.653028
1424.406710
1068.944354
477.700491
-157.528642
-765.139116
-1113.441080
-1100.654664
-1039.791326
-1124.181669
-1459.697218
-2020.765139
-2350.654664
-2302.066285
-1998.772504
-1475.040917
-1081.730769
-998.874795
-1058.203764
-1130.319149
-947.217676
-370.294599
260.842881
767.696399
1097.074468
1123.670213
1140.548282
1353.314239
1684.738134
2160.904255
2625.306874
2878.477905
3040.098200
3025.777414
2818.637480
2734.758592
2752.148118
2855.462357
3055.441899
2999.181669
2685.147300
2271.378887
1620.806056
945.683306
453.150573
155.482815
228.109656
317.103110
-83.878887
-895.049100
-1915.916530
-2783.858429
-3093.289689
-3029.869067
-2869.271686
-2812.500000
-3269.230769
-4105.462357
-4845.028642
-5162.643208
-4795.417349
-4047.667758
-3556.669394
-3425.736498
-3538.768412
-3661.006547
-3377.659574
-2699.468085
-1782.937807
-811.681669
-192.307692
96.153846
387.172668
775.879705
1341.039280
2020.253682
2553.702946
2927.066285
3168.473813
3238.031915
3264.116203
3193.023732
2986.395254
2844.210311
2770.560556
2649.345336
2479.541735
2144.026187
1599.324877
985.576923
426.043372
94.619476
38.359247
-5.114566
-246.522095
-689.954992
-1319.046645
-1854.541735
-2001.841244
-1846.869885
-1543.064648
-1313.420622
-1361.497545
-1536.927169
-1695.990180
-1699.058920
-1271.481178
-642.900982
-160.597381
138.093290
197.933715
211.231588
466.448445
863.338789
1437.193126
2079.582651
2456.526187
2695.887889
2820.171849
2727.598200
2682.078560
2721.460720
2811.477087
3075.900164
3201.207038
3077.945990
2816.591653
2197.217676
1363.031915
738.543372
473.608838
685.863339
1008.081015
761.047463
-35.801964
-1127.250409
-2166.530278
-2607.405892
-2508.694763
-2223.301964
-2067.307692
-2556.771686
-3642.594108
-4644.537643
-5105.871522
-4769.844517
-3969.414894
-3514.729951
-3548.997545
-3875.818331
-4245.090016
-4176.043372
-3572.013093
-2643.719313
-1644.844517
-1050.531915
-871.010638
-630.626023
-207.139935
422.463175
1148.731588
1699.570376
2172.156301
2557.283142
2746.010638
2866.202946
2879.500818
2785.392799
2820.683306
2921.440262
2989.975450
3039.586743
2825.797872
2342.982815
1809.022095
1303.191489
1063.829787
1103.211948
1070.990180
853.621113
372.340426
-311.477087
-826.513912
-1044.394435
-1012.684124
-842.369067
-854.644026
-1098.097381
-1379.909984
-1646.378887
-1685.249591
-1425.429624
-1058.203764
-718.085106
-583.060556
-645.458265
-605.053191
-393.821604
1.022913
606.076105
1165.609656
1587.561375
1918.473813
2072.933715
2145.049100
2248.363339
2357.303601
2608.428805
2882.058101
2975.654664
2988.952537
2749.590835
2088.277414
1324.161211
849.018003
919.087561
1346.665303
1458.162848
959.492635
19.946809
-1088.379705
-1806.976268
-1806.976268
-1443.842062
-1155.891980
-1370.192308
-2280.585106
-3452.332242
-4278.334697
-4354.030278
-3737.725041
-3161.824877
-3157.221768
-3555.135025
-4082.446809
-4419.496727
-4214.914075
-3534.676759
-2695.376432
-2103.109656
-1943.535188
-1846.869885
-1555.851064
-1089.914075
-372.340426
410.188216
985.576923
1393.719313
1670.928805
1904.664484
2153.232406
2293.882979
2431.976268
2635.536007
2686.170213
2695.887889
2763.400164
2696.399345
2475.961538
2151.698036
1834.083470
1706.730769
1655.585106
1571.194763
1478.621113
1153.846154
623.977087
226.063830
23.015548
-17.389525
22.504092
-48.076923
-273.629296
-639.320786
-1075.593290
-1213.175123
-1022.401800
-782.017185
-568.228314
-535.495090
-700.695581
-807.078560
-731.894435
-432.692308
48.076923
479.234861
857.712766
1166.632570
1255.114566
1267.389525
1440.261866
1724.631751
2064.238953
2375.716039
2528.130115
2470.335516
2024.856792
1329.787234
926.247954
995.806056
1343.085106
1595.744681
1290.405074
461.333879
-517.082651
-1261.763502
-1415.200491
-1058.715221
-681.771686
-646.992635
-1248.977087
-2352.189034
-3230.360065
-3422.156301
-3027.823241
-2546.031097
-2495.396890
-2851.370704
-3314.750409
-3731.076105
-3826.718494
-3462.561375
-2913.256956
-2474.427169
-2310.761047
-2274.959083
-2061.681669
-1690.364157
-1244.885434
-744.169394
-308.919804
91.039280
568.228314
1044.394435
1413.666121
1589.607201
1619.271686
1694.455810
1854.030278
2088.788871
2406.914894
2590.527823
2454.480360
2105.155483
1766.059738
1651.493453
1761.456628
1915.405074
1990.589198
1782.937807
1249.488543
748.772504
542.655483
618.351064
784.574468
818.330606
658.244681
325.797872
-147.299509
-458.776596
-425.020458
-262.888707
-106.382979
-29.664484
-120.703764
-307.385434
-473.608838
-479.746318
-253.171031
20.969722
266.980360
548.792962
685.863339
644.946809
654.664484
770.253682
1010.638298
1316.489362
1611.599836
1900.061375
1818.739771
1150.265957
466.959902
295.621931
665.916530
1255.114566
1448.956628
1005.012275
119.169394
-869.476268
-1391.162029
-1229.541735
-777.925532
-367.225859
-410.188216
-1216.755319
-2288.256956
-2907.119476
-2752.659574
-2101.575286
-1732.303601
-1880.626023
-2235.065466
-2759.308511
-3182.283142
-3082.549100
-2618.146481
-2149.140753
-1948.138298
-2054.009820
-2074.468085
-1919.496727
-1682.692308
-1254.091653
-839.300327
-590.220949
-308.919804
17.900982
347.279051
672.565466
889.934534
1053.089198
1180.953355
1267.900982
1543.576105
1941.489362
2116.407529
2014.116203
1775.777414
1558.408347
1485.270049
1570.171849
1776.288871
1917.962357
1711.845336
1252.045827
868.453355
685.351882
716.039280
872.545008
984.554010
925.736498
640.343699
281.301146
46.031097
-26.595745
51.145663
207.651391
284.881342
206.628478
27.107201
-119.680851
-141.673486
-65.977905
106.894435
331.423895
511.968085
632.671849
640.343699
540.098200
472.074468
512.990998
755.932897
1152.311784
1494.987725
1653.539280
1388.604746
665.916530
13.809329
-18.923895
597.381342
1336.436170
1475.040917
846.972177
-122.238134
-988.645663
-1343.596563
-1075.081833
-512.479542
-114.054828
-353.927987
-1332.855974
-2432.487725
-2874.386252
-2483.633388
-1752.250409
-1410.085925
-1669.905892
-2186.477087
-2707.139935
-2985.372340
-2812.500000
-2304.623568
-1839.709493
-1733.837971
-1903.130115
-2017.696399
-1904.664484
-1632.058101
-1280.687398
-940.057283
-656.198854
-398.424714
-171.849427
46.542553
281.812602
531.914894
713.481997
765.139116
892.491817
1262.274959
1683.203764
1889.320786
1794.701309
1579.889525
1439.238953
1396.276596
1521.072013
1795.212766
1935.351882
1766.571195
1351.268412
901.186579
686.374795
765.650573
1001.432079
1197.319967
1069.455810
712.459083
406.096563
158.551555
63.932079
227.086743
432.692308
476.166121
307.385434
34.267594
-45.519640
-4.091653
33.244681
214.300327
436.272504
571.808511
688.932079
702.741408
577.945990
463.379705
422.463175
647.504092
1025.470540
1238.747954
1303.702946
1115.998363
525.777414
-76.207038
-191.284779
261.354337
938.011457
1194.251227
813.727496
64.443535
-754.909984
-1219.312602
-1074.058920
-622.954173
-279.255319
-350.859247
-997.851882
-1873.465630
-2472.381342
-2459.083470
-1904.664484
-1434.124386
-1447.422259
-1739.975450
-2132.262684
-2474.938625
-2514.832242
-2230.462357
-1810.556465
-1546.644845
-1596.767594
-1687.806874
-1616.714403
-1501.125205
-1289.893617
-1014.218494
-806.055646
-570.785597
-308.408347
-53.702946
202.025368
335.515548
396.890344
502.250409
605.564648
845.437807
1275.061375
1590.630115
1624.386252
1452.025368
1254.603110
1228.007365
1350.756956
1552.782324
1792.144026
1805.441899
1476.063830
1081.730769
826.513912
809.124386
955.912439
1033.653846
975.859247
768.207856
437.806874
216.857610
156.505728
148.833879
203.048282
208.162848
118.146481
47.054010
-32.733224
-60.863339
36.313421
106.894435
211.231588
361.088380
420.928805
532.937807
679.725859
738.543372
756.955810
695.581015
662.336334
852.086743
1099.631751
1295.519640
1366.100655
1016.264321
432.180851
43.473813
80.810147
621.419804
1165.609656
1156.403437
670.008183
-113.543372
-852.086743
-1081.219313
-834.697218
-371.828969
-63.932079
-430.646481
-1333.878887
-2158.858429
-2512.786416
-2190.057283
-1649.959083
-1513.911620
-1728.723404
-2128.171031
-2553.191489
-2674.406710
-2504.603110
-2167.553191
-1809.533552
-1803.907529
-1968.085106
-1936.374795
-1734.349427
-1371.215221
-1038.768412
-943.637480
-880.216858
-701.207038
-417.860065
4.091653
356.996727
540.098200
629.091653
554.418985
544.701309
870.499182
1343.085106
1716.448445
1798.792962
1600.347791
1424.406710
1394.742226
1503.171031
1768.617021
1944.558101
1860.679214
1603.927987
1295.519640
1083.776596
1035.188216
1015.241408
966.141571
833.162848
603.518822
427.066285
283.858429
133.490180
24.038462
-61.374795
-141.162029
-214.300327
-242.941899
-162.131751
-67.512275
-69.558101
-112.009002
-142.696399
-92.062193
100.245499
380.012275
668.473813
812.193126
742.123568
595.846972
496.112930
597.381342
943.637480
1360.986088
1612.622750
1446.910802
823.956628
226.575286
125.818331
576.923077
1249.488543
1536.415712
1209.594926
489.975450
-315.057283
-798.383797
-735.474632
-327.843699
68.535188
0.511457
-706.321604
-1613.645663
-2211.027005
-2270.355974
-1937.397709
-1711.845336
-1805.441899
-2042.757774
-2372.647300
-2642.696399
-2685.147300
-2527.107201
-2274.959083
-2173.179214
-2230.462357
-2110.270049
-1795.212766
-1468.903437
-1236.190671
-1223.404255
-1234.656301
-1030.073650
-643.412439
-132.978723
313.011457
530.891980
619.373977
552.373159
427.066285
623.465630
1149.243044
1713.891162
2007.978723
1887.786416
1662.745499
1560.965630
1537.950082
1692.921440
1942.000818
2047.360884
1984.451718
1706.219313
1303.702946
1026.493453
865.896072
799.918167
782.528642
643.412439
471.051555
315.057283
15.343699
-316.080196
-533.449264
-656.710311
-626.534370
-513.502455
-411.722586
-322.217676
-434.738134
-687.397709
-755.932897
-633.183306
-331.935352
84.901800
383.592471
519.128478
512.990998
376.432079
377.966448
578.968903
879.193944
1277.618658
1592.164484
1758.387889
1806.464812
1539.995908
1042.860065
772.299509
958.981178
1542.041735
2002.864157
1873.977087
1325.695581
625.000000
-36.824877
-357.508183
-270.560556
58.306056
297.156301
-46.542553
-958.469722
-1905.687398
-2406.403437
-2315.875614
-2032.017185
-2061.170213
-2331.219313
-2601.779869
-2848.813421
-2999.693126
-2987.929624
-2815.568740
-2600.756956
-2570.581015
-2627.864157
-2475.450082
-2100.040917
-1665.302782
-1354.848609
-1268.412439
-1232.099018
-1033.142390
-631.137480
-82.855974
436.783961
800.941080
993.760229
995.294599
942.103110
1121.624386
1591.653028
2093.903437
2403.846154
2464.709493
2361.906710
2208.981178
2054.009820
2001.841244
2082.651391
2124.079378
2009.001637
1761.968085
1440.261866
1139.013912
891.980360
659.267594
399.447627
115.589198
-106.382979
-229.644026
-381.035188
-636.763502
-889.423077
-1048.486088
-1152.823241
-1192.205401
-1136.456628
-1002.454992
-894.026187
-916.530278
-1009.615385
-1012.684124
-885.842881
-636.252046
-272.606383
85.924714
340.118658
497.647300
566.693944
625.511457
734.451718
945.171849
1314.443535
1797.770049
2278.027823
2618.657938
2570.069558
2012.070376
1354.848609
1126.738953
1532.835516
2227.393617
2597.688216
2376.227496
1674.509002
713.993453
-133.490180
-496.112930
-340.630115
73.138298
201.002455
-366.202946
-1383.490180
-2299.509002
-2731.178396
-2699.468085
-2618.146481
-2706.628478
-2866.714403
-3073.854337
-3292.757774
-3407.835516
-3350.552373
-3141.366612
-2996.624386
-3055.441899
-3026.800327
-2675.429624
-2108.224223
-1540.507365
-1195.274141
-1066.898527
-932.896890
-688.420622
-251.125205
420.417349
1103.723404
1587.561375
1748.158756
1662.234043
1656.096563
1923.076923
2351.166121
2718.903437
2845.233224
2744.476268
2575.184124
2392.082651
2258.081015
2200.286416
2105.666939
1860.679214
1453.559738
1051.554828
817.819149
688.420622
455.196399
53.702946
-433.715221
-852.086743
-1065.364157
-1060.249591
-960.515548
-980.462357
-1237.725041
-1637.172668
-1938.420622
-1950.184124
-1654.050736
-1245.908347
-980.973813
-953.866612
-1067.921440
-1103.211948
-948.240589
-601.984452
-144.742226
298.179214
626.534370
835.720131
1024.959083
1268.412439
1540.507365
1765.036825
1953.764321
2162.950082
2453.968903
2873.363339
3307.590016
3443.637480
3041.632570
2288.256956
1739.463993
1750.204583
2154.255319
2496.931260
2431.976268
1893.923895
1000.409165
32.221768
-653.130115
-840.323241
-621.419804
-447.524550
-789.689034
-1672.463175
-2616.100655
-3142.900982
-3249.283961
-3284.574468
-3468.698854
-3685.045008
-3810.351882
-3839.504910
-3744.885434
-3515.752864
-3236.497545
-3091.243863
-3124.488543
-3092.778232
-2713.788871
-1976.268412
-1144.128478
-536.518003
-272.094926
-154.971358
76.207038
500.204583
1069.967267
1692.921440
2241.714403
2552.168576
2539.382160
2396.174304
2411.518003
2621.726678
2822.217676
2820.171849
2594.108020
2287.234043
2048.895254
1893.923895
1730.769231
1444.353519
1046.951718
630.626023
251.125205
-74.161211
-322.217676
-496.624386
-731.894435
-1113.441080
-1558.408347
-1855.564648
-1939.954992
-1894.435352
-1843.801146
-1854.541735
-1909.267594
-1984.451718
-2016.673486
-1908.756137
-1658.142390
-1336.947627
-1013.195581
-762.581833
-561.579378
-348.813421
-82.855974
255.728314
617.839607
954.378069
1291.939444
1602.393617
1863.747954
2135.331424
2404.869067
2633.490180
2789.484452
2867.737316
2922.463175
3015.036825
3156.710311
3381.239771
3566.898527
3382.774141
2728.109656
1899.549918
1384.513093
1429.521277
1711.333879
1743.555646
1365.589198
644.435352
-228.109656
-1014.218494
-1582.958265
-1828.968903
-1799.304419
-1844.824059
-2223.813421
-2871.828969
-3449.774959
-3652.823241
-3661.518003
-3811.886252
-4042.041735
-4100.859247
-3867.635025
-3465.118658
-3076.923077
-2729.644026
-2423.792962
-2251.432079
-2138.400164
-1862.725041
-1289.893617
-471.563011
298.179214
754.909984
939.034370
1065.875614
1330.810147
1721.563011
2074.468085
2350.143208
2574.672668
2624.795417
2487.213584
2300.020458
2201.820786
2212.049918
2129.705401
1828.457447
1401.391162
992.225859
676.657119
461.333879
229.644026
-84.390344
-475.654664
-890.445990
-1224.938625
-1466.857610
-1650.981997
-1786.518003
-1918.473813
-2090.834697
-2241.714403
-2263.707038
-2137.888707
-1966.039280
-1862.725041
-1788.052373
-1640.241408
-1382.978723
-1019.333061
-619.885434
-288.461538
-40.916530
169.292144
422.974632
788.666121
1218.801146
1646.378887
1980.871522
2134.308511
2164.995908
2225.859247
2428.907529
2707.651391
2935.761047
3008.899345
2941.898527
2779.766776
2589.504910
2491.305237
2473.404255
2458.060556
2383.387889
2278.539280
2198.240589
2047.360884
1623.874795
962.561375
310.965630
-67.512275
-95.130933
-23.015548
-134.513093
-456.730769
-922.667758
-1454.071195
-1947.115385
-2310.761047
-2382.876432
-2219.210311
-2171.133388
-2416.121113
-2782.324059
-2926.043372
-2746.010638
-2541.427987
-2557.794599
-2667.246318
-2629.909984
-2352.700491
-1931.771686
-1497.545008
-1042.348609
-628.068740
-441.387070
-487.418167
-531.914894
-303.293781
269.026187
869.476268
1180.953355
1248.465630
1267.900982
1350.756956
1413.666121
1347.688216
1278.641571
1270.458265
1175.327332
943.637480
667.450900
509.410802
502.250409
393.310147
21.481178
-470.540098
-883.797054
-1076.616203
-1102.189034
-1144.128478
-1229.030278
-1335.924714
-1500.102291
-1702.127660
-1868.351064
-1877.557283
-1695.478723
-1517.491817
-1432.590016
-1314.443535
-1082.242226
-777.925532
-494.067103
-269.537643
-18.412439
312.500000
616.816694
884.819967
1138.502455
1376.841244
1622.851882
1797.770049
1893.412439
2016.162029
2164.484452
2287.745499
2334.799509
2251.943535
2134.819967
2055.032733
1966.039280
1882.671849
1791.121113
1658.142390
1497.545008
1306.771686
1098.608838
932.896890
757.978723
582.549100
479.746318
438.829787
435.249591
451.104746
505.319149
594.824059
529.357610
146.276596
-339.095745
-587.152209
-436.783961
-69.558101
134.513093
45.008183
-167.757774
-369.783142
-531.914894
-686.374795
-788.666121
-719.108020
-616.816694
-756.444354
-1070.990180
-1252.045827
-1121.624386
-899.140753
-977.905074
-1356.382979
-1675.020458
-1703.662029
-1485.270049
-1202.945990
-1005.523732
-866.918985
-827.536825
-960.515548
-1170.724223
-1258.694763
-1097.074468
-777.414075
-554.930442
-522.708674
-530.380524
-467.982815
-382.569558
-349.324877
-405.585106
-471.051555
-498.670213
-522.708674
-538.563830
-525.265957
-472.074468
-421.951718
-452.127660
-576.923077
-658.244681
-622.442717
-502.250409
-407.119476
-393.310147
-368.248773
-257.774141
-92.573650
62.909165
165.711948
227.598200
305.339607
384.615385
485.883797
658.244681
885.842881
1077.127660
1134.922259
1065.875614
999.386252
1032.630933
1149.754501
1285.290507
1343.596563
1298.588380
1172.770049
1018.310147
897.094926
839.300327
829.582651
820.376432
744.169394
589.709493
438.829787
358.531097
317.103110
288.972995
254.705401
227.086743
209.185761
206.117021
268.003273
378.477905
473.097381
543.678396
603.518822
663.359247
771.276596
916.530278
1092.982815
1326.718494
1598.301964
1816.693944
1828.968903
1518.514730
1073.547463
798.383797
833.162848
1047.463175
1184.022095
1107.815057
830.605565
440.875614
14.320786
-376.943535
-646.992635
-774.345336
-898.117840
-1186.067921
-1610.576923
-1929.214403
-2026.902619
-2052.475450
-2233.019640
-2598.711129
-2902.004910
-2961.333879
-2818.126023
-2628.375614
-2475.450082
-2342.982815
-2220.744681
-2171.644845
-2172.667758
-2064.750409
-1779.357610
-1397.810966
-1085.822422
-895.049100
-677.680033
-346.256137
11.252046
246.522095
312.500000
304.828151
356.996727
464.402619
570.785597
703.252864
883.285597
1030.073650
1015.752864
818.330606
630.114566
597.892799
686.886252
749.283961
714.504910
610.167758
511.968085
433.203764
321.706219
229.644026
194.864975
216.857610
216.857610
124.283961
23.527005
11.763502
56.260229
35.290507
-49.099836
-72.115385
39.382160
189.238953
227.086743
180.032733
165.200491
221.460720
337.049918
472.585925
585.617840
699.672668
774.345336
757.467267
701.207038
742.123568
936.477087
1181.464812
1284.267594
1205.503273
1089.402619
1033.142390
1073.547463
1172.258592
1266.878069
1331.833061
1307.794599
1201.411620
1086.845336
1025.981997
1058.203764
1128.273322
1135.945172
1055.646481
929.316694
857.201309
901.698036
971.767594
871.010638
520.151391
42.962357
-338.584288
-457.242226
-425.020458
-417.348609
-504.296236
-688.932079
-935.454173
-1237.725041
-1551.759411
-1743.555646
-1738.952537
-1701.616203
-1804.418985
-2049.406710
-2227.905074
-2181.873977
-2025.368249
-1984.963175
-2087.765957
-2143.514730
-2025.879705
-1766.571195
-1528.232406
-1337.459083
-1119.067103
-889.423077
-726.268412
-627.045827
-475.654664
-202.025368
83.878887
195.376432
157.528642
139.627660
284.369885
542.144026
715.016367
710.924714
597.892799
430.646481
243.964812
115.077741
115.589198
247.033552
357.508183
238.338789
-50.122750
-295.621931
-361.599836
-263.400164
-179.521277
-186.681669
-222.995090
-239.361702
-225.040917
-164.177578
-100.245499
2.045827
137.070376
243.453355
322.217676
405.073650
526.800327
672.565466
779.971358
845.437807
920.110475
1010.638298
1104.234861
1157.937807
1131.853519
1082.242226
1063.318331
1084.288052
1123.158756
1112.418167
1037.234043
939.545827
848.506547
763.604746
693.023732
648.527005
641.878069
632.160393
539.075286
384.103928
240.896072
139.116203
65.977905
3.580196
-28.130115
12.786416
67.512275
68.023732
23.015548
-11.763502
7.160393
59.840426
103.825696
157.017185
240.896072
320.171849
389.729951
465.936989
587.663666
724.222586
706.833061
449.058920
98.711129
-108.428805
-67.512275
37.336334
34.267594
-55.237316
-149.345336
-259.308511
-447.524550
-671.542553
-814.750409
-842.369067
-908.858429
-1129.296236
-1388.604746
-1496.010638
-1390.139116
-1290.916530
-1410.597381
-1663.256956
-1818.228314
-1764.013912
-1606.485270
-1486.804419
-1396.788052
-1267.900982
-1158.960720
-1113.441080
-1065.875614
-911.927169
-642.900982
-414.279869
-373.874795
-429.623568
-373.363339
-153.948445
102.291326
241.918985
286.927169
331.935352
365.691489
345.744681
315.568740
374.386252
503.273322
584.594926
532.937807
421.440262
406.096563
492.021277
566.693944
568.228314
545.212766
545.212766
569.251227
564.136661
555.441899
600.450082
650.061375
629.603110
501.738953
367.737316
358.019640
448.547463
513.502455
494.067103
407.630933
322.217676
272.094926
210.208674
145.765139
150.879705
205.094108
236.804419
199.979542
136.558920
120.192308
152.925532
170.315057
145.253682
106.894435
88.993453
152.925532
264.934534
348.813421
402.004910
408.142390
373.874795
341.653028
337.561375
390.752864
506.342062
601.984452
650.572831
676.657119
680.748773
690.977905
678.191489
634.206219
612.213584
605.053191
602.495908
613.236498
606.076105
597.892799
611.702128
629.603110
665.916530
666.427987
502.761866
165.200491
-241.918985
-542.144026
-591.755319
-521.174304
-499.693126
-578.968903
-717.573650
-860.781506
-1015.241408
-1175.838789
-1256.648936
-1225.450082
-1217.778232
-1315.977905
-1471.460720
-1530.789689
-1387.581833
-1206.526187
-1178.907529
-1247.954173
-1267.900982
-1175.327332
-1012.684124
-880.216858
-738.543372
-512.479542
-326.309329
-265.957447
-272.606383
-232.712766
-59.840426
135.024550
195.887889
168.780687
169.803601
232.712766
306.362520
311.988543
287.438625
284.369885
239.361702
120.703764
-10.740589
-83.367430
-62.397709
-31.198854
-94.108020
-189.238953
-210.720131
-159.063011
-97.688216
-96.153846
-164.689034
-187.704583
-147.299509
-64.443535
61.886252
165.711948
236.804419
249.590835
192.819149
174.406710
271.072013
438.318331
610.679214
694.046645
657.733224
593.289689
549.815876
552.373159
625.000000
719.619476
785.085925
799.918167
707.855974
571.808511
512.479542
540.609656
614.770867
661.824877
606.076105
511.968085
448.036007
407.630933
395.355974
386.149755
346.767594
339.607201
344.210311
304.316694
251.636661
185.147300
121.726678
60.351882
8.183306
16.366612
85.924714
147.810966
158.551555
115.589198
46.031097
31.198854
63.420622
103.314239
143.719313
140.650573
121.726678
107.405892
100.756956
157.017185
286.927169
365.180033
306.362520
98.199673
-159.574468
-292.041735
-293.576105
-231.689853
-162.131751
-133.490180
-152.414075
-212.765957
-321.706219
-400.470540
-420.417349
-438.829787
-516.571195
-657.733224
-794.292144
-824.979542
-769.230769
-759.001637
-831.117021
-943.637480
-999.897709
-971.256137
-927.270867
-878.682488
-793.269231
-703.252864
-645.458265
-643.412439
-642.389525
-575.388707
-473.608838
-434.738134
-476.677578
-506.342062
-447.013093
-315.057283
-225.040917
-213.788871
-227.086743
-218.391980
-198.445172
-199.979542
-202.025368
-120.192308
9.206219
90.527823
80.298691
52.168576
116.100655
262.377250
380.012275
430.135025
449.058920
461.333879
463.891162
451.616203
473.608838
575.388707
707.855974
768.207856
735.474632
667.962357
652.618658
673.076923
663.359247
622.954173
607.610475
612.213584
585.106383
519.639935
444.455810
409.165303
375.920622
329.378069
297.156301
279.766776
249.079378
182.590016
86.436170
5.626023
-19.435352
-19.435352
-21.992635
-32.733224
-38.359247
-29.664484
-48.588380
-86.947627
-104.848609
-74.161211
-5.626023
49.611293
68.535188
94.619476
156.505728
209.697218
238.850245
247.033552
268.514730
314.545827
361.088380
380.523732
391.775777
414.791326
467.982815
503.784779
488.952537
488.952537
520.151391
569.762684
613.236498
634.717676
660.801964
679.725859
600.961538
402.004910
179.009820
42.962357
-2.045827
-56.771686
-190.773322
-341.141571
-443.944354
-514.525368
-604.030278
-722.688216
-818.330606
-900.675123
-1032.630933
-1214.709493
-1354.848609
-1373.772504
-1298.588380
-1264.320786
-1349.222586
-1448.956628
-1456.628478
-1367.123568
-1223.915712
-1095.540098
-961.538462
-808.101473
-699.161211
-653.641571
-597.381342
-476.677578
-304.316694
-161.620295
-116.100655
-86.436170
32.221768
205.094108
349.836334
413.768412
430.135025
457.753682
490.486907
499.693126
496.624386
492.532733
496.624386
479.234861
396.378887
313.011457
306.873977
375.920622
426.554828
383.081015
275.675123
182.590016
125.818331
103.825696
97.688216
88.481997
63.420622
36.824877
-8.694763
-39.893617
-34.267594
6.137480
56.260229
50.634206
-4.603110
-28.130115
4.603110
46.542553
92.573650
110.474632
123.261047
179.009820
249.079378
305.339607
328.355155
336.027005
368.760229
432.692308
499.181669
548.281506
597.892799
666.939444
713.481997
680.237316
616.305237
568.228314
551.350245
573.342881
608.633388
650.061375
687.397709
691.489362
612.213584
471.051555
318.637480
225.040917
215.323241
243.964812
281.301146
316.591653
325.797872
261.865794
132.467267
13.297872
-52.168576
-52.680033
-29.664484
-13.297872
-10.229133
-52.168576
-118.657938
-157.528642
-148.322422
-93.596563
-71.603928
-155.994272
-319.148936
-465.425532
-515.548282
-502.250409
-474.120295
-449.570376
-443.432897
-470.028642
-523.731588
-575.388707
-588.686579
-572.831424
-584.594926
-639.832242
-711.436170
-752.352700
-740.589198
-720.642390
-726.779869
-761.558920
-788.666121
-788.666121
-765.139116
-706.833061
-639.320786
-610.167758
-620.396890
-632.671849
-612.213584
-568.739771
-523.731588
-485.372340
-452.127660
-414.279869
-375.920622
-333.981178
-280.789689
-199.468085
-131.955810
-105.871522
-113.543372
-118.146481
-110.986088
-95.130933
-67.000818
-19.946809
76.718494
187.193126
274.140753
356.485270
419.905892
457.753682
479.746318
498.670213
565.159574
681.260229
763.093290
778.948445
761.047463
750.818331
772.810966
782.017185
769.230769
790.711948
820.887889
810.147300
759.513093
688.420622
671.542553
660.290507
568.228314
443.432897
349.836334
296.133388
278.232406
232.712766
175.941080
179.521277
182.078560
119.169394
6.137480
-62.397709
-32.221768
27.618658
30.687398
18.923895
38.870704
60.863339
45.008183
20.969722
23.527005
81.321604
146.276596
179.009820
210.720131
252.659574
302.782324
320.683306
296.133388
287.438625
341.141571
402.516367
434.226678
415.814239
368.760229
321.706219
253.682488
192.307692
181.055646
175.429624
116.612111
13.297872
-106.894435
-187.704583
-235.781506
-276.698036
-296.133388
-299.713584
-348.813421
-470.028642
-639.832242
-797.360884
-874.079378
-910.904255
-952.843699
-998.874795
-1022.401800
-1028.027823
-1021.890344
-1016.264321
-997.340426
-966.653028
-956.935352
-980.973813
-1031.096563
-1034.676759
-929.828151
-768.719313
-630.626023
-549.304419
-517.594108
-488.952537
-416.325696
-327.332242
-216.857610
-78.252864
51.145663
161.108838
232.712766
273.629296
338.584288
409.676759
453.150573
480.257774
500.204583
524.243044
552.373159
546.235679
531.914894
534.983633
524.754501
490.486907
426.043372
361.088380
321.706219
289.995908
234.247136
188.727496
184.124386
205.605565
244.476268
256.239771
247.033552
245.499182
231.689853
218.391980
200.490998
183.612930
192.819149
220.437807
228.621113
238.338789
248.056465
247.033552
257.774141
253.682488
247.033552
247.033552
248.567921
271.583470
303.293781
297.667758
297.667758
299.202128
286.927169
282.835516
264.934534
244.476268
280.789689
342.164484
373.874795
371.828969
321.194763
247.545008
176.452537
119.680851
101.268412
117.635025
112.009002
86.947627
43.985270
-10.229133
-64.443535
-113.543372
-144.230769
-157.017185
-158.551555
-170.826514
-193.842062
-224.018003
-240.384615
-260.331424
-323.240589
-388.195581
-402.516367
-364.668576
-309.942717
-286.415712
-293.576105
-307.385434
-344.721768
-356.485270
-319.660393
-263.400164
-211.231588
-173.383797
-160.085925
-148.322422
-110.474632
-55.237316
-2.045827
30.175941
20.458265
-20.458265
-67.512275
-77.741408
-30.175941
3.068740
-18.923895
-74.672668
-119.680851
-130.421440
-145.253682
-181.055646
-198.445172
-185.658756
-176.963993
-186.170213
-207.139935
-235.781506
-253.171031
-283.858429
-350.347791
-399.447627
-404.562193
-382.569558
-360.065466
-355.973813
-341.141571
-278.232406
-205.094108
-158.551555
-146.276596
-153.436989
-138.604746
-92.062193
-30.687398
36.313421
98.199673
148.322422
186.170213
229.644026
309.942717
387.172668
407.630933
387.684124
340.630115
309.942717
335.004092
371.828969
386.661211
389.218494
365.691489
330.912439
318.126023
321.194763
349.836334
377.966448
349.324877
252.148118
134.001637
56.260229
61.886252
100.245499
109.963175
95.130933
86.947627
90.527823
71.092471
47.565466
31.198854
9.717676
-20.969722
-56.771686
-78.252864
-72.626841
-48.076923
-7.160393
36.313421
82.855974
119.680851
138.604746
133.490180
105.871522
97.688216
109.451718
119.680851
141.162029
208.162848
278.743863
283.346972
242.430442
189.750409
175.429624
183.101473
195.887889
211.231588
217.369067
215.834697
180.032733
110.986088
41.939444
7.671849
0.511457
-0.511457
-10.740589
-27.107201
-45.519640
-88.993453
-164.177578
-238.850245
-267.491817
-274.140753
-256.751227
-245.499182
-258.797054
-298.690671
-342.164484
-373.363339
-377.454992
-354.439444
-325.797872
-315.568740
-316.080196
-316.591653
-312.500000
-306.362520
-301.247954
-274.652209
-246.522095
-226.063830
-210.208674
-174.406710
-137.581833
-117.635025
-131.955810
-169.803601
-206.628478
-209.697218
-168.269231
-112.009002
-79.787234
-85.924714
-119.680851
-151.391162
-165.711948
-168.780687
-166.223404
-153.948445
-146.788052
-148.833879
-156.505728
-191.284779
-219.926350
-191.284779
-129.909984
-70.581015
-40.405074
-57.794599
-91.039280
-133.490180
-159.574468
-119.680851
-32.221768
90.016367
205.094108
254.705401
247.033552
243.453355
248.056465
263.911620
302.270867
365.180033
438.318331
490.998363
512.479542
538.563830
569.762684
567.716858
533.960720
497.135843
482.303601
505.319149
506.342062
452.639116
421.951718
406.608020
417.348609
423.997545
410.188216
361.088380
269.026187
176.452537
115.077741
89.504910
95.642390
92.573650
39.893617
-15.855155
-36.824877
-46.542553
-72.626841
-103.825696
-144.742226
-190.773322
-247.545008
-265.445990
-191.796236
-63.932079
15.343699
12.274959
-58.306056
-124.283961
-139.627660
-136.558920
-148.833879
-168.780687
-153.436989
-102.291326
-63.932079
-71.092471
-79.275777
-81.321604
-119.680851
-172.360884
-203.559738
-169.292144
-70.069558
-16.366612
-51.145663
-129.398527
-209.185761
-254.193944
-257.774141
-277.209493
-276.186579
-230.155483
-174.918167
-150.879705
-177.475450
-219.414894
-269.537643
-335.004092
-399.959083
-431.669394
-390.241408
-300.736498
-235.270049
-229.132570
-264.423077
-307.896890
-328.355155
-316.591653
-281.812602
-225.552373
-180.032733
-186.681669
-240.896072
-254.193944
-185.658756
-78.252864
-10.229133
4.603110
22.504092
69.558101
115.077741
136.558920
183.612930
260.331424
323.240589
336.027005
323.752046
360.065466
441.898527
517.082651
530.380524
480.257774
430.646481
429.623568
460.310966
498.158756
540.609656
555.441899
535.495090
444.455810
316.591653
260.842881
251.636661
225.552373
191.796236
152.925532
96.665303
13.297872
-70.069558
-134.001637
-158.551555
-154.459902
-146.276596
-171.849427
-230.666939
-265.957447
-266.980360
-265.445990
-244.987725
-197.933715
-190.261866
-226.575286
-274.140753
-279.255319
-220.949264
-142.696399
-60.351882
-14.832242
-30.175941
-62.397709
-68.023732
-54.214403
-28.130115
3.068740
21.992635
29.153028
32.733224
64.443535
106.382979
119.169394
117.123568
108.428805
99.222586
107.405892
120.703764
90.527823
21.992635
-65.977905
-131.444354
-139.627660
-121.726678
-92.573650
-77.229951
-95.130933
-154.459902
-202.536825
-220.949264
-203.559738
-170.315057
-167.757774
-171.849427
-179.521277
-169.292144
-142.184943
-118.146481
-108.940262
-106.382979
-97.176759
-76.207038
-47.565466
-14.320786
49.611293
103.314239
122.749591
128.887070
127.864157
140.139116
160.597381
175.941080
201.513912
232.201309
244.476268
254.193944
251.636661
217.369067
178.498363
159.574468
148.833879
148.322422
163.154664
179.009820
160.085925
107.405892
57.283142
48.076923
53.702946
44.496727
5.114566
-58.306056
-110.474632
-98.199673
-18.923895
39.893617
50.634206
37.847791
-6.137480
-96.665303
-174.918167
-184.124386
-128.887070
-50.122750
-0.511457
11.252046
9.717676
32.221768
50.634206
33.244681
-31.710311
-81.321604
-32.221768
58.306056
89.504910
57.283142
-8.183306
-66.489362
-84.901800
-86.436170
-56.260229
-11.763502
1.022913
-33.756137
-122.749591
-214.300327
-209.185761
-157.528642
-157.017185
-203.559738
-244.987725
-248.567921
-215.834697
-208.674304
-227.598200
-233.224223
-228.109656
-227.598200
-254.705401
-291.018822
-287.950082
-265.445990
-242.941899
-195.376432
-110.986088
-19.946809
36.313421
35.290507
28.641571
59.840426
108.428805
129.909984
102.802782
57.283142
72.115385
166.223404
276.186579
383.081015
448.036007
454.684943
425.531915
383.081015
376.943535
398.936170
429.623568
421.951718
329.378069
213.788871
174.406710
198.956628
207.651391
188.727496
147.299509
98.711129
78.764321
64.954992
0.511457
-80.810147
-131.444354
-141.162029
-160.085925
-209.185761
-219.926350
-190.261866
-201.513912
-258.285597
-268.514730
-182.078560
-84.390344
-52.680033
-89.504910
-154.459902
-187.704583
-155.994272
-110.474632
-81.321604
-17.389525
72.626841
110.986088
101.779869
103.825696
157.017185
216.857610
228.621113
213.277414
191.284779
188.727496
181.567103
177.475450
174.918167
163.154664
157.528642
149.345336
121.726678
79.275777
56.771686
35.290507
1.534370
-51.657119
-99.222586
-117.635025
-127.352700
-149.345336
-188.727496
-248.567921
-303.805237
-325.286416
-319.148936
-315.057283
-313.011457
-296.133388
-307.385434
-359.554010
-382.058101
-341.141571
-296.133388
-270.560556
-270.560556
-283.346972
-257.774141
-202.536825
-178.498363
-167.246318
-116.100655
-48.588380
-5.626023
26.084288
70.069558
140.139116
194.353519
192.819149
173.895254
166.734861
183.612930
226.063830
255.728314
268.003273
283.346972
301.759411
292.553191
265.957447
282.835516
302.782324
261.354337
194.353519
161.108838
130.421440
74.161211
35.801964
42.962357
62.909165
77.229951
67.512275
43.985270
27.107201
7.671849
-25.061375
-75.695581
-138.093290
-145.765139
-106.894435
-103.314239
-109.451718
-63.932079
-18.412439
-2.045827
16.366612
19.946809
32.733224
40.916530
26.595745
9.206219
3.068740
27.107201
64.443535
92.062193
121.726678
175.429624
218.903437
207.651391
175.429624
149.856792
111.497545
75.184124
70.581015
100.756956
87.970540
28.641571
-35.290507
-104.337152
-126.329787
-90.527823
-77.229951
-78.764321
-51.145663
-79.787234
-179.009820
-271.583470
-307.896890
-267.491817
-238.338789
-247.545008
-232.201309
-217.369067
-220.437807
-216.346154
-187.193126
-148.833879
-94.619476
-45.519640
-49.099836
-87.970540
-83.878887
-47.565466
-60.351882
-49.611293
39.382160
115.589198
136.047463
138.093290
114.566285
97.176759
105.871522
99.222586
75.184124
45.008183
8.183306
5.626023
-1.534370
-33.244681
-20.969722
1.022913
-38.870704
-78.764321
-83.878887
-96.665303
-97.176759
-89.504910
-114.054828
-196.399345
-234.247136
-169.803601
-96.665303
-51.657119
1.534370
32.221768
10.740589
1.534370
-1.534370
38.359247
138.604746
202.536825
203.048282
162.131751
130.421440
184.635843
271.583470
282.835516
278.232406
294.087561
296.644845
288.461538
292.553191
317.614566
352.905074
343.187398
311.477087
239.873159
179.521277
179.521277
168.780687
158.040098
156.505728
134.001637
109.963175
106.382979
80.298691
21.992635
-57.283142
-135.024550
-192.819149
-207.651391
-193.330606
-161.108838
-121.215221
-128.375614
-192.307692
-272.606383
-315.057283
-286.927169
-210.720131
-168.780687
-168.269231
-156.505728
-158.551555
-199.468085
-241.918985
-250.613748
-221.460720
-193.842062
-170.315057
-127.352700
-62.397709
10.229133
47.565466
7.671849
-18.923895
-9.717676
-2.557283
41.939444
69.558101
68.535188
80.810147
55.748773
17.389525
46.542553
63.932079
63.932079
77.741408
64.443535
40.916530
3.068740
-61.374795
-84.390344
-91.039280
-126.329787
-140.650573
-126.329787
-116.612111
-151.902619
-218.903437
-235.781506
-215.323241
-171.849427
-94.619476
-96.153846
-151.902619
-139.627660
-132.978723
-194.864975
-210.208674
-151.902619
-79.787234
-60.863339
-93.596563
-71.092471
9.717676
67.000818
109.963175
144.230769
155.482815
186.681669
228.109656
236.292962
225.552373
278.743863
378.477905
401.493453
342.164484
328.866612
358.019640
336.538462
293.064648
281.301146
275.675123
292.553191
316.591653
281.301146
218.903437
176.963993
135.024550
78.764321
-24.038462
-87.970540
-41.427987
-8.694763
-18.923895
-38.870704
-91.550736
-151.391162
-189.238953
-217.880524
-206.117021
-171.337971
-171.849427
-202.536825
-243.453355
-257.774141
-203.559738
-147.810966
-116.612111
-92.062193
-112.520458
-116.100655
-88.481997
-61.374795
-10.229133
39.893617
75.695581
106.382979
93.596563
55.748773
49.099836
49.611293
60.351882
82.344517
60.351882
44.496727
83.367430
112.009002
91.039280
61.374795
59.840426
58.306056
27.107201
-27.618658
-75.695581
-82.855974
-57.283142
-38.359247
-45.008183
-76.718494
-95.642390
-68.023732
-79.787234
-162.643208
-204.071195
-164.689034
-138.604746
-160.085925
-153.948445
-100.245499
-80.298691
-110.474632
-173.895254
-239.873159
-180.032733
-49.611293
1.534370
-8.183306
-12.786416
20.969722
67.512275
40.405074
8.694763
80.298691
157.528642
119.680851
50.634206
57.794599
131.444354
179.009820
142.184943
101.268412
110.986088
158.040098
168.269231
83.367430
26.084288
85.413257
155.994272
136.047463
89.504910
77.229951
96.153846
72.115385
-24.549918
-55.237316
0.511457
31.198854
15.343699
-40.916530
-102.802782
-85.413257
-34.779051
-36.313421
-52.680033
-59.840426
-55.237316
-39.893617
-47.054010
-42.962357
-8.694763
-3.580196
-13.809329
-25.572831
-30.175941
4.091653
59.840426
61.374795
3.580196
-61.886252
-51.657119
23.015548
48.588380
38.870704
40.405074
21.481178
6.648936
-7.160393
-51.145663
-33.756137
17.389525
15.343699
6.648936
-7.671849
-3.580196
20.458265
-15.343699
-76.718494
-62.397709
-39.893617
-39.382160
-41.939444
-64.443535
-70.069558
-68.535188
-70.069558
-63.932079
-45.519640
-15.343699
6.648936
-52.680033
-76.718494
-21.992635
19.435352
47.565466
40.405074
-6.648936
-32.221768
-37.336334
-35.801964
29.664484
79.275777
78.252864
74.161211
36.313421
15.343699
34.779051
45.008183
54.725859
74.161211
74.161211
53.702946
16.878069
-2.045827
17.900982
12.786416
-2.045827
2.045827
-4.603110
4.603110
18.412439
-1.022913
-30.687398
-38.359247
-24.549918
-18.412439
-23.015548
-30.175941
-38.359247
-59.328969
-49.099836
-28.641571
-31.198854
-18.412439
11.763502
28.130115
4.603110
-16.366612
24.038462
80.810147
75.184124
37.336334
16.878069
44.496727
71.092471
55.748773
7.671849
-29.153028
-11.763502
38.870704
33.244681
8.694763
52.680033
99.734043
74.672668
-7.671849
-49.099836
-21.481178
9.717676
2.557283
-9.717676
2.045827
36.824877
61.374795
32.221768
-5.114566
8.183306
37.847791
33.244681
-1.022913
-21.992635
0.511457
20.969722
5.114566
-16.366612
-27.618658
1.022913
20.969722
-21.481178
-67.000818
-60.351882
-7.671849
41.939444
38.870704
-36.824877
-85.413257
-65.977905
-40.916530
-41.939444
-50.634206
-36.313421
3.580196
-2.045827
-68.023732
-91.039280
-38.359247
9.206219
3.068740
-32.733224
-55.748773
-11.763502
37.847791
12.274959
-57.283142
-69.558101
0.000000
16.366612
-28.130115
-19.435352
43.473813
68.535188
44.496727
-12.786416
-32.733224
30.175941
51.145663
29.664484
-5.626023
-47.565466
-9.717676
38.359247
-7.160393
-9.717676
47.054010
61.374795
51.145663
20.458265
-8.694763
4.091653
8.183306
-15.343699
-49.099836
-90.527823
-59.328969
-15.343699
-43.985270
-63.932079
-57.283142
-40.916530
-32.733224
-84.390344
-106.382979
-53.702946
-18.923895
-22.504092
-60.863339
-134.001637
-114.054828
-37.336334
-30.687398
-5.626023
49.611293
82.855974
78.764321
19.946809
-29.664484
5.114566
77.741408
132.467267
132.467267
86.436170
85.413257
98.199673
71.603928
54.214403
80.298691
101.268412
100.756956
65.977905
53.191489
95.642390
85.924714
39.382160
5.626023
-49.099836
-75.184124
-31.198854
-18.923895
0.000000
36.824877
1.534370
-50.634206
-89.504910
-107.405892
-55.237316
2.045827
18.923895
32.221768
-16.878069
-74.161211
-60.351882
-29.153028
6.648936
20.969722
18.412439
31.198854
9.206219
-32.221768
4.603110
61.374795
99.734043
122.238134
69.558101
33.756137
36.313421
-7.671849
-31.710311
-23.527005
0.511457
68.023732
97.688216
64.954992
50.122750
45.519640
-6.648936
-77.229951
-92.062193
-35.801964
18.923895
9.717676
-11.252046
-21.481178
-32.221768
-80.298691
-133.490180
-113.543372
-41.427987
-0.511457
-2.557283
-12.786416
-18.923895
-29.153028
-59.840426
-94.619476
-84.901800
-2.557283
29.664484
-21.992635
-62.909165
-63.932079
-35.290507
5.114566
17.389525
44.496727
80.298691
30.687398
-41.427987
-49.611293
-45.008183
-7.160393
31.198854
28.641571
43.473813
33.244681
-8.694763
-27.618658
-28.641571
4.091653
49.611293
37.336334
29.153028
23.015548
-4.603110
-17.900982
-36.824877
-49.099836
-41.427987
-60.351882
-68.535188
-31.710311
-6.648936
13.297872
31.198854
11.252046
-36.824877
-69.046645
-79.787234
-61.886252
-29.153028
-19.435352
-20.458265
-29.153028
-33.756137
-1.534370
41.939444
50.122750
36.313421
18.923895
13.809329
37.847791
76.207038
113.543372
129.398527
109.963175
97.688216
104.337152
86.436170
68.023732
78.764321
78.764321
99.734043
113.543372
109.451718
121.215221
96.153846
38.359247
-13.809329
-70.581015
-77.229951
-9.717676
19.435352
3.580196
-25.572831
-65.977905
-79.275777
-108.940262
-131.444354
-81.833061
-38.359247
-29.664484
-33.756137
-71.603928
-80.810147
-53.702946
-55.748773
-60.863339
-41.427987
-3.580196
39.382160
40.916530
36.824877
70.581015
87.970540
68.535188
38.870704
25.061375
68.535188
106.382979
81.833061
61.886252
47.054010
30.175941
31.198854
13.297872
-1.534370
23.015548
38.870704
-9.206219
-79.787234
-121.215221
-116.612111
-97.688216
-109.451718
-115.589198
-86.947627
-85.413257
-123.772504
-150.368249
-179.009820
-182.078560
-138.093290
-108.428805
-116.100655
-117.635025
-101.268412
-80.298691
-79.787234
-70.581015
-15.343699
19.946809
18.923895
20.458265
20.458265
52.680033
88.993453
81.833061
80.298691
97.176759
106.894435
120.192308
101.779869
91.550736
144.742226
161.108838
130.421440
130.932897
136.558920
130.421440
104.848609
48.588380
19.435352
29.153028
46.542553
49.099836
21.992635
11.763502
31.710311
18.923895
-21.992635
-40.916530
-38.359247
-45.519640
-72.626841
-76.718494
-48.076923
-17.389525
-10.740589
-28.641571
-78.252864
-107.917349
-61.886252
-9.717676
8.694763
37.847791
40.916530
28.641571
29.664484
34.267594
52.680033
71.603928
96.665303
96.153846
54.725859
22.504092
61.886252
117.635025
128.887070
120.703764
101.268412
87.459083
73.138298
47.054010
21.481178
10.229133
18.923895
31.198854
0.000000
-50.634206
-53.702946
-52.680033
-100.245499
-152.414075
-143.207856
-99.222586
-76.207038
-105.360065
-154.971358
-176.452537
-175.941080
-163.154664
-163.154664
-175.941080
-164.689034
-141.162029
-142.696399
-150.368249
-115.589198
-49.611293
-13.809329
-38.359247
-70.069558
-59.840426
-31.710311
27.618658
70.581015
63.932079
66.489362
94.108020
96.665303
80.298691
85.413257
127.352700
151.902619
117.635025
81.321604
87.970540
107.917349
118.657938
111.497545
77.229951
48.588380
40.405074
34.267594
9.206219
-25.572831
-19.946809
-9.206219
-48.076923
-70.069558
-55.237316
-48.076923
-51.145663
-43.473813
-49.099836
-77.229951
-86.436170
-74.672668
-68.535188
-68.023732
-40.916530
-4.603110
17.900982
21.992635
37.847791
63.420622
73.138298
88.993453
110.986088
101.779869
87.970540
121.215221
141.162029
118.146481
111.497545
140.139116
142.184943
108.940262
86.436170
74.672668
68.535188
61.886252
47.565466
30.687398
29.664484
30.175941
17.900982
-39.382160
-89.504910
-104.337152
-117.635025
-116.100655
-87.459083
-52.168576
-54.214403
-94.619476
-125.818331
-132.978723
-140.650573
-132.978723
-118.657938
-119.169394
-106.382979
-68.535188
-46.542553
-33.756137
-19.946809
-27.107201
-46.542553
-57.794599
-33.244681
25.572831
76.718494
107.917349
120.703764
98.711129
49.611293
29.153028
29.153028
34.267594
59.328969
93.085106
112.009002
94.619476
77.741408
75.184124
47.565466
14.832242
-4.091653
-9.717676
-11.252046
-24.038462
-53.702946
-75.695581
-61.374795
-48.076923
-56.260229
-95.642390
-120.192308
-106.382979
-97.176759
-106.382979
-93.596563
-63.420622
-41.427987
-59.328969
-114.054828
-124.283961
-95.642390
-69.046645
-41.427987
-15.343699
16.878069
68.023732
87.970540
64.443535
57.794599
61.886252
75.695581
83.367430
76.718494
90.016367
109.451718
107.405892
114.054828
130.421440
121.215221
118.146481
106.382979
76.718494
51.145663
27.107201
20.458265
23.015548
20.458265
17.900982
-3.068740
-31.710311
-57.283142
-88.481997
-114.566285
-98.199673
-68.535188
-43.985270
-38.870704
-60.863339
-88.993453
-115.589198
-144.230769
-163.154664
-136.047463
-93.596563
-38.870704
-10.740589
-22.504092
-31.198854
-11.763502
10.740589
7.671849
18.412439
45.519640
95.642390
121.215221
100.245499
86.947627
100.756956
116.612111
106.894435
97.688216
127.352700
171.337971
186.681669
160.085925
123.772504
99.734043
100.245499
90.527823
53.702946
35.801964
20.969722
-4.091653
-35.290507
-51.657119
-39.893617
-13.297872
-13.809329
-43.985270
-77.229951
-112.520458
-142.696399
-155.994272
-156.505728
-139.627660
-114.054828
-103.314239
-119.169394
-139.627660
-122.238134
-84.390344
-61.374795
-43.473813
-29.153028
-14.832242
-8.694763
-1.022913
9.717676
25.572831
47.054010
60.351882
53.191489
52.168576
90.016367
136.047463
143.719313
105.360065
80.810147
76.718494
53.702946
41.939444
49.099836
49.099836
45.008183
23.527005
-12.274959
-20.458265
-9.717676
-12.786416
-42.450900
-98.711129
-100.245499
-65.977905
-96.665303
-140.139116
-114.566285
-86.947627
-85.924714
-99.222586
-125.306874
-124.795417
-113.031915
-108.940262
-97.688216
-64.443535
3.580196
40.405074
-13.809329
-64.954992
-41.427987
5.114566
39.382160
59.840426
82.855974
118.657938
108.428805
90.527823
103.825696
112.520458
122.238134
128.887070
99.734043
76.207038
111.497545
144.230769
140.650573
115.589198
92.573650
81.833061
43.985270
16.366612
43.473813
59.328969
35.290507
21.481178
1.022913
-28.130115
-45.008183
-57.794599
-59.840426
-59.328969
-58.817512
-60.351882
-69.046645
-65.466448
-33.244681
-45.008183
-101.268412
-110.474632
-82.344517
-63.932079
-57.794599
-49.099836
-17.900982
2.045827
-21.992635
-29.153028
1.022913
45.008183
70.581015
47.565466
-6.648936
-8.183306
45.008183
71.092471
68.023732
75.184124
91.550736
70.581015
14.832242
4.091653
34.267594
65.977905
77.741408
45.008183
6.137480
0.000000
-16.366612
-46.031097
-68.535188
-77.229951
-61.886252
-64.443535
-97.688216
-101.779869
-99.222586
-115.077741
-118.146481
-107.917349
-114.054828
-124.795417
-138.093290
-141.673486
-119.169394
-93.085106
-64.954992
-54.725859
-57.283142
-41.427987
-24.549918
-16.878069
16.878069
64.443535
76.207038
58.817512
58.306056
92.062193
129.398527
134.001637
127.864157
128.375614
129.398527
142.184943
150.879705
141.162029
147.810966
158.040098
139.116203
107.917349
74.161211
69.046645
80.298691
59.840426
22.504092
1.022913
-17.389525
-29.153028
-42.450900
-59.840426
-55.237316
-32.733224
-25.572831
-59.328969
-118.657938
-127.864157
-112.009002
-104.848609
-94.108020
-80.810147
-51.145663
-31.710311
-50.122750
-76.207038
-45.008183
4.603110
22.504092
7.671849
-16.878069
9.206219
61.886252
76.718494
67.512275
79.275777
88.993453
86.436170
60.863339
48.076923
72.115385
97.176759
94.108020
74.672668
60.863339
59.328969
52.680033
17.900982
-12.786416
-21.481178
-17.900982
-27.107201
-44.496727
-50.634206
-48.076923
-65.977905
-103.825696
-121.726678
-135.536007
-139.116203
-137.581833
-139.627660
-128.887070
-103.314239
-97.688216
-99.222586
-97.688216
-100.245499
-88.993453
-100.756956
-107.917349
-79.787234
-39.382160
-13.809329
2.557283
15.343699
34.779051
58.306056
58.306056
54.725859
75.184124
93.596563
106.382979
106.894435
103.314239
134.001637
146.276596
129.398527
115.589198
109.451718
101.779869
96.665303
83.367430
78.764321
93.596563
93.085106
76.207038
46.031097
17.900982
0.511457
-27.107201
-48.588380
-49.099836
-39.893617
-39.382160
-47.565466
-64.954992
-67.000818
-58.306056
-62.909165
-81.321604
-96.153846
-108.940262
-94.619476
-74.672668
-59.840426
-32.733224
-29.664484
-43.985270
-49.611293
-49.611293
-44.496727
-12.274959
21.481178
41.939444
49.099836
34.267594
35.801964
55.237316
61.374795
69.558101
61.886252
49.099836
50.122750
39.893617
45.519640
79.787234
98.711129
98.199673
83.367430
41.939444
19.435352
16.366612
0.511457
-9.717676
-10.740589
-9.206219
1.022913
-8.694763
-35.801964
-48.588380
-70.581015
-86.947627
-88.993453
-80.298691
-57.283142
-43.985270
-55.748773
-69.046645
-83.878887
-83.367430
-62.397709
-59.840426
-70.069558
-48.588380
-27.107201
-13.297872
10.740589
19.435352
36.313421
57.283142
49.611293
42.962357
62.397709
79.275777
93.596563
85.413257
67.512275
76.718494
94.108020
106.894435
103.314239
87.459083
75.695581
56.771686
34.267594
47.054010
61.374795
48.076923
17.900982
-23.527005
-51.145663
-55.237316
-48.076923
-50.634206
-47.565466
-62.397709
-80.810147
-88.993453
-101.268412
-85.924714
-77.741408
-94.108020
-100.756956
-94.108020
-87.970540
-88.993453
-84.901800
-64.443535
-34.779051
-30.175941
-23.527005
-3.068740
16.366612
27.107201
25.572831
17.900982
25.061375
38.870704
41.939444
49.611293
56.260229
50.122750
49.099836
48.588380
52.680033
76.718494
73.649755
43.473813
21.992635
0.511457
-11.763502
-8.694763
-11.252046
-3.580196
-0.511457
-25.572831
-41.427987
-48.588380
-47.565466
-29.664484
-40.916530
-57.794599
-47.565466
-38.870704
-32.733224
-21.481178
-19.435352
-18.923895
-24.038462
-30.687398
-12.786416
17.389525
38.870704
57.794599
53.702946
48.588380
49.611293
49.099836
49.099836
60.351882
70.069558
76.207038
79.787234
78.252864
79.275777
78.764321
79.275777
79.275777
78.252864
68.535188
57.794599
41.427987
23.015548
8.694763
0.511457
10.740589
21.992635
9.206219
-11.252046
-35.801964
-48.588380
-49.611293
-49.099836
-49.611293
-48.588380
-50.122750
-65.466448
-87.459083
-109.451718
-103.825696
-84.901800
-72.626841
-58.306056
-48.588380
-49.611293
-49.099836
-52.168576
-56.260229
-36.824877
-16.878069
-17.900982
-28.130115
-36.824877
-28.641571
-2.045827
15.343699
24.038462
36.313421
41.939444
50.634206
45.519640
38.870704
40.405074
38.359247
25.572831
18.412439
11.252046
18.412439
31.710311
21.481178
21.992635
30.687398
22.504092
16.878069
1.534370
-17.389525
-34.267594
-46.542553
-56.260229
-59.840426
-59.328969
-56.260229
-42.450900
-37.336334
-28.641571
-18.923895
-20.969722
-13.297872
-13.809329
-20.969722
-18.923895
-10.740589
-9.717676
-6.648936
1.022913
4.091653
24.549918
50.634206
62.909165
74.672668
88.993453
102.291326
97.688216
81.833061
70.069558
69.046645
62.397709
49.099836
41.427987
45.519640
57.283142
58.817512
61.886252
69.558101
66.489362
51.145663
30.687398
-4.091653
-24.038462
-31.198854
-45.008183
-49.099836
-56.260229
-59.840426
-59.328969
-51.145663
-49.099836
-39.382160
-36.824877
-35.290507
-31.198854
-48.076923
-57.283142
-64.443535
-70.069558
-66.489362
-53.702946
-44.496727
-28.641571
-9.717676
6.137480
18.412439
22.504092
40.405074
50.634206
39.382160
18.923895
-1.534370
-22.504092
-25.572831
-7.671849
10.740589
33.756137
34.267594
28.641571
28.130115
11.763502
14.832242
28.130115
16.878069
3.580196
-15.343699
-44.496727
-60.863339
-55.748773
-48.588380
-33.244681
-19.435352
-19.946809
-19.946809
-19.435352
-20.458265
-18.412439
-25.572831
-29.153028
-37.336334
-49.611293
-49.611293
-48.588380
-39.382160
-23.527005
-4.603110
13.297872
28.641571
29.153028
31.710311
32.221768
21.481178
13.809329
17.389525
16.878069
22.504092
38.359247
48.588380
58.817512
55.237316
48.588380
49.611293
49.099836
49.611293
49.099836
33.756137
20.458265
16.878069
-2.045827
-16.878069
-10.740589
7.671849
18.923895
10.229133
1.022913
0.000000
0.000000
-11.252046
-26.595745
-37.336334
-26.595745
-11.763502
-13.809329
-26.084288
-26.084288
-15.343699
-9.206219
-10.229133
-5.626023
13.809329
19.946809
10.229133
-9.206219
-18.923895
-5.114566
11.763502
19.435352
26.595745
30.687398
29.153028
30.687398
23.015548
18.412439
33.244681
41.939444
29.153028
12.274959
0.511457
-0.511457
6.137480
1.534370
-1.534370
9.717676
18.923895
9.206219
-8.183306
-20.969722
-17.900982
-23.527005
-39.893617
-54.725859
-51.657119
-33.244681
-23.015548
-28.130115
-23.015548
-17.900982
-21.992635
-42.450900
-58.817512
-53.191489
-32.221768
-8.694763
-0.511457
-5.114566
-17.389525
-18.923895
-24.549918
-24.038462
-1.534370
25.061375
29.664484
30.175941
11.763502
-2.045827
1.534370
12.274959
21.481178
18.412439
20.458265
18.412439
11.252046
8.694763
13.809329
27.618658
17.900982
-5.114566
-22.504092
-38.870704
-36.824877
-24.549918
-6.137480
1.022913
-0.511457
0.511457
-9.717676
-20.969722
-15.343699
-11.763502
-19.946809
-26.595745
-30.687398
-18.412439
-3.580196
15.343699
19.435352
20.458265
13.809329
16.878069
20.458265
20.969722
36.313421
55.237316
56.771686
42.450900
29.153028
18.412439
26.595745
30.687398
37.336334
49.099836
59.840426
69.046645
68.023732
47.054010
31.198854
24.038462
3.068740
-15.343699
-20.969722
-13.297872
-4.091653
1.534370
-4.091653
-10.740589
-9.717676
-9.717676
-10.740589
-18.923895
-19.946809
-23.015548
-42.450900
-60.351882
-56.771686
-44.496727
-29.664484
-19.946809
-19.435352
-20.458265
-15.855155
-7.671849
-2.045827
2.557283
9.717676
8.183306
-9.717676
-21.481178
-17.900982
-10.229133
-9.717676
-10.229133
-8.694763
3.068740
17.389525
19.946809
19.435352
19.435352
8.183306
-7.160393
-26.595745
-39.893617
-38.870704
-30.687398
-29.153028
-30.175941
-29.664484
-24.549918
-17.900982
-21.481178
-15.343699
-14.832242
-25.061375
-33.756137
-46.542553
-50.634206
-44.496727
-31.710311
-23.015548
-17.389525
-7.671849
3.068740
18.412439
13.809329
10.229133
20.969722
18.412439
23.527005
28.130115
18.923895
23.527005
30.687398
28.130115
34.267594
41.427987
49.099836
58.306056
59.328969
59.328969
53.702946
42.450900
31.198854
28.641571
31.198854
24.038462
18.923895
20.458265
19.435352
25.061375
34.267594
29.664484
16.878069
8.694763
2.557283
-5.114566
-10.229133
-9.717676
-10.229133
-9.717676
-9.717676
-9.717676
-1.534370
8.694763
10.229133
10.229133
4.603110
-1.022913
0.511457
-1.022913
-7.671849
-10.740589
-8.694763
-1.534370
1.022913
-3.068740
-0.511457
12.786416
20.969722
17.900982
10.229133
4.091653
-6.648936
-18.412439
-20.969722
-28.641571
-21.481178
-6.648936
2.045827
-3.580196
-10.229133
-9.717676
-10.229133
-9.717676
-10.229133
-17.900982
-24.038462
-33.244681
-51.657119
-60.351882
-55.237316
-39.382160
-21.992635
-19.946809
-19.946809
-19.946809
-19.946809
-18.923895
-24.038462
-28.130115
-15.343699
-11.763502
-28.641571
-47.054010
-48.076923
-32.221768
-13.809329
4.091653
15.855155
26.084288
29.153028
16.366612
2.557283
4.091653
15.855155
19.946809
19.946809
14.832242
8.694763
11.763502
15.855155
9.206219
19.435352
34.267594
40.916530
36.824877
28.130115
18.412439
10.740589
4.603110
-5.626023
-11.252046
-2.557283
0.511457
-2.045827
-11.252046
-19.435352
-8.694763
2.557283
9.717676
10.740589
7.160393
-1.534370
1.534370
-4.603110
-4.091653
1.534370
-3.068740
-1.022913
7.671849
9.717676
14.832242
20.458265
19.435352
19.435352
24.038462
30.687398
35.290507
41.939444
33.756137
21.992635
5.626023
6.137480
10.740589
17.900982
31.198854
37.847791
39.893617
24.549918
13.297872
3.068740
0.000000
0.000000
1.022913
-2.557283
-10.229133
-12.786416
-25.572831
-23.527005
-18.923895
-19.946809
-19.946809
-19.946809
-29.153028
-29.664484
-30.175941
-27.107201
-17.389525
-9.206219
-13.297872
-20.969722
-19.435352
-27.618658
-30.687398
-23.015548
-10.229133
-10.229133
-9.206219
