979.653619
1069.769079
1097.226133
981.765700
681.850183
252.745705
-174.246691
-491.410870
-682.202197
-779.357927
-828.639820
-865.953253
-906.082794
-930.371726
-922.979442
-911.362996
-932.835821
-1008.166714
-1104.266404
-1150.380175
-1088.073782
-882.145874
-569.205858
-189.031259
233.032948
670.585750
1089.833850
1443.255421
1717.473951
1873.415939
1864.615601
1681.216559
1386.933258
1083.497606
832.511968
645.592791
506.899465
427.696424
428.400451
503.027316
630.104196
767.741481
892.706280
1003.942551
1071.881160
1093.353985
1107.082512
1173.261053
1328.147001
1518.586314
1638.974937
1576.668544
1286.961419
796.958603
221.064489
-295.339341
-715.995494
-1096.170093
-1511.898057
-1984.652211
-2405.660377
-2615.460434
-2535.905379
-2218.037173
-1817.797803
-1486.201070
-1271.472825
-1133.131512
-993.382146
-794.142495
-575.894114
-443.185018
-446.001126
-498.451141
-437.200789
-177.414813
269.642354
777.245846
1187.341594
1419.318502
1481.272881
1450.647705
1371.796677
1208.462405
889.890172
394.255139
-213.320191
-793.086455
-1202.126162
-1386.229231
-1380.597015
-1285.905379
-1179.597297
-1106.378485
-1065.544917
-1002.534497
-914.531118
-834.976063
-819.839482
-876.161645
-911.010983
-844.832442
-637.848493
-312.235990
84.131231
490.354830
855.040834
1156.716418
1375.316812
1508.729935
1542.875246
1461.208110
1247.887919
932.483807
620.951845
409.039707
314.348071
315.052098
386.862856
512.883695
668.473669
826.175725
983.173754
1117.994931
1206.702337
1234.159392
1211.982540
1223.246973
1351.731907
1629.822585
1992.748522
2242.678119
2195.156294
1794.212898
1106.026471
319.980287
-393.903126
-998.310335
-1558.011828
-2178.611659
-2863.277950
-3416.291186
-3591.593917
-3295.198536
-2624.260772
-1860.039426
-1259.152351
-882.849901
-645.240777
-405.519572
-120.740636
123.204731
188.679245
48.577865
-167.206421
-246.409462
-34.849338
437.904816
1005.702619
1456.279921
1663.263869
1631.582653
1446.775556
1177.133202
803.294847
250.633624
-507.603492
-1361.236271
-2092.016333
-2509.856378
-2535.201352
-2223.669389
-1724.866235
-1161.996621
-618.839763
-164.390313
168.966488
379.822585
452.337370
375.246409
133.765137
-204.519854
-477.330329
-555.477330
-408.335680
-116.164461
213.320191
522.388060
800.126725
1033.511687
1188.045621
1214.446635
1096.874120
868.417347
575.190087
281.258800
74.274852
21.120811
142.917488
368.910166
605.815263
822.655590
1003.942551
1141.579837
1209.518446
1184.877499
1082.793579
956.420727
876.161645
929.315686
1213.038581
1746.691073
2440.157702
3057.237398
3274.781752
2908.335680
2007.181076
789.214306
-459.377640
-1591.101098
-2629.892988
-3620.811039
-4545.902563
-5190.087299
-5248.873557
-4575.471698
-3311.391157
-1851.591101
-610.039426
234.793016
732.892143
1034.215714
1230.639257
1250.000000
976.837511
432.272599
-191.847367
-599.127006
-558.645452
-61.602366
675.161926
1323.218812
1650.943396
1618.558153
1329.203041
883.201915
298.859476
-479.442411
-1450.999718
-2478.879189
-3278.301887
-3558.504647
-3207.899183
-2323.641228
-1132.075472
115.812447
1223.598986
2069.839482
2555.618136
2645.733596
2340.185863
1685.440721
772.317657
-254.857787
-1157.420445
-1701.281329
-1783.300479
-1486.905097
-1002.886511
-474.866235
50.689946
533.652492
895.170375
1047.944241
951.492537
663.897494
296.747395
-47.873838
-264.362152
-272.810476
-79.555055
263.658124
660.377358
1013.094903
1271.472825
1397.493664
1360.532244
1159.532526
853.280766
570.965925
417.488032
454.801464
749.436778
1336.243312
2188.468037
3157.561250
3942.903407
4187.552802
3663.756688
2398.268093
700.154886
-1040.903971
-2550.689946
-3725.359054
-4586.384117
-5147.493664
-5289.355111
-4823.993241
-3675.373134
-2021.965643
-295.339341
1022.247254
1656.575613
1648.479302
1269.008730
789.566319
284.074908
-294.283300
-930.371726
-1443.959448
-1560.827936
-1132.427485
-231.624894
856.800901
1729.442411
2075.823712
1824.134047
1120.811039
217.896367
-733.596170
-1697.761194
-2626.724866
-3371.233455
-3671.500986
-3275.485779
-2183.891861
-637.496480
1022.247254
2454.942270
3436.355956
3854.548015
3691.565756
3006.899465
1911.433399
537.876654
-918.051253
-2184.947902
-3009.363560
-3217.755562
-2817.516193
-2003.660941
-1048.296255
-166.502394
534.004506
991.270065
1199.662067
1153.548296
880.385807
464.305829
35.905379
-252.745705
-277.738665
-27.457054
391.087018
839.200225
1195.437905
1389.749366
1408.054069
1255.632216
936.003943
493.522951
32.385244
-281.962827
-307.659814
11.968460
640.312588
1499.225570
2497.183892
3528.231484
4432.554210
4928.541256
4696.212335
3579.273444
1703.393410
-510.771614
-2519.712757
-3955.927908
-4729.653619
-4971.838919
-4864.826809
-4476.907913
-3716.558716
-2522.176852
-1060.264714
280.202760
1054.280484
1069.065052
500.211208
-238.313151
-765.629400
-949.732470
-888.834131
-720.219656
-438.256829
55.970149
819.487468
1741.058857
2520.064770
2804.139679
2369.050972
1278.513095
-141.157420
-1506.617854
-2549.281892
-3182.202197
-3414.531118
-3243.804562
-2633.061110
-1563.996057
-127.428893
1442.199380
2805.547733
3649.324134
3809.490284
3334.624050
2426.077161
1269.360743
27.105041
-1173.613067
-2200.788510
-2873.486342
-3087.158547
-2835.820896
-2213.813010
-1403.477894
-630.808223
-70.754717
182.343002
177.414813
49.985919
-65.122501
-95.043650
-30.625176
142.917488
448.817235
879.681780
1364.404393
1759.363560
1936.426359
1832.934385
1452.759786
888.130104
243.945368
-344.973247
-796.254576
-1035.623768
-997.958322
-644.888764
10.912419
898.338496
1896.648831
2872.782315
3721.134892
4361.447480
4709.588848
4606.096874
3861.940299
2402.844269
455.505491
-1514.362152
-3031.540411
-3865.460434
-4083.356801
-3937.271191
-3672.205013
-3380.737820
-2963.249789
-2283.511687
-1367.220501
-470.994086
63.714447
96.803717
-176.358772
-378.766545
-212.616164
294.987328
863.841172
1251.408054
1408.406083
1466.136300
1535.130949
1595.325260
1486.553084
1006.406646
70.402703
-1175.021121
-2370.107012
-3149.816953
-3333.215995
-3029.076317
-2466.558716
-1771.332019
-960.644889
5.632216
1088.073782
2100.112644
2813.996057
3048.437060
2773.514503
2131.441847
1337.651366
561.109547
-156.294002
-840.256266
-1490.777246
-2053.294847
-2446.493945
-2567.234582
-2404.956350
-2077.231766
-1735.778654
-1469.304421
-1217.966770
-855.392847
-305.899747
420.656153
1209.870459
1889.256547
2357.082512
2588.707406
2613.348353
2448.254013
2083.568009
1489.721205
685.370318
-232.328921
-1077.513377
-1622.430301
-1778.020276
-1600.253450
-1211.982540
-679.034075
6.336243
844.832442
1751.267249
2571.458744
3162.137426
3506.758660
3683.117432
3794.353703
3864.756407
3710.574486
3048.437060
1754.787384
21.472825
-1674.528302
-2839.341031
-3338.144185
-3414.531118
-3465.221064
-3732.399324
-4062.235990
-4030.554773
-3330.047874
-2058.575049
-687.130386
302.379611
773.021684
951.140524
1213.742608
1732.610532
2321.529147
2602.083920
2331.737539
1606.589693
787.454238
196.423543
-130.245001
-386.510842
-841.312306
-1614.686004
-2519.008730
-3195.226697
-3364.193185
-3011.827654
-2384.187553
-1735.426640
-1145.451985
-524.500141
233.384962
1151.084202
2081.807941
2773.162489
3040.692763
2848.493382
2321.177133
1644.607153
924.035483
164.038299
-701.562940
-1685.792734
-2686.919178
-3460.644889
-3786.609406
-3589.129823
-2975.218248
-2156.082794
-1273.584906
-378.062518
560.405520
1559.419882
2526.401014
3292.382427
3663.404675
3539.143903
3017.459870
2282.103633
1491.129259
681.146156
-178.822867
-1068.361025
-1853.703182
-2352.506336
-2433.821459
-2076.879752
-1447.479583
-735.356238
-36.961419
641.368629
1339.763447
2056.814982
2719.656435
3237.468319
3567.304985
3751.408054
3920.726556
4119.614193
4189.312870
3787.313433
2650.309772
853.984793
-1179.597297
-2872.782315
-3871.796677
-4275.908195
-4480.076035
-4797.240214
-5136.581245
-5031.681217
-4082.300760
-2335.257674
-321.388341
1299.985919
2175.091524
2413.756688
2425.373134
2554.914109
2777.034638
2761.194030
2197.268375
1101.098282
-145.381583
-1075.401295
-1487.961138
-1550.971557
-1660.799775
-2115.601239
-2846.733315
-3471.909321
-3611.306674
-3176.921994
-2382.427485
-1544.283300
-809.279076
-116.164461
692.762602
1704.449451
2798.507463
3694.381864
4109.053788
3899.253731
3183.962264
2186.707970
1098.634188
-11.968460
-1213.038581
-2537.665446
-3841.171501
-4799.704309
-5066.530555
-4509.645170
-3313.855252
-1840.326669
-412.911856
815.967333
1879.400169
2856.941707
3704.942270
4239.298789
4217.121937
3562.728809
2465.854689
1264.432554
228.456773
-570.613912
-1241.551676
-1918.473669
-2551.393974
-2938.256829
-2856.589693
-2246.550268
-1291.185582
-309.771895
489.650803
1110.602647
1669.248099
2282.103633
2939.664883
3514.502957
3858.068150
3943.255421
3913.334272
3942.551394
4035.482963
3937.975218
3261.405238
1760.771614
-383.342720
-2607.364123
-4242.818924
-4974.655027
-5059.842298
-5014.080541
-5119.684596
-5114.756407
-4458.955224
-2854.125598
-573.078006
1642.143058
3081.174317
3507.462687
3226.907913
2801.323571
2584.131231
2472.542946
2067.023374
1081.737539
-350.957477
-1720.290059
-2517.600676
-2632.005069
-2411.644607
-2366.586877
-2742.185300
-3327.231766
-3657.420445
-3382.145874
-2497.183892
-1295.409744
-134.469164
793.790482
1542.875246
2309.912701
3174.809913
3980.920867
4423.049845
4218.882005
3324.063644
1967.755562
441.424951
-1016.615038
-2295.832160
-3433.187834
-4419.177696
-5102.787947
-5253.097719
-4659.954942
-3340.608279
-1594.973247
160.870177
1577.724585
2572.514785
3295.550549
3870.740636
4268.163897
4317.445790
3836.243312
2844.621233
1580.188679
335.468882
-695.226697
-1479.512813
-2124.401577
-2695.367502
-3130.808223
-3225.499859
-2786.539003
-1810.405520
-539.636722
689.242467
1663.263869
2372.219093
2915.375950
3373.697550
3715.854689
3822.514785
3647.212053
3248.732751
2799.563503
2529.217122
2549.633906
2688.679245
2532.385244
1590.045058
-206.631935
-2300.408336
-3956.631935
-4762.038862
-4947.549986
-5088.707406
-5407.631653
-5569.909885
-4971.134892
-3229.019994
-647.352858
1962.475359
3795.409744
4459.659251
4180.512532
3544.424106
2988.242749
2509.152351
1744.226978
379.118558
-1408.054069
-2985.074627
-3761.264433
-3616.586877
-2988.594762
-2473.598986
-2352.858350
-2498.943959
-2522.880879
-2132.497888
-1338.707406
-371.726274
489.298789
1117.290904
1628.414531
2203.604618
2911.855815
3607.434525
3984.441003
3795.057730
2984.370600
1700.225289
187.623205
-1333.075190
-2743.945368
-3965.784286
-4895.803999
-5391.439031
-5254.505773
-4376.936074
-2841.805125
-961.700929
862.433117
2322.937201
3350.112644
4051.323571
4492.748522
4632.497888
4357.575331
3588.073782
2378.555337
952.548578
-436.144748
-1588.989017
-2453.534216
-3083.638412
-3479.653619
-3574.697268
-3235.004224
-2382.075472
-1122.571107
282.314841
1522.458462
2398.268093
2944.241059
3258.941143
3413.123064
3437.059983
3297.662630
3011.475641
2680.934948
2403.900310
2343.705998
2582.019150
2922.416221
2979.090397
2268.727119
558.997466
-1733.666573
-3880.597015
-5280.202760
-5776.893833
-5789.566319
-5673.049845
-5320.684314
-4399.816953
-2599.619825
-64.418474
2488.383554
4331.526331
5000.000000
4509.997184
3408.546888
2235.637848
1244.719797
353.069558
-728.315967
-2019.853562
-3150.520980
-3716.558716
-3517.319065
-2784.426922
-2090.608279
-1810.053506
-1966.699521
-2264.150943
-2246.902281
-1735.074627
-846.592509
197.127570
1134.891580
1894.888764
2583.075190
3241.340467
3839.059420
4184.032667
3975.288651
3122.711912
1730.850465
12.672487
-1687.904816
-3110.391439
-4127.358491
-4658.546888
-4743.382146
-4390.312588
-3522.247254
-2204.660659
-618.487750
991.974092
2327.865390
3254.716981
3829.555055
4092.861166
4095.325260
3800.337933
3079.062236
1982.188116
668.473669
-693.466629
-1899.112926
-2828.780625
-3447.972402
-3696.141932
-3604.618417
-3170.233737
-2326.457336
-1123.979161
254.505773
1543.227260
2473.246973
2987.186708
3210.011264
3234.652211
3193.114616
3116.727682
2925.584342
2644.325542
2362.010701
2245.142213
2452.830189
2821.388341
3000.211208
2619.684596
1291.537595
-861.377077
-3148.408899
-4839.481836
-5506.899465
-5384.046747
-5065.826528
-4668.051253
-3955.575894
-2659.110110
-633.976345
1665.023937
3511.686849
4390.312588
4069.980287
2932.624613
1680.160518
689.242467
44.001690
-482.610532
-1221.486905
-2096.592509
-2794.987328
-3024.148127
-2666.502394
-2125.809631
-1879.048155
-2014.925373
-2356.378485
-2521.120811
-2193.396226
-1384.117150
-226.344692
1030.695579
2045.902563
2762.602084
3275.485779
3612.362715
3764.080541
3582.089552
2942.480991
1910.025345
545.268938
-973.669389
-2318.713039
-3353.984793
-4051.323571
-4365.319628
-4321.317939
-3887.989299
-3015.347789
-1803.365249
-306.955787
1307.730217
2660.166150
3587.721769
4101.309490
4211.841735
4011.546043
3446.564348
2454.942270
1188.397634
-241.129259
-1649.535342
-2739.721205
-3403.970712
-3626.091242
-3464.869051
-3066.741763
-2385.595607
-1365.460434
-146.437623
1155.308364
2292.312025
3012.179668
3348.704590
3371.585469
3249.436778
3194.874683
3126.936074
2972.754154
2802.379611
2618.276542
2557.730217
2687.975218
2752.745705
2549.985919
1771.684033
146.437623
-1942.410589
-3861.236271
-5093.283582
-5359.053788
-5057.730217
-4643.058293
-4068.572233
-3215.643481
-1879.048155
-40.481554
1729.442411
2943.889045
3345.184455
2852.365531
1930.442129
1011.686849
267.530273
-171.430583
-548.789074
-1126.795269
-1786.820614
-2361.658688
-2588.003379
-2369.402985
-2111.025063
-2041.678400
-2123.345536
-2232.821740
-2026.189806
-1387.989299
-442.833005
724.443819
1800.549141
2523.584906
2975.922275
3156.153196
3142.424669
3032.596452
2662.278231
2035.342157
1183.117432
17.248662
-1248.943959
-2423.965080
-3470.501267
-4163.263869
-4449.802872
-4373.063926
-3783.089271
-2718.600394
-1267.248662
509.011546
2199.380456
3481.765700
4292.452830
4523.021684
4267.459870
3625.035201
2585.187271
1344.339623
47.521825
-1249.647986
-2308.152633
-3042.100817
-3436.355956
-3424.387496
-3135.032385
-2603.139961
-1739.298789
-628.344128
614.263588
1817.797803
2706.631935
3267.389468
3554.280484
3587.017741
3538.791890
3423.683469
3183.962264
2916.431991
2641.861447
2447.197972
2434.877499
2383.835539
2124.049564
1543.931287
368.910166
-1321.810758
-3071.317939
-4410.729372
-4973.246973
-4936.989580
-4776.471417
-4429.034075
-3670.444945
-2407.420445
-638.200507
1181.005351
2556.322163
3246.620670
3101.239088
2396.860039
1606.237680
869.473388
277.738665
-201.351732
-807.871022
-1511.546043
-2171.219375
-2579.555055
-2510.560406
-2246.550268
-2165.939172
-2228.597578
-2290.903971
-2124.049564
-1582.652774
-813.855252
135.525204
1125.035201
1815.333709
2217.685159
2461.278513
2574.274852
2651.365812
2563.362433
2229.653619
1739.298789
953.956632
-106.308082
-1222.190932
-2371.867080
-3397.634469
-4121.022247
-4480.428048
-4209.025627
-3237.468319
-1776.964235
46.817798
1850.887074
3223.035765
4100.957477
4415.305548
4231.202478
3686.989580
2737.609124
1545.339341
349.901436
-808.927063
-1782.596452
-2467.262743
-2891.439031
-3020.627992
-2964.657843
-2760.137989
-2191.988172
-1247.183892
-78.851028
1142.635877
2139.890172
2856.941707
3314.911293
3450.084483
3402.562658
3290.622360
3092.438750
2860.109828
2615.460434
2421.500986
2413.404675
2446.493945
2311.320755
1873.063926
873.697550
-697.338778
-2417.628837
-3780.625176
-4464.235427
-4656.434807
-4777.175444
-4701.844551
-4077.724585
-2819.980287
-1059.208674
758.941143
2139.890172
2821.740355
2709.448043
2083.920023
1430.230921
884.609969
453.041397
96.099690
-363.277950
-959.236835
-1566.812166
-1956.843143
-1957.899183
-1826.950155
-1936.426359
-2214.165024
-2407.772458
-2327.161363
-1892.776683
-1194.733878
-321.036328
579.062236
1237.679527
1666.079977
2008.589130
2282.807660
2480.639257
2548.929879
2438.397634
2116.657280
1477.752746
567.445790
-458.673613
-1618.910166
-2846.381301
-3918.614475
-4537.102225
-4438.890453
-3602.858350
-2175.795551
-383.694734
1305.970149
2504.576176
3162.489440
3420.867361
3416.995213
3147.000845
2566.530555
1763.939735
858.560969
-46.465784
-796.606590
-1340.467474
-1759.363560
-2161.010983
-2539.777527
-2705.223881
-2475.711067
-1789.988736
-706.843143
528.372289
1646.719234
2436.285553
2851.661504
3060.757533
3163.897494
3155.449169
3090.326669
2954.097437
2837.932977
2840.397071
2863.277950
2845.325260
2628.836947
2015.981414
1004.646578
-357.997747
-1832.582371
-2939.312870
-3532.103633
-3845.395663
-4157.279640
-4480.780062
-4349.127006
-3416.995213
-1896.296818
-256.265841
997.958322
1593.917206
1638.270910
1371.444663
1090.889890
968.741200
899.746550
752.956914
418.896086
-185.159110
-841.312306
-1252.112081
-1378.132920
-1412.278231
-1681.216559
-2189.524078
-2581.315123
-2638.693326
-2312.728809
-1665.727964
-913.123064
-232.328921
274.570544
618.135736
1000.774430
1492.185300
1988.172346
2394.747958
2535.553365
2293.720079
1728.386370
956.068713
82.019150
-895.522388
-1978.315967
-2936.144748
-3521.543227
-3573.641228
-2994.226978
-1872.007885
-480.850465
780.765981
1608.349761
2043.086455
2310.616728
2516.544635
2659.110110
2608.068150
2252.182484
1617.502112
811.391157
48.929879
-579.414250
-1153.548296
-1709.729654
-2165.939172
-2402.492256
-2275.415376
-1709.377640
-767.389468
335.820896
1301.393974
1950.858913
2285.271754
2410.236553
2480.639257
2570.754717
2714.376232
2886.158828
2998.803154
3067.797803
3114.263588
3009.715573
2635.877218
1944.522670
972.261335
-79.203041
-1045.128133
-1838.918614
-2550.337933
-3470.501267
-4529.357927
-5184.455083
-4965.502675
-3778.865108
-2128.273726
-687.482399
268.586314
674.105886
721.979724
812.095184
1049.000282
1281.329203
1306.674176
958.180794
398.127288
-127.076880
-494.578992
-567.797803
-522.036046
-767.741481
-1387.285272
-2127.569699
-2576.386933
-2475.711067
-2036.046184
-1518.234300
-1041.255984
-777.597860
-660.025345
-410.447761
101.027879
863.489158
1649.887356
2177.555618
2359.194593
2126.161645
1512.954097
830.047874
242.889327
-385.102788
-1133.131512
-1908.265277
-2434.525486
-2471.134892
-2031.822022
-1270.416784
-384.750774
342.861166
760.701211
1020.839200
1311.250352
1696.705153
2075.471698
2226.485497
2028.301887
1521.754435
851.520698
265.418192
-112.292312
-409.391721
-745.916643
-1070.473106
-1228.879189
-1108.138553
-717.755562
-165.094340
450.929316
960.644889
1226.063081
1327.794987
1431.638975
1668.896086
2083.568009
2553.154041
2959.025627
3285.342157
3395.874402
3199.802872
2736.553084
1958.251197
1026.471417
252.745705
-249.577584
-484.018586
-881.441847
-2041.326387
-3714.446635
-5139.045339
-5600.535061
-4734.933821
-3146.648831
-1673.824275
-675.513940
-338.284990
-319.980287
-71.458744
379.470572
922.627429
1260.912419
1013.094903
462.897775
22.528865
-40.129541
444.593072
903.618699
697.690791
-120.036609
-1232.047311
-2033.230076
-2151.154604
-1875.528020
-1437.975218
-1126.795269
-1213.390594
-1395.381583
-1373.556745
-1005.702619
-185.511124
686.074345
1202.478175
1261.616446
871.233455
506.547451
526.260208
717.051535
817.727401
517.811884
-245.001408
-1055.336525
-1547.803436
-1454.871867
-759.997184
6.336243
428.400451
481.906505
362.573923
427.344410
789.214306
1252.464095
1556.955787
1421.078569
930.019713
513.587722
397.423261
589.974655
795.198536
685.018305
288.651084
-244.649395
-605.463250
-524.500141
-147.141650
326.316531
708.955224
860.673050
1006.758660
1252.112081
1592.509152
2113.489158
2553.506055
2781.610814
2876.654464
2736.201070
2401.788229
1854.759223
1002.182484
224.936638
-216.488313
-397.423261
-569.557871
-1422.134610
-2989.298789
-4420.937764
-5023.584906
-4383.272318
-2885.454801
-1489.369192
-582.230358
-335.820896
-620.951845
-752.252887
-515.347789
20.416784
706.491129
951.492537
683.962264
348.493382
240.425232
662.841453
1196.493945
1005.702619
145.381583
-941.284145
-1721.346100
-1761.123627
-1344.339623
-827.583779
-449.873275
-628.344128
-1170.444945
-1552.379611
-1597.437342
-1138.763729
-413.615883
131.653055
389.678964
218.952408
-148.901718
-151.013799
146.437623
440.016897
469.234019
36.257392
-506.547451
-773.021684
-618.135736
39.425514
757.533089
1009.574768
814.911293
388.622923
131.301042
305.195720
718.811602
1143.691918
1280.977190
1000.422416
655.801183
520.980006
643.480710
848.352577
768.445508
385.454801
-100.323852
-450.929316
-333.708814
152.773867
671.289778
1029.991552
1097.578147
1145.099972
1416.854407
1789.636722
2278.231484
2727.752746
2930.864545
2980.498451
2697.831597
1992.044495
1073.289214
17.952689
-667.769642
-657.913264
-432.272599
-525.556181
-1525.274571
-3305.054914
-4645.522388
-4830.329485
-3812.306393
-2091.312306
-800.126725
-301.675584
-370.318220
-801.886792
-893.762320
-441.424951
184.455083
788.158265
844.832442
366.446072
135.173191
362.221909
929.315686
1297.169811
693.818643
-484.018586
-1472.824556
-1890.664602
-1461.912137
-657.561250
-124.612785
-21.120811
-507.251478
-1207.758378
-1515.066179
-1401.365812
-884.257956
-258.025908
-30.273162
-120.388623
-354.125598
-526.612222
-313.644044
4.576176
89.059420
-75.682906
-552.661222
-948.324416
-830.399887
-306.603774
434.384680
970.149254
991.622078
765.981414
537.524641
497.043086
791.326387
1165.516756
1363.700366
1288.369473
943.748240
628.696142
567.445790
676.569980
788.862292
663.193467
289.003098
-78.499014
-235.497043
-80.963109
281.610814
647.704872
879.681780
973.317375
1124.683188
1483.384962
1993.804562
2559.490284
3003.027316
3236.764292
3273.725711
2940.720924
2211.348916
1172.557026
-14.432554
-786.046184
-876.865672
-682.906224
-971.205294
-2403.196283
-4347.718952
-5475.570262
-5233.736975
-3795.761757
-2037.454238
-895.522388
-458.321600
-596.310898
-934.243875
-785.694171
-192.199380
531.540411
1100.042242
984.933821
530.484371
448.113208
810.335117
1419.670515
1460.856097
472.754154
-711.067305
-1484.088989
-1583.004787
-945.156294
-260.842016
60.546325
-112.996339
-883.553928
-1536.539003
-1616.798085
-1326.034920
-681.498170
-139.045339
-27.809068
-88.355393
-344.621233
-548.437060
-435.088707
-418.896086
-549.845114
-765.981414
-1146.156012
-1210.574486
-830.399887
-266.474233
406.223599
759.293157
683.610251
642.424669
708.603210
981.061673
1497.465503
1791.748803
1774.500141
1510.842016
998.310335
624.119966
488.242749
437.904816
512.179668
503.379330
331.244720
239.369192
195.015489
224.232611
342.861166
356.589693
387.566883
638.552520
1115.178823
1780.836384
2423.965080
2816.108139
3051.957195
3224.091805
3271.261616
3074.486060
2464.798648
1453.815827
449.873275
-106.660096
-152.421853
-188.327232
-1112.362715
-3123.415939
-5209.448043
-6203.534216
-5620.247818
-3877.076880
-2107.856942
-1091.241904
-933.539848
-1415.446353
-1829.062236
-1543.931287
-612.151507
576.950155
1340.467474
1277.105041
984.581808
1065.192903
1519.290341
1956.843143
1650.943396
594.902844
-411.503802
-947.620389
-815.615320
-177.414813
246.761476
132.005069
-563.221628
-1603.773585
-2189.524078
-2053.646860
-1444.663475
-578.006195
-19.008730
37.665446
-142.213461
-545.972965
-894.466348
-918.755280
-822.655590
-656.505210
-543.508871
-634.328358
-619.895804
-433.328640
-246.761476
-52.802028
40.129541
104.196001
374.190369
770.557589
1236.975500
1705.857505
1912.137426
1781.892425
1391.861447
847.296536
452.689383
419.248099
618.135736
844.832442
894.818361
680.090115
334.060828
27.105041
-162.278231
-132.005069
76.034920
277.738665
590.326669
1079.977471
1591.101098
2156.434807
2668.966488
3070.613912
3545.480146
3752.112081
3430.371726
2784.426922
1784.356519
867.713320
600.183047
598.774993
350.957477
-818.431428
-3133.976345
-5216.488313
-6007.462687
-5494.578992
-3959.800056
-2583.779217
-2131.793861
-2247.958322
-2762.602084
-3041.044776
-2410.940580
-1300.337933
-3.872149
1033.159673
1192.269783
1156.012391
1492.537313
1969.867643
2393.339904
2108.912982
1145.099972
464.657843
222.824556
404.463531
878.625739
853.280766
209.448043
-816.671360
-1982.892143
-2479.935230
-2152.562658
-1454.519854
-609.687412
-213.672205
-434.736694
-829.343847
-1342.579555
-1660.447761
-1503.449732
-1190.861729
-792.382427
-467.825965
-411.503802
-272.458462
-79.907068
-53.858068
-59.138271
-126.724866
-86.243312
318.220220
877.217685
1481.976908
1999.084765
2115.601239
1914.953534
1553.435652
1158.476485
972.613348
993.382146
1091.945931
1146.860039
958.532808
557.589411
97.859758
-325.260490
-543.156857
-496.691073
-289.003098
41.537595
454.801464
883.905942
1304.914109
1680.864545
2071.247536
2641.509434
3322.655590
3802.098001
3815.474514
3215.643481
2231.061673
1504.153760
1395.029569
1579.836666
1168.684877
-562.869614
-3004.083357
-4732.117713
-5039.073500
-4167.488032
-3094.550831
-2801.323571
-3311.039144
-4146.367221
-4734.581808
-4483.244157
-3361.729090
-1777.668262
-341.453112
278.442692
218.600394
336.524923
1046.888201
1993.100535
2456.702337
2147.634469
1676.288369
1595.677274
1893.128696
2267.671079
2282.455646
1689.312870
593.142777
-632.216277
-1457.335962
-1627.710504
-1347.155731
-964.869051
-830.047874
-1061.320755
-1496.057449
-1944.522670
-2293.720079
-2408.124472
-2181.779780
-1673.472261
-1100.746269
-726.907913
-616.727682
-611.447480
-569.909885
-458.321600
-236.905097
84.835258
484.722613
926.851591
1302.802028
1572.796395
1753.379330
1847.718952
1858.983385
1830.118277
1785.412560
1801.253168
1892.776683
1906.857223
1667.136018
1150.732188
475.922275
-140.453393
-506.547451
-598.774993
-481.906505
-275.978598
-111.236271
-13.024500
75.330893
237.609124
617.783723
1304.210082
2167.699240
2973.458181
3465.925092
3467.333146
3001.971276
2341.241904
2001.900873
2223.669389
2530.273162
2006.477049
200.647705
-2053.646860
-3447.620389
-3482.469727
-2658.406083
-2111.377077
-2550.689946
-3691.213743
-4900.732188
-5523.092087
-5189.383272
-4112.925936
-2764.362152
-1822.725993
-1661.855815
-1704.097437
-1171.852999
21.472825
1272.176852
1839.622642
1723.810194
1602.013517
1913.193467
2660.166150
3387.074064
3459.588848
2750.985638
1569.628274
479.794424
11.616446
57.730217
237.609124
149.253731
-450.929316
-1254.224162
-1842.438750
-2136.722050
-2245.142213
-2345.466066
-2416.572796
-2308.152633
-2143.058293
-1965.643481
-1744.578992
-1571.036328
-1456.983948
-1286.961419
-920.515348
-300.971557
399.887356
979.301605
1332.019150
1426.358772
1466.840327
1660.799775
2007.181076
2378.203323
2584.835258
2630.949028
2618.628555
2466.910729
2170.867361
1806.885384
1339.763447
850.464658
405.519572
59.490284
-86.947339
-234.441003
-460.433681
-566.389749
-612.855534
-548.437060
-249.929597
202.759786
860.673050
1557.307801
2013.869333
2280.695579
2218.389186
1973.035765
2115.953253
2604.196001
3030.132357
2680.582934
1046.184173
-882.849901
-1879.400169
-1688.608843
-746.972684
-327.372571
-1139.819769
-2600.323852
-4142.143058
-5097.155731
-4983.455365
-4181.216559
-3129.752182
-2527.105041
-2898.127288
-3412.067023
-3159.321318
-2094.832442
-710.011264
124.964799
267.178260
430.160518
958.884821
1887.496480
2878.062518
3235.708251
2896.367221
2210.292875
1577.724585
1506.265841
1853.703182
2104.688820
1950.858913
1127.499296
-18.304703
-791.326387
-1078.921431
-1082.793579
-1192.621797
-1682.976626
-2242.678119
-2616.516474
-2725.992678
-2496.479865
-2265.206984
-2276.471417
-2314.136863
-2201.140524
-1758.659533
-966.981132
-165.798367
353.421571
492.466911
416.431991
611.095466
1222.190932
1993.452549
2643.973529
2920.656153
2871.374261
2714.024219
2563.362433
2546.817798
2541.537595
2264.502957
1829.062236
1361.940299
955.012672
723.739792
454.097437
101.379893
-221.416502
-620.247818
-752.604900
-422.768234
29.217122
627.288088
1048.648268
932.483807
743.804562
624.471980
813.151225
1677.344410
2504.576176
2690.087299
1853.703182
6.688257
-1319.698676
-1191.917770
-198.887637
829.695860
758.941143
-570.261898
-2153.970712
-3460.292875
-3896.085610
-3295.550549
-2527.105041
-2087.792171
-2364.474796
-3344.128415
-3920.374542
-3533.159673
-2521.472825
-1447.127570
-1079.977471
-1163.052661
-825.119685
-112.996339
833.568009
1713.953816
1905.097156
1629.822585
1319.698676
1247.535905
1785.764573
2429.597297
2629.188961
2413.052661
1614.333990
698.394818
374.542382
443.185018
576.246128
367.854126
-456.561532
-1340.467474
-1968.811602
-2297.592228
-2149.394537
-1951.210926
-2014.573360
-2137.778091
-2315.896930
-2298.648268
-1873.767953
-1328.851028
-790.622360
-431.920586
-329.836666
-44.705717
506.195438
1052.872430
1562.588003
1906.857223
2077.583779
2253.590538
2397.564066
2557.378203
2735.497043
2676.006759
2435.581526
2166.291186
1853.351169
1621.022247
1440.791326
1151.788229
792.734441
436.848775
218.600394
269.642354
529.076317
821.247536
853.632779
514.291749
46.817798
-209.800056
103.843988
901.858631
1612.925936
1623.134328
469.938046
-1258.096311
-2158.898902
-1682.976626
-322.092368
821.599549
696.634751
-513.939735
-1994.860603
-3086.454520
-3133.624331
-2280.695579
-1331.315123
-892.706280
-1457.687975
-2662.278231
-3312.799211
-2940.368910
-1935.018305
-1065.544917
-928.259645
-1114.474796
-1019.431146
-606.519290
124.612785
790.974373
911.010983
702.266967
495.987046
603.703182
1208.814418
1818.501830
2057.871022
1846.310898
1145.099972
597.718952
651.929034
945.508308
1152.492256
877.921712
58.434244
-740.284427
-1314.770487
-1489.721205
-1217.966770
-1093.001971
-1288.369473
-1622.078288
-2015.277387
-2050.830752
-1638.974937
-1143.691918
-717.755562
-570.613912
-587.510560
-355.533652
24.288933
423.472261
850.816671
1132.427485
1344.339623
1600.957477
1848.070966
2120.529428
2271.895241
2199.380456
2054.702901
1872.711912
1748.803154
1782.596452
1779.428330
1615.390031
1303.858068
988.101943
925.795551
1085.609687
1330.963109
1468.952408
1228.175162
767.741481
373.134328
180.934948
461.489721
1060.616728
1467.192340
1202.126162
-145.381583
-1817.797803
-2440.157702
-1817.797803
-557.237398
321.036328
-82.019150
-1322.514785
-2616.164461
-3434.947902
-3180.442129
-2196.564348
-1265.488595
-826.175725
-1434.455083
-2640.805407
-3142.072656
-2640.805407
-1561.179949
-664.953534
-584.694452
-806.462968
-790.974373
-541.396790
71.106730
639.256547
717.051535
613.911574
566.037736
759.997184
1311.954379
1794.916925
1960.363278
1744.226978
1119.050972
693.114616
827.935793
1151.084202
1293.649676
913.475077
42.945649
-830.751901
-1419.318502
-1479.864827
-1109.546607
-909.602929
-1123.979161
-1631.934666
-2193.748240
-2347.578147
-1933.962264
-1258.800338
-675.161926
-467.825965
-521.684033
-480.850465
-266.474233
130.597015
704.027035
1214.798648
1496.761476
1617.854126
1679.808505
1810.053506
1970.571670
2034.638130
2010.701211
1925.865953
1834.694452
1805.477330
1767.811884
1609.405801
1356.660096
1150.732188
1148.972121
1326.738947
1529.498733
1565.052098
1263.376514
798.366657
489.650803
435.792734
702.618981
1135.947620
1334.483244
982.821740
-177.414813
-1657.631653
-2269.079133
-1704.449451
-576.246128
254.153760
-81.315123
-1351.379893
-2639.045339
-3407.842861
-3163.545480
-2105.040834
-1174.317094
-811.743171
-1334.835258
-2535.905379
-3201.914954
-2867.502112
-1942.410589
-993.734159
-738.524359
-998.310335
-1076.809349
-928.611659
-497.395100
107.716136
377.710504
425.232329
530.132357
762.813292
1264.080541
1736.130667
1858.279358
1679.808505
1258.800338
968.389186
1200.366094
1680.864545
1932.202197
1578.780625
645.240777
-257.673895
-728.315967
-676.569980
-320.332301
-297.803436
-809.983103
-1605.181639
-2363.418755
-2558.082230
-2107.856942
-1462.264151
-934.947902
-862.785131
-1167.628837
-1265.488595
-1036.327795
-526.612222
255.561814
850.112644
1031.751619
1035.975781
1004.646578
1218.670797
1632.990707
1842.790763
1929.034075
1995.564630
1960.011264
1993.100535
2004.012954
1836.454520
1724.162208
1656.575613
1653.055477
1817.445790
1902.633061
1894.536750
1819.909885
1476.696705
1144.043931
989.157984
875.457618
1035.271754
1265.488595
1127.499296
434.032667
-916.995213
-2034.990144
-1954.027035
-1154.956350
-312.235990
-106.660096
-1050.408336
-2371.515066
-3339.904252
-3604.970431
-2771.402422
-1571.036328
-953.956632
-1129.611377
-2264.150943
-3444.452267
-3424.739510
-2515.136581
-1391.157420
-663.545480
-805.054914
-1205.646297
-1338.355393
-1152.140242
-452.337370
259.433962
491.762884
599.831034
703.675021
882.849901
1289.777527
1603.773585
1680.512532
1569.628274
1349.971839
1467.192340
1938.186426
2207.124754
2030.413968
1361.236271
432.976626
-177.766826
-254.857787
24.288933
198.535624
-196.071529
-1019.431146
-1881.512250
-2450.718108
-2347.930161
-1687.200789
-1072.937201
-893.058293
-1192.621797
-1662.207829
-1799.845114
-1423.894678
-632.216277
229.160800
617.431709
512.179668
338.989017
365.038017
696.282737
1203.886229
1637.214869
1930.794142
2006.829062
1902.633061
1835.046466
1788.580681
1791.396790
1945.930724
2056.462968
2114.193185
2144.114334
2093.776401
2098.704590
2012.461279
1773.444100
1642.847085
1401.365812
1104.970431
1163.756688
1289.073500
1191.917770
588.566601
-719.867643
-1688.960856
-1611.165869
-989.509997
-258.377922
-289.355111
-1441.847367
-2679.526894
-3497.606308
-3595.818079
-2635.525204
-1584.412841
-1201.422135
-1571.740355
-2849.197409
-3892.213461
-3627.499296
-2615.812447
-1447.479583
-815.615320
-1173.613067
-1653.407491
-1751.267249
-1455.223881
-557.589411
284.074908
605.111236
734.652211
691.354548
756.477049
1182.061391
1590.397071
1890.312588
1996.620670
1860.039426
1943.114616
2200.436497
2257.462687
2048.014644
1499.225570
936.355956
676.217967
555.477330
566.037736
452.689383
-139.045339
-886.018023
-1537.947057
-1913.897494
-1688.256829
-1240.143622
-1075.401295
-1276.401014
-1838.214587
-2201.844551
-1933.962264
-1392.917488
-776.893833
-303.435652
-350.253450
-582.582371
-584.694452
-290.059138
371.022247
1023.303295
1368.628555
1591.453112
1603.421571
1486.201070
1577.724585
1756.195438
1945.226697
2148.690510
2220.149254
2303.224444
2420.796959
2427.485215
2473.246973
2445.789918
2237.397916
2113.489158
1945.578710
1703.745424
1694.241059
1694.241059
1495.705435
883.905942
-349.549423
-1312.658406
-1320.754717
-831.807941
-283.018868
-394.607153
-1498.521543
-2661.926218
-3370.529428
-3484.581808
-2737.257111
-1906.857223
-1686.848775
-2073.359617
-3238.524359
-4259.715573
-4034.778936
-3083.990425
-2025.133765
-1400.309772
-1698.113208
-2145.522388
-2161.362996
-1782.596452
-816.319347
145.733596
499.155168
554.069276
470.994086
527.668262
1039.143903
1609.053788
2023.725711
2277.175444
2251.478457
2243.382146
2365.882850
2446.141932
2471.134892
2208.180794
1666.784005
1258.448324
1060.968741
1045.480146
1000.774430
534.004506
-179.174880
-865.249226
-1375.668826
-1391.157420
-1118.346945
-1048.296255
-1241.551676
-1711.841735
-2205.364686
-2244.438186
-1898.760912
-1404.533934
-968.389186
-930.371726
-1125.739228
-1140.523796
-936.355956
-424.176288
285.130949
771.965643
990.566038
1028.935511
948.324416
1045.832160
1362.644326
1738.594762
2143.762320
2367.994931
2376.443255
2392.283864
2401.788229
2475.359054
2668.614475
2742.889327
2691.495353
2525.344973
2185.299916
2020.909603
2067.375387
2001.196846
1706.561532
801.886792
-393.903126
-840.256266
-534.708533
16.896649
218.952408
-627.992115
-1983.596170
-2957.265559
-3407.138834
-3004.435370
-2107.504928
-1746.339059
-2069.135455
-3104.055196
-4450.154886
-4807.800620
-4013.306111
-2855.885666
-1950.858913
-1989.932413
-2654.533934
-2963.953816
-2755.913827
-1943.818643
-774.429738
-108.420163
-4.576176
-56.674176
-55.970149
398.479302
1189.805689
1860.743453
2320.473106
2421.852999
2345.818079
2502.464095
2726.344692
2816.812166
2755.913827
2489.791608
2240.214024
2098.000563
1937.482399
1743.522951
1343.635596
743.804562
247.817516
-120.388623
-371.726274
-453.745424
-624.823993
-1022.599268
-1517.530273
-1963.179386
-2084.624050
-1884.680372
-1696.705153
-1610.813855
-1641.439031
-1820.261898
-1872.007885
-1612.221909
-1153.900310
-640.664602
-250.633624
-38.017460
92.931569
202.759786
394.959166
748.732751
1225.711067
1703.041397
1982.188116
2065.967333
2070.543509
2105.744861
2373.979161
2785.482963
3007.603492
3045.268938
2905.519572
2609.124190
2502.464095
2589.763447
2610.532244
2425.021121
1640.382991
553.717263
72.866798
197.127570
563.221628
709.659251
-29.569135
-1307.378203
-2332.793579
-2858.349761
-2619.332582
-1946.986764
-1734.370600
-2152.210645
-3208.603210
-4538.510279
-4967.966770
-4307.941425
-3314.911293
-2626.372853
-2763.658124
-3426.851591
-3791.537595
-3584.553647
-2736.553084
-1572.796395
-880.033793
-729.372008
-771.965643
-757.885103
-287.595044
574.486060
1387.989299
1950.154886
2138.130104
2210.996902
2468.318783
2673.190651
2815.052098
3011.123627
3023.444100
2885.806815
2789.003098
2650.309772
2524.288933
2272.247254
1776.260208
1341.523515
960.644889
576.246128
416.079977
193.255421
-345.677274
-877.921712
-1349.619825
-1659.743734
-1636.510842
-1550.619544
-1531.258800
-1673.472261
-2075.471698
-2276.471417
-2091.664320
-1802.309209
-1364.756407
-902.914672
-704.027035
-691.706562
-710.715291
-548.789074
-97.507744
448.113208
970.853281
1333.427204
1398.549704
1435.511124
1670.304140
2092.016333
2565.474514
2821.036328
2854.477612
2794.283300
2685.511124
2746.057449
2919.248099
2897.423261
2631.653055
2011.405238
1253.520135
950.788510
1129.963391
1417.206421
1318.642636
471.346100
-679.386088
-1480.920867
-1788.580681
-1571.740355
-1220.782878
-1357.364123
-2083.215995
-3232.892143
-4266.051816
-4459.659251
-3905.589975
-3246.972684
-3041.044776
-3517.671079
-4140.735004
-4315.685722
-3972.120529
-3151.929034
-2273.655308
-1868.839763
-1833.990425
-1883.272318
-1707.617573
-1051.464376
-174.950718
627.992115
1188.045621
1382.005069
1514.714165
1809.349479
2164.179104
2616.516474
3024.500141
3143.480710
3086.454520
3001.267249
2997.747113
3039.636722
2905.519572
2666.150380
2394.395945
2011.053224
1670.656153
1411.926218
1079.977471
688.890453
235.497043
-213.320191
-518.515911
-745.564630
-875.105604
-1015.558997
-1413.334272
-1841.382709
-2024.077725
-2019.853562
-1862.503520
-1616.798085
-1418.262461
-1325.330893
-1364.052380
-1369.684596
-1157.068431
-776.893833
-334.060828
112.996339
447.409181
561.461560
672.345818
1034.215714
1448.183610
1788.932695
2130.385807
2307.096593
2426.429175
2609.124190
2642.565475
2664.742326
2561.954379
2094.128415
1768.867925
1747.043086
1829.414250
2097.648550
1988.172346
1183.821459
327.372571
-343.213179
-612.503520
-330.540693
-212.264151
-524.852154
-1184.877499
-2370.107012
-3348.352577
-3503.942551
-3214.235427
-2799.211490
-2799.211490
-3472.613348
-4109.053788
-4343.142777
-4113.277950
-3388.482118
-2773.866516
-2593.987609
-2657.350042
-2841.805125
-2696.775556
-2021.613630
-1203.886229
-459.729654
-23.232892
76.738947
242.185300
556.181357
1029.287525
1716.769924
2230.005632
2406.364404
2419.740918
2373.627147
2520.768798
2825.260490
3004.435370
3087.862574
2991.058857
2679.878907
2455.294283
2312.728809
2107.504928
1883.624331
1569.628274
1183.469445
834.624050
497.747113
233.736975
1.408054
-382.638693
-777.597860
-1065.192903
-1304.914109
-1403.829907
-1358.420163
-1316.530555
-1340.819487
-1438.327232
-1498.169530
-1385.525204
-1215.150662
-984.229794
-616.727682
-335.116868
-170.374542
30.273162
197.479583
365.038017
639.256547
955.716700
1352.435934
1731.906505
1869.191777
1936.778372
1878.344128
1489.369192
1259.856378
1443.607435
1836.806533
2303.224444
2317.304985
1688.256829
926.147564
304.139679
105.956069
461.137708
751.196846
641.720642
142.213461
-918.403267
-1989.932413
-2372.923120
-2192.340186
-1761.123627
-1665.023937
-2293.016052
-3130.456210
-3728.527175
-3877.780907
-3367.713320
-2702.407772
-2447.901999
-2563.714447
-2932.976626
-3168.825683
-2869.614193
-2222.965362
-1481.272881
-914.531118
-750.140805
-705.787102
-553.013236
-312.588003
174.246691
805.054914
1248.943959
1495.705435
1579.836666
1630.526612
1833.286398
2085.328077
2339.833850
2614.756407
2712.968178
2667.206421
2623.908758
2490.847649
2320.825120
2182.131794
2025.485779
1891.016615
1716.769924
1437.623205
1123.275134
750.492819
352.365531
85.539285
-120.036609
-328.780625
-514.643762
-720.219656
-924.739510
-1072.233174
-1165.164742
-1156.716418
-1088.777809
-1025.415376
-941.636159
-902.210645
-860.321036
-713.179386
-489.298789
-250.985638
-91.875528
-14.432554
134.117150
376.654464
719.163616
1097.578147
1299.633906
1315.826528
1120.107012
805.406928
824.767671
1285.553365
1862.151507
2155.026753
1823.078006
1112.362715
573.430020
338.989017
499.859195
943.044213
1098.986201
767.741481
-14.784568
-1049.352295
-1626.654464
-1514.010138
-1134.891580
-911.362996
-1273.936919
-2124.049564
-2858.349761
-3218.811602
-3091.734723
-2561.954379
-2203.956632
-2288.439876
-2626.372853
-2962.897775
-2938.608843
-2519.712757
-1973.387778
-1474.936638
-1237.679527
-1236.271473
-1196.493945
-1001.478457
-604.055196
-92.579555
316.460152
612.855534
808.927063
956.420727
1181.005351
1443.255421
1721.698113
2025.485779
2213.813010
2314.488876
2434.173472
2466.910729
2428.189242
2363.066742
2209.588848
2084.976063
2009.293157
1878.344128
1711.137708
1444.311462
1081.033512
779.005914
507.603492
275.978598
165.446353
30.977190
-229.512813
-514.995776
-760.701211
-876.865672
-874.753591
-858.912982
-813.503239
-826.879752
-932.483807
-952.548578
-914.179104
-857.856942
-636.792453
-366.798085
-192.551394
-84.483244
-52.450014
95.747677
435.792734
724.443819
1008.518727
1167.276823
925.443537
724.795832
900.450577
1276.049000
1731.202478
1852.999155
1473.176570
1000.070403
579.414250
407.631653
693.466629
999.366376
1008.870741
693.114616
-109.124190
-945.860321
-1204.238243
-1058.152633
-817.375387
-861.729090
-1432.343002
-2095.184455
-2586.947339
-2843.213179
-2627.428893
-2269.783160
-2184.595888
-2323.993241
-2624.964799
-2833.708814
-2697.479583
-2364.474796
-1938.538440
-1553.787665
-1459.800056
-1470.008448
-1367.924528
-1121.867080
-641.016615
-149.605745
154.885948
401.647423
599.831034
796.254576
1115.178823
1400.661785
1653.407491
1882.920304
1962.123346
2065.967333
2255.350605
2369.402985
2379.963391
2225.429456
1970.219656
1887.496480
1921.289778
1922.697832
1855.463250
1562.588003
1128.203323
767.037454
519.571952
437.200789
412.911856
234.441003
-91.875528
-475.570262
-799.774711
-891.650239
-795.550549
-701.914954
-722.683751
-910.658969
-1167.276823
-1312.306393
-1210.926500
-904.674740
-555.125317
-285.482963
-227.048719
-343.917206
-396.015207
-220.008448
259.433962
892.706280
1324.274852
1467.544354
1288.017460
838.144185
645.944804
997.958322
1656.223599
2230.005632
2229.301605
1635.454801
968.037173
516.403830
473.458181
873.697550
1239.439594
1233.807378
742.396508
-260.842016
-1165.516756
-1416.502394
-1159.180513
-794.142495
-849.760631
-1464.376232
-2217.333146
-2836.172909
-3099.127006
-2868.206139
-2492.959730
-2323.289214
-2462.686567
-2835.468882
-3080.470290
-2980.146438
-2605.252042
-2084.272036
-1693.537032
-1542.523233
-1445.719516
-1316.530555
-1038.087863
-560.405520
-88.707406
291.467192
576.950155
775.133765
1056.392565
1376.020839
1625.950436
1856.519290
2000.140805
2050.126725
2152.562658
2281.751619
2376.443255
2414.108702
2300.056322
2135.666010
2034.286117
1926.569980
1830.118277
1716.417910
1482.680935
1158.476485
774.429738
430.160518
258.025908
171.782596
49.281892
-184.455083
-530.132357
-838.848212
-1013.094903
-1078.569417
-1079.625458
-1121.163053
-1222.190932
-1286.961419
-1308.082230
-1243.663757
-1053.928471
-863.841172
-709.307237
-518.867925
-311.883976
-61.250352
227.752746
499.507181
793.790482
1103.914390
1342.579555
1575.260490
1710.785694
1569.980287
1421.782596
1506.969868
1810.757533
2184.243875
2259.574768
1922.697832
1465.432273
1056.744579
839.552239
896.226415
989.509997
949.380456
660.025345
-72.866798
-946.916362
-1437.271191
-1475.992678
-1307.026190
-1350.323852
-1795.620952
-2389.467756
-2933.680653
-3279.709941
-3245.564630
-3012.883695
-2836.524923
-2817.516193
-2971.698113
-3080.470290
-2966.417910
-2662.630245
-2227.893551
-1826.950155
-1546.043368
-1270.768798
-1025.415376
-766.333427
-353.773585
113.348353
535.060546
864.545199
1077.161363
1324.978879
1605.885666
1784.004506
1969.163616
2144.466348
2232.469727
2350.394255
2462.334554
2498.239932
2492.959730
2358.490566
2145.522388
1954.027035
1736.482681
1579.132639
1480.920867
1285.553365
1014.150943
682.554210
284.074908
-47.521825
-297.803436
-466.417910
-562.869614
-733.596170
-999.366376
-1292.241622
-1576.668544
-1693.889045
-1609.053788
-1465.080259
-1366.516474
-1367.572515
-1383.413123
-1302.802028
-1114.474796
-784.638130
-363.629963
16.896649
297.099409
438.608843
530.484371
732.892143
1059.912701
1488.313151
1956.139116
2295.480146
2426.781188
2263.798930
1879.048155
1724.514221
1989.228386
2475.007040
2817.164179
2620.740636
1988.876373
1304.914109
757.181076
526.612222
635.032385
770.205576
687.130386
130.245001
-927.203605
-1891.016615
-2324.345255
-2297.944241
-2099.760631
-2166.291186
-2609.124190
-3169.881723
-3694.029851
-3930.230921
-3726.767108
-3340.256266
-3006.547451
-2848.141369
-2922.416221
-2972.402140
-2788.299071
-2401.084202
-1844.902844
-1299.633906
-896.578429
-572.021966
-327.020558
-72.514785
320.332301
717.403548
1064.488876
1381.301042
1648.479302
1932.202197
2177.555618
2307.096593
2393.691918
2411.644607
2386.651647
2443.325824
2516.544635
2513.024500
2422.205013
2166.643199
1801.253168
1481.272881
1244.015770
1113.418755
985.637848
707.547170
328.428612
-77.442974
-474.866235
-752.252887
-905.378767
-1029.991552
-1190.157702
-1424.246691
-1671.712194
-1842.086736
-1905.449169
-1839.270628
-1687.904816
-1542.875246
-1423.542664
-1323.570825
-1189.805689
-967.685159
-687.482399
-349.197409
22.528865
356.589693
676.217967
975.077443
1204.942270
1411.926218
1629.118558
1865.319628
2180.371726
2533.793298
2857.645734
3061.813574
2899.535342
2395.803999
2007.533089
2023.725711
2396.156012
2734.793016
2608.068150
2033.582090
1236.623486
423.120248
-116.868488
-246.057449
-127.076880
-71.810758
-481.202478
-1460.856097
-2549.281892
-3196.282737
-3226.555900
-2896.367221
-2702.759786
-2860.461842
-3261.405238
-3744.015770
-4011.546043
-3848.211771
-3371.937482
-2864.333990
-2546.465784
-2442.621797
-2379.259364
-2187.059983
-1829.414250
-1349.267812
-883.905942
-512.179668
-150.309772
223.176570
579.062236
914.883132
1225.007040
1498.873557
1745.635032
1951.914954
2166.643199
2391.579837
2544.001690
2556.674176
2417.276823
2218.037173
2099.408617
2114.897212
2161.362996
2074.063644
1789.636722
1372.148691
925.795551
561.109547
304.139679
126.724866
-24.992960
-256.617854
-618.839763
-1019.783160
-1360.180231
-1578.428612
-1629.118558
-1573.500422
-1511.898057
-1519.642354
-1632.286680
-1727.682343
-1717.825965
-1596.381301
-1327.794987
-985.989862
-700.858913
-499.859195
-348.141369
-172.838637
95.395663
429.808505
824.063644
1233.455365
1562.235990
1831.526331
2036.750211
2139.186145
2247.606308
2407.420445
2598.211771
2824.908476
3022.036046
3178.682061
3171.993805
2727.048719
2030.061954
1592.157139
1578.076598
1852.999155
1953.323008
1534.426922
771.261616
-98.915798
-862.081104
-1257.744297
-1276.753027
-1066.952971
-925.795551
-1357.716136
-2321.529147
-3185.018305
-3518.023092
-3308.575049
-2936.144748
-2781.962827
-2830.188679
-3019.219938
-3302.238806
-3393.762320
-3155.449169
-2716.136300
-2249.366376
-1964.939454
-1836.102506
-1622.782315
-1292.945649
-912.067023
-558.645452
-276.682625
54.210082
454.449451
809.279076
1143.339904
1478.456773
1706.209518
1774.148127
1737.538721
1763.939735
1970.571670
2210.996902
2287.383836
2125.457618
1786.116587
1439.031259
1227.823148
1139.115742
1084.201633
964.869051
710.363278
320.332301
-114.756407
-421.360180
-538.580681
-573.078006
-665.305548
-874.049564
-1151.084202
-1384.469164
-1495.705435
-1462.264151
-1350.323852
-1283.441284
-1291.537595
-1317.234582
-1271.824838
-1077.161363
-780.061954
-515.699803
-348.141369
-241.833286
-100.323852
170.726556
533.300479
890.242185
1194.029851
1391.157420
1521.402422
1694.593072
1936.426359
2226.133484
2491.903689
2600.323852
2538.721487
2407.772458
2269.431146
2217.685159
2285.623768
2415.868769
2492.959730
2260.278795
1597.789355
851.872712
475.922275
589.622642
896.930442
913.475077
497.395100
-105.956069
-716.699521
-1241.551676
-1529.146719
-1506.969868
-1263.728527
-1161.292594
-1577.372571
-2312.376795
-2832.652774
-2932.976626
-2767.178260
-2606.308082
-2595.747677
-2600.323852
-2577.090960
-2591.523515
-2509.152351
-2270.487187
-1945.930724
-1654.815545
-1499.577584
-1347.507744
-965.221064
-474.162208
-114.756407
74.626866
163.686286
294.283300
500.915235
714.235427
983.173754
1267.600676
1412.982259
1374.964799
1176.429175
982.469727
988.101943
1110.602647
1166.220783
1102.858350
908.194875
675.865953
449.521262
224.584624
103.491974
70.402703
-22.176852
-168.262461
-332.652774
-499.507181
-620.247818
-752.604900
-897.986483
-965.925092
-954.660659
-881.793861
-798.366657
-795.550549
-789.918333
-734.652211
-681.146156
-565.685722
-321.036328
5.984230
279.498733
390.735004
426.640383
532.596452
742.396508
1021.543227
1282.385244
1438.679245
1498.521543
1496.057449
1477.752746
1501.689665
1597.437342
1750.563222
1838.566601
1778.372289
1653.759504
1572.444382
1540.411152
1535.482963
1518.234300
1465.432273
1404.533934
1383.061110
1404.885948
1308.434244
946.916362
449.873275
123.204731
99.267812
230.216840
247.817516
34.497325
-317.516193
-737.468319
-1161.996621
-1493.945368
-1579.484652
-1352.435934
-1091.593917
-1203.534216
-1666.079977
-2090.608279
-2197.620389
-2061.743171
-1956.491129
-1931.498170
-1845.958885
-1734.018586
-1676.288369
-1647.071248
-1551.323571
-1325.330893
-1097.578147
-1049.000282
-1060.968741
-915.235145
-586.806533
-234.793016
-70.754717
-79.555055
-89.411433
-53.858068
24.992960
186.919178
425.232329
662.489440
724.795832
538.932695
299.915517
207.687975
288.299071
413.967896
417.136018
294.635314
148.549704
4.928189
-77.442974
-76.034920
-45.057730
-38.017460
-139.749366
-323.500422
-420.304140
-368.206139
-246.057449
-145.029569
-130.597015
-172.838637
-204.519854
-217.896367
-175.302732
-32.033230
157.702056
321.740355
398.831315
394.959166
401.999437
445.297099
531.188398
664.953534
806.110955
933.187834
1015.911011
1032.103633
1050.056322
1082.793579
1108.138553
1156.716418
1207.406364
1247.535905
1278.161081
1254.576176
1189.101662
1126.091242
1067.304985
1043.368065
1056.392565
1027.527457
963.108983
890.946212
793.438468
719.163616
710.011264
768.093495
917.347226
979.301605
726.907913
260.490003
-124.964799
-155.237961
114.404393
300.267530
222.120529
-8.800338
-308.011828
-651.225007
-976.837511
-1136.299634
-1004.646578
-745.916643
-749.436778
-1091.593917
-1497.465503
-1676.640383
-1605.533652
-1583.708814
-1750.915235
-1895.240777
-1857.223317
-1707.617573
-1577.020558
-1496.057449
-1388.341312
-1284.497325
-1326.386933
-1469.656435
-1460.152070
-1176.781188
-757.885103
-474.162208
-472.402140
-577.654182
-572.725993
-451.281329
-278.090679
-92.579555
108.772177
281.962827
312.588003
214.376232
172.134610
275.978598
415.375950
436.144748
313.644044
201.351732
187.623205
231.624894
281.962827
323.148409
303.787665
200.999718
51.745987
-45.057730
3.168122
130.597015
227.400732
246.409462
183.047029
132.005069
165.446353
248.169530
343.917206
446.353140
521.332019
547.733033
543.860884
569.909885
651.225007
740.636440
764.925373
747.324697
770.205576
821.951563
867.361307
883.201915
852.224725
810.335117
826.527739
875.105604
907.842861
905.378767
870.529428
815.967333
730.428048
644.536750
653.689102
735.004224
752.252887
690.298507
597.014925
517.107857
497.043086
525.204168
569.557871
621.303858
619.543790
576.950155
615.671642
696.634751
664.249507
470.642073
172.838637
-21.824838
12.672487
98.211771
86.947339
3.872149
-113.700366
-284.426922
-581.526331
-958.884821
-1156.716418
-1081.033512
-994.086173
-1105.674458
-1365.812447
-1577.020558
-1615.038017
-1632.638693
-1779.780344
-1932.202197
-1948.394818
-1833.990425
-1686.144748
-1596.733315
-1499.929597
-1341.171501
-1255.632216
-1301.745987
-1346.099690
-1226.415094
-904.674740
-589.974655
-452.689383
-417.488032
-365.390031
-288.299071
-220.712475
-134.117150
39.777527
267.530273
379.118558
294.283300
210.152070
296.395382
478.738384
582.582371
525.204168
408.687694
373.486342
396.015207
392.847085
393.199099
444.945086
504.435370
477.330329
337.932977
228.104759
279.498733
405.519572
459.729654
446.705153
418.192059
418.544072
433.328640
417.488032
404.815545
449.169248
526.260208
597.366939
633.976345
617.079696
607.575331
610.743453
560.053506
497.043086
497.043086
538.932695
588.566601
588.918614
537.876654
506.195438
503.731343
502.323289
513.939735
511.123627
473.106167
449.169248
424.176288
416.431991
457.265559
509.715573
509.011546
455.857505
383.694734
357.293720
390.382991
421.008167
459.025627
516.755843
536.820614
514.291749
474.162208
437.200789
485.778654
650.168966
756.477049
623.415939
279.850746
-55.618136
-136.581245
-11.264433
72.514785
32.737257
-81.667136
-253.097719
-463.601802
-751.548859
-1035.271754
-1098.634188
-1021.191214
-1051.464376
-1283.089271
-1572.444382
-1657.279640
-1548.859476
-1535.130949
-1698.465221
-1853.703182
-1890.312588
-1791.044776
-1648.127288
-1524.570544
-1335.539285
-1133.483526
-1065.192903
-1094.058012
-1087.369755
-908.194875
-578.006195
-342.157139
-267.530273
-198.183610
-48.929879
136.933258
265.066179
322.444382
410.799775
525.556181
541.396790
473.458181
451.281329
556.181357
708.603210
727.259927
589.270628
460.081667
441.776964
488.594762
482.962546
394.959166
331.244720
320.332301
274.922557
187.623205
150.661785
224.232611
323.852436
328.780625
265.418192
231.624894
248.873557
289.707125
290.059138
272.106449
312.588003
389.326950
453.041397
453.041397
415.023937
407.631653
427.344410
415.727964
393.199099
420.304140
481.906505
527.316249
517.811884
467.121937
430.512532
439.664883
466.769924
497.747113
502.675303
493.170938
489.298789
460.081667
427.696424
447.409181
495.635032
517.107857
494.226978
430.160518
377.710504
358.349761
352.365531
366.798085
387.918896
378.414531
359.053788
334.764855
305.547733
300.267530
291.467192
277.386652
296.043368
342.157139
321.036328
165.094340
-92.227542
-305.899747
-359.053788
-342.157139
-372.782315
-433.328640
-480.146438
-519.571952
-627.288088
-857.856942
-1038.791890
-1030.695579
-941.284145
-954.660659
-1126.091242
-1296.113771
-1276.753027
-1157.068431
-1156.716418
-1269.360743
-1341.875528
-1261.616446
-1092.649958
-1004.998592
-977.541538
-863.841172
-683.610251
-543.508871
-526.612222
-563.925655
-489.650803
-298.155449
-156.998029
-110.532244
-69.698676
28.513095
163.686286
224.232611
177.062799
142.917488
183.751056
224.936638
233.032948
218.248381
222.472543
266.826246
275.978598
224.232611
191.495353
216.840327
266.122219
288.299071
252.041678
231.624894
267.882287
287.595044
279.850746
284.426922
332.652774
399.183329
426.288369
397.071248
397.071248
440.368910
485.074627
508.307519
504.435370
524.852154
584.342439
598.070966
536.116587
465.713883
437.200789
460.081667
476.978316
446.001126
381.934666
320.332301
258.729935
238.313151
265.418192
311.531963
343.213179
306.955787
212.264151
114.756407
62.658406
71.810758
140.805407
213.320191
255.913827
259.785976
202.055759
134.117150
117.220501
151.717826
219.656435
292.523233
317.164179
301.675584
285.834976
292.171219
324.908476
350.957477
359.405801
361.165869
357.645734
320.684314
262.602084
225.288651
244.297381
293.579273
272.458462
120.036609
-109.124190
-289.003098
-363.629963
-368.206139
-360.109828
-360.813855
-389.678964
-490.354830
-660.025345
-836.032104
-927.203605
-920.163334
-892.002253
-924.387496
-1005.702619
-1072.233174
-1079.977471
-1063.784849
-1081.737539
-1112.714728
-1091.593917
-1011.334835
-926.499578
-846.944523
-742.396508
-599.127006
-477.682343
-441.072937
-422.768234
-324.908476
-144.677556
-1.056041
12.672487
-26.049000
-3.168122
103.139961
224.936638
293.579273
317.164179
336.876936
331.244720
281.962827
225.640665
234.088989
313.996057
351.661504
287.947057
178.470853
121.092650
136.229231
179.526894
198.183610
184.103070
144.325542
104.548015
94.691636
95.747677
107.364123
134.469164
166.854407
167.206421
159.462123
176.710786
212.968178
241.481273
245.001408
246.057449
269.290341
304.139679
328.428612
343.917206
357.293720
384.750774
415.727964
416.431991
388.974937
383.342720
419.600113
473.106167
476.274289
435.440721
406.223599
396.367221
390.382991
379.822585
359.405801
339.693044
314.348071
272.106449
226.344692
206.983948
222.824556
238.665165
206.279921
125.316812
57.378203
39.073500
47.169811
46.113771
23.232892
-13.376514
-32.737257
-48.577865
-61.602366
-52.450014
-38.369473
-34.849338
-59.138271
-87.651366
-76.034920
-20.416784
65.474514
169.670515
244.649395
250.633624
187.271191
74.626866
-2.112081
10.560406
68.642636
107.364123
90.467474
33.089271
-18.656716
-58.082230
-100.323852
-140.805407
-183.047029
-244.297381
-350.253450
-489.298789
-592.790763
-606.871304
-591.382709
-618.839763
-715.643481
-837.088144
-900.802591
-890.242185
-848.704590
-823.007603
-808.927063
-795.902563
-788.862292
-788.510279
-756.125035
-682.202197
-615.671642
-584.694452
-595.958885
-586.102506
-499.859195
-357.293720
-226.344692
-156.294002
-135.877218
-107.716136
-48.929879
19.360743
108.068150
204.519854
279.850746
317.164179
321.388341
313.996057
343.213179
400.943396
467.121937
518.163897
531.892425
523.796114
524.148127
505.843424
469.234019
441.424951
443.185018
463.601802
469.938046
459.025627
423.472261
388.622923
362.925936
313.996057
247.465503
192.199380
151.365812
118.628555
67.234582
4.224162
-12.672487
0.000000
-22.176852
-83.075190
-160.870177
-192.551394
-160.870177
-104.548015
-60.898338
-26.049000
-1.760068
28.513095
81.667136
126.724866
182.695015
256.969868
309.067868
343.213179
389.326950
458.321600
551.957195
622.711912
646.296818
658.617291
653.689102
641.368629
650.872994
668.121656
701.210926
733.596170
720.571670
681.146156
645.592791
606.167277
577.302168
526.612222
440.368910
363.277950
288.299071
197.479583
108.420163
28.865108
-30.977190
-59.842298
-127.780907
-249.929597
-395.663193
-557.589411
-681.498170
-748.028724
-802.238806
-843.072374
-870.529428
-911.010983
-946.916362
-978.949592
-1009.574768
-995.494227
-960.644889
-935.651929
-902.914672
-899.042523
-905.026753
-876.513658
-824.063644
-751.900873
-663.545480
-600.887074
-540.692763
-473.458181
-410.095748
-316.108139
-204.871867
-108.068150
-39.073500
-1.760068
15.840608
48.577865
88.355393
141.861447
196.775556
219.656435
218.248381
188.679245
133.413123
86.947339
66.178541
60.194311
41.889609
-8.800338
-68.642636
-135.525204
-184.455083
-219.656435
-250.281611
-270.698395
-285.834976
-275.626584
-230.216840
-172.134610
-121.796677
-71.810758
-20.416784
36.961419
91.523515
141.861447
204.519854
300.971557
397.775275
456.913545
498.099127
535.412560
594.550831
659.321318
685.018305
702.618981
738.172346
792.734441
846.944523
844.480428
806.110955
773.021684
739.228386
707.899183
712.475359
725.147846
710.363278
671.641791
592.790763
490.002816
400.943396
333.356801
288.299071
258.025908
203.463813
143.973529
101.379893
39.777527
-16.192622
-54.562095
-91.875528
-130.245001
-159.462123
-168.966488
-148.901718
-135.525204
-146.789637
-162.982259
-190.439313
-193.607435
-175.654745
-175.654745
-182.343002
-156.646015
-110.532244
-67.938609
-58.082230
-93.635596
-116.164461
-114.756407
-116.516474
-111.236271
-97.859758
-80.611095
-53.506055
-54.562095
-92.931569
-122.500704
-139.045339
-142.917488
-160.166150
-217.896367
-286.186990
-336.172909
-394.607153
-461.841735
-514.643762
-550.549141
-559.701493
-580.822304
-621.303858
-667.417629
-708.955224
-740.284427
-743.804562
-736.764292
-730.428048
-711.771332
-706.491129
-705.083075
-671.289778
-608.631371
-538.228668
-473.106167
-436.848775
-403.759504
-350.957477
-287.595044
-204.167840
-104.900028
-10.208392
76.034920
145.733596
189.031259
243.945368
313.292030
378.062518
438.608843
486.130667
513.939735
548.085046
588.918614
596.310898
576.598141
551.253168
550.197128
558.293438
544.564911
514.995776
486.834694
465.361870
434.736694
397.423261
360.109828
334.060828
334.412841
323.148409
273.866516
202.759786
141.509434
116.516474
97.155731
66.178541
41.185582
35.201352
30.273162
26.401014
16.896649
-13.024500
-38.369473
-46.817798
-55.266122
-39.073500
5.632216
55.970149
107.716136
136.581245
154.181921
190.439313
217.192340
221.416502
243.945368
266.474233
271.402422
272.458462
274.922557
312.940017
371.022247
387.566883
352.717544
291.467192
233.736975
212.968178
183.399043
119.684596
70.050690
33.793298
-4.576176
-41.537595
-77.794987
-99.971839
-119.332582
-199.591664
-314.348071
-396.367221
-436.496761
-438.608843
-435.088707
-444.241059
-443.889045
-464.305829
-524.148127
-573.078006
-570.965925
-533.652492
-489.650803
-473.106167
-449.521262
-382.638693
-309.419882
-262.602084
-233.032948
-201.703745
-139.749366
-65.122501
-34.145311
-11.264433
45.057730
116.516474
172.486623
200.295691
218.248381
266.474233
298.859476
287.595044
267.882287
254.857787
250.985638
251.689665
219.656435
149.605745
110.180231
91.875528
59.490284
5.632216
-55.266122
-79.907068
-86.243312
-140.453393
-224.584624
-283.018868
-318.572233
-351.309490
-391.087018
-410.095748
-392.143058
-356.589693
-348.493382
-367.150099
-375.598423
-358.349761
-320.684314
-291.819206
-273.866516
-202.759786
-94.339623
-14.432554
31.329203
68.642636
100.675866
146.437623
205.927908
245.353422
287.947057
339.693044
382.990707
411.855815
406.575613
392.847085
417.488032
442.128978
417.136018
373.486342
352.717544
361.517882
405.519572
421.712194
377.358491
320.332301
257.673895
193.959448
146.085610
112.292312
101.027879
100.675866
67.586595
18.304703
-20.416784
-64.066460
-91.171501
-105.956069
-103.139961
-93.283582
-106.308082
-134.821177
-135.173191
-109.828217
-90.115460
-88.707406
-111.940299
-121.092650
-99.267812
-75.682906
-58.082230
-36.609406
-5.984230
30.273162
51.041960
57.730217
88.707406
134.469164
161.222191
171.078569
151.013799
140.805407
146.085610
142.213461
135.877218
140.453393
143.269502
142.213461
128.484934
102.435934
84.131231
61.954379
17.600676
-32.385244
-66.178541
-77.794987
-95.747677
-146.789637
-194.663475
-209.800056
-203.463813
-209.800056
-230.920867
-255.561814
-268.586314
-285.482963
-300.619544
-289.355111
-270.346381
-252.393692
-256.969868
-275.274571
-279.498733
-260.490003
-229.512813
-189.735286
-156.998029
-134.821177
-114.756407
-126.724866
-135.173191
-106.660096
-73.922839
-40.833568
-16.896649
-13.728527
-13.024500
-23.584906
-30.625176
-7.040270
11.968460
16.896649
27.809068
4.576176
-26.049000
-26.401014
-27.809068
-22.880879
7.040270
29.569135
34.145311
26.753027
9.856378
10.912419
13.024500
5.984230
13.024500
34.145311
59.138271
73.922839
73.218812
47.873838
26.049000
35.201352
55.618136
71.810758
85.539285
119.332582
142.565475
133.765137
142.917488
190.791326
231.976908
245.353422
234.441003
216.840327
239.369192
283.722895
298.859476
285.482963
264.010138
253.449732
250.985638
234.441003
211.208110
225.640665
252.745705
218.952408
143.269502
86.595325
68.642636
85.187271
106.660096
89.411433
51.745987
30.273162
10.560406
-36.257392
-97.859758
-129.892988
-117.924528
-95.043650
-108.420163
-140.453393
-168.614475
-205.223881
-247.465503
-260.490003
-231.272881
-172.838637
-122.148691
-124.260772
-158.758096
-175.654745
-153.477894
-113.700366
-111.940299
-122.148691
-78.851028
-4.224162
27.809068
27.105041
27.105041
30.625176
35.201352
11.616446
-20.416784
-6.688257
32.737257
55.618136
16.896649
-68.642636
-108.420163
-93.283582
-73.570825
-81.667136
-107.012109
-110.884258
-109.476204
-140.805407
-185.511124
-210.856097
-208.392002
-196.775556
-207.687975
-234.793016
-230.920867
-206.279921
-200.999718
-207.687975
-204.871867
-171.430583
-139.397353
-135.877218
-132.709096
-86.947339
-19.360743
41.889609
84.483244
110.180231
135.173191
162.982259
199.591664
253.097719
325.964517
386.862856
403.407491
393.199099
363.629963
330.188679
333.708814
362.925936
386.158828
400.943396
381.934666
319.628274
256.265841
218.248381
193.607435
179.878907
170.374542
153.477894
130.949028
79.907068
-6.688257
-85.891298
-140.453393
-155.941988
-132.357083
-114.052380
-134.821177
-205.575894
-284.426922
-323.852436
-318.924247
-290.763165
-264.714165
-257.321881
-248.169530
-229.864827
-216.488313
-219.656435
-196.071529
-122.852718
-61.602366
-53.154041
-67.586595
-51.393974
-0.352014
47.169811
48.225852
39.777527
58.434244
84.483244
111.940299
128.836947
115.812447
114.756407
123.556745
88.003379
54.914109
64.418474
77.794987
77.090960
60.898338
50.689946
55.618136
42.945649
5.280203
-31.329203
-42.593636
-45.057730
-71.106730
-138.341312
-189.735286
-189.383272
-148.901718
-121.444663
-145.733596
-162.278231
-168.262461
-180.582934
-161.926218
-117.220501
-93.987609
-71.106730
-49.985919
-72.162771
-101.379893
-82.371163
-13.376514
71.810758
109.124190
98.915798
89.411433
87.299352
103.843988
145.381583
159.110110
135.525204
135.877218
185.159110
224.232611
249.929597
297.803436
317.516193
273.514503
221.768516
212.968178
225.288651
243.241340
240.425232
205.575894
141.157420
64.066460
29.569135
37.665446
40.833568
42.593636
44.353703
-10.208392
-92.227542
-128.484934
-125.316812
-127.428893
-139.397353
-133.061110
-109.476204
-108.420163
-126.372853
-116.164461
-109.124190
-145.733596
-180.934948
-177.414813
-164.390313
-136.581245
-89.059420
-78.499014
-108.420163
-139.397353
-155.589975
-156.294002
-148.549704
-123.556745
-59.138271
-16.192622
-36.961419
-48.929879
-30.625176
-43.297663
-61.250352
-42.241622
-27.105041
-19.712757
-14.432554
-20.064770
-36.609406
-55.266122
-66.178541
-71.458744
-84.483244
-101.731907
-102.787947
-81.667136
-63.362433
-44.705717
-2.816108
8.800338
-33.441284
-61.602366
-54.562095
-35.905379
-13.728527
26.049000
73.922839
104.196001
92.931569
65.474514
64.770487
80.611095
98.211771
117.924528
109.476204
93.635596
115.108420
153.125880
156.294002
138.341312
129.540974
131.653055
140.805407
146.789637
160.166150
180.582934
203.111799
198.887637
174.246691
118.980569
72.162771
62.306393
49.985919
31.681217
26.049000
32.033230
43.297663
37.313433
10.560406
12.672487
38.017460
32.033230
-3.872149
-25.696987
-28.161081
-23.584906
-19.712757
-15.488595
15.136581
48.929879
28.161081
-26.753027
-54.210082
-53.154041
-3.872149
42.593636
13.728527
-35.905379
-37.665446
-40.129541
-60.194311
-50.337933
-26.401014
13.024500
47.521825
35.553365
12.672487
10.208392
-6.336243
-21.472825
-38.369473
-83.427204
-102.435934
-72.514785
-67.938609
-91.523515
-94.339623
-111.588285
-169.318502
-206.631935
-211.208110
-206.279921
-186.215151
-188.327232
-218.600394
-220.712475
-219.656435
-246.409462
-249.225570
-220.360462
-182.695015
-132.709096
-117.220501
-165.798367
-187.623205
-143.269502
-83.427204
-49.633906
-47.521825
-50.337933
-29.569135
23.584906
64.770487
85.891298
124.260772
177.414813
196.071529
192.199380
205.575894
220.360462
247.113489
257.321881
218.248381
189.735286
224.584624
273.514503
293.227260
276.682625
230.920867
190.439313
153.477894
108.068150
92.579555
131.653055
146.085610
102.083920
57.026190
41.185582
46.113771
58.434244
32.033230
-45.409744
-66.882568
-25.696987
1.760068
-14.080541
-52.098001
-74.626866
-73.218812
-96.099690
-115.812447
-72.162771
-19.712757
11.968460
0.000000
-63.362433
-96.803717
-61.250352
-14.432554
21.120811
22.176852
15.136581
48.225852
71.810758
51.745987
49.985919
55.618136
23.584906
-1.760068
12.672487
46.113771
86.243312
87.651366
16.896649
-52.802028
-66.178541
-47.521825
-35.201352
-22.528865
-25.344973
-39.073500
-52.802028
-99.971839
-138.341312
-113.700366
-88.707406
-109.476204
-137.989299
-162.630245
-145.733596
-88.707406
-63.010420
-94.339623
-146.085610
-181.638975
-191.495353
-168.966488
-123.556745
-97.507744
-100.675866
-102.083920
-107.012109
-127.780907
-124.964799
-115.812447
-121.092650
-103.843988
-86.243312
-71.106730
-34.145311
-8.096311
4.224162
2.816108
-28.161081
-48.225852
-14.080541
46.817798
96.451704
117.924528
116.868488
115.108420
130.949028
155.941988
145.733596
119.684596
128.132920
152.773867
183.399043
210.152070
217.192340
209.448043
178.118840
140.453393
149.957758
176.006759
193.959448
195.015489
140.101380
68.290622
32.737257
26.049000
44.353703
74.978879
74.978879
64.066460
39.425514
-0.352014
-25.344973
-19.360743
-6.336243
-25.696987
-65.826528
-88.707406
-70.754717
-25.344973
13.728527
14.432554
23.232892
65.826528
70.402703
29.569135
-16.544635
-61.954379
-39.777527
27.457054
40.481554
61.954379
101.027879
88.003379
47.169811
-1.760068
-40.481554
1.760068
56.674176
47.169811
26.753027
-6.336243
-54.914109
-77.090960
-92.931569
-135.525204
-154.181921
-126.020839
-88.355393
-75.682906
-90.819487
-110.532244
-129.892988
-176.710786
-231.624894
-258.025908
-231.624894
-164.742326
-109.124190
-109.124190
-150.309772
-170.726556
-142.917488
-130.245001
-148.549704
-118.980569
-41.185582
-6.336243
-54.210082
-93.635596
-64.066460
7.392284
33.441284
15.136581
16.544635
52.802028
97.155731
83.779217
27.809068
17.952689
70.402703
83.075190
44.705717
44.001690
108.420163
181.990988
164.038299
56.674176
-12.672487
1.760068
15.488595
4.576176
-1.408054
31.329203
89.059420
82.371163
18.304703
-2.816108
34.145311
52.450014
34.497325
19.712757
13.024500
49.633906
107.012109
95.043650
45.057730
65.474514
111.940299
112.996339
112.996339
143.973529
178.470853
190.439313
140.101380
70.402703
81.315123
103.491974
109.828217
145.029569
146.437623
105.956069
121.092650
132.005069
65.122501
29.921149
45.057730
28.161081
1.056041
-1.760068
-13.728527
-31.329203
-53.858068
-76.738947
-85.891298
-103.139961
-127.076880
-126.372853
-120.740636
-156.646015
-194.663475
-189.383272
-175.302732
-188.679245
-177.766826
-154.885948
-164.390313
-165.446353
-144.325542
-135.525204
-122.852718
-97.155731
-96.451704
-99.619825
-78.851028
-49.985919
-17.952689
-5.984230
-5.632216
25.344973
59.138271
52.802028
34.145311
52.098001
89.763447
95.043650
90.115460
96.803717
84.483244
75.682906
57.378203
27.457054
42.241622
79.203041
71.106730
40.129541
22.528865
3.168122
0.352014
-7.744297
-41.537595
-55.266122
-54.210082
-80.611095
-119.684596
-128.836947
-126.724866
-130.597015
-123.908758
-132.357083
-144.677556
-123.908758
-115.460434
-130.245001
-106.660096
-82.019150
-76.034920
-33.793298
7.040270
3.168122
5.632216
30.625176
59.138271
107.012109
140.453393
162.630245
184.103070
181.990988
196.071529
239.721205
253.097719
236.553084
229.512813
218.248381
212.968178
235.849057
267.530273
279.850746
248.873557
196.423543
156.646015
117.572515
95.395663
108.420163
88.355393
30.625176
1.408054
-14.784568
-69.346663
-130.245001
-139.045339
-129.540974
-165.798367
-229.512813
-248.521543
-228.104759
-230.216840
-255.561814
-272.810476
-264.010138
-236.905097
-195.367502
-178.822867
-210.504083
-206.631935
-141.157420
-103.491974
-89.411433
-29.217122
22.176852
2.816108
-20.416784
11.616446
63.362433
98.211771
118.980569
142.565475
151.013799
142.917488
164.390313
186.215151
167.910448
172.134610
182.695015
141.509434
118.628555
122.148691
104.548015
89.059420
76.738947
63.714447
38.369473
-7.744297
-34.145311
-35.201352
-96.451704
-166.854407
-150.309772
-136.581245
-147.493664
-146.437623
-173.190651
-219.656435
-208.392002
-163.334272
-150.309772
-174.598705
-184.103070
-159.462123
-125.668826
-93.987609
-58.786257
-24.288933
-20.416784
-15.136581
15.840608
34.145311
41.889609
107.364123
159.462123
118.628555
107.364123
164.390313
179.878907
179.878907
197.479583
182.695015
178.118840
181.286961
156.998029
150.661785
167.558434
170.022529
149.957758
85.187271
42.945649
85.891298
98.563785
23.936919
-54.914109
-83.779217
-90.467474
-101.379893
-101.379893
-119.684596
-148.901718
-129.892988
-117.924528
-172.134610
-196.423543
-159.110110
-142.213461
-146.085610
-132.709096
-114.052380
-80.963109
-36.609406
-26.753027
-27.105041
-28.513095
-16.544635
32.033230
43.649676
35.201352
96.451704
150.309772
115.460434
89.763447
120.388623
158.758096
158.406083
128.132920
102.435934
115.812447
153.477894
168.966488
132.709096
75.682906
82.371163
93.283582
30.273162
-35.553365
-37.665446
-25.696987
-34.849338
-63.010420
-90.819487
-133.765137
-175.302732
-189.031259
-205.223881
-207.687975
-196.423543
-191.143340
-169.318502
-142.213461
-148.549704
-145.733596
-151.365812
-163.686286
-108.068150
-61.954379
-64.770487
-21.120811
16.544635
0.704027
40.481554
97.155731
101.731907
105.956069
108.772177
100.675866
137.285272
176.358772
178.822867
212.264151
259.081949
249.577584
187.975218
113.700366
80.259082
133.061110
189.383272
161.222191
114.756407
96.451704
64.770487
3.168122
-55.266122
-101.379893
-103.491974
-80.611095
-104.196001
-142.565475
-162.982259
-171.430583
-176.710786
-189.383272
-199.239651
-186.567164
-170.726556
-166.150380
-143.269502
-124.260772
-99.619825
-62.306393
-67.938609
-65.122501
-14.432554
27.105041
46.465784
62.306393
54.210082
67.234582
107.364123
115.108420
132.005069
172.838637
189.383272
211.560124
212.968178
156.646015
136.933258
171.782596
187.623205
148.901718
115.108420
98.211771
80.611095
72.866798
41.889609
-2.464095
-31.681217
-48.225852
-68.994649
-84.835258
-116.164461
-152.069839
-158.054069
-186.215151
-212.968178
-186.215151
-165.446353
-156.646015
-132.005069
-146.789637
-178.470853
-180.230921
-160.166150
-113.348353
-74.978879
-67.938609
-40.129541
-6.688257
-13.376514
-3.168122
35.553365
56.674176
76.034920
82.723177
90.115460
124.260772
161.222191
178.822867
183.751056
183.399043
185.863137
191.495353
169.318502
126.020839
132.357083
151.013799
114.756407
67.234582
53.858068
41.889609
28.865108
15.840608
-17.952689
-39.073500
-45.409744
-74.274852
-116.164461
-143.269502
-150.309772
-128.132920
-110.884258
-136.933258
-168.262461
-168.614475
-163.686286
-154.885948
-117.924528
-108.772177
-115.812447
-107.716136
-120.388623
-118.628555
-83.075190
-50.689946
-14.432554
29.921149
30.273162
26.401014
52.450014
71.106730
84.131231
99.267812
108.068150
103.139961
107.012109
131.301042
168.966488
167.558434
136.229231
104.196001
70.050690
59.138271
68.290622
61.250352
59.490284
55.618136
22.176852
-0.704027
-27.105041
-53.858068
-49.281892
-58.434244
-89.763447
-76.386933
-47.873838
-87.651366
-132.357083
-129.892988
-115.460434
-118.276542
-114.404393
-95.043650
-56.322163
-19.008730
-49.985919
-106.308082
-90.467474
-28.161081
9.856378
46.113771
55.266122
83.075190
144.325542
137.637285
104.548015
141.509434
178.822867
170.726556
170.726556
161.222191
152.069839
161.926218
152.069839
133.061110
138.693326
155.237961
141.157420
91.875528
45.409744
14.080541
-1.760068
-10.208392
-21.120811
-34.849338
-46.113771
-75.330893
-105.956069
-117.572515
-142.213461
-145.733596
-112.996339
-117.220501
-162.278231
-178.822867
-167.206421
-149.253731
-140.101380
-135.525204
-117.572515
-88.003379
-60.898338
-25.344973
0.704027
17.248662
41.537595
37.665446
18.304703
36.257392
72.866798
93.987609
102.435934
101.731907
103.491974
121.444663
126.724866
101.027879
72.514785
40.481554
19.360743
23.584906
25.696987
1.056041
-7.392284
-14.784568
-61.954379
-107.012109
-122.148691
-121.796677
-101.379893
-99.619825
-148.197691
-177.766826
-161.926218
-158.054069
-185.863137
-198.183610
-182.343002
-153.125880
-124.964799
-117.572515
-105.604055
-68.642636
-42.593636
-47.169811
-53.154041
-19.360743
23.936919
52.098001
60.898338
68.290622
116.516474
170.726556
181.990988
166.502394
174.598705
191.143340
172.486623
154.533934
161.574204
162.278231
176.710786
202.759786
174.246691
148.901718
163.686286
145.381583
105.252042
75.682906
27.105041
6.336243
23.584906
-4.928189
-18.656716
5.632216
-32.033230
-66.530555
-59.490284
-102.435934
-150.661785
-136.581245
-132.357083
-132.005069
-88.707406
-73.922839
-95.043650
-97.155731
-94.339623
-101.027879
-76.738947
-36.961419
-2.464095
18.656716
11.968460
7.040270
38.369473
60.194311
47.873838
66.178541
108.420163
122.500704
123.204731
111.588285
74.626866
72.866798
95.747677
78.499014
46.113771
78.499014
117.220501
90.115460
41.537595
1.760068
-13.376514
-16.192622
-55.970149
-108.420163
-110.884258
-95.395663
-95.747677
-96.099690
-123.908758
-157.702056
-161.574204
-194.311462
-241.129259
-209.800056
-146.085610
-128.836947
-135.877218
-133.765137
-121.092650
-110.532244
-98.563785
-86.243312
-70.754717
-21.824838
17.952689
14.432554
20.768798
55.266122
89.059420
110.180231
99.267812
95.395663
146.085610
176.006759
171.782596
196.775556
198.887637
160.870177
149.253731
130.949028
104.196001
124.260772
153.829907
149.253731
129.892988
108.772177
73.570825
15.840608
-27.809068
-36.961419
-45.409744
-54.210082
-58.786257
-67.586595
-55.618136
-54.914109
-86.243312
-107.012109
-128.484934
-150.661785
-122.148691
-102.435934
-105.604055
-57.026190
-35.905379
-70.754717
-67.938609
-30.273162
-4.224162
20.064770
33.089271
18.656716
14.080541
38.721487
69.346663
91.523515
121.444663
143.269502
118.628555
79.555055
62.306393
73.570825
117.572515
135.173191
93.987609
68.642636
44.705717
3.168122
7.392284
9.856378
-19.360743
-7.040270
-1.408054
-61.250352
-99.971839
-96.099690
-95.395663
-101.731907
-112.292312
-133.765137
-142.917488
-134.469164
-128.132920
-136.229231
-126.020839
-98.563785
-86.947339
-98.211771
-117.924528
-115.812447
-70.402703
-30.273162
-23.936919
5.632216
20.064770
5.984230
26.401014
41.185582
36.257392
72.162771
112.292312
108.772177
97.155731
101.027879
119.332582
127.780907
108.772177
101.027879
97.155731
79.907068
74.626866
70.754717
45.409744
40.481554
47.521825
40.129541
24.288933
4.928189
-11.616446
-24.992960
-65.122501
-109.476204
-99.267812
-80.611095
-76.738947
-73.218812
-93.283582
-116.868488
-98.211771
-77.442974
-96.803717
-96.099690
-69.346663
-61.602366
-56.322163
-46.113771
-29.921149
4.928189
26.753027
26.401014
41.185582
81.315123
109.476204
120.740636
117.572515
88.707406
82.723177
100.675866
95.043650
102.083920
134.469164
121.444663
90.467474
78.147001
73.570825
80.963109
89.763447
61.602366
31.329203
12.672487
-17.248662
-27.809068
-33.441284
-58.082230
-67.586595
-61.250352
-91.875528
-114.756407
-119.684596
-140.805407
-133.765137
-110.180231
-112.292312
-122.852718
-118.980569
-100.323852
-70.050690
-61.954379
-65.826528
-32.385244
-6.688257
4.576176
23.584906
50.337933
78.851028
99.971839
93.283582
79.555055
88.707406
112.292312
133.061110
142.917488
135.525204
137.989299
140.101380
115.812447
99.971839
114.756407
119.684596
100.323852
80.259082
44.705717
27.105041
27.105041
3.168122
-20.416784
-27.809068
-36.961419
-40.833568
-52.802028
-98.563785
-139.045339
-142.213461
-148.901718
-159.110110
-159.462123
-164.038299
-149.957758
-116.868488
-117.572515
-130.245001
-109.124190
-82.371163
-75.330893
-68.994649
-72.866798
-61.250352
-15.136581
-6.336243
-12.672487
15.136581
51.041960
63.362433
69.346663
48.577865
35.905379
72.162771
80.611095
62.658406
98.211771
130.949028
108.772177
76.034920
58.786257
53.154041
68.642636
70.754717
45.057730
35.553365
28.865108
17.248662
3.872149
-23.936919
-57.378203
-58.786257
-58.786257
-74.626866
-72.514785
-60.194311
-72.514785
-103.139961
-114.404393
-126.372853
-132.709096
-97.155731
-54.210082
-46.817798
-48.225852
-38.721487
-22.880879
-25.344973
-23.232892
-3.168122
13.024500
21.472825
49.985919
79.203041
81.667136
82.019150
87.651366
89.059420
103.139961
108.068150
101.027879
120.740636
143.621515
167.558434
171.078569
129.188961
101.379893
110.884258
78.851028
36.257392
50.337933
61.954379
49.633906
28.161081
4.576176
-12.320473
-21.472825
-39.073500
-66.530555
-94.691636
-107.012109
-112.996339
-137.637285
-140.101380
-96.803717
-61.250352
-73.570825
-95.395663
-92.931569
-88.355393
-93.635596
-96.099690
-77.794987
-55.618136
-35.201352
-4.928189
2.464095
-13.728527
-3.872149
28.865108
37.313433
29.921149
38.369473
53.858068
54.210082
66.178541
76.738947
68.290622
69.698676
75.682906
67.586595
58.786257
51.041960
51.745987
57.026190
19.008730
-26.401014
-17.248662
-21.472825
-52.098001
-34.849338
-20.768798
-45.057730
-57.730217
-78.851028
-103.139961
-91.523515
-83.075190
-89.059420
-83.779217
-78.499014
-56.322163
-23.232892
-27.105041
-41.889609
-33.089271
-29.569135
-33.441284
-10.912419
10.560406
13.728527
26.753027
53.154041
62.306393
60.546325
74.978879
88.707406
88.003379
88.707406
83.427204
84.483244
99.267812
112.292312
116.164461
114.052380
97.507744
69.698676
53.154041
38.369473
34.849338
46.817798
46.113771
23.232892
5.280203
-5.280203
-36.609406
-60.194311
-51.393974
-52.098001
-69.698676
-76.386933
-85.891298
-85.891298
-60.546325
-42.945649
-36.961419
-39.425514
-71.458744
-100.323852
-77.794987
-52.802028
-44.001690
-13.728527
-11.616446
-27.809068
-5.632216
5.984230
-1.056041
22.528865
47.521825
46.817798
52.450014
51.745987
46.465784
48.225852
46.817798
51.041960
60.898338
67.938609
67.938609
74.626866
69.698676
37.665446
7.392284
-5.632216
-20.416784
-27.457054
-26.753027
-27.809068
-32.033230
-39.425514
-53.154041
-67.586595
-80.963109
-91.875528
-102.435934
-97.155731
-77.794987
-77.090960
-93.987609
-98.211771
-85.187271
-66.178541
-48.929879
-48.929879
-54.914109
-48.929879
-35.553365
-27.105041
-12.320473
3.520135
8.800338
14.784568
9.856378
8.448324
35.553365
67.234582
79.203041
98.211771
99.971839
75.330893
61.602366
72.162771
82.019150
81.315123
78.147001
67.938609
60.546325
54.562095
54.562095
48.577865
28.161081
5.632216
0.000000
-1.408054
-6.688257
-8.096311
-19.008730
-37.665446
-53.858068
-49.281892
-57.378203
-66.178541
-48.929879
-32.385244
-32.033230
-34.849338
-47.169811
-52.450014
-46.113771
-52.098001
-52.450014
-39.777527
-28.161081
-5.984230
21.472825
29.569135
39.777527
51.745987
44.353703
28.161081
28.513095
44.705717
72.162771
102.083920
114.052380
116.516474
111.588285
81.667136
55.970149
48.577865
47.521825
62.306393
67.586595
48.577865
35.905379
40.833568
35.201352
9.504365
-18.656716
-28.161081
-24.288933
-20.768798
-37.313433
-55.970149
-53.506055
-45.409744
-58.786257
-68.290622
-68.290622
-72.866798
-65.122501
-71.106730
-83.779217
-71.106730
-53.858068
-57.378203
-66.530555
-64.770487
-46.817798
-23.232892
-8.800338
-4.928189
3.520135
13.024500
11.968460
1.408054
4.224162
23.936919
40.833568
54.914109
61.602366
49.633906
55.970149
63.714447
37.313433
20.768798
20.064770
13.376514
15.136581
17.952689
7.040270
8.800338
14.432554
6.688257
-5.632216
-20.416784
-38.721487
-41.185582
-40.833568
-48.225852
-41.889609
-25.344973
-28.865108
-48.929879
-58.434244
-71.106730
-78.499014
-54.914109
-39.777527
-41.537595
-37.665446
-30.625176
-36.961419
-37.665446
-33.089271
-27.809068
-3.872149
13.376514
15.840608
29.217122
41.537595
32.737257
26.753027
16.896649
8.096311
35.905379
74.978879
79.555055
62.658406
57.730217
44.001690
30.977190
24.640946
13.024500
22.880879
43.297663
48.225852
48.577865
55.970149
45.409744
31.681217
22.176852
1.760068
-10.560406
0.704027
7.744297
0.000000
5.984230
14.432554
9.152351
-0.352014
-15.136581
-26.753027
-25.696987
-16.192622
-13.024500
-13.728527
-13.728527
-20.064770
-12.320473
-0.352014
-0.352014
11.264433
27.809068
19.712757
8.096311
5.632216
-3.520135
-7.744297
-1.760068
6.688257
13.024500
29.217122
42.241622
28.865108
10.912419
-2.464095
-19.008730
-13.024500
0.000000
-0.704027
5.280203
3.168122
-7.040270
-0.704027
7.744297
2.112081
0.000000
-8.448324
-27.105041
-32.737257
-38.017460
-41.185582
-26.401014
-19.360743
-27.809068
-37.313433
-46.113771
-48.577865
-43.649676
-39.425514
-31.681217
-17.600676
-13.376514
-13.376514
-18.304703
-34.145311
-44.353703
-37.313433
-17.952689
-4.928189
6.336243
20.416784
17.952689
-1.056041
-6.688257
-14.080541
-17.952689
-1.056041
6.688257
0.704027
5.632216
14.432554
13.024500
19.712757
9.504365
1.408054
12.320473
9.504365
-2.112081
8.448324
20.416784
23.584906
28.865108
19.712757
1.408054
1.056041
6.688257
-5.632216
-5.280203
16.896649
37.665446
33.793298
8.800338
-11.616446
-10.208392
3.872149
15.488595
24.288933
30.977190
34.497325
33.793298
33.089271
25.344973
22.880879
31.681217
27.105041
9.856378
6.336243
6.688257
6.688257
12.320473
19.712757
27.809068
22.528865
19.712757
14.784568
3.520135
-6.688257
0.352014
7.744297
5.984230
7.744297
3.872149
9.152351
14.432554
2.112081
0.000000
-2.816108
-13.024500
-13.728527
-16.896649
-27.457054
-19.008730
-5.632216
-11.616446
-24.640946
-26.753027
-20.416784
-13.728527
-10.912419
-14.080541
-13.376514
-13.728527
-18.656716
-22.880879
-32.737257
-39.777527
-29.217122
-18.656716
-15.840608
-25.344973
-24.288933
-13.376514
-15.840608
-21.120811
-19.008730
-14.080541
-9.152351
-5.632216
-17.248662
-18.304703
-7.392284
-7.392284
-4.928189
0.352014
9.504365
21.120811
9.856378
-9.856378
-11.968460
-0.352014
4.576176
0.704027
-5.632216
-5.280203
1.056041
-1.056041
-9.504365
-10.560406
5.984230
20.064770
15.136581
1.760068
-0.352014
-6.688257
-14.784568
-10.912419
-6.688257
0.000000
7.392284
5.632216
0.704027
-0.704027
0.704027
-2.112081
-1.056041
3.520135
8.096311
13.024500
21.120811
16.544635
13.376514
13.376514
17.952689
27.105041
27.105041
27.809068
38.017460
44.001690
38.017460
25.696987
19.712757
20.768798
20.064770
24.992960
32.033230
34.145311
34.145311
31.329203
16.896649
8.448324
17.248662
26.401014
26.049000
14.080541
-0.704027
-1.408054
12.320473
11.616446
7.040270
-1.408054
-21.472825
-29.569135
-34.145311
-34.145311
-15.840608
3.520135
-3.872149
-23.584906
-36.609406
-34.497325
-28.161081
-26.753027
-32.033230
-34.849338
-23.584906
-20.416784
-28.161081
-24.992960
-19.008730
-10.208392
-6.336243
-18.304703
-23.936919
-10.560406
-7.040270
