-2587.943476
-2777.360192
-2899.128082
-2943.475646
-2883.343355
-2690.920024
-2361.695731
-1943.024654
-1484.515935
-1067.348166
-696.782922
-369.813590
-63.890559
239.777511
505.862898
704.299459
829.825616
918.520746
1013.980758
1145.520144
1276.307877
1349.218280
1319.152135
1166.566446
914.762477
608.839447
261.575466
-137.552616
-596.061335
-1074.113049
-1510.072159
-1835.538184
-1991.130487
-1989.627180
-1885.898978
-1711.515334
-1459.711365
-1151.533373
-799.007817
-418.671076
-71.407096
193.174985
396.873121
567.498497
726.849068
915.514131
1116.957306
1304.119062
1468.731209
1611.545400
1727.300060
1816.746843
1858.839447
1825.015033
1720.535177
1552.164762
1319.903788
1080.126278
838.845460
623.120866
457.005412
337.492483
266.085388
230.757667
251.052315
307.426338
393.866506
505.862898
647.173782
779.464823
894.467829
992.182802
1085.387853
1198.887553
1324.413710
1432.651834
1438.665063
1301.112447
1043.295250
732.110643
405.141311
29.314492
-447.985568
-1038.033674
-1668.671076
-2220.384847
-2611.996392
-2817.949489
-2885.598316
-2906.644618
-2876.578473
-2748.045701
-2488.725195
-2096.361996
-1643.866506
-1237.221888
-950.090198
-743.385448
-530.667468
-272.098617
45.099218
340.499098
559.230307
705.802766
801.262778
935.057126
1110.944077
1256.764883
1279.314492
1123.722189
820.805773
463.018641
115.003007
-220.986170
-594.558028
-1030.517138
-1496.542393
-1913.710162
-2139.957907
-2151.232712
-2016.686711
-1840.799759
-1649.879735
-1380.036079
-1016.987372
-553.217078
-43.595911
403.638004
738.875526
991.431149
1210.914011
1413.860493
1609.290439
1744.588094
1769.392664
1700.240529
1576.969333
1452.946482
1346.963319
1215.423933
1023.752255
774.203247
542.693927
377.330126
281.118461
223.992784
194.678292
184.155141
195.429946
284.125075
432.200842
591.551413
734.365604
859.140108
976.398076
1145.520144
1385.297655
1636.349970
1842.303067
1971.587492
2062.537583
2144.467829
2221.888154
2185.057126
1909.200241
1383.042694
699.037883
-34.576067
-767.438364
-1487.522550
-2228.653037
-2999.098016
-3670.324714
-4085.989176
-4171.677691
-3991.280818
-3647.023452
-3241.130487
-2818.701143
-2352.675887
-1792.693927
-1174.834636
-596.061335
-127.781118
187.913410
402.886350
627.630788
935.057126
1291.340950
1597.263981
1764.882742
1778.412508
1713.770295
1624.323512
1498.797354
1268.791341
889.206254
384.095009
-196.933253
-705.051112
-1059.831630
-1285.327721
-1452.946482
-1605.532171
-1716.776909
-1728.051714
-1632.591702
-1479.254360
-1334.185207
-1223.692123
-1112.447384
-970.384847
-758.418521
-472.038485
-127.781118
236.770896
599.067949
944.076969
1255.261575
1500.300661
1631.840048
1610.793746
1410.102225
1093.656043
728.352375
362.297054
20.294648
-300.661455
-538.184005
-669.723391
-651.683704
-508.117859
-245.790740
63.138906
333.734215
542.693927
687.763079
812.537583
959.110042
1078.622971
1147.775105
1206.404089
1306.374023
1526.608539
1863.349369
2278.262177
2715.724594
3076.518340
3310.282622
3396.722790
3336.590499
3164.461816
2820.204450
2207.606735
1301.112447
194.678292
-954.600120
-1945.279615
-2745.790740
-3401.984366
-3967.979555
-4427.991581
-4654.239327
-4555.772700
-4123.571858
-3477.901383
-2802.916416
-2209.861696
-1682.952495
-1161.304871
-564.491882
45.099218
537.432351
842.603728
995.189417
1083.884546
1215.423933
1385.297655
1491.280818
1473.992784
1285.327721
950.090198
573.511726
223.992784
-104.479856
-443.475646
-825.315695
-1197.384245
-1467.227901
-1540.889958
-1412.357186
-1125.225496
-791.491281
-500.601323
-257.065544
-60.132291
106.734817
213.469633
176.638605
-2.254961
-236.770896
-467.528563
-607.336140
-650.932051
-626.879134
-535.929044
-377.330126
-150.330728
115.754660
341.250752
485.568250
522.399278
439.717378
292.393265
109.741431
-51.864101
-169.873722
-252.555622
-289.386651
-242.784125
-121.767889
35.327721
226.247745
424.684305
609.591100
746.392063
820.805773
848.616957
880.938064
950.090198
1068.851473
1256.764883
1477.751052
1727.300060
2008.418521
2299.308479
2581.930247
2846.512327
3038.184005
3088.544799
2956.253758
2643.565845
2245.189417
1831.779916
1397.324113
840.348767
70.655442
-844.107035
-1720.535177
-2404.539988
-2868.310283
-3213.319302
-3589.146121
-3980.006013
-4198.737222
-4061.936260
-3538.785328
-2781.118461
-2038.484666
-1422.128683
-886.951293
-350.270595
255.562237
851.623572
1243.986771
1331.930247
1168.069753
929.043897
774.203247
727.600722
708.057727
624.624173
422.429345
169.122069
-8.268190
-70.655442
-54.870716
-90.198437
-253.307276
-535.177390
-802.014432
-895.971137
-777.961515
-534.425737
-302.916416
-169.873722
-91.701744
33.824414
226.999399
381.840048
326.217679
32.321106
-390.108238
-796.001203
-1103.427541
-1334.185207
-1489.777511
-1564.942874
-1523.601924
-1325.917017
-968.881539
-505.111245
-70.655442
253.307276
467.528563
576.518340
602.826218
569.001804
470.535177
326.969333
174.383644
60.883945
6.013229
4.509922
58.628984
168.370415
339.747444
517.889357
684.004811
822.309080
940.318701
1080.877931
1255.261575
1482.260974
1770.144317
2093.355382
2411.304871
2679.645219
2905.892965
3144.167168
3371.918220
3480.156344
3370.414913
3025.405893
2518.791341
2006.163560
1550.661455
1041.791942
338.995791
-614.852676
-1643.114853
-2490.228503
-3052.465424
-3419.272399
-3763.529765
-4169.422730
-4518.941672
-4573.812387
-4171.677691
-3395.971137
-2515.033073
-1741.581479
-1116.205652
-526.909200
111.244738
772.699940
1303.367408
1549.158148
1437.913410
1107.185809
767.438364
541.190619
438.965725
370.565244
211.214672
-52.615755
-297.654841
-423.932652
-384.095009
-296.151533
-299.158148
-435.207456
-634.395670
-741.882141
-632.892363
-296.903187
120.264582
478.803367
720.084185
884.696332
1039.536981
1183.102826
1191.371016
920.024053
356.283824
-401.383043
-1174.082983
-1786.680698
-2229.404690
-2527.059531
-2675.886951
-2654.840649
-2419.573061
-1956.554420
-1299.609140
-583.283223
18.791341
437.462417
673.481660
799.759471
892.212868
930.547204
857.636801
660.703548
409.651233
236.770896
185.658449
214.221287
281.118461
328.472640
405.141311
578.021648
841.852075
1147.775105
1452.194829
1713.770295
1980.607336
2294.798557
2650.330728
2951.743836
3113.349369
3111.846061
3017.137703
2932.952495
2889.356584
2808.929645
2553.367408
2101.623572
1587.492483
1158.298256
856.885147
558.478653
22.549609
-805.772700
-1792.693927
-2692.423331
-3329.825616
-3722.940469
-3975.496091
-4220.535177
-4433.253157
-4400.180397
-3916.115454
-2979.555021
-1830.276609
-791.491281
-73.662057
381.088394
718.580878
1064.341551
1392.062538
1510.823812
1259.771497
754.660253
237.522550
-67.648827
-89.446783
26.307877
63.138906
-84.936861
-349.518942
-547.203848
-547.955502
-414.912808
-345.009020
-451.743836
-662.958509
-770.444979
-593.054720
-139.807577
414.161155
850.871918
1065.093205
1095.159351
1064.341551
998.196031
833.583885
446.482261
-212.717980
-1033.523752
-1853.577871
-2521.046302
-2931.449188
-3110.342754
-3127.630788
-2987.823211
-2651.082381
-2079.825616
-1330.426939
-526.157547
221.737823
834.335538
1295.099218
1631.840048
1833.283223
1875.375827
1749.098016
1502.555622
1192.874324
871.918220
544.948888
214.221287
-48.857486
-203.698136
-211.214672
-37.582682
272.098617
629.134095
982.411305
1336.440168
1732.561636
2181.298857
2601.473241
2886.349970
2933.704149
2764.582081
2501.503307
2279.013830
2148.226097
2050.511124
1897.173782
1640.108238
1305.622369
986.921227
810.282622
765.183403
687.763079
337.492483
-381.840048
-1315.393867
-2169.272399
-2752.555622
-3106.584486
-3379.434756
-3683.854480
-3934.906795
-3882.291040
-3356.885147
-2417.318100
-1329.675286
-406.644618
231.509321
618.610944
901.984366
1194.377631
1444.678292
1470.234516
1180.096212
671.226699
190.920024
-52.615755
-43.595911
55.622369
75.165364
-60.132291
-267.588695
-405.141311
-411.906194
-367.558629
-379.585087
-487.823211
-642.663860
-678.743235
-484.816597
-105.983163
328.472640
674.984967
842.603728
833.583885
674.233313
392.363199
-52.615755
-656.945280
-1380.036079
-2139.206254
-2820.956103
-3329.825616
-3558.328322
-3447.083584
-3046.452195
-2431.599519
-1707.005412
-935.057126
-116.506314
717.829224
1446.181600
1959.561034
2181.298857
2135.447986
1940.018040
1659.651233
1327.420325
941.822008
510.372820
56.374023
-332.230908
-582.531569
-635.147324
-496.843055
-219.482862
153.337342
600.571257
1093.656043
1586.740830
2063.289236
2472.188815
2782.621768
2963.018641
2983.313289
2816.446182
2484.215274
2090.348767
1730.306675
1455.201443
1263.529765
1122.218882
986.921227
859.891762
775.706554
777.961515
878.683103
975.646422
867.408298
379.585087
-387.101624
-1190.619363
-1852.826218
-2323.361395
-2708.959711
-3108.087793
-3488.424534
-3647.775105
-3356.885147
-2603.728202
-1614.552014
-693.024654
-18.791341
393.114853
677.239928
955.351774
1219.933854
1356.734817
1196.632592
773.451594
275.105232
-75.917017
-176.638605
-121.016236
-96.211666
-198.436560
-423.180998
-647.925436
-780.216476
-812.537583
-802.014432
-853.126879
-959.861696
-1013.980758
-884.696332
-529.915815
-37.582682
390.859892
590.799759
507.366206
220.986170
-160.853879
-553.217078
-1024.503909
-1645.369814
-2345.159351
-2958.508719
-3303.517739
-3277.961515
-2873.571858
-2207.606735
-1461.966326
-733.613951
-26.307877
696.782922
1405.592303
1943.776308
2203.848467
2143.716176
1872.369212
1531.870114
1186.861094
843.355382
467.528563
72.158749
-263.078773
-440.469032
-438.214071
-256.313891
56.374023
445.730607
864.401684
1280.066146
1681.449188
2041.491281
2351.172580
2581.930247
2658.598918
2597.714973
2450.390860
2230.907998
1945.279615
1650.631389
1440.168370
1336.440168
1306.374023
1277.059531
1191.371016
1044.046903
871.166566
773.451594
809.530968
871.166566
729.104029
243.535779
-501.352977
-1293.595911
-1893.415514
-2250.450992
-2444.377631
-2658.598918
-2956.253758
-3162.958509
-3011.876127
-2416.566446
-1563.439567
-761.425135
-220.234516
72.158749
252.555622
471.286831
752.405292
965.123271
929.795550
590.048106
113.499699
-239.777511
-335.237523
-275.105232
-250.300661
-404.389657
-717.077571
-998.947685
-1107.185809
-997.444378
-783.974744
-651.683704
-659.951894
-708.809381
-635.147324
-343.505713
90.950090
465.273602
633.644017
499.849669
136.049308
-275.856885
-622.369212
-920.775707
-1270.294648
-1670.174384
-2062.537583
-2353.427541
-2456.404089
-2333.132892
-2000.901984
-1545.399880
-1095.911004
-664.461816
-159.350571
416.416115
989.176188
1438.665063
1655.892965
1655.892965
1500.300661
1254.509922
977.149729
679.494889
324.714372
-34.576067
-313.439567
-434.455803
-374.323512
-181.148527
123.271197
520.895971
939.567048
1322.158749
1650.631389
1938.514732
2159.500902
2309.079976
2402.285027
2452.645821
2455.652435
2340.649429
2101.623572
1859.591100
1703.998797
1652.134696
1673.932652
1685.959110
1629.585087
1470.234516
1289.085989
1226.698737
1340.950090
1473.241130
1370.264582
872.669874
24.804570
-949.338545
-1824.263379
-2488.725195
-2996.091401
-3477.149729
-3948.436560
-4188.965725
-3961.966326
-3189.266386
-2078.322309
-993.686109
-191.671678
262.327120
505.111245
732.862297
1017.739026
1235.718581
1167.318100
751.653638
184.155141
-257.817198
-425.435959
-400.631389
-393.114853
-554.720385
-917.017438
-1308.628984
-1542.393265
-1545.399880
-1398.827420
-1253.006615
-1145.520144
-994.437763
-694.527962
-205.201443
402.134696
965.123271
1318.400481
1280.066146
835.087192
157.847264
-559.981960
-1199.639206
-1772.399278
-2279.765484
-2660.102225
-2838.244137
-2749.549008
-2335.387853
-1659.651233
-894.467829
-159.350571
478.803367
1047.053518
1513.830427
1833.283223
1982.862297
1927.239928
1654.389657
1192.122670
652.435358
135.297655
-284.125075
-584.034877
-758.418521
-785.478052
-633.644017
-321.707757
159.350571
759.170174
1404.088996
1924.233313
2218.129886
2333.132892
2400.781720
2522.549609
2651.082381
2684.155141
2525.556224
2211.365003
1812.988575
1502.555622
1386.049308
1443.926639
1523.601924
1481.509321
1309.380637
1097.414311
1044.046903
1238.725195
1547.654841
1649.879735
1272.549609
458.508719
-474.293446
-1238.725195
-1811.485268
-2387.251954
-3132.892363
-3947.684907
-4463.319302
-4354.329525
-3593.656043
-2463.168972
-1371.767889
-626.127480
-202.946482
121.016236
547.955502
1031.268791
1309.380637
1228.953698
790.739627
236.019242
-172.128683
-329.975947
-338.995791
-435.959110
-732.862297
-1153.788334
-1484.515935
-1575.466025
-1423.631990
-1168.069753
-974.894768
-889.957907
-796.752856
-517.137703
18.039687
659.951894
1113.199038
1128.232111
730.607336
187.161756
-281.118461
-594.558028
-877.179796
-1273.301263
-1788.184005
-2330.877931
-2652.585689
-2569.152135
-2158.749248
-1611.545400
-1095.911004
-651.683704
-191.671678
368.310283
1032.772099
1659.651233
1961.815995
1815.995189
1351.473241
865.904991
530.667468
350.270595
221.737823
45.850872
-157.095610
-259.320505
-121.016236
263.078773
768.190018
1194.377631
1432.651834
1516.085388
1598.767288
1811.485268
2145.971137
2460.162357
2608.238124
2536.079375
2301.563440
2012.928443
1797.203848
1700.240529
1737.823211
1857.336140
1979.104029
2007.666867
1861.094408
1655.141311
1528.111846
1486.770896
1361.996392
944.076969
187.161756
-747.895370
-1664.912808
-2378.983764
-2888.604931
-3345.610343
-3849.969934
-4284.425737
-4349.819603
-3843.956705
-2868.310283
-1736.319904
-781.719784
-151.834035
200.691521
461.515334
772.699940
1080.126278
1217.678894
1071.858088
703.547805
288.634997
-27.811185
-229.254360
-378.833434
-579.524955
-872.669874
-1212.417318
-1436.410102
-1395.820806
-1134.996993
-815.544197
-578.773301
-440.469032
-261.575466
51.112447
498.346362
944.828623
1097.414311
832.832231
252.555622
-334.485869
-708.809381
-946.331930
-1215.423933
-1637.101624
-2180.547204
-2672.880337
-2900.631389
-2738.274203
-2263.229104
-1689.717378
-1151.533373
-641.912207
-81.178593
559.230307
1191.371016
1667.919423
1825.766687
1612.297054
1144.016837
653.187011
337.492483
244.287432
214.972940
136.049308
13.529765
-46.602526
84.936861
417.919423
864.401684
1259.019844
1498.797354
1619.061936
1777.660854
2091.852075
2509.771497
2846.512327
2958.508719
2829.224293
2539.085989
2247.444378
2073.060734
2075.315695
2198.586891
2300.060132
2241.431149
1977.600722
1601.773903
1275.556224
1133.493686
1126.728803
983.914612
460.012026
-461.515334
-1516.085388
-2375.977150
-2926.187613
-3251.653638
-3538.785328
-3874.774504
-4107.787132
-3997.294047
-3395.971137
-2409.049910
-1351.473241
-556.975346
-158.598918
-15.033073
121.016236
423.932652
856.133494
1210.162357
1265.784726
981.659651
535.929044
163.860493
-35.327721
-172.128683
-397.624775
-786.981359
-1231.960313
-1503.307276
-1410.853879
-1004.960914
-535.929044
-258.568851
-223.992784
-211.966326
-3.006615
420.926037
816.295851
873.421527
517.137703
-79.675286
-616.355983
-932.050511
-1101.924233
-1296.602526
-1625.075165
-2094.107035
-2515.033073
-2688.665063
-2506.764883
-2033.223091
-1443.174985
-867.408298
-352.525556
159.350571
691.521347
1188.364402
1496.542393
1546.903187
1323.662057
938.063740
590.048106
386.349970
320.204450
302.916416
231.509321
114.251353
49.609140
130.787733
402.134696
765.935057
1086.891161
1324.413710
1547.654841
1880.637402
2381.238725
2893.114853
3239.627180
3338.845460
3155.441972
2794.648226
2486.470235
2380.487072
2415.063139
2381.238725
2151.984366
1756.614552
1292.844257
962.116657
890.709561
965.123271
888.454600
384.846663
-551.713770
-1593.505713
-2367.708960
-2752.555622
-2954.750451
-3238.123873
-3619.212267
-3854.479856
-3671.828022
-2986.319904
-1998.647023
-1130.487072
-650.180397
-555.472038
-575.015033
-387.101624
101.473241
684.756464
1068.099820
1068.099820
789.236320
472.038485
300.661455
304.419723
257.065544
24.052916
-379.585087
-786.229705
-1010.222489
-938.063740
-632.892363
-327.720986
-258.568851
-444.978954
-619.362598
-497.594708
-41.340950
381.088394
409.651233
36.831028
-456.253758
-809.530968
-968.881539
-1075.616356
-1284.576067
-1682.952495
-2217.378232
-2615.003007
-2619.512928
-2227.149729
-1634.095009
-1066.596512
-668.971738
-402.886350
-145.820806
220.986170
654.690319
944.828623
971.136500
832.080577
711.815995
725.345761
820.805773
866.656645
789.987974
578.021648
293.896572
137.552616
262.327120
607.336140
985.417919
1268.791341
1515.333734
1841.551413
2270.745640
2699.188214
3011.876127
3123.120866
3014.131088
2809.681299
2689.416717
2730.757667
2884.846663
3007.366206
2932.200842
2579.675286
2015.935057
1470.986170
1186.861094
1168.069753
1080.126278
490.078172
-641.160553
-1929.494889
-2951.743836
-3469.633193
-3645.520144
-3786.831028
-4021.346963
-4174.684305
-3953.698136
-3244.888755
-2203.096813
-1208.659050
-557.726999
-352.525556
-351.022249
-215.724594
202.946482
796.001203
1216.175586
1197.384245
810.282622
319.452796
-39.837643
-208.208058
-289.386651
-404.389657
-611.846061
-852.375225
-978.653037
-871.166566
-537.432351
-214.221287
-135.297655
-329.224293
-570.505111
-546.452195
-215.724594
162.357186
276.608539
96.963319
-220.234516
-468.280216
-617.859290
-735.117258
-956.855081
-1396.572459
-1918.971738
-2304.570054
-2333.132892
-1990.378833
-1491.280818
-1088.394468
-904.990980
-843.355382
-677.239928
-314.942874
135.297655
462.266987
553.217078
554.720385
685.508118
998.947685
1330.426939
1443.926639
1206.404089
711.815995
269.843656
164.612147
429.194227
833.583885
1102.675887
1179.344558
1246.993385
1477.751052
1934.756464
2452.645821
2796.151533
2854.028863
2740.529164
2686.410102
2887.101624
3321.557426
3759.019844
3958.208058
3774.804570
3248.647023
2541.340950
1893.415514
1489.025857
1283.824414
947.835238
153.337342
-1092.152736
-2437.612748
-3426.788936
-3872.519543
-4007.065544
-4162.657847
-4437.763079
-4615.153337
-4322.760072
-3451.593506
-2225.646422
-1064.341551
-329.975947
-93.956705
-126.277811
-46.602526
326.969333
835.838845
1123.722189
979.404690
523.150932
37.582682
-257.817198
-334.485869
-336.740830
-385.598316
-512.627781
-664.461816
-723.090800
-590.799759
-270.595310
32.321106
127.029465
15.784726
-126.277811
-78.923632
117.257968
244.287432
133.042694
-187.161756
-516.386049
-724.594107
-820.054119
-907.245941
-1108.689116
-1461.966326
-1873.120866
-2146.722790
-2100.120265
-1743.836440
-1233.463620
-804.269393
-612.597715
-569.001804
-502.104630
-316.446182
-51.112447
121.767889
136.049308
98.466627
182.651834
461.515334
813.289236
1034.275406
971.888154
707.306073
481.809982
488.574865
741.130487
1047.053518
1246.241732
1304.119062
1355.231509
1545.399880
1932.501503
2403.036681
2716.476248
2754.058930
2660.853879
2722.489477
3065.995189
3596.662658
4031.870114
4087.492483
3643.265183
2818.701143
1960.312688
1473.241130
1461.214672
1575.466025
1282.321106
282.621768
-1225.947084
-2681.148527
-3661.304871
-4203.998797
-4557.276007
-4856.434155
-4939.867709
-4529.464823
-3643.265183
-2548.857486
-1555.923031
-938.815394
-778.713169
-834.335538
-705.802766
-109.741431
810.282622
1591.250752
1853.577871
1570.204450
965.874925
355.532171
-92.453397
-362.297054
-525.405893
-635.147324
-678.743235
-560.733614
-256.313891
121.016236
361.545400
259.320505
-131.539387
-531.419122
-638.905592
-449.488876
-252.555622
-236.770896
-314.191221
-360.042093
-388.604931
-537.432351
-799.759471
-1107.185809
-1422.128683
-1640.859892
-1667.919423
-1425.886951
-1001.202646
-647.173782
-520.895971
-596.061335
-728.352375
-794.497895
-757.666867
-650.180397
-551.713770
-499.849669
-439.717378
-290.889958
-35.327721
257.065544
477.300060
549.458809
496.843055
482.561636
682.501503
1080.877931
1458.959711
1619.061936
1574.714372
1506.313891
1575.466025
1807.726999
2162.507517
2488.725195
2696.181600
2796.151533
2908.147925
3199.789537
3662.056524
4073.962718
4126.578473
3675.586290
2819.452796
2000.901984
1616.055322
1643.114853
1601.773903
944.828623
-363.800361
-1862.597715
-3079.524955
-3861.244738
-4388.905592
-4797.805171
-5034.576067
-4926.337943
-4385.898978
-3507.967529
-2500.751654
-1625.075165
-1132.742032
-1039.536981
-1003.457607
-600.571257
320.956103
1421.377029
2176.037282
2249.699339
1764.882742
1062.086590
423.932652
-27.059531
-301.413109
-444.227300
-562.988575
-667.468431
-631.389056
-390.108238
-84.936861
0.751654
-284.125075
-684.756464
-839.597114
-588.544799
-196.933253
28.562838
48.105833
-36.079375
-157.095610
-349.518942
-620.114251
-918.520746
-1213.920625
-1516.085388
-1679.194227
-1554.419723
-1158.298256
-687.011425
-432.200842
-491.581479
-688.514732
-750.150331
-587.793145
-320.204450
-116.506314
-57.877330
-94.708358
-139.807577
-187.161756
-227.751052
-251.052315
-213.469633
-69.903788
202.194829
569.001804
990.679495
1349.218280
1567.949489
1645.369814
1646.121467
1699.488876
1847.564642
2124.924835
2448.887553
2742.784125
2982.561636
3213.319302
3509.470836
3813.890559
3996.542393
3889.807577
3402.736019
2697.684907
2082.080577
1856.584486
1963.319302
1882.140710
1089.146121
-432.200842
-2121.918220
-3350.871918
-3955.953097
-4225.045099
-4476.097414
-4685.057126
-4633.193025
-4231.809982
-3583.884546
-2854.028863
-2193.325316
-1766.386049
-1594.257366
-1407.847264
-823.812387
275.856885
1523.601924
2326.368010
2391.761876
1909.200241
1285.327721
813.289236
562.236921
432.200842
338.995791
196.933253
-12.778112
-208.208058
-295.399880
-337.492483
-476.548406
-765.183403
-1038.785328
-1056.073361
-802.766085
-511.876127
-402.886350
-460.763680
-538.184005
-567.498497
-580.276609
-615.604330
-665.213470
-740.378833
-843.355382
-917.017438
-863.650030
-630.637402
-375.075165
-314.942874
-487.071557
-695.279615
-721.587492
-561.485268
-345.760673
-230.757667
-270.595310
-378.081780
-435.959110
-405.892965
-373.571858
-348.015634
-317.197835
-220.234516
-9.771497
286.380036
605.832832
837.342153
968.881539
1092.904390
1301.864101
1605.532171
2001.653638
2414.311485
2757.065544
3011.876127
3202.796152
3462.868310
3812.387252
4131.840048
4251.352977
4054.419723
3530.517138
2846.512327
2271.497294
1965.574263
1716.025256
1064.341551
-139.807577
-1572.459411
-2722.489477
-3389.957907
-3816.897174
-4278.412508
-4721.888154
-4880.487072
-4609.891762
-4039.386651
-3409.500902
-2868.310283
-2406.794949
-2045.249549
-1694.227300
-1148.526759
-289.386651
814.040890
1774.654239
2218.881539
2148.977751
1823.511726
1490.529164
1234.966927
1060.583283
989.927841
988.424534
911.755863
656.193626
311.936260
-9.771497
-326.217679
-707.306073
-1056.073361
-1205.652435
-1110.944077
-932.802165
-887.702946
-989.176188
-1084.636200
-1057.576669
-962.116657
-863.650030
-743.385448
-610.342754
-512.627781
-462.266987
-441.220686
-397.624775
-317.949489
-263.830427
-274.353578
-354.028863
-425.435959
-409.651233
-331.479254
-302.164762
-343.505713
-424.684305
-504.359591
-484.064943
-360.793746
-196.181600
-108.989778
-67.648827
81.930247
354.028863
617.107637
722.339146
713.319302
726.849068
874.173181
1117.708960
1431.148527
1817.498497
2224.143115
2619.512928
2987.823211
3374.924835
3849.218280
4354.329525
4603.126879
4357.336140
3696.632592
3068.250150
2866.055322
2980.306675
2814.942874
1880.637402
270.595310
-1515.333734
-2923.932652
-3860.493085
-4546.752856
-5142.062538
-5552.465424
-5597.564642
-5266.085388
-4750.450992
-4270.895971
-3892.814191
-3557.576669
-3142.663860
-2469.933854
-1402.585689
-29.314492
1309.380637
2163.259170
2415.063139
2315.093205
2176.037282
2145.219483
2200.090198
2283.523752
2312.838244
2182.802165
1882.892363
1489.025857
1059.079976
576.518340
-25.556224
-687.763079
-1162.808178
-1218.430547
-905.742634
-611.094408
-789.987974
-1472.489477
-2211.365003
-2543.595911
-2368.460613
-1927.239928
-1467.227901
-1104.179194
-860.643416
-687.011425
-478.051714
-210.463019
39.837643
178.141912
201.443175
233.012628
375.075165
616.355983
765.183403
645.670475
224.744438
-321.707757
-720.084185
-808.027661
-626.127480
-367.558629
-272.850271
-348.015634
-402.886350
-260.823812
20.294648
223.992784
255.562237
276.608539
583.283223
1192.874324
1844.558028
2276.758870
2457.907396
2570.655442
2777.360192
3203.547805
3920.625376
4664.010824
4966.175586
4634.696332
3983.012628
3562.086590
3471.136500
3256.163560
2444.377631
1098.165965
-323.211064
-1491.280818
-2532.321106
-3676.337943
-4764.732411
-5511.876127
-5855.381840
-5967.378232
-5980.156344
-5786.981359
-5384.095009
-4945.880938
-4542.242934
-3919.873722
-2853.277210
-1461.214672
-147.324113
789.987974
1435.658449
2003.156945
2545.850872
2999.849669
3353.878533
3619.212267
3751.503307
3641.010222
3346.361996
3047.955502
2769.092002
2363.950692
1682.200842
783.223091
-30.817799
-521.647625
-746.392063
-986.169573
-1513.830427
-2312.086590
-3035.177390
-3310.282622
-3102.074564
-2650.330728
-2294.798557
-2228.653037
-2328.622971
-2262.477450
-1782.170776
-946.331930
-66.897174
574.263379
876.428142
909.500902
907.997595
1110.192423
1421.377029
1543.144919
1343.956705
949.338545
594.558028
354.028863
212.717980
102.976548
-101.473241
-432.200842
-719.332532
-799.007817
-693.024654
-551.713770
-520.144317
-530.667468
-368.310283
95.460012
748.647023
1367.257968
1780.667468
2059.530968
2431.599519
3053.968731
3874.022850
4562.537583
4812.086590
4589.597114
4206.253758
4031.870114
4135.598316
4041.641612
3211.815995
1735.568250
263.078773
-748.647023
-1516.837041
-2472.940469
-3638.003608
-4651.984366
-5289.386651
-5632.140710
-5804.269393
-5901.232712
-5931.298857
-5904.239327
-5809.530968
-5453.998797
-4591.852075
-3300.511124
-2028.713169
-1138.003608
-531.419122
196.933253
1165.814793
2177.540589
3008.869513
3620.715574
4018.340349
4193.475646
4231.809982
4276.157547
4413.710162
4416.716777
3962.717980
3067.498497
2089.597114
1395.069152
965.123271
421.677691
-516.386049
-1698.737222
-2704.449790
-3223.090800
-3311.785929
-3234.365604
-3193.024654
-3302.014432
-3518.490679
-3650.030066
-3402.736019
-2677.390259
-1682.200842
-729.104029
-37.582682
350.270595
575.766687
848.616957
1174.082983
1460.463019
1638.604931
1719.031870
1706.253758
1558.177992
1321.407096
1118.460613
954.600120
770.444979
572.008419
382.591702
184.906795
-45.099218
-264.582081
-433.704149
-528.412508
-424.684305
-66.897174
390.859892
756.915213
977.149729
1318.400481
1956.554420
2741.280818
3377.179796
3662.056524
3630.487072
3575.616356
3802.615755
4210.763680
4267.889357
3535.027060
2258.719182
1099.669272
444.978954
18.791341
-691.521347
-1834.034877
-3128.382441
-4175.435959
-4779.013830
-5039.837643
-5181.900180
-5398.376428
-5761.425135
-6114.702345
-6167.318100
-5693.776308
-4733.162959
-3718.430547
-3026.157547
-2560.132291
-1972.339146
-1047.053518
115.754660
1301.864101
2296.301864
2960.012026
3315.544197
3586.891161
4011.575466
4579.073963
5000.000000
4974.443776
4521.948286
3918.370415
3475.646422
3238.875526
2903.638004
2075.315695
709.561034
-726.849068
-1722.038485
-2157.997595
-2334.636200
-2599.969934
-3113.349369
-3810.883945
-4407.696933
-4603.878533
-4228.803367
-3473.391461
-2606.734817
-1909.200241
-1516.085388
-1237.221888
-805.772700
-154.840649
511.876127
1034.275406
1468.731209
1858.087793
2084.335538
2108.388455
2064.792544
2049.007817
1958.809381
1783.674083
1649.128082
1576.969333
1461.214672
1228.953698
914.762477
615.604330
476.548406
597.564642
866.656645
1029.765484
992.182802
980.156344
1177.089597
1552.164762
1931.749850
2124.924835
2100.871918
2114.401684
2432.351173
2893.114853
2949.488876
2284.275406
1351.473241
774.203247
570.505111
299.909802
-360.793746
-1294.347565
-2166.265785
-2793.896572
-3194.527962
-3471.136500
-3782.321106
-4224.293446
-4785.027060
-5305.923031
-5475.045099
-5091.701744
-4417.468431
-3888.304269
-3648.526759
-3418.520746
-2892.363199
-2079.073963
-1189.116055
-336.740830
429.945881
1047.053518
1543.144919
2079.825616
2799.909802
3562.086590
4061.936260
4183.704149
4076.969333
4015.333734
4080.727601
4131.088394
3840.950090
2978.051714
1782.922429
813.289236
386.349970
257.065544
-46.602526
-738.875526
-1695.730607
-2690.920024
-3412.507517
-3677.841251
-3524.503909
-3147.173782
-2802.164762
-2640.559230
-2607.486470
-2478.202044
-2042.242934
-1396.572459
-809.530968
-351.022249
81.930247
502.856284
798.256164
1019.993987
1319.152135
1727.300060
2093.355382
2316.596512
2383.493686
2301.563440
2105.381840
1883.644017
1748.346362
1746.091401
1869.362598
2075.315695
2173.782321
2071.557426
1974.594107
2096.361996
2365.453999
2460.162357
2206.103428
1791.942273
1525.105232
1613.800361
1900.932051
1832.531569
1094.407697
113.499699
-426.939266
-434.455803
-472.038485
-992.934456
-1843.806374
-2584.185207
-2981.058328
-3081.028262
-3105.832832
-3262.928443
-3594.407697
-4052.164762
-4500.150331
-4667.769092
-4364.101022
-3734.966927
-3232.862297
-3085.538184
-3059.230307
-2772.098617
-2109.140108
-1267.288034
-474.293446
148.075767
535.929044
818.550812
1213.920625
1826.518340
2533.072760
3032.922429
3135.898978
2947.233915
2826.217679
3009.621167
3362.898376
3466.626578
2949.488876
1921.226699
983.914612
628.382441
687.763079
621.617559
126.277811
-670.475045
-1455.201443
-1998.647023
-2191.070355
-2079.073963
-1902.435358
-1916.716777
-2110.643416
-2236.921227
-2081.328924
-1612.297054
-1108.689116
-832.080577
-713.319302
-503.607937
-117.257968
239.777511
426.939266
560.733614
757.666867
1032.772099
1371.016236
1719.783524
1861.094408
1710.763680
1507.817198
1552.164762
1828.773301
2124.173181
2301.563440
2371.467228
2419.573061
2548.105833
2784.125075
3010.372820
3065.995189
2871.316897
2545.099218
2365.453999
2522.549609
2705.201443
2276.007216
1125.977150
55.622369
-220.234516
12.778112
-189.416717
-1183.854480
-2366.957306
-3099.819603
-3301.262778
-3323.812387
-3453.848467
-3774.052916
-4238.574865
-4773.000601
-5148.827420
-5057.125676
-4455.802766
-3801.864101
-3621.467228
-3810.132291
-3857.486470
-3412.507517
-2562.387252
-1604.780517
-725.345761
-84.185207
291.641612
612.597715
1136.500301
1939.266386
2799.158148
3355.381840
3486.921227
3383.944678
3322.309080
3447.835238
3662.056524
3646.271798
3103.577871
2112.146723
1167.318100
760.673482
782.471437
699.037883
150.330728
-809.530968
-1799.458809
-2433.102826
-2487.973542
-2121.918220
-1762.627781
-1758.869513
-2118.159952
-2498.496693
-2528.562838
-2059.530968
-1342.453397
-786.229705
-495.339747
-306.674684
-87.943476
207.456404
546.452195
909.500902
1257.516536
1564.191221
1856.584486
2108.388455
2154.239327
1985.117258
1858.839447
1969.332532
2265.484065
2552.615755
2671.377029
2630.036079
2563.890559
2627.029465
2875.075165
3118.610944
3067.498497
2742.784125
2408.298256
2343.656043
2503.006615
2406.794949
1681.449188
600.571257
-102.976548
-173.631990
-156.343957
-692.273001
-1738.574865
-2687.161756
-3135.898978
-3176.488274
-3174.984967
-3431.298857
-3951.443175
-4597.865304
-5117.257968
-5200.691521
-4736.921227
-4052.916416
-3674.834636
-3785.327721
-4009.320505
-3875.526158
-3244.137102
-2333.132892
-1453.698136
-797.504510
-443.475646
-241.280818
49.609140
628.382441
1480.757667
2330.877931
2835.989176
2960.012026
2975.796753
3155.441972
3547.053518
3860.493085
3794.347565
3241.130487
2366.957306
1683.704149
1496.542393
1492.784125
1207.155743
446.482261
-609.591100
-1607.035478
-2203.096813
-2196.331930
-1837.041491
-1667.167769
-1996.392063
-2574.413710
-2894.618160
-2681.900180
-1992.633794
-1253.758268
-906.494287
-909.500902
-892.212868
-597.564642
-57.125676
556.975346
1100.420926
1412.357186
1543.896572
1719.031870
2033.223091
2279.765484
2297.805171
2278.262177
2394.768491
2611.244738
2818.701143
2963.770295
2990.078172
2975.045099
3065.995189
3257.666867
3338.093806
3147.173782
2860.793746
2745.790740
2803.668070
2667.618761
2004.660253
1004.209260
314.191221
323.211064
576.518340
211.214672
-967.378232
-2292.543596
-3068.250150
-3178.743235
-2963.770295
-2902.134696
-3343.355382
-4296.452195
-5363.048707
-5923.030667
-5650.180397
-4803.818400
-4108.538785
-4055.171377
-4443.776308
-4629.434756
-4255.862898
-3429.795550
-2409.801563
-1475.496091
-857.636801
-620.114251
-433.704149
77.420325
945.580277
1882.892363
2575.917017
2892.363199
2972.038485
3105.081179
3402.736019
3737.973542
3820.655442
3541.040289
3004.359591
2420.324714
2071.557426
2015.183403
1860.342754
1285.327721
446.482261
-369.813590
-1000.450992
-1389.807577
-1473.241130
-1394.317498
-1592.754059
-2188.815394
-2783.373422
-2990.829826
-2790.889958
-2376.728803
-1974.594107
-1798.707156
-1800.962117
-1691.972339
-1251.503307
-592.303067
75.917017
684.004811
1174.834636
1530.366807
1852.826218
2185.057126
2454.900782
2660.102225
2923.932652
3299.759471
3542.543596
3513.229104
3401.232712
3450.841852
3624.473842
3798.105833
3826.668671
3593.656043
3167.468431
2837.492483
2871.316897
2977.300060
2588.695129
1659.651233
823.812387
545.700541
535.177390
123.271197
-912.507517
-2051.262778
-2730.757667
-2821.707757
-2703.698136
-2878.833434
-3519.242333
-4403.187011
-5225.496091
-5665.213470
-5486.319904
-4866.957306
-4440.769693
-4664.762477
-5223.241130
-5399.128082
-4875.225496
-3985.267589
-3060.733614
-2260.222489
-1698.737222
-1382.291040
-1037.282020
-372.068551
592.303067
1558.929645
2289.536981
2742.784125
2992.333133
3277.961515
3696.632592
3980.006013
3846.963319
3495.189417
3306.524354
3305.021046
3211.815995
2854.028863
2170.024053
1256.013229
436.710764
36.831028
14.281419
-58.628984
-444.227300
-1081.629585
-1805.472038
-2412.056524
-2560.132291
-2230.907998
-1888.905592
-1906.945280
-2211.365003
-2481.960313
-2581.178593
-2402.285027
-1867.859290
-1181.599519
-709.561034
-519.392664
-327.720986
45.850872
581.779916
1205.652435
1787.432351
2196.331930
2505.261575
2884.095009
3333.583885
3665.063139
3857.486470
4085.237523
4391.912207
4591.100421
4537.733013
4237.071557
3838.695129
3590.649429
3625.225496
3675.586290
3248.647023
2339.146121
1546.151533
1302.615755
1260.523151
783.974744
-219.482862
-1296.602526
-2013.680096
-2309.079976
-2431.599519
-2702.946482
-3341.852075
-4296.452195
-5267.588695
-5865.153337
-5802.014432
-5281.118461
-4939.867709
-5230.757667
-5881.689717
-6189.116055
-5786.981359
-4928.592904
-4004.058930
-3265.183403
-2838.244137
-2639.055923
-2306.825015
-1526.608539
-383.343355
774.954901
1625.075165
2141.461215
2550.360794
3087.041491
3742.483464
4203.998797
4263.379435
4097.263981
4021.346963
4101.773903
4158.147925
3919.873722
3269.693325
2412.808178
1717.528563
1387.552616
1249.248346
943.325316
364.552014
-399.879735
-1225.195430
-1834.786530
-1988.123873
-1848.316296
-1839.296452
-2130.186410
-2559.380637
-2887.853277
-2940.469032
-2661.605532
-2184.305472
-1767.137703
-1535.628382
-1366.506314
-1142.513530
-823.812387
-327.720986
354.028863
953.096813
1289.837643
1561.936260
2007.666867
2575.165364
3030.667468
3353.878533
3652.285027
3970.234516
4293.445580
4555.772700
4608.388455
4481.358990
4430.998196
4515.183403
4306.223692
3639.506915
2966.025256
2683.403488
2547.354179
2017.438364
1034.275406
23.301263
-637.402285
-1008.719182
-1345.460012
-1897.925436
-2681.900180
-3507.967529
-4242.333133
-4816.596512
-5102.224895
-5072.910403
-5050.360794
-5403.638004
-6007.215875
-6395.069152
-6332.681900
-5952.345159
-5452.495490
-4874.473842
-4376.879134
-4066.446182
-3719.933854
-3035.177390
-2019.693325
-963.619964
-128.532772
491.581479
1083.884546
1746.843055
2442.874324
3047.203848
3507.215875
3909.350571
4278.412508
4518.190018
4590.348767
4452.044498
4074.714372
3573.361395
3237.372219
3144.918821
3023.902586
2577.420325
1824.263379
1035.027060
412.657847
-7.516536
-283.373422
-531.419122
-881.689717
-1349.218280
-1853.577871
-2212.868310
-2285.778713
-2148.977751
-2070.054119
-2132.441371
-2144.467829
-1974.594107
-1776.157547
-1651.383043
-1394.317498
-876.428142
-305.171377
129.284426
447.985568
784.726398
1206.404089
1729.555021
2372.218882
2984.816597
3342.603728
3438.815394
3432.802165
3555.321708
3970.986170
4450.541191
4474.594107
3892.062538
3241.130487
3097.564642
3262.928443
3078.773301
2386.500301
1581.479254
964.371618
447.985568
-31.569453
-441.220686
-959.861696
-1700.240529
-2549.609140
-3323.060734
-3818.400481
-4037.883343
-4222.790138
-4645.971137
-5314.942874
-5805.772700
-5829.825616
-5607.336140
-5399.879735
-5211.214672
-5046.602526
-4962.417318
-4760.222489
-4188.214071
-3341.852075
-2602.976548
-2091.100421
-1563.439567
-874.173181
-77.420325
732.862297
1419.122069
1868.610944
2220.384847
2717.979555
3328.322309
3810.132291
4025.856885
3995.039086
3833.433554
3718.430547
3756.013229
3845.460012
3746.993385
3346.361996
2820.204450
2308.328322
1840.048106
1505.562237
1262.026458
862.898376
236.770896
-414.161155
-837.342153
-1033.523752
-1134.996993
-1307.877330
-1606.283824
-1887.402285
-1935.508118
-1728.803367
-1513.078773
-1479.254360
-1520.595310
-1434.906795
-1096.662658
-479.555021
153.337342
486.319904
569.753458
798.256164
1348.466627
1934.004811
2265.484065
2457.155743
2759.320505
3144.918821
3341.852075
3265.935057
3065.995189
2923.932652
2808.929645
2499.248346
2052.014432
1808.478653
1829.524955
1625.826819
873.421527
-50.360794
-594.558028
-750.150331
-908.749248
-1268.039687
-1746.843055
-2284.275406
-2885.598316
-3448.586891
-3764.281419
-3750.751654
-3707.155743
-3944.678292
-4421.226699
-4769.242333
-4771.497294
-4585.087192
-4383.644017
-4113.048707
-3732.711966
-3359.140108
-3102.074564
-2851.022249
-2410.553217
-1765.634396
-1034.275406
-399.879735
58.628984
396.873121
768.190018
1219.933854
1755.111245
2263.980758
2586.440168
2684.906795
2703.698136
2844.257366
3060.733614
3181.749850
3209.561034
3179.494889
3033.674083
2750.300661
2494.738425
2426.337943
2399.278413
2210.613349
1843.054720
1434.906795
1123.722189
912.507517
744.137102
499.098016
134.546001
-249.549008
-556.975346
-714.070956
-752.405292
-744.137102
-827.570655
-1014.732411
-1098.917619
-897.474444
-463.018641
21.046302
422.429345
632.140710
599.067949
544.197234
823.812387
1472.489477
2065.544197
2164.010824
1879.885749
1673.180998
1644.618160
1499.549008
1176.337943
1052.315093
1280.817799
1398.827420
911.004209
41.340950
-628.382441
-891.461215
-913.259170
-914.010824
-1002.705953
-1298.105833
-1847.564642
-2524.052916
-3008.117859
-2968.280216
-2525.556224
-2207.606735
-2381.990379
-2848.767288
-3169.723391
-3232.110643
-3104.329525
-2760.823812
-2288.033674
-2100.120265
-2323.361395
-2556.374023
-2444.377631
-2029.464823
-1522.850271
-1010.974143
-629.134095
-540.438966
-613.349369
-438.214071
88.695129
652.435358
1011.725797
1177.841251
1245.490078
1313.890559
1446.181600
1596.512327
1746.091401
1917.468431
2101.623572
2158.749248
1986.620565
1755.862898
1686.710764
1804.720385
1901.683704
1872.369212
1745.339747
1523.601924
1297.354179
1171.828022
1178.592904
1225.947084
1194.377631
1057.576669
837.342153
596.061335
427.690920
426.187613
541.190619
605.832832
547.955502
463.770295
456.253758
492.333133
547.203848
657.696933
796.001203
812.537583
773.451594
847.113650
1001.202646
1030.517138
1003.457607
1140.258569
1202.645821
841.852075
259.320505
63.890559
342.754059
539.687312
251.803969
-334.485869
-882.441371
-1289.085989
-1500.300661
-1522.850271
-1522.098617
-1685.207456
-2095.610343
-2671.377029
-3063.740229
-2916.416115
-2433.854480
-2222.639808
-2472.940469
-2784.876729
-2833.734215
-2731.509321
-2569.152135
-2230.907998
-1813.740229
-1696.482261
-1837.793145
-1780.667468
-1395.069152
-984.666266
-734.365604
-483.313289
-210.463019
-97.714973
-121.767889
16.536380
414.912808
802.766085
968.881539
941.070355
865.153337
841.100421
884.696332
1016.235719
1275.556224
1561.936260
1613.800361
1323.662057
969.633193
941.070355
1253.006615
1548.406494
1556.674684
1349.969934
1114.702345
956.103428
911.755863
1023.752255
1213.168972
1307.877330
1199.639206
974.894768
854.630186
885.447986
994.437763
1068.851473
1088.394468
1082.381239
1071.858088
1125.977150
1246.241732
1311.635598
1276.307877
1246.241732
1298.105833
1337.943476
1321.407096
1338.695129
1404.840649
1308.628984
988.424534
808.779314
877.931449
771.948286
249.549008
-264.582081
-299.158148
-70.655442
-157.847264
-687.763079
-1326.668671
-1755.862898
-1892.663860
-1861.094408
-1843.806374
-1964.070956
-2216.626578
-2640.559230
-3138.905592
-3300.511124
-2924.684305
-2454.900782
-2430.096212
-2727.751052
-2852.525556
-2730.757667
-2587.943476
-2348.165965
-1859.591100
-1419.122069
-1348.466627
-1423.631990
-1279.314492
-926.037282
-553.968731
-172.880337
153.337342
299.158148
302.164762
366.055322
581.779916
813.289236
1013.980758
1167.318100
1204.149128
1144.768491
1032.772099
978.653037
1045.550210
1237.221888
1431.900180
1375.526158
1035.778713
744.888755
741.882141
868.159952
926.037282
936.560433
916.265785
734.365604
439.717378
315.694528
478.051714
725.345761
826.067348
774.203247
724.594107
726.849068
726.849068
789.236320
954.600120
1141.761876
1281.569453
1336.440168
1348.466627
1389.055923
1510.072159
1701.743836
1873.872520
1898.677090
1754.359591
1595.009020
1605.532171
1779.164161
1836.289838
1597.263981
1328.923632
1217.678894
982.411305
414.161155
-124.022850
-141.310884
130.787733
6.013229
-685.508118
-1451.443175
-1860.342754
-2008.418521
-2094.858689
-2155.742634
-2229.404690
-2464.672279
-2978.051714
-3519.242333
-3600.420926
-3129.885749
-2635.297655
-2631.539387
-2968.280216
-3126.879134
-2970.535177
-2715.724594
-2381.238725
-1882.892363
-1498.797354
-1487.522550
-1593.505713
-1416.867108
-971.136500
-523.150932
-174.383644
125.526158
320.204450
317.197835
256.313891
402.886350
820.054119
1280.066146
1460.463019
1298.857486
1107.937462
1098.917619
1166.566446
1206.404089
1314.642213
1533.373422
1571.707757
1213.168972
786.229705
644.918821
775.706554
932.802165
960.613349
856.885147
605.832832
318.701143
186.410102
315.694528
561.485268
728.352375
692.273001
532.170776
408.899579
463.770295
671.226699
923.782321
1128.983764
1201.894167
1162.808178
1180.096212
1372.519543
1628.081780
1786.680698
1871.617559
1985.868912
2062.537583
1980.607336
1843.054720
1882.892363
1999.398677
1914.461816
1604.780517
1404.840649
1295.850872
924.533975
332.230908
-9.019844
128.532772
251.052315
-183.403488
-1057.576669
-1762.627781
-2032.471437
-2037.733013
-2000.901984
-2085.838845
-2333.132892
-2772.098617
-3389.206254
-3824.413710
-3638.755262
-3027.660854
-2674.383644
-2906.644618
-3280.968130
-3318.550812
-3093.054720
-2829.224293
-2385.748647
-1801.713770
-1513.078773
-1605.532171
-1671.677691
-1386.049308
-880.186410
-367.558629
77.420325
335.989176
375.075165
371.316897
514.131088
771.196633
1053.818400
1316.897174
1447.684907
1404.088996
1334.185207
1315.393867
1265.784726
1205.652435
1319.152135
1543.144919
1522.850271
1211.665664
943.325316
899.729405
929.043897
895.971137
866.656645
841.852075
705.802766
438.965725
199.188214
157.095610
295.399880
450.240529
454.750451
295.399880
151.082381
169.122069
329.975947
544.948888
710.312688
811.785929
873.421527
939.567048
1068.851473
1267.288034
1520.595310
1775.405893
1948.286230
1952.044498
1854.329525
1789.687312
1880.637402
2128.683103
2275.255562
2127.931449
1820.505111
1579.224293
1343.205051
964.371618
644.918821
689.266386
824.564041
457.005412
-416.416115
-1190.619363
-1513.078773
-1557.426338
-1629.585087
-1812.236921
-2091.100421
-2524.052916
-3111.094408
-3599.669272
-3654.539988
-3283.223091
-2900.631389
-2990.829826
-3424.533975
-3634.245340
-3444.828623
-3155.441972
-2881.088394
-2442.122670
-1998.647023
-1886.650631
-2042.242934
-1982.862297
-1496.542393
-898.226097
-490.829826
-234.515935
-30.817799
117.257968
248.797354
386.349970
629.885749
1032.772099
1416.115454
1555.923031
1495.039086
1449.188214
1467.227901
1449.939868
1452.946482
1649.879735
1885.898978
1822.008419
1448.436560
1101.172580
1019.993987
1083.884546
1159.801563
1175.586290
1083.884546
828.322309
498.346362
296.151533
354.028863
574.263379
670.475045
492.333133
202.946482
85.688515
153.337342
245.039086
329.224293
469.031870
587.793145
562.236921
472.790138
562.988575
863.650030
1151.533373
1334.936861
1449.188214
1506.313891
1508.568851
1529.615153
1682.200842
1967.829224
2194.076969
2155.742634
1909.951894
1629.585087
1362.748046
1089.897775
925.285628
1015.484065
1159.801563
834.335538
-38.334336
-891.461215
-1240.228503
-1201.894167
-1168.821407
-1304.870716
-1636.349970
-2158.749248
-2853.277210
-3441.822008
-3536.530367
-3147.925436
-2776.608539
-2882.591702
-3416.265785
-3816.145520
-3739.476849
-3389.206254
-3014.131088
-2584.936861
-2203.848467
-2125.676488
-2257.215875
-2179.795550
-1678.442574
-1081.629585
-707.306073
-487.071557
-248.797354
1.503307
231.509321
436.710764
603.577871
806.524354
1125.225496
1441.671678
1631.088394
1705.502105
1700.240529
1597.263981
1460.463019
1529.615153
1835.538184
2062.537583
1937.763079
1566.446182
1233.463620
1042.543596
1045.550210
1219.182201
1319.152135
1138.755262
748.647023
351.773903
103.728202
71.407096
251.803969
460.012026
374.323512
33.824414
-242.784125
-269.092002
-112.748046
89.446783
265.333734
313.439567
258.568851
245.039086
350.270595
502.104630
677.239928
946.331930
1249.248346
1444.678292
1527.360192
1557.426338
1577.720986
1709.260373
2018.190018
2338.394468
2427.089597
2245.189417
1871.617559
1353.728202
933.553818
978.653037
1439.416717
1632.591702
1038.033674
-34.576067
-859.891762
-1143.265183
-1076.368010
-898.977751
-919.272399
-1371.767889
-2233.914612
-3160.703548
-3662.808178
-3477.149729
-2887.853277
-2614.251353
-3097.564642
-3909.350571
-4303.968731
-4105.532171
-3649.278413
-3138.905592
-2634.546001
-2409.049910
-2593.205051
-2788.634997
-2503.006615
-1804.720385
-1147.775105
-759.170174
-547.203848
-329.975947
-36.079375
298.406494
555.472038
705.051112
953.096813
1389.055923
1759.621167
1877.630788
1833.283223
1769.392664
1708.508719
1731.809982
1994.888755
2355.682502
2450.390860
2190.318701
1806.223692
1508.568851
1389.807577
1492.032471
1646.873121
1555.923031
1179.344558
757.666867
466.776909
309.681299
279.615153
367.558629
346.512327
48.105833
-294.648226
-415.664462
-372.068551
-323.211064
-269.092002
-215.724594
-245.790740
-335.237523
-299.909802
-103.728202
133.042694
370.565244
659.951894
929.795550
1106.434155
1207.155743
1256.013229
1311.635598
1561.184606
2037.733013
2366.957306
2306.073361
2037.733013
1782.922429
1472.489477
1182.351173
1283.824414
1778.412508
2005.411906
1421.377029
333.734215
-492.333133
-741.130487
-573.511726
-340.499098
-400.631389
-880.938064
-1735.568250
-2714.972940
-3345.610343
-3264.431750
-2689.416717
-2360.944077
-2787.883343
-3595.911004
-4066.446182
-4030.366807
-3728.202044
-3276.458208
-2801.413109
-2572.158749
-2710.463019
-2900.631389
-2742.032471
-2168.520746
-1449.188214
-925.285628
-710.312688
-632.140710
-402.886350
13.529765
385.598316
601.322910
805.772700
1094.407697
1385.297655
1626.578473
1816.746843
1930.246542
1913.710162
1811.485268
1809.230307
1992.633794
2261.725797
2410.553217
2266.235719
1863.349369
1480.757667
1387.552616
1470.986170
1477.751052
1327.420325
1062.086590
700.541191
304.419723
39.837643
12.026458
62.387252
-27.811185
-269.092002
-520.895971
-626.127480
-608.839447
-596.812989
-657.696933
-678.743235
-600.571257
-457.757066
-308.177992
-187.161756
-49.609140
86.440168
224.744438
493.836440
937.312087
1352.224895
1506.313891
1440.920024
1444.678292
1716.776909
2169.272399
2538.334336
2671.377029
2474.443776
1973.090800
1437.161756
1340.198437
1831.779916
2384.996993
2297.805171
1419.873722
331.479254
-319.452796
-424.684305
-257.817198
-133.042694
-286.380036
-835.087192
-1822.008419
-2847.263981
-3314.792544
-3078.773301
-2636.049308
-2653.337342
-3198.286230
-3799.609140
-4086.740830
-4055.923031
-3813.138906
-3443.325316
-3096.812989
-2961.515334
-3029.164161
-3018.641010
-2657.095610
-2024.203247
-1490.529164
-1260.523151
-1138.755262
-829.073963
-262.327120
332.230908
705.051112
878.683103
998.196031
1150.781720
1443.174985
1885.147324
2336.139507
2584.936861
2445.880938
2111.395069
1943.024654
2091.852075
2395.520144
2556.374023
2436.109441
2053.517739
1595.760673
1233.463620
1100.420926
1153.036681
1166.566446
942.573662
477.300060
-18.039687
-351.773903
-481.809982
-551.713770
-646.422129
-781.719784
-934.305472
-1098.165965
-1214.672279
-1207.155743
-1115.453999
-1033.523752
-997.444378
-894.467829
-669.723391
-422.429345
-239.025857
-110.493085
68.400481
364.552014
775.706554
1199.639206
1507.817198
1633.343355
1659.651233
1753.607937
2016.686711
2441.371016
2899.879735
3183.253157
3038.935658
2460.162357
1822.008419
1598.767288
2010.673482
2648.827420
2783.373422
2115.904991
1025.255562
125.526158
-314.191221
-364.552014
-187.161756
-60.883945
-372.068551
-1282.321106
-2456.404089
-3203.547805
-3259.921828
-2963.018641
-2864.552014
-3186.259771
-3697.384245
-4046.151533
-4146.121467
-4059.681299
-3822.910403
-3519.242333
-3330.577270
-3323.812387
-3243.385448
-2811.184606
-2128.683103
-1605.532171
-1392.062538
-1282.321106
-975.646422
-376.578473
310.432952
829.825616
1118.460613
1283.072760
1422.880337
1587.492483
1864.101022
2277.510523
2656.343957
2737.522550
2501.503307
2232.411305
2186.560433
2295.550210
2352.675887
2236.921227
1997.143716
1682.952495
1344.708358
1034.275406
783.974744
612.597715
435.959110
126.277811
-314.191221
-673.481660
-827.570655
-898.977751
-1099.669272
-1418.370415
-1679.194227
-1740.829826
-1628.833434
-1482.260974
-1418.370415
-1435.658449
-1446.933253
-1337.943476
-1079.374624
-729.104029
-353.277210
-59.380637
132.291040
309.681299
594.558028
1010.222489
1471.737823
1858.087793
2087.342153
2188.063740
2234.666266
2382.742032
2686.410102
3062.236921
3407.997595
3610.192423
3517.739026
3048.707156
2430.096212
2091.852075
2297.805171
2790.889958
2952.495490
2451.142514
1502.555622
566.746843
-60.883945
-385.598316
-519.392664
-554.720385
-725.345761
-1300.360794
-2290.288635
-3258.418521
-3724.443776
-3689.116055
-3579.374624
-3736.470235
-4066.446182
-4303.217078
-4331.028262
-4208.508719
-4015.333734
-3745.490078
-3446.331930
-3243.385448
-3070.505111
-2702.946482
-2034.726398
-1267.288034
-766.686711
-612.597715
-496.091401
-88.695129
556.975346
1134.996993
1498.797354
1758.117859
2009.921828
2183.553818
2204.600120
2200.841852
2330.126278
2500.000000
2484.966927
2254.960914
2018.941672
1947.534576
1919.723391
1672.429345
1201.894167
793.746242
611.846061
457.005412
108.989778
-327.720986
-664.461816
-898.226097
-1185.357787
-1538.634997
-1784.425737
-1855.081179
-1864.852676
-1922.730006
-2030.216476
-2077.570655
-1971.587492
-1757.366206
-1542.393265
-1359.741431
-1099.669272
-745.640409
-385.598316
-82.681900
189.416717
486.319904
791.491281
1116.957306
1462.717980
1761.876127
2015.183403
2269.242333
2503.006615
2674.383644
2834.485869
3042.693927
3230.607336
3304.269393
3292.994588
3318.550812
3380.938064
3438.815394
3495.189417
3480.907998
3187.011425
2530.817799
1807.726999
1452.946482
1513.078773
1580.727601
1259.019844
529.164161
-287.883343
-953.096813
-1494.287432
-1964.070956
-2255.712568
-2319.603127
-2447.384245
-2906.644618
-3536.530367
-3946.933253
-4037.883343
-4038.634997
-4104.780517
-4141.611545
-4007.817198
-3710.914011
-3382.441371
-3080.276609
-2739.025857
-2361.695731
-2069.302465
-1908.448587
-1653.638004
-1036.530367
-194.678292
447.985568
690.769693
713.319302
832.832231
1149.278413
1539.386651
1824.263379
1943.776308
1961.815995
1942.273001
1835.538184
1684.455803
1598.767288
1567.197835
1378.532772
909.500902
405.141311
164.612147
100.721587
-12.026458
-290.889958
-697.534576
-1102.675887
-1401.082381
-1587.492483
-1797.955502
-1971.587492
-1986.620565
-1891.912207
-1882.140710
-1944.527962
-1884.395670
-1664.912808
-1461.214672
-1344.708358
-1144.768491
-759.170174
-290.138304
133.042694
450.240529
593.806374
690.018040
946.331930
1333.433554
1710.012026
2024.954901
2324.113049
2524.804570
2554.119062
2527.059531
2614.251353
2753.307276
2813.439567
2817.949489
2817.197835
2796.903187
2698.436560
2590.950090
2504.509922
2371.467228
2193.325316
2003.156945
1757.366206
1502.555622
1428.141912
1603.277210
1731.058328
1399.579074
569.753458
-261.575466
-558.478653
-317.949489
6.764883
-34.576067
-444.227300
-941.070355
-1383.042694
-1785.929044
-2098.616957
-2127.179796
-1918.220084
-1812.236921
-2023.451594
-2355.682502
-2455.652435
-2270.745640
-2120.414913
-2203.096813
-2379.735418
-2371.467228
-2085.087192
-1667.167769
-1280.817799
-968.129886
-786.229705
-853.878533
-1048.556825
-1076.368010
-748.647023
-205.201443
195.429946
209.711365
0.000000
-106.734817
-7.516536
122.519543
139.807577
40.589296
-127.029465
-313.439567
-497.594708
-533.674083
-421.677691
-363.048707
-570.505111
-971.888154
-1314.642213
-1401.834035
-1270.294648
-1116.957306
-1058.328322
-1071.106434
-1099.669272
-1095.159351
-1052.315093
-975.646422
-792.242934
-551.713770
-329.224293
-129.284426
74.413710
331.479254
588.544799
804.269393
974.143115
1150.781720
1366.506314
1574.714372
1741.581479
1840.048106
1903.938665
1973.090800
2004.660253
2002.405292
2005.411906
2024.203247
2021.948286
1936.259771
1782.170776
1658.147925
1618.310283
1602.525556
1460.463019
1178.592904
889.206254
746.392063
740.378833
738.123873
695.279615
640.408900
584.786530
525.405893
463.018641
436.710764
484.064943
580.276609
703.547805
859.140108
1100.420926
1344.708358
1371.767889
1028.262177
564.491882
450.240529
780.968130
1179.344558
1240.228503
972.639808
620.865905
306.674684
10.523151
-266.085388
-457.005412
-543.445580
-639.657246
-941.070355
-1387.552616
-1694.978954
-1757.366206
-1811.485268
-2129.434756
-2599.969934
-2936.710764
-2997.594708
-2904.389657
-2765.333734
-2593.956705
-2484.215274
-2522.549609
-2714.221287
-2852.525556
-2724.744438
-2322.609741
-1880.637402
-1645.369814
-1597.263981
-1514.582081
-1302.615755
-1077.871317
-925.285628
-811.785929
-674.984967
-510.372820
-362.297054
-241.280818
-91.701744
104.479856
277.360192
329.224293
239.025857
214.972940
379.585087
644.918821
823.060734
863.650030
853.878533
884.696332
941.822008
989.927841
1017.739026
1014.732411
1023.000601
1058.328322
1048.556825
1007.967529
1001.202646
998.947685
922.279014
782.471437
700.541191
723.842453
792.994588
838.093806
835.838845
759.921828
639.657246
547.203848
488.574865
455.502105
511.876127
671.978352
796.752856
733.613951
573.511726
554.720385
696.782922
829.825616
897.474444
948.586891
1011.725797
1074.864702
1151.533373
1255.261575
1389.055923
1538.634997
1670.174384
1731.809982
1717.528563
1735.568250
1853.577871
1947.534576
1912.206855
1843.806374
1873.120866
1958.809381
1937.011425
1669.422730
1191.371016
696.031269
435.959110
414.912808
352.525556
74.413710
-360.042093
-799.007817
-1216.175586
-1659.651233
-2050.511124
-2293.295250
-2428.592904
-2634.546001
-2970.535177
-3320.054119
-3480.907998
-3395.971137
-3307.276007
-3417.017438
-3641.761876
-3732.711966
-3556.825015
-3227.600722
-2847.263981
-2443.625977
-2097.113650
-1915.965123
-1881.389056
-1782.170776
-1408.598918
-775.706554
-208.959711
-16.536380
-81.930247
-19.542995
317.197835
699.037883
871.918220
883.193025
867.408298
824.564041
716.325917
623.872520
676.488274
847.865304
938.815394
785.478052
457.005412
226.247745
236.770896
302.916416
242.032471
133.794348
139.055923
226.247745
184.906795
15.033073
-90.950090
-46.602526
44.347565
102.976548
158.598918
274.353578
416.416115
518.641010
563.740229
558.478653
603.577871
750.150331
951.593506
1121.467228
1259.771497
1369.512928
1395.069152
1353.728202
1340.950090
1445.429946
1581.479254
1640.859892
1615.303668
1561.184606
1522.850271
1498.797354
1494.287432
1449.188214
1305.622369
1134.996993
1047.053518
1023.752255
989.176188
918.520746
811.785929
675.736621
508.117859
337.492483
224.744438
195.429946
254.058930
323.962718
300.661455
138.304269
-60.883945
-175.886951
-169.873722
-40.589296
136.800962
204.449790
3.006615
-390.859892
-682.501503
-686.259771
-516.386049
-453.998797
-598.316296
-806.524354
-952.345159
-1068.099820
-1222.940469
-1375.526158
-1434.906795
-1458.959711
-1574.714372
-1782.922429
-1882.140710
-1778.412508
-1636.349970
-1682.200842
-1885.147324
-1988.123873
-1897.173782
-1715.273602
-1583.734215
-1439.416717
-1236.470235
-1061.334937
-1015.484065
-1035.778713
-935.808779
-668.220084
-432.200842
-436.710764
-561.485268
-545.700541
-324.714372
-98.466627
-44.347565
-109.741431
-159.350571
-158.598918
-181.900180
-208.208058
-137.552616
77.420325
273.601924
296.151533
196.181600
158.598918
281.870114
427.690920
466.025256
479.555021
614.852676
821.557426
950.090198
947.083584
939.567048
998.196031
1113.199038
1192.122670
1228.953698
1258.268190
1285.327721
1277.811185
1188.364402
1083.884546
1049.308479
1086.891161
1075.616356
939.567048
758.418521
673.481660
668.220084
648.677090
604.329525
558.478653
473.541792
351.773903
238.274203
163.860493
154.840649
207.456404
275.856885
223.241130
66.897174
-37.582682
3.006615
108.989778
177.390259
206.704750
217.979555
214.221287
198.436560
223.992784
290.889958
367.558629
441.220686
466.776909
464.521948
499.849669
620.114251
774.954901
809.530968
717.829224
623.120866
628.382441
720.835839
796.752856
725.345761
465.273602
133.794348
-90.950090
-127.029465
-125.526158
-235.267589
-434.455803
-672.730006
-899.729405
-1120.715574
-1280.817799
-1358.238124
-1415.363800
-1549.158148
-1773.902586
-1964.822610
-1980.607336
-1849.067949
-1767.137703
-1853.577871
-1979.855683
-1956.554420
-1799.458809
-1598.767288
-1419.122069
-1206.404089
-968.881539
-821.557426
-795.249549
-791.491281
-662.206855
-396.121467
-174.383644
-90.198437
-51.864101
58.628984
229.254360
341.250752
369.813590
411.154540
493.084787
498.346362
399.879735
320.204450
383.343355
517.889357
519.392664
332.982562
140.559230
87.191822
167.618761
231.509321
202.946482
162.357186
181.900180
216.476248
196.933253
172.880337
217.979555
338.995791
426.939266
424.684305
375.826819
360.042093
368.310283
381.840048
416.416115
498.346362
618.610944
706.554420
679.494889
593.806374
532.170776
525.405893
577.269994
641.160553
713.319302
767.438364
756.915213
681.749850
617.859290
612.597715
642.663860
714.070956
771.948286
745.640409
659.951894
581.779916
567.498497
627.630788
707.306073
694.527962
572.760072
432.952495
350.270595
319.452796
321.707757
332.982562
335.237523
311.184606
269.092002
222.489477
163.860493
130.036079
131.539387
150.330728
144.317498
90.198437
34.576067
17.288034
71.407096
142.062538
100.721587
-86.440168
-299.909802
-387.101624
-342.002405
-290.138304
-331.479254
-402.886350
-459.260373
-496.091401
-570.505111
-662.206855
-711.064342
-742.633794
-827.570655
-987.672880
-1088.394468
-1046.301864
-902.736019
-841.100421
-957.606735
-1138.755262
-1209.410704
-1167.318100
-1090.649429
-998.196031
-878.683103
-777.209862
-765.183403
-823.060734
-827.570655
-731.358990
-614.852676
-586.289838
-680.246542
-742.633794
-666.716777
-499.098016
-355.532171
-336.740830
-387.853277
-451.743836
-492.333133
-490.829826
-409.651233
-259.320505
-121.767889
-88.695129
-142.062538
-158.598918
-94.708358
11.274805
118.009621
206.704750
283.373422
369.813590
444.978954
486.319904
539.687312
629.885749
732.862297
823.060734
877.931449
935.057126
1010.222489
1045.550210
1009.470836
960.613349
968.129886
1021.497294
1044.046903
970.384847
849.368611
758.418521
740.378833
725.345761
655.441972
582.531569
565.243536
571.256765
511.124474
377.330126
287.883343
311.936260
390.859892
393.114853
283.373422
171.377029
96.211666
21.046302
-51.864101
-69.903788
15.033073
124.774504
139.055923
45.099218
-36.831028
12.026458
105.983163
131.539387
105.231509
105.983163
164.612147
236.019242
268.340349
308.177992
383.343355
435.959110
431.449188
395.369814
421.677691
520.895971
583.283223
583.283223
579.524955
635.147324
668.220084
563.740229
351.022249
136.800962
34.576067
33.072760
43.595911
-10.523151
-121.767889
-303.668070
-519.392664
-713.319302
-850.120265
-925.285628
-995.189417
-1121.467228
-1275.556224
-1407.847264
-1492.784125
-1533.373422
-1595.009020
-1661.154540
-1718.280216
-1741.581479
-1691.972339
-1577.720986
-1444.678292
-1316.897174
-1265.033073
-1277.811185
-1250.751654
-1128.232111
-911.004209
-698.286230
-554.720385
-498.346362
-439.717378
-323.211064
-151.834035
49.609140
208.208058
319.452796
372.820204
386.349970
449.488876
556.223692
659.200241
705.051112
677.239928
634.395670
607.336140
620.865905
650.180397
679.494889
684.004811
660.703548
632.892363
617.859290
608.087793
611.846061
586.289838
531.419122
493.084787
450.240529
387.853277
314.942874
278.863500
250.300661
193.174985
133.794348
71.407096
24.804570
27.811185
74.413710
98.466627
89.446783
66.145520
61.635598
94.708358
157.847264
252.555622
348.015634
369.813590
366.055322
399.879735
462.266987
540.438966
566.746843
572.008419
610.342754
690.769693
786.229705
829.073963
782.471437
704.299459
648.677090
647.173782
698.286230
756.915213
801.262778
805.021046
730.607336
608.839447
503.607937
451.743836
426.187613
409.651233
365.303668
306.674684
265.333734
193.926639
80.426939
-27.059531
-105.983163
-180.396873
-248.045701
-332.230908
-354.028863
-311.936260
-290.889958
-380.336741
-571.256765
-732.110643
-773.451594
-741.130487
-722.339146
-747.895370
-781.719784
-787.733013
-811.034275
-844.107035
-861.395069
-859.140108
-883.193025
-920.775707
-932.050511
-914.762477
-860.643416
-822.309080
-799.759471
-802.766085
-839.597114
-874.924835
-879.434756
-838.093806
-747.895370
-632.892363
-591.551413
-611.094408
-649.428743
-644.918821
-593.054720
-547.955502
-493.836440
-415.664462
-357.035478
-336.740830
-319.452796
-307.426338
-315.694528
-324.714372
-320.204450
-247.294047
-123.271197
-15.033073
5.261575
-51.112447
-87.943476
-56.374023
53.367408
186.410102
327.720986
440.469032
525.405893
570.505111
589.296452
654.690319
756.915213
876.428142
951.593506
1001.954299
1077.119663
1131.238725
1121.467228
1066.596512
1053.818400
1104.930848
1150.030066
1111.695731
1010.222489
918.520746
883.193025
870.414913
842.603728
786.981359
707.306073
620.865905
495.339747
363.800361
291.641612
299.158148
320.204450
266.085388
157.095610
51.864101
-16.536380
-48.857486
-59.380637
-51.864101
-26.307877
15.033073
31.569453
-3.006615
-50.360794
-45.850872
7.516536
96.211666
169.122069
187.913410
211.214672
237.522550
254.810583
290.138304
357.035478
432.952495
432.952495
356.283824
253.307276
193.174985
189.416717
209.711365
208.208058
140.559230
9.771497
-157.095610
-293.144919
-362.297054
-372.820204
-348.015634
-367.558629
-480.306675
-647.925436
-795.249549
-884.696332
-950.090198
-1035.778713
-1138.003608
-1210.162357
-1246.241732
-1274.804570
-1324.413710
-1389.055923
-1432.651834
-1449.939868
-1449.188214
-1440.168370
-1434.906795
-1407.847264
-1340.198437
-1274.052916
-1241.731810
-1204.900782
-1104.179194
-959.110042
-836.590499
-738.123873
-618.610944
-444.978954
-237.522550
-39.085989
144.317498
294.648226
415.664462
523.150932
608.087793
687.011425
787.733013
917.769092
1020.745640
1058.328322
1059.831630
1080.126278
1110.192423
1109.440770
1092.904390
1091.401082
1095.159351
1059.079976
992.182802
925.285628
877.931449
835.087192
768.941672
689.266386
616.355983
582.531569
559.230307
490.829826
390.108238
316.446182
302.164762
306.674684
283.373422
229.254360
197.684907
163.860493
118.761275
64.642213
47.354179
85.688515
126.277811
148.827420
132.291040
116.506314
130.787733
158.598918
155.592303
133.794348
151.082381
214.972940
262.327120
246.542393
214.221287
214.221287
220.234516
207.456404
184.155141
151.834035
157.847264
161.605532
108.238124
27.059531
-29.314492
-18.791341
-15.033073
-71.407096
-165.363800
-246.542393
-276.608539
-308.929645
-393.114853
-480.306675
-498.346362
-452.495490
-445.730607
-511.876127
-565.995189
-590.799759
-641.912207
-710.312688
-727.600722
-671.226699
-576.518340
-517.137703
-532.922429
-578.773301
-602.826218
-578.773301
-537.432351
-481.809982
-384.846663
-282.621768
-237.522550
-259.320505
-278.111846
-227.751052
-129.284426
-79.675286
-93.956705
-103.728202
-69.903788
-9.019844
39.085989
59.380637
57.125676
57.877330
57.877330
57.877330
49.609140
33.824414
15.033073
-12.778112
-1.503307
43.595911
72.158749
68.400481
41.340950
3.006615
-24.804570
-28.562838
-9.019844
18.039687
63.890559
108.989778
111.996392
56.374023
9.771497
6.764883
29.314492
99.218280
190.920024
239.777511
242.784125
220.234516
226.247745
274.353578
335.989176
392.363199
409.651233
380.336741
316.446182
308.177992
344.257366
391.611545
441.972339
438.214071
369.813590
291.641612
224.744438
170.625376
144.317498
159.350571
154.088996
134.546001
105.231509
57.877330
-16.536380
-102.976548
-115.754660
-70.655442
-35.327721
-45.099218
-42.092604
-52.615755
-58.628984
-57.877330
-75.165364
-111.996392
-133.042694
-97.714973
-45.099218
-3.006615
22.549609
18.791341
-37.582682
-76.668671
-32.321106
52.615755
116.506314
154.088996
173.631990
170.625376
145.069152
123.271197
151.834035
236.770896
319.452796
331.479254
272.098617
211.214672
178.893566
172.880337
189.416717
192.423331
148.075767
101.473241
79.675286
52.615755
21.797956
-2.254961
-38.334336
-115.003007
-164.612147
-145.820806
-123.271197
-148.075767
-196.181600
-251.052315
-302.164762
-333.734215
-327.720986
-321.707757
-338.244137
-360.793746
-384.095009
-411.154540
-435.207456
-435.207456
-436.710764
-450.992183
-456.253758
-443.475646
-418.671076
-372.068551
-297.654841
-223.241130
-235.267589
-269.092002
-268.340349
-237.522550
-178.893566
-117.257968
-79.675286
-95.460012
-136.049308
-142.062538
-127.781118
-136.800962
-129.284426
-117.257968
-133.794348
-147.324113
-126.277811
-88.695129
-96.211666
-115.003007
-80.426939
-30.066146
-16.536380
-10.523151
-0.751654
3.758268
46.602526
99.969934
117.257968
115.754660
118.761275
158.598918
211.214672
217.227901
202.946482
205.953097
239.025857
280.366807
311.184606
335.237523
370.565244
395.369814
384.846663
384.846663
408.899579
417.167769
390.859892
375.075165
385.598316
405.141311
435.959110
453.247144
427.690920
386.349970
377.330126
384.095009
368.310283
362.297054
373.571858
376.578473
334.485869
284.876729
253.307276
230.757667
184.155141
139.807577
114.251353
99.218280
103.728202
94.708358
36.831028
-50.360794
-74.413710
-58.628984
-41.340950
-57.877330
-114.251353
-175.886951
-229.254360
-248.045701
-246.542393
-245.790740
-219.482862
-202.946482
-235.267589
-309.681299
-363.800361
-351.773903
-308.929645
-252.555622
-218.731209
-221.737823
-260.072159
-290.889958
-277.360192
-245.039086
-189.416717
-161.605532
-199.188214
-263.078773
-290.889958
-276.608539
-277.360192
-260.072159
-199.939868
-135.297655
-127.029465
-199.188214
-343.505713
-439.717378
-407.396272
-294.648226
-204.449790
-187.913410
-233.012628
-312.687913
-409.651233
-449.488876
-414.161155
-367.558629
-318.701143
-272.098617
-208.959711
-182.651834
-163.108839
-145.069152
-146.572459
-128.532772
-69.903788
10.523151
76.668671
133.042694
206.704750
254.058930
259.320505
267.588695
320.956103
405.141311
480.306675
544.197234
591.551413
596.812989
593.054720
614.101022
656.945280
693.024654
709.561034
683.253157
620.114251
597.564642
613.349369
599.819603
536.680698
478.051714
426.187613
384.846663
338.995791
284.125075
211.966326
129.284426
60.132291
-11.274805
-72.158749
-99.218280
-124.022850
-191.671678
-268.340349
-298.406494
-288.634997
-304.419723
-355.532171
-388.604931
-392.363199
-391.611545
-392.363199
-378.081780
-331.479254
-255.562237
-190.920024
-227.751052
-318.701143
-326.217679
-247.294047
-171.377029
-109.741431
-42.844257
11.274805
11.274805
-3.006615
-16.536380
-24.804570
12.026458
81.178593
102.224895
105.231509
124.774504
127.029465
57.877330
-15.784726
-3.006615
36.079375
38.334336
-26.307877
-84.936861
-116.506314
-115.003007
-120.264582
-142.814191
-184.906795
-203.698136
-216.476248
-286.380036
-357.035478
-345.009020
-275.856885
-259.320505
-249.549008
-245.790740
-238.274203
-220.986170
-203.698136
-192.423331
-203.698136
-199.188214
-166.115454
-117.257968
-31.569453
101.473241
184.155141
143.565845
64.642213
83.433554
171.377029
261.575466
326.217679
350.270595
339.747444
350.270595
417.167769
476.548406
477.300060
440.469032
381.088394
330.727601
322.459411
387.101624
488.574865
526.909200
493.836440
398.376428
232.260974
82.681900
42.092604
105.983163
161.605532
153.337342
116.506314
30.066146
-74.413710
-128.532772
-149.579074
-173.631990
-186.410102
-190.168370
-205.953097
-235.267589
-247.294047
-251.052315
-272.850271
-287.883343
-268.340349
-260.823812
-276.608539
-258.568851
-248.797354
-262.327120
-248.045701
-180.396873
-112.748046
-114.251353
-111.996392
-99.969934
-102.224895
-95.460012
-47.354179
-3.006615
-1.503307
6.764883
6.013229
-27.811185
-59.380637
-51.112447
-45.850872
-90.198437
-118.761275
-102.224895
-110.493085
-166.115454
-172.128683
-111.996392
-69.903788
-54.870716
-70.655442
-137.552616
-178.141912
-141.310884
-78.171978
-36.079375
3.006615
39.837643
42.092604
9.019844
2.254961
72.910403
142.062538
181.148527
222.489477
251.803969
248.045701
233.764281
233.012628
251.803969
285.628382
330.727601
343.505713
277.360192
230.006013
254.810583
295.399880
317.197835
320.204450
298.406494
236.019242
139.055923
99.218280
105.231509
121.016236
136.800962
127.029465
46.602526
-54.870716
-104.479856
-126.277811
-132.291040
-115.754660
-74.413710
-76.668671
-125.526158
-202.946482
-267.588695
-272.850271
-233.764281
-179.645219
-158.598918
-160.102225
-142.814191
-116.506314
-116.506314
-112.748046
-91.701744
-88.695129
-103.728202
-87.943476
-21.046302
61.635598
134.546001
162.357186
116.506314
49.609140
26.307877
45.099218
99.218280
139.807577
181.148527
191.671678
108.989778
32.321106
13.529765
15.784726
6.013229
-8.268190
-33.824414
-89.446783
-157.847264
-187.913410
-189.416717
-177.390259
-182.651834
-211.966326
-278.863500
-384.846663
-447.233915
-433.704149
-420.926037
-407.396272
-365.303668
-328.472640
-326.217679
-369.061936
-393.866506
-381.840048
-331.479254
-252.555622
-172.128683
-108.989778
-62.387252
-30.817799
-28.562838
-10.523151
60.883945
175.135298
287.883343
327.720986
344.257366
381.088394
433.704149
478.051714
518.641010
554.720385
584.786530
594.558028
554.720385
485.568250
447.985568
474.293446
500.601323
503.607937
453.247144
366.055322
279.615153
187.913410
125.526158
116.506314
106.734817
57.877330
-38.334336
-158.598918
-228.502706
-211.214672
-174.383644
-206.704750
-282.621768
-322.459411
-334.485869
-325.466025
-307.426338
-265.333734
-210.463019
-188.665063
-189.416717
-175.135298
-139.807577
-79.675286
-32.321106
-30.066146
-23.301263
30.817799
124.774504
187.161756
205.201443
187.913410
145.069152
130.787733
166.115454
205.953097
247.294047
274.353578
236.019242
166.867108
99.969934
88.695129
107.486470
96.963319
57.877330
32.321106
-29.314492
-136.800962
-214.972940
-242.032471
-255.562237
-251.052315
-229.254360
-268.340349
-354.028863
-395.369814
-360.793746
-347.263981
-360.793746
-363.048707
-363.048707
-363.800361
-342.002405
-293.144919
-266.085388
-301.413109
-293.144919
-239.777511
-208.208058
-148.075767
-66.145520
-11.274805
-2.254961
5.261575
15.784726
37.582682
72.910403
129.284426
185.658449
182.651834
161.605532
159.350571
158.598918
181.148527
242.784125
261.575466
208.959711
151.082381
156.343957
175.886951
186.410102
189.416717
142.814191
84.185207
78.923632
91.701744
66.897174
16.536380
1.503307
-21.797956
-59.380637
-33.824414
41.340950
77.420325
64.642213
54.870716
21.046302
-22.549609
6.013229
91.701744
146.572459
167.618761
187.913410
182.651834
132.291040
117.257968
187.913410
257.065544
262.327120
245.790740
211.966326
158.598918
154.088996
233.012628
313.439567
314.191221
301.413109
252.555622
124.022850
21.046302
43.595911
115.754660
158.598918
172.128683
111.244738
-28.562838
-161.605532
-200.691521
-208.208058
-211.966326
-178.893566
-159.350571
-217.979555
-303.668070
-345.760673
-383.343355
-438.965725
-448.737222
-410.402886
-378.833434
-363.800361
-331.479254
-308.177992
-320.956103
-304.419723
-259.320505
-248.797354
-260.823812
-208.959711
-140.559230
-87.943476
-17.288034
35.327721
36.831028
25.556224
51.864101
73.662057
84.185207
140.559230
198.436560
187.161756
170.625376
193.174985
182.651834
105.983163
45.099218
47.354179
60.883945
77.420325
90.950090
39.837643
-89.446783
-137.552616
-104.479856
-102.976548
-139.055923
-138.304269
-144.317498
-212.717980
-254.058930
-238.274203
-216.476248
-216.476248
-171.377029
-121.767889
-127.029465
-142.814191
-120.264582
-104.479856
-54.119062
57.125676
169.122069
205.953097
180.396873
183.403488
204.449790
231.509321
303.668070
420.926037
489.326518
493.836440
487.823211
447.985568
421.677691
460.012026
514.131088
511.876127
478.051714
458.508719
428.442574
377.330126
360.793746
365.303668
305.171377
201.443175
123.271197
60.883945
12.778112
2.254961
-23.301263
-130.787733
-231.509321
-277.360192
-304.419723
-345.009020
-377.330126
-407.396272
-451.743836
-480.306675
-458.508719
-422.429345
-420.926037
-420.926037
-409.651233
-416.416115
-393.866506
-275.856885
-166.115454
-165.363800
-171.377029
-112.748046
-49.609140
-11.274805
69.152135
130.036079
108.238124
83.433554
123.271197
164.612147
182.651834
224.744438
245.790740
169.122069
80.426939
106.734817
139.055923
118.761275
117.257968
96.963319
25.556224
-53.367408
-75.165364
-73.662057
-118.761275
-154.840649
-185.658449
-254.810583
-302.916416
-278.863500
-256.313891
-296.151533
-321.707757
-319.452796
-319.452796
-314.191221
-280.366807
-234.515935
-233.764281
-223.241130
-161.605532
-100.721587
-75.917017
-27.811185
42.844257
73.662057
78.171978
111.244738
142.814191
178.141912
254.810583
310.432952
322.459411
333.734215
348.767288
339.747444
308.929645
323.962718
388.604931
421.677691
414.912808
396.121467
357.035478
284.876729
247.294047
247.294047
238.274203
222.489477
205.953097
156.343957
56.374023
12.778112
27.811185
24.052916
-42.092604
-121.767889
-180.396873
-206.704750
-164.612147
-102.976548
-105.983163
-184.906795
-248.045701
-272.098617
-269.843656
-205.201443
-110.493085
-70.655442
-93.205051
-115.003007
-117.257968
-105.983163
-52.615755
6.764883
13.529765
3.006615
40.589296
89.446783
100.721587
125.526158
142.814191
111.996392
68.400481
68.400481
121.016236
166.867108
170.625376
127.029465
53.367408
-15.784726
-26.307877
15.033073
24.052916
-8.268190
-33.824414
-67.648827
-128.532772
-146.572459
-144.317498
-182.651834
-231.509321
-246.542393
-214.221287
-199.939868
-205.201443
-188.665063
-206.704750
-245.039086
-222.489477
-178.141912
-152.585689
-111.244738
-56.374023
-33.072760
-43.595911
-43.595911
-18.039687
22.549609
45.099218
80.426939
130.036079
153.337342
178.893566
191.671678
175.135298
150.330728
143.565845
156.343957
177.390259
212.717980
248.045701
220.234516
145.069152
88.695129
51.864101
41.340950
54.119062
60.132291
37.582682
-5.261575
-62.387252
-111.996392
-128.532772
-132.291040
-130.036079
-133.042694
-166.867108
-196.933253
-199.939868
-177.390259
-161.605532
-158.598918
-160.853879
-154.840649
-146.572459
-126.277811
-85.688515
-40.589296
4.509922
15.033073
14.281419
26.307877
56.374023
91.701744
135.297655
145.820806
167.618761
210.463019
217.979555
218.731209
214.972940
202.194829
203.698136
202.194829
204.449790
196.181600
186.410102
170.625376
133.794348
93.205051
69.903788
55.622369
17.288034
-21.046302
-31.569453
-26.307877
-39.085989
-56.374023
-63.890559
-113.499699
-172.880337
-188.665063
-189.416717
-174.383644
-113.499699
-69.903788
-97.714973
-180.396873
-221.737823
-193.926639
-153.337342
-84.185207
-21.046302
-7.516536
-30.066146
-42.844257
-48.105833
-60.132291
-26.307877
51.112447
74.413710
60.132291
81.930247
115.003007
111.244738
87.191822
86.440168
57.125676
29.314492
60.883945
124.774504
146.572459
141.310884
116.506314
42.844257
-33.824414
-36.831028
36.079375
73.662057
59.380637
39.085989
-5.261575
-68.400481
-88.695129
-75.917017
-57.125676
-62.387252
-71.407096
-87.943476
-145.069152
-160.102225
-125.526158
-108.989778
-121.016236
-118.761275
-103.728202
-132.291040
-153.337342
-127.781118
-116.506314
-109.741431
-73.662057
-34.576067
-34.576067
-46.602526
-32.321106
-15.033073
-13.529765
28.562838
90.950090
107.486470
87.191822
99.969934
117.257968
116.506314
141.310884
161.605532
154.088996
129.284426
153.337342
176.638605
143.565845
111.996392
115.003007
100.721587
72.910403
86.440168
105.231509
69.903788
30.066146
31.569453
18.039687
-14.281419
-3.006615
12.778112
-33.824414
-96.963319
-84.185207
-55.622369
-60.132291
-48.857486
-27.811185
-57.877330
-93.956705
-68.400481
-44.347565
-45.099218
-32.321106
3.758268
-3.006615
-36.079375
-19.542995
10.523151
3.006615
9.771497
37.582682
45.099218
42.092604
57.877330
82.681900
75.165364
71.407096
80.426939
57.877330
3.758268
18.791341
46.602526
33.824414
13.529765
-2.254961
-18.791341
-32.321106
-19.542995
-27.059531
-79.675286
-105.983163
-78.923632
-73.662057
-86.440168
-69.152135
-37.582682
-51.112447
-85.688515
-86.440168
-90.198437
-101.473241
-69.152135
-40.589296
-52.615755
-39.837643
7.516536
0.751654
-52.615755
-51.864101
-0.751654
-0.751654
-15.033073
36.831028
61.635598
45.850872
61.635598
65.393867
23.301263
13.529765
33.072760
21.797956
-40.589296
-37.582682
30.066146
44.347565
33.072760
43.595911
37.582682
-18.039687
-65.393867
-62.387252
-38.334336
-20.294648
30.817799
54.870716
-4.509922
-38.334336
-21.046302
-28.562838
-53.367408
-30.066146
3.006615
2.254961
-1.503307
18.039687
24.052916
7.516536
14.281419
4.509922
-39.085989
-48.105833
-15.784726
-9.771497
-9.771497
21.046302
45.850872
32.321106
4.509922
0.000000
-1.503307
12.026458
39.085989
54.119062
43.595911
50.360794
81.178593
82.681900
59.380637
77.420325
78.171978
36.079375
33.072760
72.910403
108.989778
118.761275
108.989778
56.374023
-20.294648
-46.602526
0.751654
40.589296
59.380637
79.675286
51.864101
-42.092604
-111.996392
-111.244738
-83.433554
-68.400481
-47.354179
-51.864101
-87.943476
-92.453397
-78.923632
-98.466627
-111.244738
-69.152135
-25.556224
-21.046302
-32.321106
-23.301263
-5.261575
3.758268
19.542995
42.092604
42.844257
59.380637
73.662057
61.635598
64.642213
98.466627
117.257968
116.506314
131.539387
124.022850
89.446783
30.817799
-1.503307
3.006615
35.327721
72.158749
59.380637
0.000000
-49.609140
-75.917017
-113.499699
-127.029465
-105.983163
-83.433554
-78.171978
-90.950090
-123.271197
-172.128683
-185.658449
-147.324113
-115.003007
-123.271197
-123.271197
-105.231509
-121.016236
-140.559230
-102.224895
-67.648827
-69.903788
-61.635598
-24.804570
-22.549609
-30.066146
7.516536
30.817799
27.811185
52.615755
92.453397
81.930247
46.602526
49.609140
78.923632
88.695129
94.708358
111.996392
114.251353
100.721587
102.224895
98.466627
84.185207
95.460012
117.257968
105.983163
62.387252
42.844257
43.595911
30.817799
26.307877
12.778112
0.000000
-14.281419
0.000000
15.784726
5.261575
-9.771497
-14.281419
-20.294648
-30.817799
-9.771497
11.274805
-6.764883
-16.536380
-5.261575
7.516536
22.549609
30.066146
28.562838
28.562838
41.340950
63.890559
58.628984
64.642213
105.231509
118.009621
96.963319
87.191822
86.440168
87.943476
101.473241
99.218280
64.642213
41.340950
48.857486
59.380637
42.844257
18.039687
0.000000
-42.092604
-87.191822
-90.950090
-60.132291
-44.347565
-54.870716
-75.917017
-130.036079
-184.155141
-188.665063
-194.678292
-206.704750
-190.920024
-150.330728
-163.860493
-202.194829
-199.939868
-179.645219
-172.880337
-164.612147
-134.546001
-115.003007
-93.205051
-54.119062
-27.059531
-45.850872
-57.125676
-39.085989
-42.844257
-35.327721
29.314492
93.205051
97.714973
63.138906
57.877330
58.628984
61.635598
99.218280
118.761275
108.989778
99.969934
117.257968
106.734817
73.662057
76.668671
90.198437
63.138906
41.340950
43.595911
60.883945
66.145520
54.870716
50.360794
10.523151
-32.321106
-43.595911
-44.347565
-40.589296
2.254961
52.615755
42.092604
-15.033073
-30.066146
-27.811185
-29.314492
-2.254961
42.092604
59.380637
68.400481
66.145520
46.602526
49.609140
76.668671
115.003007
104.479856
79.675286
92.453397
112.748046
117.257968
127.781118
138.304269
114.251353
83.433554
65.393867
54.870716
64.642213
89.446783
105.983163
75.917017
30.066146
30.066146
21.797956
-15.784726
-63.138906
-87.943476
-86.440168
-87.943476
-76.668671
-74.413710
-99.218280
-136.800962
-197.684907
-244.287432
-239.025857
-174.383644
-114.251353
-115.754660
-142.814191
-167.618761
-175.886951
-171.377029
-140.559230
-90.950090
-60.883945
-56.374023
-67.648827
-72.158749
-39.837643
21.797956
60.883945
50.360794
31.569453
28.562838
46.602526
60.132291
80.426939
107.486470
125.526158
133.042694
111.244738
70.655442
56.374023
66.897174
73.662057
72.158749
72.910403
70.655442
51.864101
0.751654
-41.340950
-43.595911
-43.595911
-43.595911
-43.595911
-45.850872
-61.635598
-72.158749
-81.178593
-96.963319
-90.950090
-74.413710
-57.125676
-75.917017
-79.675286
-38.334336
-19.542995
-9.771497
0.000000
11.274805
15.033073
14.281419
17.288034
34.576067
59.380637
99.218280
131.539387
112.748046
88.695129
87.943476
98.466627
96.211666
113.499699
131.539387
129.284426
132.291040
115.003007
72.158749
56.374023
58.628984
56.374023
41.340950
19.542995
2.254961
-11.274805
-34.576067
-41.340950
-27.811185
-39.837643
-72.910403
-96.211666
-110.493085
-105.231509
-81.178593
-71.407096
-74.413710
-98.466627
-122.519543
-127.781118
-113.499699
-84.936861
-39.837643
-14.281419
-29.314492
-45.850872
-41.340950
-32.321106
-5.261575
17.288034
12.026458
9.771497
30.817799
56.374023
78.171978
89.446783
79.675286
68.400481
63.138906
78.171978
101.473241
95.460012
80.426939
71.407096
60.132291
57.125676
69.152135
54.870716
20.294648
13.529765
10.523151
-7.516536
-10.523151
0.000000
1.503307
-13.529765
-39.085989
-57.877330
-85.688515
-83.433554
-48.857486
-42.844257
-54.119062
-60.883945
-48.105833
-48.857486
-60.883945
-46.602526
-42.844257
-57.877330
-40.589296
3.758268
29.314492
29.314492
18.039687
2.254961
-15.033073
-4.509922
46.602526
70.655442
73.662057
85.688515
75.165364
38.334336
21.046302
39.837643
41.340950
38.334336
54.119062
57.125676
21.797956
-14.281419
-30.817799
-56.374023
-75.165364
-70.655442
-59.380637
-72.158749
-72.158749
-78.171978
-117.257968
-155.592303
-158.598918
-142.062538
-131.539387
-122.519543
-99.218280
-99.218280
-127.029465
-130.787733
-115.754660
-95.460012
-71.407096
-29.314492
-12.778112
-15.784726
-3.006615
23.301263
36.831028
63.138906
105.231509
119.512928
106.734817
114.251353
136.800962
155.592303
176.638605
190.920024
181.900180
156.343957
135.297655
130.787733
119.512928
125.526158
145.820806
130.787733
98.466627
56.374023
20.294648
13.529765
17.288034
28.562838
21.046302
-6.013229
-31.569453
-60.132291
-75.165364
-64.642213
-45.099218
-44.347565
-59.380637
-82.681900
-81.930247
-59.380637
-40.589296
-12.778112
1.503307
-11.274805
-15.784726
-26.307877
-40.589296
-12.778112
30.066146
59.380637
55.622369
44.347565
24.804570
0.000000
0.751654
21.797956
44.347565
43.595911
56.374023
47.354179
17.288034
1.503307
0.000000
-9.771497
-41.340950
-34.576067
-15.784726
-14.281419
-15.784726
-28.562838
-69.903788
-114.251353
-116.506314
-107.486470
-84.936861
-60.132291
-32.321106
-54.870716
-109.741431
-150.330728
-151.082381
-117.257968
-76.668671
-43.595911
-48.857486
-86.440168
-102.976548
-89.446783
-81.930247
-43.595911
6.764883
10.523151
-18.039687
-30.066146
-21.046302
6.764883
48.105833
87.191822
105.231509
80.426939
72.158749
63.138906
59.380637
82.681900
121.016236
146.572459
126.277811
115.754660
105.983163
90.950090
85.688515
88.695129
80.426939
70.655442
76.668671
75.917017
59.380637
38.334336
24.052916
12.778112
-7.516536
-6.013229
-12.778112
-27.811185
-35.327721
-46.602526
-57.125676
-51.864101
-40.589296
-45.099218
-55.622369
-46.602526
-42.092604
-43.595911
-25.556224
8.268190
15.784726
13.529765
15.033073
15.033073
9.771497
18.791341
57.125676
67.648827
57.125676
58.628984
54.870716
39.837643
54.870716
74.413710
68.400481
48.105833
31.569453
15.784726
-0.751654
3.006615
22.549609
18.791341
-18.039687
-46.602526
-66.897174
-84.936861
-87.943476
-77.420325
-57.877330
-60.132291
-72.910403
-89.446783
-110.493085
-129.284426
-127.029465
-103.728202
-88.695129
-74.413710
-72.158749
-72.910403
-72.910403
-72.158749
-72.910403
-63.890559
-31.569453
-9.771497
-0.751654
0.000000
-0.751654
-4.509922
0.000000
19.542995
47.354179
57.877330
64.642213
65.393867
47.354179
30.817799
39.837643
45.850872
59.380637
81.930247
77.420325
60.883945
57.877330
57.877330
59.380637
47.354179
51.864101
58.628984
34.576067
29.314492
20.294648
10.523151
-0.751654
1.503307
-9.019844
-15.784726
-12.778112
-20.294648
-35.327721
-43.595911
-43.595911
-33.072760
-28.562838
-21.797956
-11.274805
-21.797956
-29.314492
-29.314492
-28.562838
-30.066146
-19.542995
3.758268
15.033073
14.281419
15.033073
14.281419
14.281419
26.307877
50.360794
58.628984
60.883945
72.158749
72.910403
63.890559
56.374023
60.883945
61.635598
55.622369
62.387252
70.655442
57.877330
58.628984
56.374023
33.824414
13.529765
15.033073
13.529765
3.006615
-1.503307
1.503307
-11.274805
-38.334336
-43.595911
-51.864101
-69.152135
-66.897174
-55.622369
-69.152135
-86.440168
-87.191822
-87.191822
-87.191822
-84.936861
-63.890559
-57.125676
-58.628984
-58.628984
-56.374023
-41.340950
-26.307877
-2.254961
-7.516536
-15.784726
-4.509922
9.771497
14.281419
30.817799
61.635598
73.662057
55.622369
44.347565
59.380637
56.374023
61.635598
73.662057
60.883945
42.092604
48.105833
53.367408
35.327721
14.281419
15.033073
0.000000
-26.307877
-29.314492
-15.033073
-14.281419
-14.281419
-24.804570
-51.112447
-74.413710
-87.191822
-87.191822
-86.440168
-88.695129
-80.426939
-75.165364
-92.453397
-101.473241
-100.721587
-86.440168
-72.910403
-59.380637
-47.354179
-57.877330
-49.609140
-26.307877
-8.268190
15.784726
41.340950
36.079375
15.784726
15.033073
31.569453
60.883945
71.407096
83.433554
89.446783
82.681900
72.158749
72.158749
73.662057
85.688515
99.969934
91.701744
75.917017
57.877330
58.628984
56.374023
45.099218
36.079375
20.294648
3.006615
-1.503307
0.751654
-1.503307
1.503307
-5.261575
-23.301263
-45.099218
-36.079375
-28.562838
-24.804570
-13.529765
-14.281419
-15.784726
-28.562838
-23.301263
6.013229
14.281419
18.039687
30.066146
16.536380
12.778112
27.059531
57.125676
74.413710
70.655442
59.380637
49.609140
28.562838
35.327721
68.400481
87.943476
80.426939
67.648827
42.844257
4.509922
1.503307
21.046302
39.837643
37.582682
17.288034
-6.764883
-47.354179
-69.152135
-50.360794
-41.340950
-48.857486
-58.628984
-72.910403
-102.224895
-115.754660
-98.466627
-84.936861
-101.473241
-95.460012
-94.708358
-104.479856
-99.218280
-82.681900
-70.655442
-73.662057
-71.407096
-73.662057
-71.407096
-60.883945
-39.085989
-15.784726
-15.033073
-13.529765
-29.314492
-42.844257
-26.307877
12.026458
43.595911
42.844257
44.347565
26.307877
12.778112
16.536380
32.321106
52.615755
58.628984
52.615755
32.321106
6.013229
-1.503307
12.778112
40.589296
43.595911
44.347565
24.804570
-13.529765
-28.562838
-15.033073
6.764883
26.307877
25.556224
6.764883
-20.294648
-30.817799
-29.314492
-21.046302
0.000000
21.046302
27.059531
9.771497
0.751654
-1.503307
4.509922
23.301263
42.844257
43.595911
43.595911
43.595911
56.374023
57.125676
62.387252
77.420325
87.943476
84.936861
92.453397
102.224895
88.695129
87.191822
78.171978
60.883945
64.642213
75.165364
70.655442
74.413710
62.387252
36.831028
16.536380
-0.751654
-13.529765
-12.778112
-9.771497
-15.784726
-27.811185
-52.615755
-67.648827
-78.923632
-86.440168
-89.446783
-101.473241
-93.205051
-81.930247
-72.158749
-82.681900
-89.446783
-98.466627
-102.976548
-95.460012
-82.681900
-63.138906
-44.347565
-43.595911
-48.857486
-44.347565
-36.831028
-12.026458
17.288034
30.817799
28.562838
29.314492
28.562838
14.281419
30.817799
44.347565
44.347565
39.085989
28.562838
17.288034
15.033073
29.314492
28.562838
28.562838
18.791341
3.758268
-15.784726
-32.321106
-41.340950
-30.817799
-27.811185
-42.092604
-42.844257
-48.105833
-58.628984
-69.903788
-74.413710
-72.158749
-56.374023
-41.340950
-46.602526
-36.831028
-29.314492
-26.307877
-14.281419
-15.033073
-28.562838
-22.549609
0.000000
24.804570
48.105833
57.877330
67.648827
57.877330
44.347565
42.844257
57.125676
82.681900
96.963319
102.976548
99.969934
85.688515
72.910403
72.910403
72.158749
73.662057
63.890559
48.857486
42.092604
45.099218
39.085989
28.562838
28.562838
7.516536
0.000000
-3.006615
-15.784726
-15.033073
-5.261575
-5.261575
-24.804570
-39.085989
-50.360794
-54.870716
-42.844257
-44.347565
-43.595911
-44.347565
-42.844257
-44.347565
-39.085989
-19.542995
-12.778112
-15.784726
-7.516536
-8.268190
-15.033073
9.771497
13.529765
23.301263
30.066146
27.811185
29.314492
28.562838
28.562838
31.569453
42.844257
42.844257
30.066146
29.314492
23.301263
12.778112
16.536380
11.274805
0.751654
0.000000
-2.254961
-18.791341
-27.059531
-34.576067
-44.347565
-57.125676
-74.413710
-61.635598
-57.125676
-58.628984
-57.125676
-67.648827
-75.165364
-69.152135
-58.628984
-53.367408
-38.334336
-28.562838
-29.314492
-28.562838
-28.562838
-16.536380
-2.254961
0.751654
7.516536
18.039687
5.261575
3.758268
17.288034
26.307877
41.340950
44.347565
33.824414
27.811185
29.314492
29.314492
44.347565
40.589296
27.811185
30.066146
18.791341
13.529765
14.281419
15.033073
12.778112
24.804570
23.301263
11.274805
0.751654
0.000000
-7.516536
-16.536380
-13.529765
-15.033073
-14.281419
-14.281419
-19.542995
-30.066146
-28.562838
-30.066146
-19.542995
-4.509922
0.751654
12.026458
4.509922
-0.751654
1.503307
10.523151
15.784726
13.529765
15.033073
14.281419
14.281419
15.784726
13.529765
30.066146
42.844257
48.857486
57.125676
39.837643
28.562838
33.072760
45.099218
42.092604
54.870716
59.380637
39.837643
29.314492
18.791341
3.758268
-1.503307
14.281419
3.006615
0.751654
-3.006615
-15.784726
-15.784726
-28.562838
-14.281419
-17.288034
-30.066146
-27.811185
-38.334336
-45.099218
-30.066146
-29.314492
-42.092604
-31.569453
-21.797956
-12.026458
-24.052916
-30.066146
-16.536380
-20.294648
-10.523151
2.254961
-2.254961
6.764883
7.516536
-9.771497
-18.039687
-18.039687
-12.778112
-3.006615
2.254961
-6.013229
-15.784726
-14.281419
-27.811185
-18.039687
-12.778112
-15.784726
-14.281419
-26.307877
-29.314492
-28.562838
-29.314492
-28.562838
-29.314492
-27.811185
-31.569453
-45.099218
-42.092604
-30.066146
-28.562838
-29.314492
-28.562838
-29.314492
-26.307877
-8.268190
12.778112
13.529765
2.254961
-0.751654
1.503307
14.281419
30.817799
45.099218
38.334336
23.301263
14.281419
14.281419
26.307877
49.609140
71.407096
73.662057
60.883945
48.857486
33.824414
40.589296
54.870716
62.387252
74.413710
65.393867
40.589296
21.797956
14.281419
26.307877
41.340950
35.327721
24.052916
12.026458
-2.254961
-13.529765
-0.751654
12.778112
3.758268
-6.013229
-16.536380
-26.307877
-30.817799
-17.288034
0.000000
0.000000
0.000000
-9.019844
-20.294648
-29.314492
-27.811185
-9.019844
0.751654
-0.751654
0.000000
-0.751654
0.751654
6.764883
25.556224
23.301263
13.529765
15.033073
13.529765
12.778112
-0.751654
0.751654
-3.758268
-15.033073
-15.033073
-13.529765
-14.281419
-13.529765
-15.784726
-26.307877
-38.334336
-31.569453
-29.314492
-42.092604
-51.112447
-59.380637
-57.877330
-57.877330
-59.380637
-51.112447
-42.092604
-43.595911
-43.595911
-42.844257
-45.099218
-33.072760
-28.562838
-27.059531
-13.529765
-24.052916
-17.288034
-0.751654
-0.751654
10.523151
19.542995
17.288034
28.562838
30.066146
20.294648
24.052916
36.079375
43.595911
44.347565
42.844257
44.347565
42.092604
30.066146
27.811185
30.066146
27.811185
31.569453
20.294648
14.281419
14.281419
18.039687
30.817799
15.784726
15.033073
6.013229
11.274805
16.536380
9.019844
15.033073
11.274805
-0.751654
-9.019844
-2.254961
0.751654
-1.503307
12.026458
14.281419
0.751654
0.000000
0.000000
0.000000
-0.751654
12.778112
14.281419
15.033073
11.274805
-0.751654
0.000000
0.000000
14.281419
14.281419
14.281419
12.778112
0.000000
0.000000
-0.751654
10.523151
15.784726
6.764883
-3.006615
2.254961
-6.764883
-6.764883
0.751654
1.503307
4.509922
-1.503307
-4.509922
-23.301263
-28.562838
-30.066146
-15.033073
-20.294648
-29.314492
-36.831028
-45.099218
-43.595911
-39.837643
-27.059531
-30.066146
-27.811185
-30.066146
-27.811185
-31.569453
-21.797956
-14.281419
-28.562838
-29.314492
-27.811185
-14.281419
-13.529765
-2.254961
12.026458
15.033073
13.529765
14.281419
14.281419
15.784726
28.562838
30.066146
29.314492
29.314492
29.314492
15.033073
15.784726
29.314492
28.562838
28.562838
29.314492
17.288034
13.529765
15.033073
15.033073
12.778112
0.751654
-14.281419
-11.274805
-1.503307
-14.281419
-15.033073
-13.529765
-15.784726
-12.778112
-19.542995
-26.307877
-15.784726
-3.758268
-7.516536
-18.039687
-30.066146
-24.052916
-13.529765
-6.764883
2.254961
4.509922
-0.751654
0.000000
-0.751654
5.261575
15.784726
13.529765
15.033073
15.033073
14.281419
13.529765
26.307877
30.066146
28.562838
30.066146
26.307877
15.784726
