1107.075914
1374.765698
1498.359888
1554.592315
1569.821931
1483.716026
1234.770384
830.014058
352.624180
-104.264292
-508.434864
-849.343955
-1089.503280
-1261.715089
-1426.897844
-1590.323336
-1685.801312
-1647.141518
-1508.903468
-1351.921275
-1259.372071
-1160.965323
-962.394564
-638.472352
-253.631678
123.594189
492.619494
839.386129
1139.292409
1370.079663
1517.104030
1596.180881
1613.753515
1507.731959
1255.857545
943.064667
685.918463
517.221181
376.640112
230.201500
115.393627
90.206186
177.483599
285.262418
366.096532
423.500469
473.875351
506.677601
517.806935
555.295220
687.675726
938.378632
1260.543580
1616.682287
2026.124649
2502.928772
2986.176195
3307.169634
3300.140581
2881.911903
2085.285848
1044.985942
-76.148079
-1101.804124
-1993.322399
-2813.964386
-3620.548266
-4304.123711
-4618.088097
-4404.287723
-3769.329897
-3037.136832
-2456.654171
-2033.153702
-1647.141518
-1234.770384
-822.985005
-492.033739
-276.476101
-140.581068
-28.116214
153.467666
508.434864
1084.231490
1738.519213
2243.439550
2449.625117
2369.376757
2132.731959
1795.337395
1302.132146
605.670103
-238.987816
-1065.487348
-1726.218369
-2124.531396
-2195.993440
-1987.464855
-1616.682287
-1257.029053
-993.439550
-756.208997
-472.118088
-183.341143
-43.931584
-126.522962
-320.993440
-420.571696
-321.579194
-84.348641
223.758201
568.181818
905.576382
1168.580131
1313.847235
1346.649485
1293.931584
1125.234302
786.082474
274.133083
-256.560450
-596.298032
-707.591378
-679.475164
-585.754452
-427.600750
-158.153702
196.227741
513.120900
715.791940
800.140581
804.240862
738.050609
623.242737
562.910028
678.889410
1005.154639
1479.615745
2030.224930
2665.182755
3382.731959
4062.207123
4474.578257
4416.002812
3789.245548
2609.536082
1040.885661
-641.401125
-2121.602624
-3212.863168
-4031.747891
-4744.611059
-5285.848172
-5353.209934
-4722.352390
-3570.759138
-2357.075914
-1474.929709
-958.294283
-617.385192
-308.106842
-44.517338
148.195876
258.317713
323.922212
399.484536
533.622306
854.615745
1410.496720
2028.467666
2402.179007
2311.387067
1817.010309
1103.561387
295.805998
-586.925961
-1526.476101
-2401.593252
-3048.851921
-3368.673852
-3278.467666
-2733.716026
-1790.651359
-667.760075
322.750703
993.439550
1394.681350
1631.911903
1656.513590
1363.636364
798.969072
147.610122
-370.196813
-637.300843
-678.303655
-528.350515
-216.729147
186.855670
547.680412
730.435801
744.493908
686.504217
550.023430
293.462980
-80.248360
-441.658857
-612.699157
-533.622306
-295.805998
-17.572634
302.249297
659.559513
950.679475
1068.416120
996.954077
822.399250
620.899719
389.526710
139.409560
11.715089
125.351453
513.706654
1087.160262
1739.690722
2442.010309
3175.960637
3868.322399
4344.540769
4437.089972
4090.909091
3263.238051
1910.731022
180.412371
-1561.035614
-2897.727273
-3647.492971
-4055.763824
-4489.222118
-4903.936270
-4944.939082
-4352.155576
-3293.697282
-2251.054358
-1541.119963
-1139.878163
-842.900656
-501.991565
-76.148079
391.283974
825.913777
1131.091846
1249.414246
1270.501406
1391.752577
1643.041237
1847.469541
1747.891284
1192.596064
344.423618
-520.735708
-1267.572634
-1869.728210
-2330.716963
-2608.950328
-2639.409560
-2442.596064
-1980.435801
-1195.524836
-124.765698
974.109653
1746.134021
2076.499531
2112.816307
2040.768510
1848.641050
1414.597001
770.267104
98.406748
-448.687910
-820.641987
-1035.028116
-1066.073102
-923.734770
-722.820993
-592.197751
-593.369260
-636.129335
-608.598875
-494.376757
-347.938144
-232.544517
-101.921275
112.464855
430.529522
766.752577
1026.241799
1160.379569
1153.936270
1003.983130
723.406748
388.355201
132.380506
-51.546392
-220.829428
-355.552952
-324.507966
-24.601687
473.875351
1005.154639
1517.689784
2096.415183
2760.074977
3409.090909
3908.153702
4175.257732
4194.001874
3918.111528
3246.251172
2098.172446
561.152765
-1037.371134
-2296.157451
-3025.421743
-3460.051546
-3995.431115
-4661.433927
-5065.604499
-4806.115276
-3888.238051
-2754.217432
-1774.835989
-1051.429241
-506.677601
22.844424
620.313964
1254.100281
1751.991565
1914.831303
1710.988754
1305.060918
961.223055
810.098407
756.208997
591.611996
139.409560
-579.896907
-1358.950328
-1967.549203
-2321.344892
-2475.984067
-2527.530459
-2469.540769
-2270.970009
-1842.197751
-1093.603561
-56.818182
1061.387067
1921.860356
2328.373946
2375.820056
2300.843486
2142.689784
1757.849110
1073.687910
231.373008
-600.398313
-1299.203374
-1750.820056
-1895.501406
-1777.764761
-1544.048735
-1300.960637
-1042.642924
-670.103093
-182.755389
323.922212
745.665417
1025.070291
1184.981256
1276.358950
1375.351453
1475.515464
1477.272727
1266.986879
874.531396
422.328960
29.873477
-255.974695
-477.975633
-650.187441
-753.865979
-749.765698
-573.453608
-206.185567
273.547329
811.269916
1414.597001
2081.185567
2781.162137
3408.505155
3905.224930
4298.266167
4542.525773
4501.522962
4008.317713
2973.875351
1400.538894
-481.490159
-2221.180881
-3374.531396
-3887.066542
-4194.001874
-4714.737582
-5285.262418
-5355.552952
-4548.383318
-3116.213683
-1681.115276
-649.601687
-44.517338
369.611059
790.768510
1293.345829
1763.120900
2029.639175
1918.345829
1441.541706
836.457357
391.869728
237.816307
182.755389
-91.377694
-760.309278
-1648.313027
-2412.722587
-2825.679475
-2902.413308
-2779.990628
-2504.686036
-2074.742268
-1487.230553
-725.749766
268.861293
1449.742268
2514.643861
3093.955014
3078.139644
2725.515464
2299.086223
1789.479850
1048.500469
70.876289
-904.990628
-1650.656045
-2100.515464
-2280.927835
-2215.323336
-1961.105904
-1615.510778
-1251.757263
-859.887535
-395.384255
141.166823
656.630740
1070.759138
1373.008435
1577.436739
1726.804124
1800.609185
1702.788191
1333.177132
757.966261
148.781631
-369.025305
-797.797563
-1137.535145
-1315.604499
-1257.029053
-998.125586
-623.242737
-159.910965
423.500469
1126.405811
1844.540769
2508.200562
3107.427366
3649.835989
4114.339269
4482.778819
4781.513590
4957.825679
4853.561387
4267.806935
3002.577320
1102.975633
-1061.387067
-2887.769447
-3972.586692
-4488.050609
-5001.757263
-5775.538894
-6354.850047
-6087.746017
-4786.785380
-2937.558575
-1250.000000
-52.717901
663.074039
1094.775070
1500.702905
1938.261481
2252.225867
2177.249297
1632.497657
783.153702
5.857545
-460.402999
-620.899719
-660.145267
-888.003749
-1484.887535
-2299.086223
-2960.402999
-3197.047798
-3043.580131
-2708.528585
-2289.128397
-1746.719775
-1001.640112
0.000000
1254.686036
2590.206186
3612.933458
3981.958763
3728.912840
3163.659794
2482.427366
1632.497657
564.081537
-574.039363
-1569.821931
-2323.687910
-2818.064667
-2956.888472
-2709.114339
-2215.323336
-1652.999063
-1060.215558
-388.940956
363.753515
1087.746017
1693.416120
2148.547329
2403.936270
2433.223993
2246.368322
1896.087160
1378.280225
706.419869
-62.089972
-769.681350
-1320.290534
-1703.373946
-1864.456420
-1721.532334
-1319.119025
-813.612933
-309.278351
250.702905
980.552952
1822.282099
2594.306467
3182.403936
3644.564199
4041.705717
4403.701968
4719.423618
4946.696345
4958.411434
4582.357076
3648.664480
2035.496720
-137.652296
-2412.136832
-4202.202437
-5171.040300
-5559.981256
-5917.877226
-6349.578257
-6395.852858
-5547.094658
-3820.876289
-1782.450797
-72.633552
1026.827554
1560.449859
1740.862231
1860.941893
2040.182755
2128.045923
1877.343018
1215.440487
334.465792
-421.743205
-839.971884
-946.579194
-1003.397376
-1323.219306
-1997.422680
-2813.964386
-3370.431115
-3427.835052
-3062.324274
-2467.197751
-1735.004686
-873.359888
155.224930
1332.591378
2602.507029
3740.042174
4373.242737
4288.894096
3654.522024
2838.566073
2007.966261
1013.355201
-247.188379
-1556.935333
-2604.850047
-3245.079663
-3506.326148
-3425.492034
-2970.360825
-2212.980319
-1341.377694
-458.645736
453.959700
1384.137769
2173.149016
2674.554827
2844.423618
2759.489222
2481.255858
2031.396439
1406.396439
622.656982
-271.204311
-1155.107779
-1870.313964
-2326.030928
-2509.372071
-2426.194939
-2041.354264
-1396.438613
-677.132146
30.459231
827.671040
1800.023430
2813.964386
3588.331771
4008.903468
4236.176195
4479.264292
4763.940956
4971.298032
5000.000000
4795.571696
4231.490159
3125.000000
1308.575445
-1061.972821
-3386.246485
-5000.585754
-5667.760075
-5839.971884
-6087.160262
-6347.820993
-6069.587629
-4824.859419
-2828.608247
-784.910965
753.865979
1601.452671
1881.443299
1906.044986
2000.937207
2235.824742
2322.516401
1968.134958
1169.165886
202.671040
-593.955014
-1096.532334
-1364.222118
-1627.225867
-2178.420806
-3020.149953
-3798.617619
-4063.964386
-3666.822868
-2859.653233
-1935.918463
-964.151828
60.332709
1105.904405
2187.792877
3281.396439
4148.898782
4452.905342
4047.563261
3151.358950
2108.130272
1025.656045
-91.963449
-1143.392690
-1979.264292
-2550.374883
-2927.600750
-3096.298032
-2944.001874
-2437.324274
-1706.888472
-869.259606
14.058107
880.388941
1624.297095
2191.307404
2604.264292
2847.352390
2774.133083
2309.629803
1565.721649
682.403936
-213.214620
-1025.656045
-1696.344892
-2188.964386
-2524.601687
-2624.765698
-2318.416120
-1586.808810
-678.889410
156.396439
899.718838
1698.687910
2598.406748
3397.375820
3921.626054
4138.940956
4159.442362
4127.225867
4145.970009
4238.519213
4300.023430
4173.500469
3692.596064
2634.137769
784.910965
-1620.196813
-3815.018744
-5080.248360
-5394.798500
-5496.719775
-5862.230553
-6116.447985
-5615.042174
-4148.313027
-2132.146204
-203.256795
1193.181818
1880.857545
1991.565136
1901.358950
1937.675726
2063.612933
1965.206186
1460.285848
625.000000
-318.650422
-1106.490159
-1560.449859
-1688.730084
-1817.010309
-2317.830366
-3126.171509
-3748.242737
-3780.459231
-3238.636364
-2391.635426
-1416.354264
-405.342081
543.580131
1425.726336
2360.004686
3362.230553
4131.911903
4283.622306
3772.258669
2854.381443
1752.577320
587.511715
-520.735708
-1462.628866
-2194.821931
-2750.702905
-3085.754452
-3058.809747
-2642.338332
-1913.074039
-1002.225867
-21.672915
893.861293
1607.895970
2094.072165
2429.709466
2638.238051
2560.918463
2124.531396
1435.684161
633.786317
-182.755389
-936.621368
-1542.877226
-1944.704780
-2200.679475
-2310.215558
-2121.016870
-1540.534208
-706.419869
136.480787
859.887535
1510.660731
2152.061856
2738.402062
3206.419869
3567.830366
3810.918463
3928.655108
4045.805998
4251.405811
4473.992502
4442.361762
3923.969072
2870.782568
1206.068416
-1063.144330
-3402.061856
-4944.939082
-5328.022493
-5135.895033
-5218.486410
-5579.311153
-5466.846298
-4378.514527
-2581.419869
-713.448922
740.979381
1572.164948
1790.651359
1649.484536
1604.967198
1843.369260
2037.253983
1771.907216
1043.814433
152.881912
-641.986879
-1197.867854
-1488.987816
-1650.070291
-2015.581068
-2750.702905
-3480.552952
-3682.638238
-3278.467666
-2568.533271
-1800.609185
-939.550141
-5.857545
831.771321
1578.608247
2431.466729
3358.716026
3898.195876
3693.181818
2949.859419
2126.288660
1347.820993
472.703843
-500.820056
-1398.195876
-2142.104030
-2790.534208
-3215.206186
-3136.129335
-2519.329897
-1655.927835
-841.143393
-76.148079
721.649485
1435.684161
1963.448922
2311.972821
2499.414246
2406.279288
1964.034677
1326.733833
676.546392
43.931584
-649.015933
-1345.477976
-1875.000000
-2177.835052
-2246.368322
-1965.791940
-1247.071228
-278.819119
581.654171
1170.923149
1710.402999
2389.292409
3047.094658
3450.679475
3595.946579
3612.933458
3621.134021
3712.511715
3920.454545
4134.254920
4031.747891
3383.903468
2286.199625
846.415183
-904.990628
-2679.826617
-3937.441425
-4404.873477
-4473.406748
-4800.257732
-5316.307404
-5267.689784
-4271.907216
-2695.056232
-1170.337395
-24.601687
721.063730
1073.102156
1159.208060
1309.746954
1650.070291
1888.472352
1684.044049
1117.033739
440.487348
-185.684161
-731.607310
-1148.664480
-1399.953140
-1753.748828
-2451.382381
-3230.435801
-3570.759138
-3303.655108
-2689.198688
-2004.451734
-1221.883786
-318.064667
546.508903
1330.834114
2179.592315
3080.482662
3650.421743
3576.616682
3009.020619
2340.674789
1679.943768
865.745080
-161.668229
-1218.955014
-2166.119963
-2948.102156
-3383.903468
-3287.839738
-2677.483599
-1844.540769
-988.167760
-117.150890
760.895033
1475.515464
1917.760075
2177.835052
2296.743205
2188.378632
1814.081537
1296.860356
743.908154
139.409560
-553.537957
-1214.268978
-1676.429241
-1924.203374
-1934.746954
-1588.566073
-847.000937
49.203374
738.636364
1165.065604
1618.439550
2240.510778
2825.093721
3178.889410
3287.253983
3291.354264
3389.761012
3705.482662
4219.775070
4623.359888
4478.678538
3653.936270
2366.447985
773.781631
-1022.141518
-2639.409560
-3629.334583
-4040.534208
-4473.992502
-5283.505155
-5903.233365
-5541.237113
-4199.273664
-2606.607310
-1357.778819
-483.833177
125.937207
518.392690
846.415183
1330.248360
1874.414246
2089.386129
1783.036551
1180.295220
597.469541
98.406748
-350.281162
-767.924086
-1223.641050
-1938.261481
-2890.698219
-3628.163074
-3765.229616
-3382.731959
-2820.993440
-2173.149016
-1363.050609
-436.387067
445.173383
1326.148079
2320.759138
3222.235239
3642.806935
3465.323336
2947.516401
2347.703843
1687.558575
926.077788
159.325211
-541.822868
-1286.902530
-2046.040300
-2557.403936
-2618.322399
-2287.956888
-1742.033739
-1056.701031
-284.676664
421.743205
913.776945
1269.915651
1612.582006
1842.783505
1783.036551
1442.713215
986.410497
508.434864
-1.171509
-493.205248
-864.573571
-1149.835989
-1418.111528
-1528.819119
-1267.572634
-684.161200
-101.921275
295.805998
656.044986
1143.392690
1673.500469
2097.586692
2457.239925
2776.476101
3022.492971
3269.095595
3759.372071
4490.979381
4968.369260
4681.349578
3717.197751
2534.559513
1301.546392
-121.251172
-1586.223055
-2655.224930
-3311.269916
-4048.734770
-5080.834114
-5848.758201
-5702.319588
-4708.880037
-3425.492034
-2299.086223
-1425.726336
-742.150890
-221.415183
295.220244
961.808810
1575.093721
1849.812559
1784.793814
1569.236176
1302.132146
936.621368
506.677601
90.791940
-434.629803
-1303.889410
-2423.851921
-3281.982193
-3542.057170
-3348.758201
-2973.289597
-2485.356139
-1785.965323
-953.608247
-161.082474
636.715089
1515.346767
2328.373946
2825.679475
2919.400187
2770.618557
2548.617619
2202.436739
1638.940956
907.919400
108.364574
-704.076851
-1439.784442
-1990.979381
-2279.170572
-2255.740394
-1941.776007
-1390.581068
-748.594189
-198.570759
197.985005
501.405811
781.982193
1057.286785
1249.414246
1298.031865
1208.997188
967.080600
634.957826
325.679475
103.092784
-103.678538
-345.009372
-541.822868
-557.638238
-411.785380
-246.016870
-61.504217
237.816307
690.018744
1203.725398
1702.202437
2204.779756
2728.444236
3212.277413
3686.152765
4260.777882
4797.914714
4888.706654
4301.194939
3297.797563
2275.070291
1208.411434
-98.406748
-1438.027179
-2487.699157
-3342.900656
-4383.200562
-5545.337395
-6133.434864
-5697.633552
-4603.444236
-3490.510778
-2606.021556
-1876.171509
-1251.171509
-665.417057
22.844424
845.243674
1566.893158
1911.316776
1967.549203
1932.403936
1801.780694
1514.761012
1070.759138
488.519213
-346.766635
-1497.774133
-2615.979381
-3231.021556
-3341.729147
-3237.464855
-3046.508903
-2640.581068
-2004.451734
-1364.807873
-786.668229
-62.089972
893.275539
1795.337395
2324.273664
2501.757263
2550.374883
2568.533271
2506.443299
2289.714152
1869.142455
1136.949391
115.393627
-890.346767
-1619.025305
-1975.164011
-1992.736645
-1777.179007
-1402.881912
-1049.671978
-840.557638
-647.844424
-331.537020
74.976570
407.685098
625.000000
846.415183
1085.402999
1247.071228
1278.116214
1237.699157
1084.231490
687.089972
135.895033
-273.547329
-359.653233
-257.146204
-178.069353
-91.963449
135.309278
480.318650
863.987816
1283.388004
1817.596064
2420.923149
3006.091846
3660.965323
4413.074039
4944.353327
4874.062793
4211.574508
3315.955951
2423.851921
1406.396439
285.262418
-700.562324
-1658.856607
-2989.104967
-4706.537020
-6080.716963
-6341.963449
-5600.984067
-4563.612933
-3673.266167
-2963.917526
-2403.936270
-1907.216495
-1265.815370
-342.080600
658.388004
1362.464855
1685.801312
1887.886598
2075.328022
2120.431115
1979.264292
1613.753515
900.890347
-236.644799
-1568.064667
-2533.973758
-2878.397376
-2872.539831
-2811.035614
-2683.926898
-2442.596064
-2172.563261
-1906.044986
-1423.969072
-565.253046
423.500469
1176.780694
1614.339269
1953.491097
2323.102156
2632.966261
2734.301781
2479.498594
1818.181818
853.444236
-100.164011
-722.820993
-953.022493
-943.650422
-879.803187
-866.330834
-911.433927
-986.410497
-1002.225867
-855.201500
-581.654171
-319.821931
-119.493908
163.425492
615.042174
1079.545455
1371.251172
1431.583880
1300.374883
1066.658857
818.884724
658.388004
619.142455
584.582943
416.471415
157.567948
-17.572634
49.789128
349.109653
792.525773
1295.103093
1828.725398
2430.880975
3117.970947
3857.778819
4422.446111
4468.134958
3891.752577
2960.988754
2072.985005
1377.694470
802.483599
251.288660
-591.611996
-2160.848172
-4330.482662
-6154.522024
-6664.714152
-5833.528585
-4524.953140
-3527.999063
-3036.551078
-2813.378632
-2542.174321
-1981.021556
-1057.286785
-11.715089
821.813496
1289.245548
1546.977507
1849.812559
2245.196813
2542.760075
2454.311153
1756.091846
510.777882
-841.143393
-1787.722587
-2106.373008
-2054.826617
-1989.222118
-2024.367385
-2160.848172
-2351.804124
-2419.165886
-2082.357076
-1288.074039
-384.840675
279.990628
721.649485
1177.366448
1748.477038
2320.173383
2683.341143
2626.522962
2051.312090
1137.535145
281.747891
-154.639175
-110.121837
112.464855
175.140581
-66.190253
-501.991565
-899.133083
-1073.687910
-989.925023
-827.671040
-764.409560
-733.950328
-541.237113
-77.319588
452.202437
789.011246
893.861293
848.172446
773.781631
777.881912
918.462980
1119.962512
1178.537957
991.096532
628.514527
294.634489
176.312090
342.080600
725.749766
1206.654171
1691.073102
2179.006560
2782.333646
3497.539831
4101.452671
4175.257732
3585.988754
2686.269916
1960.520150
1608.481724
1476.101218
1231.841612
352.624180
-1604.381443
-4188.144330
-6096.532334
-6356.607310
-5232.544517
-3923.969072
-3248.008435
-3166.588566
-3296.626054
-3248.008435
-2753.045923
-1784.208060
-666.588566
188.027179
675.374883
1030.927835
1522.375820
2145.618557
2608.950328
2573.805061
1836.925961
571.110590
-583.997188
-1101.218369
-1009.254920
-822.399250
-971.180881
-1392.924086
-1921.860356
-2478.912840
-2830.365511
-2627.108716
-1855.084349
-950.679475
-296.391753
204.428304
846.415183
1528.819119
1935.332709
2026.710403
2003.280225
1911.902530
1616.682287
1117.619494
691.190253
568.767573
552.366448
359.653233
-21.672915
-432.286785
-764.995314
-1023.313027
-1189.667291
-1205.482662
-1086.574508
-899.718838
-670.103093
-400.070291
-134.137769
84.934396
263.003749
427.600750
613.870665
786.668229
938.378632
1075.445173
1162.136832
1133.434864
968.837863
750.351453
625.585754
675.960637
893.275539
1216.026242
1592.666354
2073.570759
2677.483599
3382.731959
3974.343955
4077.436739
3574.273664
2759.489222
2122.774133
1898.430178
1821.110590
1520.618557
745.079663
-694.704780
-2752.460169
-4802.600750
-5921.391753
-5693.533271
-4686.035614
-3823.219306
-3521.555764
-3571.930647
-3560.801312
-3235.121837
-2549.789128
-1673.500469
-778.467666
39.245548
759.137769
1404.639175
1987.464855
2481.841612
2700.913777
2394.564199
1546.977507
535.965323
-136.480787
-326.850984
-306.349578
-415.299906
-794.283037
-1408.739456
-2119.845361
-2692.713215
-2828.608247
-2455.482662
-1818.181818
-1238.870665
-761.480787
-211.457357
380.154639
889.175258
1287.488285
1582.122774
1733.247423
1668.228679
1465.557638
1327.905342
1301.546392
1286.316776
1178.537957
899.133083
437.558575
-117.150890
-611.527648
-951.850984
-1153.936270
-1249.414246
-1234.770384
-1101.804124
-878.045923
-616.213683
-387.769447
-199.742268
-21.087160
222.586692
535.379569
892.104030
1209.582943
1349.578257
1295.103093
1085.988754
845.829428
711.691659
780.224930
1117.033739
1613.753515
2053.655108
2368.791003
2662.839738
3095.712277
3638.706654
3964.971884
3766.986879
3079.311153
2305.529522
1865.042174
1660.028116
1366.565136
735.121837
-458.059981
-2312.558575
-4367.970947
-5649.601687
-5589.268978
-4626.874414
-3706.654171
-3424.320525
-3673.851921
-4003.631678
-4013.589503
-3445.993440
-2447.282099
-1302.132146
-246.016870
589.268978
1201.382381
1631.911903
1993.908154
2276.241799
2277.999063
1868.556701
1227.741331
772.610122
714.034677
780.224930
571.696345
-39.831303
-920.805998
-1864.456420
-2663.425492
-3023.664480
-2743.088097
-2074.742268
-1455.599813
-1068.416120
-793.697282
-452.202437
-103.678538
192.127460
544.165886
992.853796
1437.441425
1750.234302
1890.815370
1911.902530
1774.835989
1467.900656
1081.888472
731.021556
465.089035
206.771321
-38.659794
-268.275539
-520.735708
-776.710403
-1013.355201
-1172.680412
-1192.010309
-1091.260544
-874.531396
-540.065604
-154.639175
258.317713
622.656982
878.045923
945.993440
856.373008
763.238051
769.095595
943.650422
1278.116214
1685.801312
2053.655108
2271.555764
2395.735708
2620.665417
3123.828491
3802.132146
4138.940956
3797.446111
3097.469541
2579.662605
2386.363636
2132.731959
1510.660731
565.838800
-790.182755
-2645.852858
-4506.794752
-5434.044049
-5086.105904
-4221.532334
-3770.501406
-3980.787254
-4480.435801
-4758.083411
-4588.214620
-3938.612933
-2938.730084
-1845.712277
-786.082474
172.211809
947.164948
1564.550141
2050.726336
2365.862231
2401.593252
2171.977507
1997.422680
2085.285848
2219.423618
2005.623243
1350.164011
418.228679
-626.757263
-1672.914714
-2459.582943
-2684.512652
-2425.609185
-2082.357076
-1921.274602
-1845.712277
-1745.548266
-1555.763824
-1237.113402
-810.098407
-279.404873
311.035614
915.534208
1480.201500
1858.013121
1978.092784
1897.844424
1698.687910
1456.771321
1264.643861
1208.997188
1216.026242
1093.017807
750.937207
197.399250
-428.772259
-955.365511
-1305.060918
-1370.079663
-1192.010309
-981.724461
-856.373008
-777.881912
-612.699157
-327.436739
-35.145267
152.296157
232.544517
306.349578
465.674789
743.322399
1124.062793
1522.375820
1894.329897
2206.537020
2491.213683
2875.468604
3429.592315
4107.310216
4585.285848
4500.351453
3939.784442
3339.386129
2939.315839
2516.986879
1781.279288
895.032802
45.688847
-1064.901593
-2662.253983
-4267.221181
-5069.119025
-4964.854733
-4594.072165
-4547.797563
-4866.447985
-5200.328022
-5263.003749
-4920.923149
-4209.817245
-3290.768510
-2247.539831
-1155.107779
-214.386129
512.535145
1221.883786
2009.723524
2685.684161
2960.402999
2923.500469
2902.999063
2942.244611
2827.436739
2426.780694
1831.068416
1102.389878
215.557638
-728.678538
-1452.671040
-1818.181818
-1967.549203
-2111.644799
-2251.054358
-2313.144330
-2352.975633
-2355.318650
-2212.980319
-1819.353327
-1207.825679
-492.033739
251.288660
882.731959
1233.598875
1319.119025
1332.005623
1445.641987
1694.587629
1959.934396
2099.343955
1943.533271
1538.776945
1083.059981
636.715089
180.412371
-226.101218
-451.030928
-516.049672
-637.300843
-835.871603
-928.420806
-888.003749
-844.072165
-838.800375
-715.791940
-493.205248
-364.339269
-327.436739
-206.771321
108.364574
535.965323
1036.199625
1633.669166
2192.478913
2597.235239
3014.878163
3645.735708
4398.430178
4820.173383
4683.106842
4287.722587
4005.974695
3793.931584
3323.570759
2543.931584
1652.413308
578.725398
-983.481724
-2795.220244
-4074.507966
-4394.329897
-4234.418932
-4391.401125
-5108.950328
-6030.927835
-6623.711340
-6547.563261
-5891.518276
-4985.941893
-4008.903468
-3022.492971
-2136.832240
-1447.985005
-667.174321
490.862231
1765.463918
2664.597001
3128.514527
3560.215558
4042.877226
4243.791003
4043.462980
3584.231490
2994.962512
2280.927835
1513.589503
869.259606
373.125586
-173.969072
-935.449859
-1799.437676
-2482.427366
-2786.433927
-2836.223055
-2886.597938
-2938.144330
-2789.362699
-2405.693533
-1874.414246
-1287.488285
-767.924086
-404.756326
-179.826617
137.066542
680.060918
1350.164011
1906.630740
2160.848172
2097.000937
1858.598875
1664.128397
1565.135895
1441.541706
1266.986879
1073.102156
782.567948
351.452671
-65.018744
-287.019681
-382.497657
-499.648547
-606.255858
-620.313964
-673.617619
-858.716026
-1040.885661
-1044.985942
-755.037488
-171.626054
456.888472
892.104030
1244.142455
1719.189316
2450.796626
3247.422680
3805.060918
4027.647610
4091.494845
4253.163074
4485.707591
4421.860356
3848.992502
3133.200562
2392.221181
1165.065604
-567.010309
-1971.063730
-2474.812559
-2504.100281
-2937.558575
-4034.090909
-5327.436739
-6351.335520
-6809.981256
-6620.196813
-6069.001874
-5457.474227
-4830.131209
-4254.334583
-3820.290534
-3231.607310
-2099.343955
-606.841612
714.620431
1648.898782
2468.369260
3308.341143
3890.581068
4127.811621
4201.616682
4156.513590
3928.655108
3577.202437
3269.095595
2979.147142
2478.327085
1586.223055
483.247423
-510.777882
-1210.754452
-1623.125586
-1883.200562
-2220.009372
-2763.003749
-3287.253983
-3447.750703
-3093.955014
-2563.847235
-2280.342081
-2201.850984
-2039.011246
-1643.626992
-948.922212
-60.918463
712.863168
1122.891284
1223.055295
1296.860356
1522.961575
1833.411434
2117.502343
2288.542643
2153.233365
1705.716963
1290.417057
1151.007498
1132.849110
1005.154639
732.778819
428.772259
167.525773
-93.134958
-337.980319
-545.337395
-727.507029
-719.892221
-445.759138
-117.150890
93.720712
292.291471
724.578257
1435.098407
2111.644799
2434.395501
2549.203374
2810.449859
3280.224930
3666.822868
3704.896907
3537.371134
3392.689784
2935.215558
1712.160262
151.710403
-798.383318
-821.227741
-629.686036
-1182.638238
-2573.805061
-4129.568885
-5271.790066
-5817.713215
-5855.201500
-5576.382381
-5167.525773
-4862.347704
-4854.732896
-4917.994377
-4479.264292
-3361.644799
-2034.910965
-982.310216
-176.312090
670.103093
1529.404873
2160.848172
2614.807873
3049.437676
3390.932521
3597.703843
3797.446111
4024.718838
4054.006560
3655.693533
2883.083411
2039.011246
1361.293346
911.433927
617.385192
241.330834
-394.798500
-1170.923149
-1877.343018
-2360.004686
-2524.015933
-2504.686036
-2514.643861
-2641.752577
-2767.689784
-2704.428304
-2372.891284
-1914.831303
-1470.829428
-1049.086223
-694.704780
-365.510778
4.686036
377.811621
745.079663
1116.447985
1353.678538
1430.412371
1513.003749
1698.687910
1879.100281
1917.174321
1815.253046
1710.988754
1589.737582
1299.789128
940.721649
718.720712
638.472352
633.200562
653.701968
589.854733
475.632615
526.007498
853.444236
1360.121837
1720.360825
1696.344892
1504.803187
1517.689784
1860.941893
2289.128397
2428.537957
2261.012184
2067.713215
1787.722587
1023.898782
-97.820993
-813.612933
-724.578257
-345.595127
-547.094658
-1537.605436
-2778.819119
-3769.329897
-4314.081537
-4416.002812
-4249.648547
-3966.143393
-3768.744142
-3846.649485
-4081.537020
-4054.592315
-3448.922212
-2486.527648
-1596.766635
-907.919400
-291.705717
261.832240
648.430178
1019.212746
1583.880037
2176.663543
2600.749766
2890.112465
3113.870665
3207.005623
3043.580131
2679.240862
2337.746017
2102.272727
1944.119025
1814.667291
1483.716026
827.671040
59.161200
-572.867854
-1011.597938
-1228.912840
-1279.873477
-1366.565136
-1626.054358
-2054.240862
-2423.266167
-2498.242737
-2369.962512
-2146.790066
-1829.311153
-1523.547329
-1323.805061
-1183.809747
-1041.471415
-817.713215
-501.991565
-153.467666
210.871603
607.427366
982.310216
1270.501406
1408.153702
1421.040300
1508.317713
1698.102156
1784.793814
1722.118088
1674.671978
1677.600750
1688.144330
1646.555764
1575.093721
1620.196813
1819.353327
2080.014058
2310.801312
2332.474227
2087.628866
1794.165886
1696.344892
1912.488285
2139.175258
1968.134958
1463.214620
1068.416120
838.800375
255.388941
-761.480787
-1545.220244
-1579.194002
-1210.754452
-1258.786317
-1969.306467
-2918.228679
-3746.485473
-4257.263355
-4356.841612
-4110.238988
-3643.978444
-3230.435801
-3166.002812
-3427.249297
-3564.901593
-3108.013121
-2160.262418
-1227.741331
-559.395501
-50.960637
335.051546
557.052484
855.201500
1454.428304
2104.029991
2508.200562
2685.684161
2746.602624
2730.201500
2602.507029
2436.738519
2306.701031
2145.032802
1910.145267
1640.698219
1294.517338
810.098407
214.971884
-347.352390
-717.549203
-815.370197
-865.745080
-1184.395501
-1724.461106
-2164.948454
-2319.587629
-2265.112465
-2112.816307
-1915.417057
-1714.503280
-1642.455483
-1613.167760
-1432.755389
-1108.247423
-730.435801
-404.170572
-197.985005
-43.345829
263.003749
710.520150
1045.571696
1184.981256
1279.873477
1464.971884
1651.827554
1687.558575
1677.600750
1739.690722
1757.263355
1756.091846
1811.738519
1931.232427
2125.117151
2340.674789
2556.818182
2650.538894
2463.097470
2140.932521
2060.098407
2321.344892
2507.614808
2201.850984
1600.866917
1224.812559
1122.891284
674.789128
-391.869728
-1358.950328
-1562.207123
-1222.469541
-1138.706654
-1776.007498
-2831.537020
-3761.129335
-4301.780694
-4433.575445
-4216.260544
-3786.902530
-3440.135895
-3501.640112
-3929.826617
-4150.070291
-3618.791003
-2579.662605
-1643.626992
-999.882849
-530.693533
-159.910965
122.422680
499.062793
1193.767573
1992.150890
2501.171509
2695.641987
2819.821931
2950.445173
3001.405811
2966.846298
2881.911903
2730.201500
2477.741331
2047.211809
1513.589503
1013.355201
509.020619
48.617619
-273.547329
-483.247423
-702.905342
-1134.020619
-1785.965323
-2302.014995
-2439.667291
-2280.927835
-2099.929709
-2056.583880
-2114.573571
-2163.776945
-2126.874414
-1997.422680
-1681.115276
-1158.036551
-686.504217
-428.772259
-288.191190
-37.488285
423.500469
824.742268
1040.299906
1231.255858
1473.758201
1696.344892
1822.282099
1846.883786
1833.997188
1866.799438
1984.536082
2139.175258
2280.342081
2374.648547
2454.896907
2589.034677
2656.982193
2528.701968
2324.273664
2248.711340
2399.835989
2475.398313
2088.214620
1521.790066
1334.348641
1435.098407
1084.817245
-50.374883
-1188.495783
-1443.884724
-990.510778
-811.269916
-1448.570759
-2531.630740
-3525.656045
-4126.054358
-4313.495783
-4128.397376
-3634.020619
-3310.684161
-3617.619494
-4305.295220
-4618.673852
-4068.064667
-2999.648547
-2102.272727
-1589.737582
-1250.585754
-933.692596
-592.783505
-27.530459
844.657919
1701.616682
2204.779756
2396.907216
2576.733833
2910.028116
3182.403936
3283.153702
3288.425492
3201.148079
3020.735708
2737.816307
2344.775070
1862.699157
1237.699157
552.366448
94.892221
-58.575445
-185.098407
-592.197751
-1268.744142
-1962.277413
-2410.379569
-2507.614808
-2401.007498
-2274.484536
-2256.326148
-2381.677601
-2492.970947
-2468.369260
-2228.209934
-1735.590440
-1234.184630
-951.265230
-794.283037
-537.136832
-117.736645
322.164948
705.834114
1018.041237
1263.472352
1489.573571
1746.719775
2048.383318
2227.624180
2234.067479
2299.086223
2525.773196
2788.191190
2968.017807
3031.865042
3057.638238
2975.046860
2711.457357
2512.300843
2575.562324
2768.275539
2598.992502
1890.229616
1199.039363
1078.959700
1339.620431
1124.648547
9.957826
-1290.417057
-1844.540769
-1562.207123
-1208.411434
-1513.589503
-2416.822868
-3434.278351
-4201.616682
-4549.554827
-4348.055295
-3672.680412
-3167.760075
-3475.866917
-4373.828491
-4895.735708
-4397.258669
-3302.483599
-2344.775070
-1767.221181
-1484.301781
-1330.248360
-1038.542643
-363.167760
642.572634
1567.478913
2104.615745
2352.975633
2560.918463
2901.241799
3296.040300
3560.801312
3608.833177
3464.151828
3276.124649
3050.609185
2743.673852
2410.965323
1978.092784
1353.092784
705.248360
343.252109
264.175258
-0.585754
-711.105904
-1570.993440
-2180.763824
-2427.366448
-2422.680412
-2307.286785
-2258.669166
-2450.796626
-2799.906279
-3057.638238
-2949.273664
-2416.822868
-1742.033739
-1294.517338
-1199.039363
-1163.894096
-859.301781
-321.579194
232.544517
711.691659
1088.331771
1330.248360
1495.431115
1738.519213
2050.140581
2310.801312
2529.873477
2800.492034
3065.253046
3214.620431
3272.610122
3342.314902
3316.541706
3106.841612
2887.769447
2894.212746
3101.569822
3038.308341
2396.907216
1558.692596
1228.912840
1518.861293
1572.750703
672.446111
-728.678538
-1542.877226
-1450.328022
-1158.036551
-1390.581068
-2134.489222
-3041.822868
-3873.594189
-4443.533271
-4485.707591
-3976.686973
-3495.782568
-3681.466729
-4508.552015
-5216.729147
-5031.630740
-4070.407685
-3055.880975
-2421.508903
-2159.090909
-2033.153702
-1828.139644
-1310.918463
-363.753515
733.950328
1512.417994
1868.556701
2113.987816
2505.857545
3009.606373
3472.352390
3778.116214
3872.422680
3793.345829
3596.532334
3419.634489
3253.280225
2901.827554
2363.519213
1826.382381
1446.227741
1119.376757
585.168697
-171.040300
-871.016870
-1350.749766
-1620.782568
-1778.936270
-1976.335520
-2323.687910
-2757.731959
-3126.757263
-3264.409560
-3040.651359
-2617.150890
-2296.743205
-2222.938144
-2280.342081
-2173.734770
-1749.648547
-1153.936270
-485.590440
96.063730
393.041237
533.622306
825.913777
1336.105904
1870.899719
2223.523899
2485.941893
2853.209934
3238.050609
3463.566073
3617.033739
3802.717901
3903.467666
3850.749766
3692.596064
3628.163074
3734.184630
3602.389878
2944.001874
2170.805998
1872.656982
2043.111528
1891.401125
832.942830
-560.567010
-1288.074039
-1219.540769
-1053.772259
-1398.195876
-2249.297095
-3234.536082
-4034.090909
-4557.169634
-4638.003749
-4263.706654
-3942.127460
-4203.959700
-4974.812559
-5564.667291
-5349.109653
-4525.538894
-3724.226804
-3146.087160
-2774.718838
-2558.575445
-2286.785380
-1716.846298
-794.283037
220.829428
978.795689
1444.470478
1879.100281
2414.479850
2990.276476
3540.885661
3930.412371
4095.595127
4088.566073
3953.256795
3883.552015
3923.969072
3752.928772
3223.406748
2587.277413
2131.560450
1792.994377
1272.258669
544.165886
-46.860356
-455.716963
-909.090909
-1390.581068
-1821.696345
-2242.853796
-2703.842549
-3136.715089
-3382.731959
-3339.971884
-3087.511715
-2846.766635
-2791.705717
-2869.611059
-2763.003749
-2320.173383
-1757.849110
-1226.569822
-700.562324
-319.236176
-105.435801
151.710403
640.229616
1254.686036
1716.260544
2082.357076
2585.520150
3113.870665
3413.776945
3610.004686
3849.578257
4041.119963
4135.426429
4233.247423
4425.374883
4535.496720
4177.600750
3389.175258
2770.618557
2727.858482
2996.134021
2780.576382
1600.866917
134.137769
-626.757263
-658.388004
-684.746954
-1187.910028
-2080.599813
-3037.136832
-3929.240862
-4614.573571
-4741.682287
-4453.491097
-4386.129335
-4866.447985
-5651.358950
-6108.247423
-5825.328022
-5127.694470
-4493.322399
-4049.320525
-3760.543580
-3518.626992
-3106.841612
-2375.234302
-1363.636364
-360.824742
281.747891
698.219306
1273.430178
2004.451734
2782.333646
3487.582006
3949.742268
4162.956888
4185.801312
4216.846298
4455.834114
4684.278351
4551.897844
4082.122774
3495.196813
2987.933458
2630.623243
2252.225867
1744.962512
1179.123711
553.537957
-154.639175
-798.969072
-1318.533271
-1722.703843
-2109.301781
-2625.937207
-3060.567010
-3219.892221
-3264.409560
-3261.480787
-3180.060918
-3093.955014
-3010.777882
-2891.283974
-2618.908154
-2101.101218
-1569.821931
-1227.155576
-900.890347
-470.360825
2.343018
475.046860
936.035614
1436.269916
2060.098407
2661.668229
3086.925961
3413.776945
3630.506092
3783.388004
4009.489222
4310.567010
4686.621368
4859.418932
4431.232427
3710.754452
3368.673852
3521.555764
3570.759138
2919.400187
1786.551078
960.637301
649.601687
350.866917
-243.088097
-1046.743205
-1896.087160
-2681.583880
-3404.404873
-3938.027179
-4113.753515
-4230.904405
-4720.595127
-5478.561387
-6074.273664
-6097.703843
-5632.029053
-5210.285848
-5014.058107
-4869.376757
-4684.278351
-4373.828491
-3759.957826
-2869.611059
-1972.235239
-1308.575445
-861.644799
-305.763824
508.434864
1376.522962
2234.067479
3016.635426
3501.054358
3730.670103
3938.612933
4286.551078
4722.352390
4937.324274
4817.830366
4540.768510
4196.930647
3840.791940
3500.468604
3129.100281
2733.130272
2280.927835
1663.542643
880.974695
158.153702
-358.481724
-789.597001
-1299.203374
-1911.316776
-2426.194939
-2750.702905
-3008.434864
-3146.087160
-3157.802249
-3157.216495
-3185.918463
-3157.216495
-2914.714152
-2496.485473
-2136.832240
-1919.517338
-1672.328960
-1259.372071
-750.351453
-229.029991
287.019681
827.671040
1395.267104
1920.688847
2381.091846
2769.447048
3099.812559
3459.465792
3950.328022
4387.886598
4440.018744
4126.054358
3914.011246
4076.265230
4302.952202
4021.204311
3168.345829
2346.532334
2012.652296
1941.190253
1606.724461
837.628866
-66.776007
-824.742268
-1542.877226
-2235.824742
-2681.583880
-2876.054358
-3255.037488
-4107.310216
-5080.248360
-5551.194939
-5423.500469
-5178.655108
-5191.541706
-5354.381443
-5448.102156
-5405.927835
-5139.995314
-4584.114339
-3828.491097
-3103.327085
-2630.623243
-2303.772259
-1795.923149
-1020.970009
-101.921275
765.581068
1477.272727
2016.752577
2435.567010
2861.410497
3404.990628
3979.615745
4372.071228
4522.024367
4546.040300
4469.306467
4294.165886
4096.180881
3955.014058
3880.623243
3666.822868
3137.300843
2436.152765
1795.923149
1317.947516
907.333646
432.286785
-114.807873
-699.976570
-1337.863168
-1961.105904
-2338.331771
-2396.321462
-2399.250234
-2615.393627
-2929.943768
-3023.078725
-2804.006560
-2516.986879
-2334.817245
-2152.647610
-1882.614808
-1515.932521
-1075.445173
-596.883786
-79.662605
420.571696
815.955951
1125.234302
1445.641987
1920.688847
2553.303655
3024.250234
3113.284911
3050.023430
3239.807873
3548.500469
3503.397376
3083.997188
2763.003749
2843.252109
2959.817245
2658.739456
1982.193065
1234.184630
648.430178
248.359888
-111.879100
-453.373946
-811.269916
-1337.863168
-2149.718838
-3056.466729
-3571.344892
-3577.788191
-3519.798500
-3799.203374
-4251.405811
-4557.755389
-4735.824742
-4821.344892
-4610.473290
-4090.909091
-3640.463918
-3522.141518
-3493.439550
-3187.089972
-2598.992502
-1940.018744
-1298.031865
-722.820993
-250.117151
169.283037
617.970947
1139.878163
1726.804124
2258.669166
2591.963449
2769.447048
2987.933458
3332.357076
3642.221181
3765.815370
3748.828491
3698.453608
3546.743205
3329.428304
3158.388004
3010.192127
2765.346767
2342.432052
1822.867854
1340.791940
923.734770
520.735708
109.536082
-320.993440
-728.092784
-1102.975633
-1422.797563
-1642.455483
-1740.862231
-1802.366448
-1895.501406
-1928.303655
-1841.611996
-1750.820056
-1660.028116
-1397.024367
-914.362699
-434.044049
-213.800375
-168.111528
-3.514527
375.468604
845.829428
1160.965323
1228.327085
1361.293346
1776.007498
2045.454545
1727.389878
1260.543580
1409.325211
2116.330834
2488.284911
2092.314902
1424.554827
951.265230
652.530459
485.590440
518.978444
581.654171
372.539831
-273.547329
-1186.152765
-1867.970947
-1904.287723
-1515.932521
-1402.881912
-1939.432990
-2723.172446
-3240.979381
-3475.866917
-3459.465792
-3065.253046
-2569.119025
-2591.963449
-3079.311153
-3334.114339
-3055.880975
-2543.345829
-2065.955951
-1611.996251
-1237.113402
-1084.231490
-1022.727273
-736.879100
-271.790066
152.296157
567.010309
986.996251
1299.203374
1484.887535
1609.653233
1702.202437
1869.142455
2205.951265
2637.652296
2908.270853
2845.009372
2639.995314
2484.184630
2351.218369
2304.358013
2461.925961
2600.164011
2369.962512
1801.194939
1220.126523
855.787254
702.905342
603.912840
463.331771
165.768510
-335.051546
-774.953140
-967.666354
-964.151828
-867.502343
-793.697282
-861.059044
-1015.112465
-1053.772259
-825.913777
-427.014995
-176.312090
-171.626054
-136.480787
124.765698
460.402999
612.699157
571.696345
636.715089
940.135895
1063.730084
688.261481
268.275539
400.656045
988.167760
1350.164011
1072.516401
521.321462
179.240862
73.219306
65.018744
124.179944
209.700094
155.810684
-239.573571
-931.935333
-1447.985005
-1405.224930
-1042.642924
-904.990628
-1241.213683
-1805.880975
-2241.096532
-2490.042174
-2526.944705
-2235.824742
-1846.298032
-1806.466729
-2146.790066
-2439.667291
-2376.991565
-2030.224930
-1614.339269
-1236.527648
-969.423618
-897.375820
-886.246485
-746.836926
-494.376757
-206.185567
128.280225
428.772259
596.883786
677.717901
804.826617
981.724461
1134.606373
1275.773196
1473.172446
1658.270853
1736.761949
1833.411434
1966.963449
1950.562324
1811.152765
1771.321462
1843.955014
1836.340206
1717.432052
1621.368322
1504.217432
1260.543580
1027.999063
910.262418
764.409560
446.344892
131.208997
5.271790
-47.446111
-178.655108
-317.478913
-408.856607
-469.189316
-444.587629
-329.779756
-175.140581
-35.145267
52.132146
87.277413
114.222118
237.230553
498.477038
661.316776
636.129335
725.749766
979.381443
830.599813
131.208997
-316.893158
104.850047
879.803187
1009.254920
422.914714
-180.998126
-450.445173
-508.434864
-405.927835
-133.552015
103.678538
-45.103093
-716.963449
-1530.576382
-1807.052484
-1376.522962
-821.813496
-775.538894
-1240.627929
-1718.017807
-1985.707591
-2170.805998
-2128.631678
-1733.833177
-1375.937207
-1486.059044
-1879.100281
-2050.726336
-1853.912840
-1529.404873
-1230.670103
-920.220244
-691.776007
-655.459231
-659.559513
-485.004686
-178.069353
103.092784
288.191190
407.685098
521.907216
610.941893
678.303655
749.765698
796.626054
890.346767
1083.645736
1256.443299
1322.047798
1319.119025
1298.031865
1287.488285
1306.818182
1406.982193
1552.249297
1559.864105
1376.522962
1166.822868
1047.914714
991.682287
1008.083411
1065.487348
995.196813
725.749766
400.070291
234.887535
200.913777
157.567948
150.538894
189.198688
120.079663
-60.332709
-114.807873
79.662605
347.352390
442.830366
371.368322
314.550141
384.254920
527.764761
630.857545
664.245548
773.781631
927.249297
736.879100
125.937207
-258.903468
79.076851
677.132146
681.818182
33.388004
-550.609185
-689.432990
-647.844424
-638.472352
-561.738519
-433.458294
-497.891284
-948.922212
-1570.993440
-1816.424555
-1474.929709
-1008.083411
-964.151828
-1336.105904
-1676.429241
-1788.894096
-1903.701968
-1957.005623
-1672.914714
-1305.060918
-1292.174321
-1576.265230
-1751.991565
-1587.394564
-1261.129335
-977.038425
-711.105904
-496.719775
-431.115276
-387.769447
-248.945642
-46.860356
231.373008
471.532334
550.609185
564.081537
636.129335
766.752577
869.845361
865.159325
855.787254
914.948454
958.880037
991.096532
1097.703843
1151.007498
1063.730084
960.051546
984.653233
1128.163074
1195.524836
1087.160262
967.666354
908.505155
810.684161
712.863168
715.791940
776.124649
774.953140
626.757263
373.125586
196.227741
157.567948
214.386129
301.077788
296.391753
189.784442
172.211809
265.346767
384.840675
470.360825
478.561387
480.318650
565.838800
745.079663
896.790066
879.217432
766.166823
856.373008
1005.740394
711.691659
102.507029
-73.219306
381.911903
781.396439
485.590440
-226.101218
-653.116214
-715.791940
-712.277413
-704.662605
-627.343018
-593.955014
-803.655108
-1333.177132
-1864.456420
-1883.786317
-1414.597001
-1019.798500
-1172.094658
-1640.112465
-1879.686036
-1911.902530
-1992.150890
-1903.116214
-1490.159325
-1207.239925
-1425.726336
-1804.709466
-1838.097470
-1524.133083
-1182.638238
-923.149016
-681.818182
-538.308341
-483.247423
-347.352390
-97.820993
183.926898
469.189316
661.316776
708.762887
742.736645
894.447048
1076.030928
1119.962512
1049.671978
1060.801312
1125.234302
1112.347704
1132.849110
1233.013121
1224.226804
1022.727273
866.916589
900.890347
1025.656045
1039.714152
890.346767
709.348641
539.479850
431.701031
457.474227
558.809747
626.757263
541.822868
238.987816
-73.805061
-115.393627
69.119025
181.583880
97.820993
5.857545
35.731022
93.720712
104.850047
214.971884
463.331771
646.672915
640.815370
586.340206
677.717901
916.705717
1100.632615
1074.273664
1031.513590
1167.994377
1200.210872
821.813496
331.537020
340.323336
854.615745
1058.458294
564.667291
-106.021556
-422.914714
-484.418932
-578.139644
-656.630740
-588.097470
-527.764761
-831.771321
-1477.858482
-1961.105904
-1863.870665
-1399.953140
-1189.667291
-1490.745080
-1896.672915
-2047.211809
-2141.518276
-2270.384255
-2171.391753
-1761.363636
-1483.130272
-1685.801312
-2042.525773
-2029.639175
-1657.685098
-1264.058107
-1015.112465
-856.958763
-685.332709
-455.716963
-193.884724
29.873477
256.560450
474.461106
629.686036
747.422680
978.795689
1328.491097
1542.877226
1426.897844
1183.809747
1153.350515
1333.762887
1537.605436
1659.442362
1638.355201
1415.182755
1091.846298
913.191190
1017.455483
1259.372071
1278.116214
947.750703
491.447985
244.259606
322.750703
456.888472
412.371134
219.072165
8.786317
-175.140581
-294.048735
-294.634489
-205.599813
-139.995314
-169.283037
-234.301781
-231.373008
-106.021556
87.863168
263.003749
372.539831
441.073102
537.136832
664.831303
823.570759
1018.626992
1144.564199
1151.593252
1204.311153
1354.850047
1285.731022
845.243674
460.988754
616.213683
1071.930647
1132.849110
619.728210
22.844424
-289.362699
-399.484536
-470.946579
-487.933458
-436.387067
-515.463918
-942.478913
-1611.410497
-2034.325211
-1861.527648
-1435.098407
-1381.794752
-1759.606373
-2115.745080
-2228.795689
-2305.529522
-2384.606373
-2197.750703
-1807.052484
-1669.985942
-1892.572634
-2082.942830
-1924.203374
-1554.006560
-1257.029053
-1058.458294
-857.544517
-600.984067
-342.666354
-125.937207
70.876289
318.064667
579.311153
709.934396
815.370197
1080.716963
1462.043112
1677.014995
1602.624180
1448.570759
1412.253983
1464.386129
1557.521087
1724.461106
1844.540769
1730.318650
1376.522962
1025.656045
903.233365
996.954077
1070.173383
927.249297
615.042174
352.038425
208.528585
62.675726
-72.047798
-87.277413
-57.989691
-204.428304
-518.978444
-694.119025
-590.440487
-420.571696
-379.568885
-404.170572
-397.141518
-312.207123
-128.865979
117.150890
339.151828
507.263355
626.171509
691.776007
779.053421
1044.985942
1445.641987
1623.125586
1497.774133
1418.111528
1469.072165
1360.121837
1067.830366
1043.814433
1413.425492
1580.365511
1132.849110
434.044049
33.973758
-45.688847
-82.005623
-192.127460
-361.996251
-551.194939
-850.515464
-1375.937207
-1962.863168
-2187.207123
-1920.688847
-1651.827554
-1863.870665
-2347.703843
-2590.206186
-2620.079663
-2696.813496
-2690.370197
-2388.706654
-2036.668229
-2017.924086
-2219.423618
-2249.882849
-1991.565136
-1616.682287
-1247.071228
-959.465792
-767.338332
-553.537957
-276.476101
-12.886598
222.000937
509.020619
834.700094
1104.147142
1298.617619
1551.077788
1814.081537
1913.659794
1875.585754
1857.427366
1887.886598
1918.931584
1975.749766
2024.367385
1944.119025
1678.186504
1381.794752
1195.524836
1069.587629
915.534208
765.581068
615.042174
391.283974
90.206186
-206.185567
-404.756326
-472.703843
-497.305530
-629.686036
-872.188379
-1071.930647
-1064.315839
-931.935333
-891.518276
-929.592315
-917.291471
-812.441425
-652.530459
-452.202437
-177.483599
129.451734
388.940956
557.052484
658.388004
783.153702
1033.856607
1442.127460
1812.910028
1942.947516
1917.760075
1924.203374
1930.060918
1761.363636
1536.433927
1602.038425
1938.847235
2059.512652
1650.070291
953.022493
439.315839
254.803187
231.373008
147.610122
-46.860356
-315.135895
-787.253983
-1500.117151
-2156.747891
-2343.603561
-2074.742268
-1891.986879
-2209.465792
-2749.531396
-3087.511715
-3195.290534
-3191.776007
-3082.239925
-2798.734770
-2524.601687
-2477.741331
-2570.876289
-2514.058107
-2173.149016
-1689.901593
-1313.261481
-1105.904405
-898.547329
-513.706654
-41.588566
316.893158
593.369260
933.106842
1303.889410
1503.631678
1598.523899
1834.582943
2227.624180
2498.242737
2450.796626
2247.539831
2156.747891
2265.112465
2392.221181
2347.703843
2140.346767
1883.200562
1607.310216
1263.472352
942.478913
780.810684
692.361762
422.914714
-48.031865
-448.687910
-643.744142
-777.881912
-1002.225867
-1242.385192
-1359.536082
-1367.736645
-1426.897844
-1582.122774
-1677.014995
-1582.708529
-1381.794752
-1264.058107
-1234.184630
-1072.516401
-718.720712
-368.439550
-131.794752
106.607310
479.732896
861.059044
1102.975633
1278.701968
1576.265230
2015.581068
2376.991565
2492.970947
2477.155576
2528.116214
2579.662605
2419.165886
2154.404873
2162.019681
2445.524836
2523.430178
2051.897844
1333.762887
832.357076
577.553889
315.721649
-20.501406
-276.476101
-460.988754
-829.428304
-1558.106842
-2347.118088
-2718.486410
-2656.982193
-2613.050609
-2897.727273
-3280.810684
-3456.537020
-3506.326148
-3602.389878
-3651.593252
-3481.138707
-3197.047798
-2997.891284
-2867.853796
-2645.852858
-2248.125586
-1777.764761
-1402.881912
-1135.192127
-823.570759
-289.362699
381.911903
909.676664
1216.026242
1425.140581
1620.782568
1832.239925
2108.130272
2471.883786
2837.980319
3053.537957
3037.136832
2823.922212
2557.403936
2414.479850
2432.638238
2443.767573
2262.183693
1934.746954
1582.122774
1165.651359
689.432990
282.919400
20.501406
-180.412371
-456.302718
-794.283037
-1131.091846
-1427.483599
-1655.342081
-1847.469541
-2054.826617
-2205.365511
-2193.650422
-2089.971884
-2026.710403
-1977.507029
-1831.654171
-1641.869728
-1491.916589
-1319.704780
-997.539831
-536.551078
-62.089972
356.138707
708.762887
1042.642924
1409.910965
1772.492971
2059.512652
2297.328960
2624.179944
3044.751640
3329.428304
3386.246485
3381.560450
3371.602624
3202.319588
2843.252109
2579.076851
2627.694470
2778.819119
2606.607310
1981.607310
1167.994377
498.477038
80.248360
-182.755389
-439.315839
-718.720712
-1063.730084
-1655.927835
-2492.385192
-3221.063730
-3492.853796
-3436.621368
-3484.653233
-3796.274602
-4086.808810
-4137.769447
-4075.093721
-4024.133083
-3963.214620
-3785.731022
-3488.753515
-3130.271790
-2701.499531
-2199.507966
-1619.611059
-1082.474227
-726.921275
-517.221181
-182.755389
472.118088
1265.815370
1872.071228
2193.650422
2350.046860
2445.524836
2553.889410
2761.832240
3078.725398
3333.528585
3351.686973
3144.915651
2845.595127
2557.403936
2343.017807
2171.977507
1911.902530
1524.718838
1102.389878
701.733833
299.320525
-113.050609
-480.904405
-858.716026
-1302.132146
-1733.247423
-2011.480787
-2138.003749
-2268.041237
-2463.683224
-2672.211809
-2815.721649
-2823.336457
-2679.826617
-2457.239925
-2243.439550
-2033.739456
-1780.107779
-1510.660731
-1224.226804
-816.541706
-294.048735
190.955951
571.696345
940.135895
1378.280225
1836.925961
2262.769447
2673.383318
3009.606373
3196.462043
3315.370197
3490.510778
3748.242737
3970.243674
4055.178069
3966.729147
3738.284911
3389.175258
2944.001874
2525.187441
2290.885661
2311.387067
2286.199625
1785.379569
865.745080
-12.886598
-574.039363
-950.679475
-1349.578257
-1761.949391
-2095.829428
-2455.482662
-3009.020619
-3654.522024
-4109.067479
-4236.761949
-4218.603561
-4292.994377
-4408.973758
-4336.340206
-4022.375820
-3694.353327
-3490.510778
-3308.926898
-3017.806935
-2599.578257
-2134.489222
-1607.310216
-965.909091
-274.133083
275.890347
592.783505
827.085286
1215.440487
1793.580131
2311.387067
2620.665417
2827.436739
3014.292409
3137.300843
3117.385192
2984.418932
2859.067479
2768.861293
2648.781631
2413.894096
2073.570759
1715.674789
1378.865979
970.595127
430.529522
-108.950328
-496.134021
-774.953140
-1117.619494
-1544.048735
-1942.947516
-2272.727273
-2576.733833
-2845.009372
-2983.833177
-2982.075914
-2911.199625
-2832.122774
-2765.932521
-2671.040300
-2467.783505
-2153.233365
-1799.437676
-1440.370197
-1015.698219
-526.007498
-62.089972
306.349578
652.530459
1061.972821
1520.032802
1973.406748
2358.247423
2664.011246
2907.099344
3095.712277
3266.752577
3443.064667
3589.503280
3670.337395
3686.738519
3617.033739
3487.582006
3333.528585
3185.918463
3040.065604
2880.740394
2671.040300
2347.703843
1833.411434
1153.350515
557.638238
259.489222
209.114339
74.390815
-363.753515
-1027.999063
-1682.872540
-2174.906279
-2497.071228
-2697.985005
-2822.750703
-2907.685098
-3026.593252
-3246.836926
-3502.811621
-3612.347704
-3509.840675
-3346.415183
-3262.066542
-3152.530459
-2863.167760
-2420.337395
-1985.121837
-1636.597938
-1315.604499
-996.954077
-698.219306
-396.555764
-24.015933
465.674789
1009.254920
1395.852858
1537.019681
1567.478913
1689.315839
1924.203374
2079.428304
2085.871603
2055.998126
1998.008435
1829.311153
1558.692596
1296.274602
1125.820056
965.909091
666.002812
203.256795
-288.776945
-627.928772
-779.639175
-929.592315
-1220.712277
-1572.164948
-1866.799438
-2111.059044
-2334.231490
-2440.838800
-2364.690722
-2216.494845
-2152.647610
-2159.090909
-2101.101218
-1916.588566
-1598.523899
-1234.184630
-934.278351
-646.672915
-253.631678
195.056232
559.981256
833.528585
1098.289597
1387.066542
1650.656045
1911.902530
2229.381443
2548.031865
2746.016870
2777.647610
2729.029991
2645.852858
2592.549203
2597.235239
2599.578257
2516.986879
2348.289597
2149.718838
1942.947516
1748.477038
1578.608247
1411.082474
1179.709466
934.864105
772.024367
729.264292
713.448922
650.773196
500.820056
192.713215
-260.074977
-629.686036
-670.103093
-445.759138
-254.217432
-342.666354
-675.374883
-1042.057170
-1269.329897
-1333.177132
-1335.520150
-1333.177132
-1305.060918
-1292.760075
-1385.895033
-1542.291471
-1581.537020
-1466.143393
-1382.966261
-1449.742268
-1556.935333
-1513.589503
-1286.316776
-1003.983130
-789.011246
-680.060918
-673.031865
-729.264292
-763.823805
-697.047798
-508.434864
-251.874414
-69.704780
-50.374883
-120.665417
-137.066542
-64.432990
-21.087160
-63.847235
-149.367385
-222.000937
-283.505155
-335.051546
-343.837863
-349.695408
-401.241799
-525.421743
-728.678538
-921.391753
-951.265230
-814.198688
-637.886598
-583.411434
-667.760075
-731.021556
-705.834114
-605.084349
-442.244611
-260.660731
-111.293346
-37.488285
8.200562
143.509841
390.698219
661.902530
837.628866
909.676664
936.035614
1023.313027
1173.851921
1305.646673
1378.865979
1412.839738
1404.053421
1323.805061
1225.984067
1186.152765
1194.353327
1166.237113
1064.315839
931.349578
821.813496
728.678538
661.316776
600.984067
504.334583
392.455483
305.763824
291.705717
341.494845
407.099344
463.331771
514.878163
552.952202
584.582943
649.015933
736.293346
875.702905
1091.846298
1322.633552
1484.301781
1505.974695
1360.707591
1132.263355
982.310216
1037.371134
1232.427366
1340.791940
1192.010309
872.188379
533.622306
227.272727
-57.403936
-314.550141
-517.221181
-719.892221
-989.925023
-1323.805061
-1627.225867
-1841.611996
-1983.950328
-2171.391753
-2464.268978
-2733.130272
-2842.666354
-2794.634489
-2692.127460
-2591.377694
-2488.284911
-2401.007498
-2375.234302
-2371.719775
-2303.186504
-2080.014058
-1705.716963
-1322.047798
-1052.600750
-887.417994
-712.277413
-459.817245
-178.069353
32.802249
182.169634
312.207123
451.030928
599.812559
753.865979
898.547329
995.196813
1025.656045
977.038425
861.644799
785.496720
810.098407
883.317713
919.048735
861.644799
754.451734
658.388004
581.068416
501.991565
413.542643
313.964386
231.373008
158.739456
97.235239
59.746954
55.060918
16.401125
-94.306467
-207.357076
-223.758201
-118.908154
-14.643861
9.372071
12.300843
19.915651
29.287723
56.818182
131.794752
268.861293
410.028116
485.004686
482.075914
487.347704
588.683224
783.739456
978.795689
1081.888472
1126.991565
1168.580131
1191.424555
1225.398313
1356.607310
1563.378632
1715.674789
1761.363636
1746.134021
1716.846298
1672.914714
1651.827554
1655.927835
1678.772259
1700.445173
1717.432052
1692.830366
1487.816307
1084.817245
603.327085
261.832240
147.610122
145.267104
54.475164
-230.787254
-622.071228
-998.711340
-1343.134958
-1684.629803
-1966.963449
-2121.602624
-2214.737582
-2379.334583
-2605.435801
-2764.175258
-2775.890347
-2719.072165
-2741.330834
-2862.582006
-2932.872540
-2789.362699
-2450.210872
-2077.671040
-1775.421743
-1534.090909
-1346.649485
-1205.482662
-1027.413308
-733.950328
-342.080600
26.944705
290.534208
424.086223
500.234302
660.145267
921.977507
1177.366448
1285.731022
1208.411434
1044.985942
879.803187
777.296157
786.668229
850.515464
827.085286
654.287723
424.086223
204.428304
7.029053
-135.309278
-178.655108
-206.771321
-294.634489
-401.241799
-442.830366
-460.402999
-483.833177
-485.004686
-460.402999
-442.830366
-439.315839
-373.711340
-243.088097
-89.620431
47.446111
148.195876
183.341143
215.557638
362.582006
592.197751
756.208997
831.185567
906.747891
1003.983130
1042.057170
1069.001874
1166.822868
1285.145267
1307.989691
1239.456420
1176.780694
1153.350515
1156.279288
1167.408622
1147.492971
1053.186504
914.948454
798.969072
719.892221
669.517338
669.517338
669.517338
593.955014
467.432052
400.656045
422.914714
451.030928
431.701031
386.597938
340.323336
293.462980
271.204311
334.465792
438.730084
470.946579
339.737582
45.688847
-263.003749
-394.212746
-291.705717
-131.794752
-117.736645
-287.019681
-520.149953
-683.575445
-778.467666
-841.729147
-897.961575
-969.423618
-1067.244611
-1228.912840
-1408.153702
-1484.301781
-1379.451734
-1231.841612
-1268.158388
-1515.932521
-1759.606373
-1790.651359
-1596.766635
-1350.749766
-1162.722587
-1037.956888
-972.938144
-953.022493
-955.365511
-883.317713
-689.432990
-464.503280
-325.679475
-305.763824
-277.647610
-115.979381
68.533271
170.454545
168.111528
102.507029
39.245548
-18.158388
-31.630740
32.216495
147.024367
234.301781
235.473290
168.697282
133.552015
197.985005
291.705717
308.692596
263.589503
243.673852
320.407685
439.315839
518.392690
566.424555
587.511715
562.324274
496.719775
432.872540
458.645736
541.822868
598.055295
575.796626
508.434864
469.775070
464.503280
445.759138
374.882849
304.592315
295.805998
335.637301
352.624180
346.766635
348.523899
356.724461
329.194002
263.589503
220.829428
215.557638
214.386129
220.243674
238.987816
230.787254
214.971884
237.230553
315.135895
389.526710
425.257732
438.730084
474.461106
536.551078
606.841612
690.604499
779.639175
879.217432
954.779756
1001.640112
1003.983130
993.439550
1012.769447
1028.584817
1032.099344
1074.273664
1148.078725
1120.548266
871.016870
457.474227
121.836926
11.129335
37.488285
9.372071
-175.726336
-443.416120
-690.018744
-890.932521
-1071.344892
-1239.456420
-1358.950328
-1438.612933
-1570.407685
-1799.437676
-2003.865979
-2011.480787
-1867.970947
-1781.279288
-1859.770384
-1995.079663
-2019.095595
-1884.372071
-1645.384255
-1401.710403
-1180.295220
-977.624180
-805.412371
-695.290534
-603.912840
-456.888472
-244.845361
-33.973758
110.707591
222.586692
378.983130
552.366448
653.116214
668.345829
626.171509
579.896907
559.395501
534.793814
498.477038
493.791003
500.820056
471.532334
357.895970
214.386129
149.953140
147.024367
131.794752
68.533271
1.171509
-7.614808
18.158388
6.443299
-69.704780
-143.509841
-164.011246
-144.095595
-131.794752
-115.979381
-66.776007
-6.443299
9.372071
-24.015933
-50.374883
-11.129335
91.963449
186.855670
233.716026
250.702905
297.563261
370.782568
444.001874
516.635426
605.670103
688.261481
713.448922
712.277413
723.992502
767.338332
837.043112
895.618557
902.061856
852.858482
808.341143
808.341143
845.829428
873.359888
867.502343
845.829428
805.412371
746.836926
670.103093
599.226804
561.152765
535.379569
530.693533
531.865042
501.405811
439.901593
371.954077
283.505155
183.341143
125.351453
148.195876
235.473290
272.961575
156.396439
-120.665417
-427.014995
-585.754452
-532.450797
-405.927835
-377.225867
-460.988754
-576.382381
-685.918463
-804.826617
-923.149016
-970.009372
-930.763824
-917.291471
-1005.740394
-1141.049672
-1179.709466
-1068.416120
-930.763824
-920.220244
-1015.698219
-1091.260544
-1043.228679
-900.304592
-748.008435
-603.327085
-471.532334
-401.241799
-421.157451
-474.461106
-439.901593
-296.977507
-164.597001
-145.852858
-193.298969
-201.499531
-131.794752
-69.119025
-85.520150
-153.467666
-213.800375
-274.718838
-354.967198
-410.613871
-414.714152
-341.494845
-273.547329
-286.433927
-315.135895
-292.877226
-195.641987
-103.678538
-65.018744
-15.815370
65.604499
164.011246
240.159325
312.792877
385.426429
454.545455
502.577320
528.350515
550.609185
591.026242
673.617619
745.079663
784.325211
786.082474
753.280225
712.863168
682.403936
680.060918
700.562324
713.448922
693.533271
645.501406
595.712277
542.994377
487.347704
455.716963
444.001874
437.558575
400.656045
311.621368
210.285848
131.794752
89.620431
66.776007
51.546392
43.345829
48.617619
57.989691
65.018744
77.905342
78.491097
86.691659
110.121837
136.480787
159.325211
189.784442
220.243674
267.689784
352.624180
442.830366
496.134021
482.661668
458.059981
485.590440
542.994377
620.899719
709.348641
767.924086
736.293346
571.696345
360.238988
230.787254
233.130272
313.378632
350.281162
254.803187
69.119025
-100.164011
-219.657919
-313.378632
-416.471415
-522.492971
-666.002812
-866.916589
-1084.817245
-1227.155576
-1265.229616
-1272.844424
-1333.177132
-1452.085286
-1580.365511
-1627.225867
-1585.637301
-1489.573571
-1378.865979
-1288.659794
-1215.440487
-1188.495783
-1156.865042
-1045.571696
-863.402062
-697.047798
-627.928772
-613.870665
-524.835989
-337.980319
-135.309278
-5.271790
63.261481
117.736645
162.253983
177.483599
189.784442
257.146204
411.785380
556.466729
582.239925
526.593252
501.405811
581.654171
665.417057
661.316776
603.912840
575.796626
578.139644
558.809747
487.933458
417.057170
406.513590
413.542643
370.782568
270.032802
171.626054
127.108716
110.707591
50.374883
-45.103093
-67.361762
-25.187441
-18.744142
-88.448922
-162.839738
-189.198688
-190.955951
-182.169634
-172.211809
-136.480787
-74.390815
-15.815370
38.074039
77.905342
120.665417
194.470478
285.262418
345.009372
391.283974
459.231490
539.479850
632.029053
731.607310
848.758201
936.621368
961.223055
965.323336
987.582006
1014.526710
1019.798500
1008.669166
1008.083411
996.954077
962.394564
915.534208
862.230553
814.198688
790.768510
748.594189
629.100281
485.590440
421.157451
419.985942
431.115276
397.141518
312.207123
168.111528
-60.332709
-291.119963
-441.073102
-477.975633
-473.289597
-511.949391
-628.514527
-779.639175
-907.333646
-986.996251
-1069.587629
-1162.722587
-1231.255858
-1268.744142
-1312.089972
-1385.895033
-1398.195876
-1319.704780
-1234.184630
-1218.369260
-1259.957826
-1278.116214
-1205.482662
-1040.885661
-861.059044
-725.164011
-619.142455
-517.221181
-440.487348
-400.070291
-364.925023
-268.275539
-139.995314
-66.190253
-48.617619
-19.329897
59.161200
149.367385
185.098407
139.995314
49.789128
-14.643861
-23.430178
-35.145267
-52.132146
-53.303655
-41.588566
-77.319588
-167.525773
-248.945642
-261.246485
-209.114339
-174.554827
-182.169634
-204.428304
-191.541706
-132.380506
-74.976570
-48.031865
-22.258669
33.388004
114.807873
195.641987
265.346767
347.352390
416.471415
469.775070
530.107779
609.184630
705.248360
802.483599
859.301781
859.887535
859.887535
863.987816
894.447048
935.449859
968.252109
986.410497
967.080600
889.761012
801.897844
769.681350
770.852858
760.309278
728.092784
671.274602
609.184630
526.007498
447.516401
393.626992
383.083411
379.568885
353.795689
292.877226
213.214620
162.839738
127.694470
106.021556
104.850047
141.752577
177.483599
166.354264
132.380506
105.435801
117.150890
178.655108
238.987816
268.861293
258.903468
237.230553
221.415183
216.729147
247.774133
304.592315
340.323336
283.505155
125.351453
-77.319588
-209.114339
-225.515464
-195.056232
-214.971884
-322.750703
-469.775070
-604.498594
-718.720712
-833.528585
-943.650422
-1033.856607
-1112.933458
-1222.469541
-1351.921275
-1456.771321
-1495.431115
-1492.502343
-1523.547329
-1604.967198
-1660.613871
-1617.268041
-1507.731959
-1392.338332
-1307.989691
-1247.071228
-1171.508903
-1073.687910
-961.223055
-820.641987
-666.002812
-511.949391
-392.455483
-301.077788
-193.298969
-38.074039
136.480787
267.689784
352.038425
419.985942
481.490159
534.793814
594.540769
658.388004
701.148079
718.720712
729.850047
753.865979
799.554827
858.130272
893.275539
883.317713
827.085286
762.652296
728.092784
707.591378
670.103093
636.715089
607.427366
571.696345
525.421743
472.118088
399.484536
326.850984
262.417994
220.829428
181.583880
152.296157
146.438613
136.480787
106.607310
65.018744
55.060918
70.290534
89.620431
113.636364
120.665417
114.222118
131.208997
171.040300
223.172446
275.890347
312.792877
342.666354
371.368322
378.983130
404.170572
458.059981
531.865042
588.097470
616.213683
624.414246
636.715089
664.245548
678.303655
675.374883
654.287723
637.886598
625.000000
595.126523
540.651359
476.804124
414.714152
352.038425
273.547329
190.370197
100.164011
11.715089
-66.190253
-149.953140
-238.402062
-334.465792
-426.429241
-500.234302
-556.466729
-615.627929
-698.805061
-796.040300
-899.133083
-975.866917
-1023.898782
-1056.115276
-1064.901593
-1063.144330
-1073.687910
-1086.574508
-1067.244611
-1028.584817
-978.209934
-932.521087
-908.505155
-893.275539
-871.602624
-833.528585
-752.108716
-646.672915
-544.165886
-461.574508
-398.898782
-318.650422
-207.942830
-81.419869
32.802249
107.778819
154.639175
193.884724
234.887535
306.349578
371.954077
411.785380
429.943768
418.228679
391.869728
376.054358
370.782568
353.795689
316.307404
253.631678
192.127460
128.865979
72.633552
50.374883
22.844424
-27.530459
-97.235239
-149.367385
-160.496720
-151.124649
-132.380506
-117.736645
-106.021556
-80.248360
-56.232427
-66.776007
-80.248360
-57.403936
8.786317
79.076851
127.108716
170.454545
228.444236
297.563261
360.238988
385.426429
384.254920
394.798500
419.985942
453.373946
465.674789
453.959700
452.788191
449.859419
421.743205
394.798500
384.840675
398.898782
424.671978
431.115276
391.869728
323.922212
251.288660
212.628866
202.671040
195.056232
213.800375
242.502343
241.916589
205.014058
159.910965
128.865979
107.193065
96.649485
110.707591
143.509841
173.383318
199.742268
193.884724
162.253983
123.008435
103.678538
114.807873
128.280225
135.309278
137.066542
127.694470
115.393627
130.037488
137.066542
125.351453
93.134958
62.089972
39.245548
36.316776
65.018744
101.921275
108.950328
76.733833
-1.171509
-112.464855
-224.343955
-308.106842
-349.109653
-370.196813
-415.885661
-476.218369
-527.764761
-565.253046
-591.026242
-630.857545
-685.918463
-748.594189
-784.910965
-793.697282
-790.182755
-798.969072
-794.283037
-776.124649
-748.594189
-712.277413
-657.216495
-581.654171
-482.075914
-382.497657
-301.077788
-232.544517
-190.370197
-142.338332
-89.034677
-49.203374
-23.430178
8.786317
39.831303
87.277413
138.823805
180.998126
188.612933
169.868791
158.153702
148.781631
140.581068
110.121837
71.462043
32.802249
-7.614808
-53.303655
-100.164011
-132.380506
-125.351453
-101.921275
-90.791940
-96.649485
-119.493908
-123.594189
-110.707591
-76.733833
-38.659794
4.686036
42.760075
52.717901
57.403936
97.235239
163.425492
223.758201
288.776945
335.051546
352.038425
370.196813
412.956888
464.503280
508.434864
551.194939
587.511715
633.786317
679.475164
735.707591
790.768510
808.341143
828.842549
839.386129
828.256795
796.626054
766.752577
746.251172
724.578257
695.876289
663.074039
640.815370
614.456420
564.081537
462.160262
325.093721
219.072165
162.839738
131.794752
82.591378
7.029053
-65.018744
-121.836926
-188.027179
-260.660731
-313.964386
-361.410497
-400.070291
-421.743205
-446.344892
-453.959700
-451.030928
-455.716963
-482.661668
-514.878163
-520.735708
-499.648547
-452.202437
-380.740394
-305.178069
-237.230553
-192.713215
-182.169634
-196.813496
-212.628866
-214.971884
-221.415183
-253.045923
-257.731959
-214.971884
-163.425492
-144.681350
-178.655108
-225.515464
-250.117151
-270.618557
-308.692596
-357.895970
-390.698219
-400.656045
-427.014995
-483.833177
-544.751640
-592.197751
-623.242737
-662.488285
-709.348641
-731.607310
-698.219306
-622.656982
-579.896907
-590.440487
-610.941893
-621.485473
-623.242737
-608.013121
-557.052484
-460.402999
-342.666354
-241.916589
-179.826617
-144.095595
-94.892221
-22.258669
62.089972
123.594189
186.855670
275.304592
362.582006
432.286785
482.661668
545.923149
629.100281
700.562324
746.836926
790.768510
842.314902
918.462980
970.009372
973.523899
964.151828
958.294283
941.307404
902.647610
832.942830
745.665417
679.475164
634.957826
579.896907
515.463918
452.202437
370.782568
280.576382
175.726336
87.277413
27.530459
0.000000
-32.802249
-84.348641
-121.251172
-152.881912
-183.926898
-209.114339
-226.101218
-224.929709
-205.014058
-182.169634
-145.267104
-106.607310
-67.947516
-46.860356
-56.818182
-71.462043
-39.245548
48.031865
141.752577
198.570759
212.628866
199.742268
178.069353
168.111528
185.098407
229.615745
248.945642
247.774133
222.586692
189.784442
159.910965
126.522962
78.491097
3.514527
-74.976570
-139.995314
-175.140581
-214.971884
-263.003749
-308.692596
-360.824742
-425.843486
-464.503280
-483.833177
-486.176195
-490.862231
-499.062793
-497.891284
-493.205248
-475.046860
-461.574508
-444.587629
-441.073102
-441.073102
-442.244611
-419.985942
-369.611059
-309.864105
-244.845361
-212.628866
-206.771321
-197.985005
-183.926898
-179.826617
-181.583880
-171.040300
-149.367385
-129.451734
-110.707591
-102.507029
-97.235239
-89.620431
-90.791940
-90.791940
-82.005623
-57.989691
-19.329897
14.058107
21.087160
12.300843
10.543580
11.715089
10.543580
18.158388
31.630740
74.390815
142.924086
194.470478
204.428304
192.713215
176.312090
161.082474
159.325211
176.312090
190.370197
216.143393
240.159325
255.388941
260.660731
262.417994
282.333646
301.663543
305.763824
308.106842
328.022493
357.895970
386.597938
391.869728
383.669166
373.711340
356.138707
343.252109
349.109653
346.180881
322.164948
292.877226
271.790066
240.159325
214.386129
198.570759
171.626054
118.322399
41.588566
-23.430178
-55.060918
-66.776007
-69.119025
-67.361762
-70.876289
-101.335520
-158.739456
-231.373008
-292.877226
-307.521087
-288.191190
-264.761012
-260.660731
-258.317713
-247.774133
-254.217432
-269.447048
-271.204311
-235.473290
-163.425492
-97.820993
-69.704780
-52.717901
-19.915651
41.002812
110.707591
141.166823
182.169634
236.644799
272.961575
278.233365
270.032802
296.391753
325.093721
335.051546
304.592315
247.188379
200.913777
170.454545
142.338332
102.507029
59.161200
30.459231
7.614808
-39.831303
-110.707591
-178.655108
-246.016870
-301.663543
-341.494845
-354.381443
-367.853796
-403.584817
-452.202437
-496.134021
-526.007498
-532.450797
-509.020619
-475.046860
-451.616682
-435.215558
-409.442362
-393.626992
-376.640112
-335.637301
-282.919400
-231.958763
-189.198688
-138.238051
-70.290534
0.585754
59.746954
106.021556
138.238051
169.868791
215.557638
271.790066
299.906279
313.378632
330.365511
345.009372
352.624180
326.850984
305.178069
306.935333
292.291471
258.317713
242.502343
230.201500
217.900656
181.583880
110.121837
41.002812
-0.585754
-12.886598
-52.717901
-114.807873
-150.538894
-162.839738
-176.897844
-193.884724
-208.528585
-224.343955
-245.431115
-287.019681
-317.478913
-304.592315
-236.059044
-171.040300
-156.982193
-162.253983
-168.697282
-131.208997
-67.947516
-6.443299
65.018744
165.768510
249.531396
287.019681
309.278351
347.938144
417.642924
470.360825
463.917526
439.901593
449.273664
496.134021
544.751640
543.580131
513.120900
493.205248
472.118088
408.856607
322.164948
271.204311
260.660731
240.745080
190.955951
126.522962
75.562324
56.818182
39.245548
-25.187441
-95.477976
-121.836926
-131.208997
-179.240862
-262.417994
-318.650422
-327.436739
-343.837863
-393.041237
-413.542643
-388.940956
-342.080600
-292.877226
-263.003749
-255.388941
-216.729147
-154.053421
-136.480787
-127.694470
-80.834114
-14.643861
11.715089
-12.300843
-17.572634
19.915651
79.662605
130.623243
154.639175
158.739456
157.567948
145.852858
107.193065
62.089972
42.174321
41.002812
28.116214
-20.501406
-79.076851
-93.134958
-100.164011
-145.267104
-212.628866
-238.402062
-238.402062
-264.175258
-304.006560
-347.352390
-392.455483
-410.613871
-420.571696
-442.830366
-445.759138
-405.927835
-356.138707
-339.737582
-331.537020
-284.676664
-209.700094
-157.567948
-127.108716
-96.649485
-50.960637
5.857545
43.345829
73.805061
108.950328
159.910965
221.415183
239.573571
237.230553
237.816307
244.259606
259.489222
242.502343
240.159325
257.731959
254.803187
215.557638
182.169634
180.998126
181.583880
179.240862
166.940019
133.552015
94.306467
81.419869
74.976570
57.403936
25.773196
-4.686036
-36.316776
-60.918463
-66.190253
-40.417057
-8.200562
8.200562
18.158388
33.973758
50.374883
79.076851
110.707591
142.924086
159.325211
164.597001
190.955951
220.243674
236.644799
252.460169
267.104030
277.061856
287.605436
305.763824
325.679475
323.336457
302.249297
284.676664
270.618557
240.745080
215.557638
212.628866
189.784442
137.652296
97.235239
82.005623
71.462043
51.546392
29.873477
-14.643861
-65.604499
-108.950328
-141.166823
-175.726336
-219.072165
-263.589503
-311.035614
-362.582006
-387.769447
-376.640112
-373.711340
-371.954077
-381.911903
-379.568885
-361.410497
-346.180881
-330.365511
-315.135895
-300.492034
-279.990628
-247.188379
-206.185567
-169.283037
-145.267104
-122.422680
-110.707591
-92.549203
-46.860356
19.329897
66.776007
86.105904
99.578257
103.092784
111.879100
130.623243
155.810684
169.868791
169.868791
164.597001
142.338332
110.707591
81.419869
69.119025
56.818182
40.417057
11.129335
-28.701968
-78.491097
-134.137769
-169.868791
-201.499531
-222.586692
-243.673852
-264.175258
-290.534208
-314.550141
-320.993440
-285.262418
-251.874414
-237.816307
-222.000937
-203.256795
-171.040300
-129.451734
-74.976570
-32.802249
4.686036
59.161200
112.464855
156.982193
194.470478
251.288660
306.935333
333.294283
362.582006
412.956888
462.746017
501.991565
507.263355
490.862231
471.532334
462.746017
465.089035
472.118088
457.474227
427.600750
388.355201
336.808810
283.505155
245.431115
212.628866
165.182755
111.879100
36.316776
-34.559513
-91.963449
-144.095595
-192.713215
-222.586692
-246.602624
-277.061856
-293.462980
-308.106842
-320.407685
-318.650422
-308.106842
-301.663543
-287.605436
-276.476101
-255.974695
-223.758201
-180.412371
-125.937207
-85.520150
-62.089972
-43.345829
-25.187441
5.271790
28.116214
54.475164
89.034677
111.879100
113.636364
111.879100
119.493908
136.480787
147.610122
146.438613
142.338332
128.280225
124.765698
120.665417
94.306467
59.161200
23.430178
-5.271790
-71.462043
-131.794752
-152.296157
-169.868791
-192.713215
-215.557638
-231.373008
-241.330834
-256.560450
-275.304592
-299.320525
-325.679475
-326.850984
-307.521087
-285.848172
-293.462980
-280.576382
-243.088097
-210.285848
-195.056232
-182.169634
-134.137769
-84.934396
-66.776007
-54.475164
-25.773196
5.271790
44.517338
82.005623
100.749766
113.636364
153.467666
202.085286
226.686973
231.373008
268.861293
306.349578
305.763824
279.990628
277.061856
282.333646
272.961575
256.560450
235.473290
212.628866
172.797563
149.367385
122.422680
103.092784
108.950328
124.765698
109.536082
56.232427
15.229616
10.543580
2.343018
-16.986879
-19.915651
-8.786317
-18.744142
-42.760075
-46.274602
-42.760075
-32.802249
-18.158388
-16.986879
-41.002812
-53.889410
-34.559513
1.757263
19.915651
9.957826
15.815370
24.015933
21.087160
29.873477
59.161200
76.148079
86.105904
91.963449
80.834114
58.575445
58.575445
80.248360
90.791940
66.776007
43.931584
36.316776
29.287723
9.957826
-1.757263
-9.957826
-38.074039
-68.533271
-87.277413
-103.092784
-113.636364
-113.636364
-112.464855
-130.623243
-161.082474
-165.182755
-156.982193
-175.726336
-187.441425
-167.525773
-156.396439
-173.383318
-176.312090
-159.910965
-158.739456
-152.881912
-130.037488
-103.092784
-102.507029
-83.177132
-49.203374
-31.630740
-24.601687
-12.886598
1.757263
-1.757263
4.100281
30.459231
53.889410
46.860356
33.388004
36.316776
53.303655
74.390815
100.164011
93.134958
59.746954
31.044986
20.501406
31.630740
33.388004
38.659794
46.860356
24.601687
-8.786317
-33.388004
-30.459231
-14.058107
-10.543580
-11.715089
-19.329897
-38.659794
-39.831303
-21.087160
-11.129335
-12.300843
-8.786317
1.171509
-1.171509
10.543580
44.517338
57.989691
63.847235
76.733833
96.063730
118.322399
135.309278
147.024367
133.552015
108.364574
90.791940
93.720712
110.121837
113.636364
113.050609
125.937207
114.222118
82.591378
55.646673
45.688847
43.931584
52.717901
74.390815
79.662605
57.989691
29.873477
23.430178
-2.343018
-23.430178
-19.915651
-9.957826
-21.087160
-34.559513
-33.388004
-43.345829
-53.303655
-64.432990
-76.733833
-108.950328
-125.351453
-124.179944
-106.021556
-82.591378
-70.876289
-45.103093
-25.773196
-31.630740
-35.731022
-29.873477
-15.229616
-9.957826
-12.300843
-3.514527
19.329897
43.931584
57.403936
53.303655
23.430178
-0.585754
5.271790
12.300843
9.957826
17.572634
32.802249
30.459231
13.472352
11.129335
7.029053
-5.857545
-11.129335
-16.986879
-29.287723
-35.731022
-23.430178
-2.343018
-4.100281
-25.187441
-42.760075
-57.989691
-70.290534
-78.491097
-64.432990
-42.760075
-27.530459
-31.044986
-50.960637
-73.805061
-96.063730
-103.092784
-97.820993
-87.277413
-62.675726
-32.216495
-26.358950
-43.345829
-65.604499
-62.675726
-55.646673
-56.818182
-46.274602
-35.731022
-26.358950
-14.643861
1.171509
16.401125
26.944705
38.074039
45.688847
45.103093
53.889410
78.491097
108.364574
114.222118
111.879100
114.222118
106.021556
101.335520
101.335520
105.435801
114.222118
112.464855
106.607310
108.950328
93.134958
72.047798
59.161200
48.617619
38.074039
20.501406
2.928772
-20.501406
-33.388004
-39.245548
-50.960637
-59.746954
-76.733833
-89.034677
-95.477976
-103.092784
-99.578257
-82.005623
-65.018744
-57.403936
-56.232427
-57.403936
-47.446111
-45.103093
-43.345829
-14.058107
5.857545
16.401125
22.844424
27.530459
36.902530
45.103093
60.332709
67.947516
67.361762
60.918463
66.190253
66.190253
49.789128
44.517338
50.374883
36.902530
14.058107
7.614808
12.300843
21.672915
32.216495
34.559513
30.459231
14.643861
0.000000
-26.358950
-50.960637
-56.818182
-45.103093
-32.216495
-35.731022
-41.588566
-27.530459
-21.087160
-24.015933
-19.329897
-10.543580
-11.129335
-11.715089
-10.543580
-24.015933
-35.731022
-49.789128
-57.403936
-67.947516
-81.419869
-65.604499
-47.446111
-45.103093
-45.103093
-45.688847
-38.074039
-43.345829
-56.232427
-73.805061
-91.963449
-86.691659
-78.491097
-79.076851
-57.989691
-15.815370
14.058107
22.844424
22.844424
22.258669
22.844424
31.630740
35.145267
32.802249
44.517338
44.517338
49.789128
56.818182
56.818182
64.432990
77.319588
76.148079
67.361762
68.533271
68.533271
79.076851
77.319588
61.504217
31.630740
14.058107
4.686036
-10.543580
-7.614808
9.372071
19.329897
9.372071
-0.585754
4.100281
11.129335
15.815370
33.388004
30.459231
15.229616
9.957826
15.815370
34.559513
55.646673
84.934396
90.206186
76.148079
59.746954
57.989691
68.533271
74.976570
87.277413
90.206186
59.746954
18.744142
-2.928772
-12.886598
0.585754
10.543580
12.886598
2.343018
-22.844424
-42.174321
-52.717901
-63.847235
-59.746954
-48.031865
-55.646673
-69.119025
-80.834114
-74.976570
-64.432990
-50.374883
-43.345829
-57.989691
-77.905342
-72.633552
-55.646673
-41.002812
-2.928772
31.630740
33.973758
35.145267
25.187441
14.058107
28.116214
48.031865
66.776007
67.361762
58.575445
55.060918
37.488285
21.672915
14.058107
5.271790
-1.171509
-12.886598
-41.588566
-62.675726
-68.533271
-66.776007
-70.290534
-83.177132
-104.264292
-120.665417
-150.538894
-182.755389
-170.454545
-158.739456
-159.325211
-148.195876
-150.538894
-166.940019
-170.454545
-157.567948
-146.438613
-141.166823
-124.765698
-97.235239
-84.934396
-75.562324
-46.860356
-21.087160
-1.757263
15.229616
43.345829
74.390815
89.034677
113.050609
133.552015
135.309278
145.852858
167.525773
181.583880
180.412371
191.541706
203.842549
189.198688
179.240862
186.855670
190.370197
169.283037
138.823805
120.665417
114.807873
108.950328
101.335520
100.164011
90.206186
69.704780
29.287723
-7.029053
-27.530459
-23.430178
-11.715089
-16.401125
-35.731022
-57.403936
-75.562324
-84.348641
-104.850047
-121.251172
-115.393627
-97.235239
-80.834114
-76.148079
-45.103093
-2.343018
-13.472352
-29.287723
-14.643861
-10.543580
-3.514527
28.701968
61.504217
79.662605
96.649485
126.522962
128.280225
90.791940
83.762887
100.164011
95.477976
87.863168
106.021556
114.222118
98.406748
73.805061
50.960637
27.530459
3.514527
-14.058107
-33.388004
-60.332709
-81.419869
-71.462043
-73.219306
-111.293346
-148.195876
-168.697282
-195.056232
-202.085286
-192.713215
-178.655108
-168.697282
-170.454545
-170.454545
-179.826617
-182.169634
-176.897844
-164.597001
-155.224930
-139.409560
-98.406748
-46.274602
-11.129335
1.171509
8.786317
12.300843
10.543580
16.986879
38.659794
70.290534
86.691659
97.820993
103.092784
101.335520
101.921275
103.678538
114.807873
111.293346
109.536082
120.079663
125.351453
115.393627
106.021556
92.549203
60.332709
18.158388
-7.614808
-12.300843
-8.786317
5.271790
28.701968
30.459231
11.715089
-15.815370
-42.174321
-53.303655
-53.303655
-28.701968
-9.957826
-12.886598
-14.643861
-11.129335
-11.129335
-11.715089
4.686036
25.773196
39.831303
44.517338
53.303655
74.390815
90.791940
108.364574
106.021556
90.206186
52.717901
35.731022
53.303655
66.190253
77.319588
94.892221
101.335520
82.591378
57.403936
56.818182
54.475164
28.701968
-5.271790
-22.844424
-25.187441
-34.559513
-33.388004
-37.488285
-55.646673
-81.419869
-98.406748
-106.607310
-113.636364
-107.778819
-84.934396
-67.361762
-81.419869
-107.193065
-115.393627
-127.108716
-142.338332
-126.522962
-101.335520
-90.791940
-84.348641
-59.746954
-32.802249
-22.258669
-9.372071
8.786317
16.401125
9.957826
15.229616
35.731022
47.446111
59.746954
77.905342
77.905342
62.089972
55.060918
60.332709
69.119025
67.361762
73.805061
72.047798
52.717901
35.731022
25.187441
19.329897
1.757263
-21.087160
-35.731022
-45.688847
-56.232427
-66.190253
-67.361762
-70.876289
-84.348641
-84.348641
-77.319588
-88.448922
-90.791940
-80.248360
-79.076851
-96.063730
-95.477976
-70.876289
-43.345829
-35.145267
-23.430178
3.514527
12.300843
27.530459
56.232427
88.448922
107.778819
123.008435
136.480787
127.694470
104.264292
115.393627
138.238051
128.280225
125.351453
141.166823
145.267104
124.765698
101.921275
102.507029
98.406748
68.533271
53.303655
41.002812
0.585754
-38.074039
-33.973758
-44.517338
-80.834114
-91.963449
-90.206186
-120.079663
-156.982193
-155.810684
-132.966261
-129.451734
-134.137769
-113.636364
-121.836926
-137.652296
-126.522962
-106.021556
-101.335520
-100.164011
-61.504217
-15.229616
-1.757263
21.087160
72.047798
95.477976
87.277413
82.591378
107.778819
124.179944
132.966261
155.810684
175.140581
182.169634
179.826617
186.855670
184.512652
155.810684
135.309278
136.480787
124.179944
97.820993
96.649485
101.921275
65.018744
11.129335
-19.329897
-40.417057
-74.976570
-91.377694
-90.206186
-106.607310
-128.865979
-140.581068
-150.538894
-178.069353
-203.842549
-202.085286
-195.641987
-211.457357
-210.285848
-166.354264
-132.380506
-121.251172
-111.293346
-97.235239
-89.034677
-90.206186
-56.232427
-18.744142
-7.029053
19.915651
52.132146
52.717901
30.459231
65.018744
119.493908
123.594189
113.050609
132.966261
149.367385
113.636364
88.448922
91.377694
78.491097
53.889410
42.174321
36.316776
14.643861
-7.029053
14.643861
26.358950
-16.401125
-43.931584
-49.203374
-82.591378
-122.422680
-117.150890
-100.164011
-124.179944
-138.823805
-128.280225
-128.280225
-137.652296
-115.979381
-77.905342
-69.119025
-69.119025
-31.044986
-9.372071
-12.300843
-8.200562
9.372071
30.459231
33.388004
45.103093
79.662605
105.435801
130.037488
155.224930
178.069353
179.240862
170.454545
180.998126
181.583880
169.283037
156.396439
159.910965
150.538894
134.723524
121.836926
114.807873
102.507029
86.105904
79.662605
67.947516
42.760075
24.015933
17.572634
6.443299
-22.844424
-46.274602
-54.475164
-74.976570
-90.206186
-91.377694
-90.206186
-95.477976
-104.264292
-81.419869
-65.604499
-78.491097
-69.119025
-45.688847
-53.303655
-69.704780
-59.746954
-38.074039
-33.973758
-29.287723
-1.171509
-2.928772
-18.158388
-11.129335
15.815370
33.973758
33.973758
42.174321
46.860356
22.258669
12.300843
33.388004
33.973758
19.915651
10.543580
7.614808
-14.058107
-42.760075
-32.216495
-26.358950
-45.103093
-56.232427
-58.575445
-84.934396
-112.464855
-112.464855
-101.921275
-115.979381
-135.309278
-135.309278
-142.338332
-160.496720
-161.082474
-137.652296
-124.765698
-113.050609
-94.892221
-74.976570
-60.332709
-44.517338
-23.430178
-2.928772
0.585754
1.171509
22.844424
33.388004
41.002812
63.261481
106.021556
133.552015
138.823805
149.367385
164.597001
162.839738
152.296157
161.668229
169.283037
153.467666
146.438613
141.752577
117.736645
95.477976
90.791940
82.591378
58.575445
36.316776
32.802249
21.672915
-2.343018
-10.543580
-14.643861
-32.216495
-64.432990
-83.762887
-100.164011
-113.050609
-113.050609
-94.306467
-79.076851
-72.633552
-66.190253
-69.119025
-66.776007
-69.704780
-49.203374
-21.672915
-10.543580
-12.886598
7.614808
33.388004
42.760075
59.746954
84.934396
100.749766
105.435801
117.736645
124.765698
123.594189
129.451734
150.538894
159.910965
141.752577
110.121837
97.820993
84.348641
63.261481
55.060918
57.403936
48.031865
14.643861
-9.372071
-33.973758
-65.018744
-77.905342
-87.277413
-101.921275
-135.895033
-158.153702
-166.354264
-178.655108
-181.583880
-168.697282
-156.982193
-167.525773
-181.583880
-175.140581
-164.011246
-154.639175
-124.765698
-98.992502
-89.620431
-75.562324
-59.161200
-44.517338
-26.944705
10.543580
47.446111
56.818182
61.504217
80.248360
103.678538
113.636364
118.908154
142.924086
145.852858
137.652296
129.451734
123.594189
124.179944
124.765698
122.422680
112.464855
90.791940
56.818182
32.216495
21.672915
8.200562
-1.757263
1.757263
-14.643861
-39.831303
-62.675726
-85.520150
-100.749766
-101.921275
-104.264292
-115.979381
-125.351453
-136.480787
-134.723524
-126.522962
-118.908154
-103.678538
-87.277413
-78.491097
-78.491097
-62.675726
-37.488285
-15.815370
9.957826
22.844424
36.902530
46.274602
45.688847
62.675726
87.277413
109.536082
134.137769
147.024367
147.024367
135.895033
141.752577
148.781631
142.924086
132.380506
124.179944
115.393627
89.034677
71.462043
66.776007
69.704780
57.989691
46.274602
26.944705
-4.100281
-21.087160
-33.973758
-45.688847
-62.675726
-69.119025
-80.834114
-99.578257
-118.908154
-124.765698
-123.594189
-114.222118
-108.364574
-87.863168
-77.319588
-80.248360
-74.390815
-62.089972
-56.818182
-53.889410
-35.145267
-25.773196
-15.229616
6.443299
22.258669
48.031865
73.219306
92.549203
103.678538
91.963449
90.791940
89.620431
91.963449
103.678538
106.021556
91.377694
74.976570
67.947516
59.746954
41.002812
35.145267
47.446111
32.802249
13.472352
0.585754
-28.116214
-55.060918
-75.562324
-91.963449
-116.565136
-134.723524
-135.309278
-135.895033
-144.095595
-132.380506
-114.807873
-113.636364
-122.422680
-125.351453
-123.594189
-125.937207
-117.150890
-91.377694
-78.491097
-68.533271
-57.403936
-39.245548
-32.216495
-21.087160
7.029053
38.074039
60.918463
70.290534
85.520150
92.549203
85.520150
78.491097
89.620431
90.791940
89.620431
97.820993
103.092784
100.164011
106.607310
113.636364
103.678538
87.863168
72.633552
55.060918
36.316776
16.986879
9.372071
0.585754
-2.343018
-17.572634
-31.630740
-34.559513
-37.488285
-32.802249
-35.145267
-32.802249
-29.873477
-35.145267
-32.216495
-38.659794
-45.103093
-46.860356
-40.417057
-33.388004
-27.530459
-7.029053
14.643861
30.459231
43.931584
70.290534
78.491097
63.847235
55.646673
56.818182
55.646673
65.604499
82.591378
91.963449
85.520150
76.733833
83.762887
84.934396
68.533271
63.847235
67.947516
56.232427
38.074039
19.915651
13.472352
-9.372071
-33.388004
-42.760075
-60.332709
-70.290534
-80.248360
-77.905342
-83.762887
-90.791940
-90.791940
-89.034677
-99.578257
-111.879100
-118.908154
-125.937207
-123.594189
-124.765698
-109.536082
-96.063730
-82.005623
-64.432990
-56.232427
-55.646673
-37.488285
-19.329897
-11.715089
-6.443299
9.957826
22.258669
21.672915
27.530459
36.902530
43.345829
48.617619
56.232427
64.432990
57.403936
58.575445
59.161200
55.060918
57.403936
43.931584
28.116214
20.501406
11.715089
0.000000
0.000000
-1.171509
-11.129335
-22.258669
-22.258669
-24.015933
-33.388004
-33.973758
-33.388004
-35.145267
-43.931584
-35.145267
-29.873477
-33.388004
-26.944705
-13.472352
-3.514527
-10.543580
3.514527
31.044986
33.973758
38.074039
55.646673
67.361762
57.403936
60.918463
77.319588
80.248360
78.491097
90.791940
98.992502
84.934396
79.076851
89.034677
82.005623
66.190253
71.462043
79.662605
53.889410
32.216495
36.316776
26.358950
5.271790
-0.585754
0.000000
-14.643861
-37.488285
-46.860356
-43.931584
-61.504217
-69.704780
-63.847235
-66.190253
-79.076851
-74.390815
-66.776007
-82.005623
-91.963449
-80.248360
-79.662605
-78.491097
-70.876289
-62.089972
-56.818182
-53.889410
-39.245548
-26.944705
-22.844424
-14.643861
-0.585754
0.585754
-0.585754
7.614808
11.129335
16.401125
24.015933
22.258669
23.430178
31.630740
34.559513
32.802249
35.731022
28.116214
20.501406
12.300843
8.786317
-2.343018
-11.715089
-10.543580
-14.058107
-24.601687
-42.760075
-45.103093
-52.132146
-57.989691
-51.546392
-43.931584
-53.303655
-57.403936
-56.232427
-55.646673
-63.847235
-56.818182
-34.559513
-33.973758
-33.973758
-18.744142
0.000000
-1.757263
23.430178
44.517338
50.374883
57.403936
63.847235
69.704780
67.361762
76.148079
87.277413
91.377694
90.206186
91.377694
89.620431
91.377694
89.034677
91.963449
86.105904
78.491097
77.319588
66.776007
53.889410
37.488285
31.044986
22.258669
15.815370
2.928772
0.000000
-9.372071
-11.129335
-14.058107
-23.430178
-22.844424
-22.258669
-29.873477
-45.688847
-44.517338
-46.860356
-42.174321
-32.802249
-34.559513
-33.388004
-35.145267
-26.944705
-21.087160
-23.430178
-7.614808
0.000000
0.585754
-0.585754
1.757263
7.029053
5.271790
14.058107
21.672915
23.430178
11.715089
20.501406
19.915651
7.029053
10.543580
29.287723
26.358950
22.258669
21.087160
8.786317
0.000000
-11.129335
-11.129335
-15.229616
-28.116214
-33.973758
-39.245548
-56.232427
-48.031865
-40.417057
-45.103093
-45.103093
-44.517338
-51.546392
-59.746954
-67.947516
-67.947516
-67.947516
-67.361762
-60.332709
-67.361762
-69.119025
-60.918463
-46.274602
-36.902530
-26.358950
-15.229616
-11.129335
-3.514527
1.757263
9.372071
12.300843
9.957826
12.300843
7.029053
1.757263
12.886598
23.430178
32.802249
36.316776
45.688847
41.588566
30.459231
22.258669
23.430178
21.672915
18.744142
24.601687
11.715089
0.000000
1.171509
-5.857545
-4.686036
5.857545
11.715089
11.129335
11.129335
11.129335
11.129335
11.715089
11.129335
12.300843
2.928772
-11.715089
0.000000
12.300843
9.957826
31.044986
49.203374
56.232427
56.818182
56.232427
57.403936
47.446111
44.517338
45.688847
39.831303
31.044986
24.015933
26.358950
21.672915
22.844424
26.358950
22.844424
22.258669
22.258669
22.844424
16.401125
4.686036
-9.957826
-11.715089
-25.187441
-35.145267
-32.802249
-43.345829
-39.245548
-26.358950
-22.258669
-15.229616
