1899.319066
1789.275292
1615.393969
1301.070039
804.353113
159.897860
-508.268482
-1043.287938
-1375.851167
-1532.709144
-1580.131323
-1590.466926
-1599.586576
-1547.908560
-1360.043774
-1064.567121
-772.738327
-578.793774
-510.700389
-458.414397
-321.011673
-55.933852
301.556420
652.966926
918.652724
1101.653696
1237.232490
1361.259728
1463.399805
1468.871595
1315.053502
966.682879
505.228599
97.884241
-194.552529
-392.752918
-544.139105
-671.814202
-707.684825
-584.265564
-314.931907
9.727626
319.187743
572.714008
762.402724
954.523346
1188.594358
1468.871595
1791.707198
2120.014591
2455.009728
2853.234436
3303.745136
3671.571012
3712.913424
3249.027237
2325.510700
1176.434825
28.574903
-1004.985409
-1975.924125
-2946.254864
-3898.954280
-4711.819066
-5153.818093
-5041.342412
-4383.511673
-3451.483463
-2557.149805
-1873.784047
-1335.724708
-772.130350
-131.930934
476.045720
875.486381
979.450389
883.998054
813.472763
932.028210
1279.182879
1715.710117
2019.090467
2038.545720
1746.108949
1288.910506
834.751946
389.713035
-170.841440
-941.755837
-1836.089494
-2622.811284
-3064.202335
-3058.122568
-2665.977626
-2042.801556
-1381.322957
-802.529183
-291.220817
244.406615
805.569066
1257.903696
1414.761673
1214.737354
804.353113
432.271401
276.629377
333.779183
476.653696
579.401751
581.833658
550.218872
552.650778
584.873541
595.209144
479.693580
178.137160
-271.765564
-683.365759
-857.247082
-774.562257
-560.554475
-341.074903
-134.362840
139.226654
512.524319
925.340467
1252.431907
1401.386187
1401.386187
1314.445525
1241.488327
1274.319066
1460.967899
1781.979572
2202.699416
2705.496109
3264.226654
3806.541829
4094.722763
3839.372568
2904.912451
1447.592412
-165.369650
-1645.792802
-2900.048638
-3982.247082
-4892.388132
-5555.082685
-5833.535992
-5567.242218
-4716.074903
-3413.788911
-2012.402724
-854.207198
-114.299611
311.892023
637.767510
958.779183
1184.338521
1187.986381
975.802529
722.884241
656.614786
837.183852
1200.753891
1584.387160
1773.467899
1609.314202
1048.151751
259.606031
-534.411479
-1260.943580
-1973.492218
-2686.040856
-3260.578794
-3467.898833
-3128.039883
-2295.111868
-1132.660506
131.322957
1263.375486
2140.077821
2658.073930
2851.410506
2821.619650
2552.285992
1991.123541
1136.916342
172.057393
-628.647860
-1096.181907
-1241.488327
-1202.577821
-1080.982490
-919.260700
-759.970817
-640.199416
-553.258755
-489.421206
-466.318093
-522.251946
-633.511673
-694.309339
-550.826848
-164.761673
333.779183
770.914397
1057.879377
1237.232490
1347.884241
1364.907588
1238.448444
969.114786
612.840467
259.606031
26.142996
54.109922
377.553502
959.387160
1657.344358
2355.301556
3053.866732
3758.511673
4348.857004
4548.881323
4081.955253
2870.257782
1138.740272
-706.468872
-2261.065175
-3338.399805
-3986.502918
-4361.016537
-4570.768482
-4571.984436
-4210.238327
-3411.964981
-2287.208171
-1150.291829
-345.330739
-16.415370
-7.295720
-19.455253
143.482490
452.942607
755.714981
896.157588
908.925097
961.819066
1170.355058
1510.214008
1778.939689
1727.869650
1214.129377
284.533074
-812.256809
-1778.331712
-2456.225681
-2833.779183
-3013.132296
-3023.467899
-2729.207198
-1995.379377
-873.662451
411.600195
1560.068093
2343.142023
2684.216926
2631.322957
2270.184825
1698.686770
1027.480545
306.420233
-452.334630
-1174.610895
-1678.015564
-1780.763619
-1502.310311
-1085.238327
-738.691634
-535.019455
-414.640078
-336.211089
-287.572957
-224.951362
-111.259728
37.694553
176.313230
337.427043
586.697471
946.619650
1346.060311
1594.722763
1567.363813
1276.142996
832.320039
410.992218
51.678016
-285.749027
-572.106031
-725.316148
-644.455253
-296.084630
307.636187
1114.421206
2015.442607
2839.858949
3478.234436
3942.120623
4271.035992
4380.471790
4045.476654
3053.866732
1468.871595
-333.171206
-1908.438716
-2976.653696
-3515.928988
-3705.617704
-3777.358949
-3876.459144
-3934.824903
-3695.890078
-3015.564202
-2036.721790
-1093.750000
-498.540856
-283.317121
-173.273346
110.043774
660.870623
1338.764591
1836.089494
1958.292802
1770.428016
1498.662451
1334.508755
1243.312257
1011.065175
438.959144
-516.172179
-1637.889105
-2571.133268
-3058.122568
-3097.033074
-2872.081712
-2535.870623
-2110.286965
-1487.718872
-597.033074
486.989300
1543.044747
2316.999027
2628.283074
2527.358949
2177.772374
1746.108949
1265.199416
677.893969
26.142996
-580.009728
-1046.935798
-1328.428988
-1438.472763
-1419.625486
-1332.076848
-1294.382296
-1336.332685
-1323.565175
-1160.627432
-848.127432
-477.261673
-77.821012
383.025292
897.981518
1391.050584
1752.188716
1914.518482
1847.033074
1560.068093
1073.078794
432.271401
-229.207198
-761.186770
-1090.102140
-1223.857004
-1181.906615
-962.427043
-488.205253
241.974708
1118.677043
2000.851167
2815.539883
3553.015564
4166.464008
4582.928016
4744.041829
4638.861868
4158.560311
3103.112840
1497.446498
-302.772374
-1779.547665
-2668.409533
-3110.408560
-3410.749027
-3721.425097
-4013.861868
-4154.912451
-3954.280156
-3308.000973
-2325.510700
-1301.070039
-569.674125
-206.712062
50.462062
489.421206
1170.963035
1847.033074
2161.964981
1977.748054
1487.110895
968.506809
569.066148
212.791829
-235.894942
-868.190661
-1693.214981
-2591.804475
-3295.233463
-3522.616732
-3239.907588
-2670.841440
-2100.559339
-1555.812257
-843.263619
125.243191
1214.737354
2145.549611
2733.463035
2949.902724
2819.187743
2407.587549
1830.009728
1183.730545
552.650778
-80.860895
-750.851167
-1370.379377
-1785.627432
-1885.335603
-1763.740272
-1594.114786
-1435.432879
-1221.425097
-898.589494
-493.069066
-44.990272
454.766537
988.570039
1476.775292
1825.145914
1978.964008
1938.837549
1738.813230
1392.874514
846.911479
144.090467
-579.401751
-1153.939689
-1445.160506
-1461.575875
-1275.535019
-941.147860
-483.341440
117.339494
862.718872
1691.391051
2552.285992
3342.047665
3905.034047
4232.125486
4425.462062
4559.216926
4554.961089
4116.001946
2981.517510
1236.624514
-705.252918
-2328.550584
-3287.329767
-3678.866732
-3848.492218
-4105.666342
-4505.714981
-4782.952335
-4528.210117
-3578.550584
-2189.323930
-823.808366
96.668288
516.172179
743.555447
1108.341440
1707.198444
2285.992218
2404.547665
1898.103113
1020.792802
170.233463
-376.945525
-691.877432
-1014.105058
-1526.021401
-2263.497082
-3048.394942
-3525.048638
-3452.091440
-2852.626459
-2020.914397
-1270.671206
-645.671206
24.927043
897.373541
1925.462062
2883.025292
3481.882296
3541.464008
3140.807393
2466.561284
1668.895914
861.502918
75.997082
-632.295720
-1290.734436
-1919.382296
-2403.939689
-2577.821012
-2405.155642
-2044.625486
-1650.048638
-1251.823930
-754.499027
-130.107004
531.371595
1176.434825
1761.916342
2225.194553
2458.049611
2381.444553
2027.602140
1502.310311
895.549611
190.296693
-600.072957
-1383.146887
-1994.771401
-2222.762646
-2002.675097
-1479.815175
-844.479572
-195.768482
467.534047
1201.361868
1997.811284
2793.652724
3509.849222
4017.509728
4223.005837
4216.926070
4221.789883
4348.249027
4387.159533
3872.203307
2464.129377
386.065175
-1719.357977
-3269.090467
-4077.091440
-4426.678016
-4694.795720
-5065.661479
-5431.663424
-5389.713035
-4536.113813
-2887.889105
-930.812257
669.382296
1496.838521
1717.534047
1799.002918
2049.489300
2414.883268
2500.000000
1970.452335
911.964981
-207.928016
-1003.769455
-1338.156615
-1383.146887
-1490.758755
-1828.185798
-2399.683852
-2990.029183
-3214.980545
-2881.201362
-2171.084630
-1397.738327
-784.897860
-204.280156
597.641051
1666.464008
2788.788911
3660.627432
4033.925097
3841.196498
3172.422179
2138.861868
947.227626
-183.608949
-1191.026265
-2097.519455
-2876.337549
-3380.958171
-3383.998054
-2838.035019
-2000.243191
-1160.019455
-431.055447
172.057393
715.588521
1223.857004
1704.158560
2125.486381
2403.331712
2403.939689
2123.054475
1640.928988
1053.623541
423.151751
-277.845331
-1070.038911
-1869.528210
-2482.368677
-2684.824903
-2382.660506
-1715.102140
-928.988327
-153.210117
598.249027
1384.362840
2227.626459
3094.601167
3866.731518
4385.335603
4562.256809
4444.309339
4294.747082
4302.650778
4335.481518
4002.310311
2897.008755
964.858949
-1321.741245
-3300.705253
-4485.651751
-4874.148833
-4890.564202
-4942.242218
-5095.452335
-5111.259728
-4580.496109
-3218.628405
-1267.023346
619.528210
1825.753891
2161.964981
2020.306420
1941.269455
2098.127432
2282.952335
2093.263619
1290.126459
106.395914
-1003.161479
-1657.952335
-1797.786965
-1745.500973
-1865.272374
-2282.344358
-2890.321012
-3365.758755
-3334.143969
-2734.678988
-1805.690661
-882.782101
-137.402724
579.401751
1514.469844
2614.907588
3619.892996
4223.613813
4239.421206
3670.963035
2607.003891
1194.674125
-226.775292
-1357.611868
-2174.124514
-2802.772374
-3273.954280
-3416.220817
-3024.075875
-2196.011673
-1239.056420
-330.739300
448.078794
1056.055447
1493.190661
1834.873541
2163.788911
2458.657588
2517.023346
2208.779183
1586.211089
789.761673
-13.375486
-760.578794
-1471.911479
-2164.396887
-2762.037938
-3041.099222
-2782.101167
-2004.499027
-956.347276
94.236381
1015.321012
1809.946498
2529.182879
3187.621595
3819.309339
4329.401751
4493.555447
4248.540856
3828.428988
3598.613813
3679.474708
3756.687743
3342.655642
2123.662451
138.010700
-2109.678988
-3948.808366
-4933.730545
-5031.006809
-4708.171206
-4458.292802
-4397.495136
-4267.996109
-3637.524319
-2264.713035
-455.982490
1154.547665
2025.778210
2065.296693
1695.038911
1437.864786
1477.991245
1619.041829
1508.998054
882.782101
-129.499027
-1130.836576
-1747.324903
-1878.039883
-1795.355058
-1901.750973
-2353.477626
-2951.118677
-3320.160506
-3126.215953
-2352.869650
-1233.584630
-110.651751
780.034047
1530.277237
2315.783074
3126.215953
3787.694553
4055.812257
3780.398833
3022.859922
1868.920233
479.693580
-798.881323
-1768.604086
-2490.880350
-3049.610895
-3416.828794
-3373.054475
-2857.490272
-2057.392996
-1160.627432
-254.742218
570.890078
1232.368677
1709.022374
2087.183852
2403.939689
2556.541829
2375.972763
1862.232490
1152.723735
291.220817
-643.239300
-1535.749027
-2300.583658
-2848.370623
-3121.352140
-2985.773346
-2326.726654
-1274.927043
-112.475681
962.427043
1875.607977
2651.994163
3283.073930
3725.072957
4025.413424
4162.208171
4040.004864
3669.139105
3286.721790
3176.070039
3332.928016
3410.749027
3025.899805
1952.821012
150.170233
-2038.545720
-3965.223735
-5052.893969
-5159.289883
-4690.539883
-4181.663424
-3853.356031
-3580.982490
-3066.634241
-1996.595331
-471.789883
1008.025292
1890.807393
1957.076848
1563.715953
1206.225681
1115.637160
1246.960117
1291.342412
907.101167
60.189689
-1002.553502
-1830.009728
-2136.429961
-2108.463035
-2092.047665
-2272.616732
-2588.156615
-2781.493191
-2574.173152
-1875.607977
-814.080739
281.493191
1111.989300
1673.151751
2164.396887
2689.080739
3173.638132
3418.044747
3255.714981
2600.924125
1400.778210
-69.309339
-1259.119650
-1902.358949
-2157.709144
-2320.646887
-2524.927043
-2586.940661
-2346.789883
-1837.305447
-1041.464008
-55.933852
781.250000
1214.129377
1308.973735
1383.754864
1667.679961
1979.571984
1963.764591
1542.436770
792.801556
-127.067121
-967.898833
-1571.011673
-1919.382296
-2140.685798
-2330.982490
-2305.447471
-1760.700389
-782.465953
355.058366
1386.186770
2147.981518
2684.216926
3038.059339
3275.778210
3544.503891
3731.760700
3606.517510
3226.532101
2903.088521
2884.241245
3143.239300
3290.369650
2978.477626
2051.921206
380.593385
-1726.045720
-3531.128405
-4449.781128
-4395.063230
-3849.708171
-3464.858949
-3397.373541
-3432.028210
-3226.532101
-2414.275292
-1042.679961
325.875486
1138.740272
1186.162451
811.648833
597.641051
773.346304
1188.594358
1507.782101
1293.166342
431.663424
-677.893969
-1498.054475
-1712.670233
-1564.323930
-1557.636187
-1895.063230
-2411.843385
-2847.154669
-2904.304475
-2419.139105
-1492.582685
-442.607004
339.250973
824.416342
1316.269455
1974.100195
2697.592412
3266.050584
3487.354086
3226.532101
2315.783074
895.549611
-449.902724
-1280.398833
-1683.487354
-1976.532101
-2334.022374
-2563.229572
-2481.760700
-2141.293774
-1487.718872
-530.763619
414.640078
952.091440
1079.766537
1184.946498
1581.347276
2077.456226
2267.144942
2051.313230
1458.535992
525.899805
-502.188716
-1336.332685
-1816.634241
-2056.785019
-2260.457198
-2276.872568
-1781.979572
-845.087549
218.263619
1146.643969
1848.857004
2361.381323
2631.322957
2712.183852
2869.649805
3128.039883
3197.349222
2996.716926
2767.509728
2804.596304
3145.063230
3424.124514
3319.552529
2721.303502
1422.057393
-529.547665
-2472.641051
-3695.890078
-3902.602140
-3489.178016
-3216.804475
-3351.167315
-3698.929961
-3899.562257
-3497.689689
-2358.341440
-935.676070
150.170233
533.195525
416.464008
403.088521
784.289883
1429.353113
2011.186770
2084.143969
1389.834630
223.127432
-866.974708
-1432.392996
-1483.463035
-1513.861868
-1858.584630
-2431.906615
-3019.820039
-3292.801556
-2973.613813
-2129.134241
-1047.543774
-139.226654
444.430934
978.842412
1698.078794
2564.445525
3413.180934
3936.648833
3796.814202
2878.161479
1450.024319
97.884241
-768.482490
-1260.943580
-1665.248054
-2046.449416
-2296.935798
-2336.454280
-2121.838521
-1615.393969
-896.157588
-271.765564
-3.647860
85.116732
389.713035
1000.729572
1659.168288
2040.369650
2009.970817
1558.244163
756.322957
-142.266537
-843.263619
-1324.173152
-1693.822957
-1945.525292
-1883.511673
-1357.003891
-519.820039
324.051556
981.882296
1401.994163
1566.755837
1606.882296
1717.534047
2047.665370
2509.727626
2859.922179
3068.458171
3331.712062
3760.943580
4247.932879
4522.130350
4308.122568
3498.297665
2079.280156
202.456226
-1653.696498
-2940.175097
-3463.642996
-3484.314202
-3523.832685
-3908.681907
-4468.020428
-4807.271401
-4533.073930
-3519.576848
-2140.077821
-941.147860
-203.064202
178.745136
566.634241
1230.544747
2025.170233
2617.947471
2695.768482
2075.632296
989.178016
-40.734436
-646.887160
-831.712062
-1001.337549
-1541.220817
-2360.773346
-3115.272374
-3511.673152
-3383.998054
-2789.396887
-1978.356031
-1186.162451
-508.876459
198.200389
1136.916342
2266.536965
3280.642023
3852.140078
3717.169261
2923.759728
1848.857004
910.749027
299.732490
-105.787938
-539.275292
-1134.484436
-1779.547665
-2290.856031
-2472.033074
-2220.330739
-1678.623541
-1178.258755
-880.350195
-659.654669
-240.758755
484.557393
1305.933852
1899.319066
2041.585603
1670.111868
1000.121595
358.706226
-66.269455
-323.443580
-564.810311
-836.575875
-1015.321012
-932.636187
-603.112840
-186.648833
142.874514
257.174125
264.469844
444.430934
908.317121
1653.088521
2447.106031
3025.899805
3389.469844
3716.561284
4151.264591
4682.028210
5000.000000
4702.091440
3743.920233
2279.304475
531.371595
-1095.573930
-2250.121595
-2828.307393
-3019.820039
-3422.908560
-4328.793774
-5282.709144
-5702.213035
-5288.788911
-4156.128405
-2772.981518
-1527.237354
-593.385214
-4.863813
551.434825
1347.884241
2229.450389
2887.281128
2980.301556
2394.212062
1473.127432
618.920233
69.917315
-178.745136
-521.035992
-1326.605058
-2405.155642
-3360.894942
-3877.067121
-3822.349222
-3359.071012
-2675.705253
-1885.943580
-1132.660506
-359.922179
635.335603
1826.969844
2906.128405
3477.626459
3349.343385
2753.526265
2082.320039
1558.244163
1217.777237
936.892023
506.444553
-145.306420
-979.450389
-1828.793774
-2383.268482
-2495.744163
-2267.144942
-1920.598249
-1584.387160
-1198.929961
-620.136187
165.369650
964.250973
1527.845331
1713.886187
1543.652724
1200.753891
913.180934
772.130350
711.940661
598.249027
338.035019
-4.255837
-304.596304
-491.245136
-549.002918
-536.235409
-500.364786
-293.044747
193.944553
943.579767
1844.601167
2651.994163
3194.309339
3546.935798
3877.675097
4288.059339
4702.699416
4759.241245
4245.500973
3240.515564
1854.936770
308.852140
-1007.417315
-1871.352140
-2374.756809
-2975.437743
-4121.473735
-5494.892996
-6347.884241
-6244.528210
-5268.117704
-3875.851167
-2614.907588
-1699.294747
-1100.437743
-611.016537
156.857977
1236.624514
2284.168288
2912.816148
2869.041829
2298.151751
1643.968872
1191.026265
942.363813
645.063230
-95.452335
-1287.086576
-2509.727626
-3399.805447
-3732.368677
-3468.506809
-2855.058366
-2171.692607
-1609.922179
-1177.650778
-576.969844
370.257782
1485.894942
2433.730545
2914.640078
2807.636187
2344.965953
1963.156615
1877.431907
2009.970817
1968.020428
1426.313230
412.208171
-818.336576
-1938.229572
-2571.741245
-2581.468872
-2209.387160
-1777.115759
-1498.054475
-1260.943580
-806.177043
-120.987354
525.899805
940.539883
1018.968872
873.662451
804.961089
955.131323
1245.136187
1481.031128
1416.585603
957.563230
302.772374
-327.699416
-722.884241
-806.177043
-725.924125
-558.730545
-257.782101
225.559339
931.420233
1778.939689
2502.431907
2978.477626
3335.967899
3776.142996
4343.993191
4734.314202
4599.343385
3971.911479
3024.075875
1803.866732
502.188716
-574.537938
-1317.485409
-2044.017510
-3306.177043
-5035.262646
-6361.867704
-6631.201362
-5891.901751
-4642.509728
-3416.828794
-2462.913424
-1844.601167
-1439.688716
-887.037938
79.644942
1228.112840
2161.964981
2619.163424
2535.870623
2172.908560
1853.112840
1699.294747
1508.390078
874.878405
-322.835603
-1642.144942
-2608.219844
-3076.969844
-3078.185798
-2724.951362
-2243.433852
-1914.518482
-1839.737354
-1688.959144
-1087.062257
-71.741245
958.779183
1634.849222
1864.056420
1825.145914
1831.225681
2071.984436
2396.035992
2436.162451
2005.107004
1146.643969
148.954280
-678.501946
-1149.075875
-1193.458171
-996.473735
-893.725681
-999.513619
-1141.172179
-1101.653696
-811.648833
-436.527237
-188.472763
-51.070039
83.900778
302.772374
650.535019
1016.536965
1257.903696
1302.893969
1090.710117
682.149805
279.061284
17.023346
-61.405642
-69.309339
-142.266537
-141.658560
136.794747
679.717899
1386.794747
2116.366732
2675.705253
3103.112840
3534.168288
3996.230545
4359.192607
4300.826848
3765.199416
2963.278210
1910.870623
656.614786
-418.287938
-1076.726654
-1660.992218
-2809.460117
-4568.336576
-6032.344358
-6346.668288
-5629.255837
-4526.994163
-3467.898833
-2676.313230
-2208.171206
-1965.588521
-1615.393969
-790.369650
393.360895
1460.967899
2130.350195
2336.454280
2210.603113
2058.000973
2019.698444
1941.877432
1462.791829
448.078794
-727.140078
-1621.473735
-2162.572957
-2389.348249
-2324.902724
-2081.712062
-1961.940661
-2104.207198
-2153.453307
-1721.789883
-860.286965
46.206226
712.548638
1116.853113
1330.860895
1460.359922
1709.630350
2141.901751
2478.720817
2387.524319
1783.803502
889.469844
65.053502
-465.102140
-649.319066
-568.458171
-496.108949
-639.591440
-919.868677
-1174.002918
-1271.887160
-1179.474708
-1004.985409
-781.857977
-494.892996
-155.642023
242.582685
676.070039
999.513619
1128.404669
1067.607004
815.904669
494.892996
283.925097
284.533074
471.789883
665.734436
745.379377
804.353113
958.171206
1214.737354
1598.978599
2128.526265
2788.788911
3554.231518
4242.461089
4545.841440
4254.620623
3506.809339
2693.336576
1960.724708
1157.587549
336.211089
-276.629377
-853.599222
-2016.050584
-3898.954280
-5674.246109
-6339.980545
-5794.017510
-4799.975681
-3998.054475
-3459.995136
-3064.810311
-2721.303502
-2261.673152
-1501.094358
-490.029183
517.996109
1281.614786
1726.653696
1960.116732
2123.662451
2330.982490
2442.242218
2076.240272
1144.212062
65.661479
-752.067121
-1237.840467
-1504.742218
-1608.706226
-1588.642996
-1685.311284
-2034.289883
-2282.952335
-2040.977626
-1395.914397
-703.428988
-158.073930
266.901751
559.946498
719.844358
933.852140
1374.027237
1808.730545
1826.969844
1476.167315
1111.381323
888.861868
753.891051
636.551556
551.434825
421.327821
40.126459
-510.700389
-901.021401
-992.825875
-910.749027
-856.031128
-860.286965
-809.216926
-643.847276
-383.633268
-113.691634
110.651751
271.765564
432.271401
617.096304
738.691634
776.994163
796.449416
792.801556
730.179961
643.239300
659.654669
956.955253
1481.031128
2031.250000
2513.375486
3014.348249
3587.670233
4100.194553
4287.451362
3956.104086
3281.857977
2572.349222
1924.246109
1273.711089
628.039883
49.246109
-696.741245
-2089.615759
-4069.795720
-5746.595331
-6239.056420
-5572.714008
-4563.472763
-3903.818093
-3638.740272
-3500.121595
-3285.505837
-2857.490272
-2095.695525
-1029.304475
114.907588
1059.095331
1645.184825
2011.794747
2372.324903
2681.785019
2705.496109
2253.769455
1477.383268
764.834630
291.220817
-68.701362
-424.367704
-766.658560
-1133.876459
-1634.849222
-2234.922179
-2614.907588
-2523.103113
-2050.705253
-1460.967899
-881.566148
-361.746109
-47.422179
58.973735
201.240272
595.209144
1155.155642
1631.201362
1901.750973
1898.711089
1633.633268
1263.983463
990.393969
885.821984
761.186770
442.607004
15.807393
-356.274319
-612.840467
-765.442607
-859.071012
-956.347276
-1031.736381
-1015.928988
-852.383268
-572.714008
-330.739300
-133.754864
121.595331
364.785992
462.670233
466.318093
527.723735
734.435798
949.659533
1045.719844
1187.986381
1508.998054
1863.448444
2169.260700
2488.448444
2952.334630
3612.597276
4199.294747
4413.910506
4156.736381
3528.696498
2808.244163
2118.798638
1312.621595
455.982490
-213.399805
-910.749027
-2115.758755
-3831.468872
-5310.676070
-5749.635214
-5265.685798
-4706.955253
-4486.259728
-4409.046693
-4272.251946
-3942.120623
-3377.918288
-2544.990272
-1403.818093
-255.350195
617.704280
1224.464981
1693.214981
2189.323930
2701.240272
2934.095331
2725.559339
2247.689689
1793.531128
1466.439689
1105.909533
564.810311
-102.140078
-805.569066
-1606.882296
-2342.534047
-2671.449416
-2530.398833
-2210.603113
-1989.907588
-1862.840467
-1630.593385
-1335.116732
-1032.344358
-519.212062
196.984436
806.785019
1120.500973
1252.431907
1409.289883
1623.905642
1764.348249
1842.169261
1910.262646
1857.368677
1577.091440
1170.355058
733.219844
318.579767
-37.086576
-369.649805
-668.166342
-865.150778
-915.004864
-831.104086
-804.961089
-919.260700
-943.579767
-691.269455
-291.220817
-14.591440
92.412451
243.798638
513.132296
744.771401
887.645914
1110.165370
1512.645914
1943.093385
2354.085603
2874.513619
3562.135214
4193.822957
4474.100195
4306.906615
3838.764591
3331.712062
2890.928988
2359.557393
1558.852140
604.328794
-296.692607
-1292.558366
-2733.463035
-4374.392023
-5407.344358
-5430.447471
-4943.458171
-4705.131323
-4842.534047
-5006.687743
-4969.601167
-4672.908560
-4036.964981
-2997.324903
-1747.932879
-600.680934
282.101167
971.546693
1657.952335
2399.075875
3037.451362
3360.286965
3332.928016
3123.784047
2937.743191
2723.127432
2295.719844
1642.752918
816.512646
-124.027237
-1090.710117
-1893.239300
-2279.304475
-2316.391051
-2373.540856
-2618.555447
-2839.250973
-2845.330739
-2650.170233
-2263.497082
-1626.945525
-838.399805
-145.306420
350.802529
755.107004
1170.355058
1538.788911
1820.890078
2076.240272
2306.663424
2452.577821
2442.850195
2222.762646
1792.315175
1216.561284
637.767510
173.881323
-200.632296
-459.022374
-572.106031
-674.246109
-917.436770
-1170.355058
-1207.441634
-1010.457198
-740.515564
-586.089494
-488.813230
-310.676070
-91.804475
148.954280
488.813230
908.317121
1404.426070
1934.581712
2413.667315
2959.630350
3574.294747
4058.244163
4316.634241
4265.564202
4026.021401
3900.778210
3761.551556
3187.013619
2163.788911
1064.567121
128.891051
-905.277237
-2387.524319
-3901.386187
-4648.589494
-4660.141051
-4638.861868
-4978.112840
-5539.275292
-5946.619650
-6018.968872
-5792.193580
-5155.034047
-4068.579767
-2808.244163
-1678.623541
-838.399805
-192.120623
624.392023
1694.430934
2680.569066
3366.366732
3771.887160
4039.396887
4190.175097
4043.652724
3611.381323
3060.554475
2354.085603
1449.416342
522.251946
-198.808366
-694.917315
-1209.265564
-1936.405642
-2750.486381
-3393.725681
-3767.631323
-3822.349222
-3475.802529
-2832.563230
-2174.732490
-1752.796693
-1496.838521
-1141.172179
-539.883268
250.486381
1132.660506
1949.781128
2522.495136
2776.629377
2799.732490
2676.313230
2482.368677
2309.703307
2159.533074
1885.335603
1445.160506
999.513619
663.302529
285.749027
-300.948444
-880.958171
-1119.892996
-1000.729572
-837.183852
-828.064202
-942.971790
-1060.919261
-1050.583658
-857.855058
-450.510700
117.339494
722.276265
1336.332685
1994.163424
2607.003891
3122.568093
3449.051556
3528.088521
3582.198444
3818.701362
4156.736381
4154.304475
3494.041829
2475.680934
1600.194553
773.954280
-403.696498
-1725.437743
-2644.090467
-2999.756809
-3253.891051
-3923.273346
-4843.142023
-5594.601167
-6089.494163
-6291.950389
-6121.716926
-5544.139105
-4649.197471
-3752.431907
-3121.352140
-2580.860895
-1781.371595
-621.960117
673.638132
1789.275292
2634.970817
3359.678988
3943.336576
4264.956226
4398.711089
4400.535019
4202.942607
3771.279183
3158.438716
2523.711089
1953.428988
1268.847276
367.217899
-691.877432
-1842.777237
-2911.600195
-3641.172179
-3922.057393
-3772.495136
-3424.732490
-3214.980545
-3178.501946
-3114.664397
-2755.958171
-1982.611868
-981.882296
-21.279183
755.714981
1287.694553
1626.945525
1926.070039
2271.400778
2634.970817
2895.184825
2892.144942
2635.578794
2327.942607
2048.881323
1747.324903
1297.422179
707.684825
191.512646
-97.276265
-193.944553
-245.622568
-424.367704
-756.930934
-1090.102140
-1223.249027
-1058.487354
-668.774319
-215.831712
204.280156
582.441634
905.277237
1302.285992
1824.537938
2291.464008
2565.053502
2774.805447
3169.382296
3681.906615
3799.854086
3292.193580
2610.651751
2170.476654
1781.979572
1012.889105
-63.229572
-907.709144
-1285.870623
-1640.928988
-2442.242218
-3589.494163
-4654.669261
-5327.091440
-5645.063230
-5764.834630
-5578.185798
-5090.588521
-4598.735409
-4384.727626
-4288.059339
-3761.551556
-2586.940661
-1204.401751
-41.950389
934.460117
1788.667315
2449.537938
2946.254864
3442.971790
3979.207198
4353.720817
4365.272374
4178.015564
3950.024319
3577.942607
3027.115759
2402.723735
1615.393969
545.963035
-683.365759
-1693.822957
-2213.035019
-2515.807393
-2846.546693
-3109.800584
-3287.329767
-3461.211089
-3537.816148
-3337.791829
-2787.572957
-2019.090467
-1305.933852
-753.891051
-288.180934
159.289883
702.213035
1305.933852
1759.484436
2031.857977
2218.506809
2286.600195
2247.689689
2134.606031
1937.013619
1707.198444
1452.456226
1279.182879
1268.239300
1198.321984
857.855058
397.008755
83.292802
-42.558366
-49.854086
-48.638132
-4.863813
138.618677
252.918288
355.666342
651.142996
1088.278210
1380.714981
1397.130350
1349.708171
1617.825875
2206.955253
2625.851167
2500.607977
2073.808366
1736.381323
1516.901751
1071.862840
300.340467
-263.253891
-319.795720
-327.091440
-893.117704
-1964.372568
-3010.092412
-3684.946498
-4074.051556
-4309.946498
-4286.843385
-4086.211089
-4054.596304
-4323.929961
-4598.735409
-4424.246109
-3662.451362
-2620.987354
-1638.497082
-800.097276
-90.588521
493.677043
1012.889105
1611.138132
2321.862840
2955.982490
3368.798638
3608.341440
3751.215953
3768.847276
3617.461089
3325.024319
2838.642996
2030.034047
1028.088521
168.409533
-348.370623
-631.687743
-954.523346
-1460.359922
-2070.768482
-2619.771401
-2968.750000
-2988.205253
-2693.336576
-2224.586576
-1774.683852
-1536.357004
-1459.143969
-1307.757782
-944.187743
-389.713035
201.848249
665.126459
940.539883
1102.261673
1177.042802
1211.697471
1233.584630
1258.511673
1445.160506
1721.789883
1831.225681
1726.653696
1498.662451
1269.455253
1180.082685
1202.577821
1238.448444
1283.438716
1277.358949
1216.561284
1165.491245
1139.348249
1217.169261
1488.326848
1692.607004
1552.164397
1205.617704
1018.968872
1260.335603
1589.858949
1448.200389
980.666342
670.598249
417.071984
-117.339494
-862.718872
-1234.800584
-891.293774
-497.932879
-852.991245
-1845.817121
-2823.443580
-3354.207198
-3418.044747
-3296.449416
-3140.807393
-2997.932879
-3098.249027
-3517.144942
-3886.794747
-3782.830739
-3069.674125
-2109.071012
-1383.754864
-855.423152
-342.290856
100.924125
479.085603
959.995136
1553.988327
2125.486381
2530.398833
2825.267510
3105.544747
3251.459144
3152.358949
2909.776265
2535.262646
1945.525292
1251.215953
649.319066
246.838521
-30.398833
-422.543774
-1026.872568
-1692.607004
-2207.563230
-2390.564202
-2253.769455
-1985.651751
-1695.646887
-1493.190661
-1486.502918
-1576.483463
-1516.293774
-1148.467899
-569.674125
-19.455253
300.340467
406.736381
438.351167
498.540856
628.647860
798.273346
975.802529
1232.976654
1494.406615
1561.892023
1431.785019
1231.760700
1139.348249
1274.927043
1500.486381
1666.464008
1746.716926
1741.853113
1695.646887
1663.424125
1658.560311
1771.643969
2015.442607
2104.207198
1879.863813
1591.074903
1540.004864
1691.391051
1594.114786
1101.045720
696.741245
578.793774
229.207198
-620.136187
-1443.944553
-1554.596304
-1042.071984
-838.399805
-1445.768482
-2388.740272
-3126.823930
-3503.769455
-3552.407588
-3357.855058
-3036.843385
-2841.074903
-3156.614786
-3821.741245
-4157.344358
-3749.392023
-2800.948444
-1913.302529
-1374.027237
-972.762646
-570.282101
-231.639105
232.247082
959.995136
1735.165370
2312.135214
2676.921206
2995.500973
3265.442607
3296.449416
3162.086576
3025.899805
2786.964981
2329.766537
1794.139105
1301.070039
800.097276
215.223735
-420.111868
-961.211089
-1355.787938
-1642.144942
-1870.136187
-2140.077821
-2385.700389
-2448.929961
-2282.952335
-1950.389105
-1605.058366
-1363.691634
-1229.936770
-1155.155642
-977.018482
-597.033074
-134.970817
262.037938
552.042802
695.525292
713.764591
767.874514
986.746109
1334.508755
1580.739300
1555.812257
1409.897860
1350.316148
1434.216926
1654.912451
1847.033074
1884.119650
1834.265564
1784.411479
1795.963035
1884.119650
2003.283074
2113.326848
2137.645914
1918.166342
1594.114786
1529.669261
1764.956226
1920.598249
1577.699416
879.742218
420.111868
237.110895
-147.738327
-754.499027
-1081.590467
-909.533074
-757.538911
-1237.840467
-2192.363813
-2951.118677
-3264.226654
-3290.977626
-3199.173152
-3121.352140
-3155.398833
-3402.237354
-3894.698444
-4314.810311
-4138.497082
-3372.446498
-2488.448444
-1898.711089
-1603.234436
-1300.462062
-959.995136
-536.843385
192.120623
1180.082685
2014.834630
2485.408560
2774.197471
3050.218872
3218.628405
3225.316148
3224.100195
3217.412451
3005.836576
2586.332685
2154.669261
1741.245136
1229.936770
610.408560
-3.039883
-562.378405
-1063.959144
-1465.223735
-1767.996109
-1998.419261
-2140.685798
-2157.709144
-2123.662451
-2123.662451
-2115.150778
-2009.362840
-1772.859922
-1466.439689
-1164.275292
-903.453307
-701.605058
-497.932879
-241.974708
72.957198
425.583658
809.824903
1164.883268
1364.907588
1389.226654
1391.658560
1545.476654
1811.162451
2029.426070
2152.845331
2259.849222
2360.773346
2397.251946
2394.820039
2418.531128
2535.870623
2723.735409
2751.094358
2486.624514
2083.535992
1843.385214
1916.342412
1910.870623
1398.346304
696.133268
363.570039
260.214008
-207.928016
-1069.430934
-1629.377432
-1522.981518
-1340.588521
-1718.750000
-2435.554475
-3055.082685
-3450.267510
-3618.069066
-3650.899805
-3572.470817
-3442.363813
-3515.321012
-3858.219844
-4145.184825
-3968.263619
-3225.316148
-2406.371595
-1943.093385
-1668.287938
-1318.701362
-959.995136
-528.939689
229.815175
1222.033074
2033.681907
2459.873541
2706.712062
2989.421206
3199.173152
3312.864786
3463.035019
3503.769455
3263.010700
2910.384241
2577.821012
2233.706226
1747.324903
1074.294747
397.616732
-196.376459
-715.588521
-1073.078794
-1366.731518
-1732.125486
-2009.970817
-2106.031128
-2152.845331
-2233.098249
-2326.118677
-2350.437743
-2228.842412
-2032.465953
-1798.394942
-1508.998054
-1237.232490
-976.410506
-669.990272
-366.609922
-15.807393
424.367704
832.320039
1074.294747
1151.507782
1256.687743
1540.612840
1901.750973
2162.572957
2334.630350
2493.312257
2610.043774
2685.432879
2722.519455
2841.074903
3056.906615
3178.501946
3095.817121
2817.363813
2499.392023
2352.869650
2319.430934
2053.137160
1472.519455
916.828794
663.910506
383.025292
-383.025292
-1276.142996
-1540.004864
-1254.255837
-1242.704280
-1887.767510
-2780.885214
-3418.044747
-3741.488327
-3861.259728
-3776.142996
-3585.238327
-3540.856031
-3811.405642
-4305.082685
-4582.928016
-4204.158560
-3350.559339
-2630.107004
-2334.630350
-2203.915370
-1939.445525
-1547.908560
-954.523346
-24.927043
994.649805
1669.503891
2041.585603
2408.803502
2819.187743
3186.405642
3508.633268
3796.206226
3860.651751
3655.155642
3430.812257
3242.947471
2882.417315
2334.022374
1792.923152
1299.246109
773.954280
280.277237
-137.402724
-578.185798
-1120.500973
-1602.626459
-1862.232490
-2031.250000
-2200.267510
-2370.500973
-2557.149805
-2685.432879
-2654.426070
-2488.448444
-2261.673152
-2036.113813
-1738.813230
-1375.243191
-1096.789883
-846.303502
-432.271401
80.860895
473.005837
706.468872
907.101167
1194.066148
1545.476654
1853.720817
2138.861868
2428.866732
2681.785019
2932.271401
3137.159533
3269.698444
3447.227626
3638.132296
3625.972763
3399.805447
3128.647860
3041.707198
3135.943580
2928.623541
2225.194553
1476.167315
1086.454280
882.174125
357.490272
-478.477626
-1042.071984
-1156.371595
-1356.395914
-1983.827821
-2758.390078
-3325.632296
-3632.052529
-3899.562257
-4193.822957
-4308.730545
-4271.643969
-4362.232490
-4651.629377
-4883.268482
-4673.516537
-4080.131323
-3575.510700
-3292.801556
-2962.670233
-2529.790856
-2085.967899
-1498.662451
-618.920233
415.856031
1198.321984
1645.184825
2065.296693
2544.382296
2982.733463
3431.420233
3832.076848
4000.486381
3968.871595
3928.745136
3905.034047
3742.096304
3367.582685
2968.142023
2558.365759
2015.442607
1438.472763
921.084630
360.530156
-272.373541
-775.778210
-1090.710117
-1372.203307
-1797.786965
-2307.271401
-2701.848249
-2923.759728
-2949.902724
-2820.403696
-2707.320039
-2658.681907
-2555.325875
-2380.836576
-2186.284047
-1884.119650
-1383.754864
-808.000973
-420.111868
-237.718872
28.574903
521.035992
1033.560311
1451.848249
1814.810311
2149.197471
2456.833658
2734.678988
3021.035992
3317.728599
3601.045720
3837.548638
3960.967899
3937.256809
3885.578794
3965.223735
3954.888132
3508.025292
2797.908560
2324.902724
2200.267510
1893.847276
1054.231518
178.137160
-209.751946
-393.360895
-907.101167
-1776.507782
-2593.628405
-3177.893969
-3669.747082
-4134.849222
-4443.093385
-4570.768482
-4712.427043
-5050.462062
-5466.318093
-5525.899805
-5072.957198
-4530.642023
-4308.730545
-4265.564202
-4027.237354
-3499.513619
-2867.217899
-2115.758755
-1150.899805
-265.077821
273.589494
720.452335
1367.947471
2133.390078
2765.685798
3208.900778
3596.181907
3957.928016
4175.583658
4267.388132
4302.650778
4208.414397
4000.486381
3698.321984
3292.193580
2927.407588
2626.459144
2169.260700
1455.496109
708.900778
200.632296
-64.445525
-375.729572
-854.815175
-1355.179961
-1842.777237
-2315.175097
-2636.186770
-2750.486381
-2719.479572
-2631.322957
-2629.499027
-2687.256809
-2681.177043
-2496.960117
-2051.313230
-1475.559339
-1045.111868
-784.897860
-545.355058
-252.310311
206.104086
759.970817
1242.096304
1629.377432
1974.708171
2323.686770
2695.160506
3027.115759
3264.226654
3444.795720
3626.580739
3911.721790
4275.899805
4315.418288
3850.316148
3306.785019
2997.324903
2748.662451
2312.743191
1807.514591
1535.141051
1311.405642
606.760700
-518.604086
-1462.183852
-1918.166342
-2103.599222
-2403.331712
-2997.324903
-3706.225681
-4362.232490
-4980.544747
-5446.862840
-5517.996109
-5204.280156
-4856.517510
-4878.404669
-5176.313230
-5230.423152
-4857.733463
-4262.524319
-3535.384241
-2714.007782
-2026.386187
-1586.211089
-1206.225681
-556.906615
355.666342
1226.896887
1854.328794
2322.470817
2741.366732
3149.927043
3547.543774
3857.003891
4078.307393
4232.125486
4274.075875
4146.400778
3931.177043
3746.352140
3551.799611
3219.844358
2722.519455
2234.314202
1824.537938
1358.219844
860.286965
423.151751
10.943580
-478.477626
-1034.168288
-1518.725681
-1824.537938
-2037.329767
-2278.088521
-2473.249027
-2565.661479
-2562.013619
-2510.335603
-2403.939689
-2151.021401
-1767.996109
-1471.911479
-1315.053502
-1069.430934
-588.521401
37.086576
557.514591
876.094358
1149.683852
1488.934825
1831.833658
2085.359922
2318.822957
2735.894942
3333.535992
3667.315175
3442.363813
3055.082685
2959.630350
3011.308366
2824.659533
2503.647860
2427.042802
2445.282101
1978.964008
982.490272
57.757782
-357.490272
-393.968872
-480.301556
-905.277237
-1655.520428
-2537.086576
-3388.253891
-4046.692607
-4311.162451
-4148.224708
-3965.831712
-4260.092412
-4895.428016
-5249.878405
-5083.292802
-4722.154669
-4318.458171
-3807.757782
-3360.894942
-3160.870623
-3000.364786
-2504.863813
-1673.759728
-861.502918
-235.894942
299.124514
752.067121
1133.876459
1588.035019
2133.390078
2658.681907
3084.265564
3343.263619
3432.636187
3478.234436
3584.022374
3735.408560
3768.239300
3620.500973
3435.068093
3233.827821
2873.905642
2446.498054
2188.107977
2020.914397
1738.813230
1253.039883
663.910506
181.177043
-162.937743
-448.686770
-727.140078
-1070.646887
-1431.785019
-1702.942607
-1898.711089
-1995.987354
-1961.940661
-1842.777237
-1668.895914
-1510.214008
-1405.642023
-1211.697471
-782.465953
-244.406615
249.270428
570.890078
664.518482
719.844358
962.427043
1450.024319
1984.435798
2154.061284
1979.571984
1890.199416
1831.833658
1586.819066
1406.250000
1654.912451
2132.174125
2125.486381
1375.851167
533.803502
176.313230
152.602140
228.599222
242.582685
-37.694553
-625.607977
-1355.179961
-2045.233463
-2416.099222
-2382.660506
-2225.194553
-2371.108949
-3005.228599
-3674.002918
-3855.787938
-3771.279183
-3633.876459
-3283.681907
-2945.038911
-2975.437743
-3222.884241
-3189.445525
-2654.426070
-1968.628405
-1476.167315
-1049.975681
-698.565175
-545.355058
-302.772374
192.728599
703.428988
1156.371595
1574.051556
1857.368677
1951.605058
1926.070039
2062.864786
2428.258755
2714.615759
2873.905642
3010.092412
2923.759728
2602.748054
2380.228599
2357.125486
2405.763619
2395.428016
2217.290856
1919.990272
1512.645914
1082.198444
873.662451
811.648833
617.704280
339.858949
13.983463
-418.287938
-745.379377
-862.718872
-924.732490
-971.546693
-1000.121595
-970.938716
-897.373541
-911.964981
-829.280156
-403.696498
64.445525
271.157588
313.107977
393.968872
666.950389
984.314202
1070.646887
1059.095331
1102.869650
964.858949
638.983463
459.630350
682.757782
1135.092412
1160.627432
515.564202
-182.392996
-426.799611
-310.676070
-60.189689
52.285992
-115.515564
-504.620623
-1082.806420
-1623.905642
-1697.470817
-1355.179961
-1095.573930
-1340.588521
-2064.080739
-2614.907588
-2644.698444
-2546.814202
-2439.810311
-2192.971790
-2065.904669
-2273.224708
-2557.757782
-2536.478599
-2128.526265
-1687.743191
-1428.137160
-1176.434825
-970.938716
-916.220817
-739.907588
-356.882296
44.382296
417.679961
704.036965
849.343385
942.363813
1039.032101
1203.185798
1372.811284
1456.104086
1631.809339
1912.086576
1966.196498
1820.890078
1776.507782
1807.514591
1791.099222
1797.786965
1918.166342
2033.073930
1880.471790
1515.685798
1284.046693
1253.039883
1283.438716
1318.093385
1183.122568
818.944553
426.191634
187.864786
98.492218
79.036965
79.036965
83.292802
-12.159533
-272.373541
-422.543774
-297.908560
-23.103113
213.399805
311.892023
307.636187
356.274319
553.258755
741.731518
786.721790
732.003891
653.574903
448.078794
86.332685
-55.933852
280.277237
618.312257
356.882296
-384.849222
-998.905642
-1104.085603
-877.918288
-652.966926
-600.680934
-805.569066
-1209.873541
-1653.696498
-1896.887160
-1721.181907
-1237.232490
-956.347276
-1229.328794
-1802.042802
-2099.951362
-2003.283074
-1767.996109
-1549.124514
-1386.794747
-1400.778210
-1682.879377
-1876.215953
-1664.032101
-1246.352140
-973.370623
-885.214008
-809.824903
-719.844358
-647.495136
-491.245136
-191.512646
114.907588
321.619650
446.254864
569.674125
693.701362
769.698444
795.233463
806.785019
930.204280
1179.474708
1347.884241
1282.830739
1105.909533
1046.327821
1139.956226
1232.368677
1324.781128
1476.167315
1493.798638
1270.671206
1029.304475
1016.536965
1183.730545
1326.605058
1333.900778
1240.880350
1074.902724
820.160506
635.943580
645.063230
722.276265
752.067121
696.741245
546.571012
415.248054
363.570039
382.417315
461.454280
535.019455
533.803502
490.029183
445.038911
490.637160
645.063230
718.628405
690.053502
649.927043
440.783074
29.182879
-216.439689
-21.887160
380.593385
360.530156
-294.868677
-1013.497082
-1296.814202
-1235.408560
-1054.839494
-951.483463
-1082.806420
-1394.090467
-1815.418288
-2185.676070
-2143.117704
-1693.822957
-1256.687743
-1227.504864
-1635.457198
-1956.468872
-1849.464981
-1609.314202
-1407.465953
-1164.883268
-1046.327821
-1203.793774
-1468.871595
-1509.606031
-1192.242218
-790.369650
-586.089494
-481.517510
-438.351167
-479.085603
-439.567121
-249.878405
0.607977
290.612840
512.524319
601.896887
658.438716
692.485409
702.213035
670.598249
663.910506
879.134241
1205.009728
1234.800584
956.955253
740.515564
719.844358
782.465953
884.606031
1020.792802
1151.507782
1095.573930
826.848249
635.943580
693.701362
928.988327
1162.451362
1169.139105
967.290856
794.017510
762.402724
787.329767
820.768482
858.463035
905.885214
899.805447
775.170233
666.950389
721.060311
894.941634
1054.231518
1052.407588
840.831712
622.568093
615.880350
816.512646
989.785992
956.955253
807.392996
579.401751
215.831712
-130.107004
-126.459144
221.303502
439.567121
68.701362
-714.372568
-1280.398833
-1363.691634
-1182.514591
-1051.799611
-1109.557393
-1346.668288
-1719.357977
-2191.755837
-2464.129377
-2244.041829
-1713.886187
-1368.555447
-1536.964981
-1973.492218
-2133.998054
-1931.541829
-1630.593385
-1352.140078
-1105.301556
-992.217899
-1130.836576
-1346.060311
-1310.797665
-936.284047
-486.989300
-251.702335
-205.496109
-238.326848
-257.174125
-198.200389
-104.571984
70.525292
347.154669
583.657588
678.501946
675.462062
671.206226
716.804475
759.362840
776.386187
934.460117
1175.218872
1232.976654
1059.703307
829.888132
714.372568
724.100195
773.346304
856.639105
951.483463
882.782101
632.903696
417.071984
364.785992
490.029183
689.445525
794.017510
763.010700
667.558366
537.451362
452.334630
484.557393
648.711089
879.742218
971.546693
832.928016
705.860895
783.073930
933.852140
1041.464008
1091.926070
1071.254864
1011.065175
932.028210
931.420233
1056.055447
1090.102140
969.722763
840.223735
651.142996
347.762646
139.226654
218.871595
463.886187
417.679961
-125.243191
-758.146887
-1079.766537
-1099.829767
-1013.497082
-987.354086
-1160.019455
-1464.007782
-1861.624514
-2298.759728
-2451.969844
-2178.988327
-1733.949416
-1568.579767
-1906.006809
-2318.822957
-2315.175097
-2039.153696
-1778.331712
-1532.101167
-1329.644942
-1285.262646
-1425.705253
-1527.237354
-1290.734436
-801.921206
-429.231518
-281.493191
-289.396887
-361.746109
-302.164397
-94.844358
103.964008
303.988327
514.956226
656.614786
711.332685
710.116732
780.642023
910.749027
903.453307
885.214008
1107.125486
1373.419261
1406.250000
1207.441634
946.619650
821.376459
890.685798
998.297665
1095.573930
1100.437743
843.263619
503.404669
304.596304
309.460117
545.963035
783.073930
730.787938
494.285019
267.509728
159.897860
294.260700
524.683852
668.774319
718.020428
609.800584
502.188716
593.993191
778.818093
932.028210
1079.766537
1123.540856
1068.822957
1000.121595
938.715953
1032.952335
1225.072957
1232.976654
1091.318093
911.964981
624.392023
340.466926
242.582685
390.928988
615.272374
431.055447
-227.383268
-809.216926
-1004.985409
-953.307393
-843.871595
-873.054475
-1082.198444
-1414.153696
-1937.621595
-2416.707198
-2450.753891
-2085.967899
-1686.527237
-1674.367704
-2123.054475
-2492.096304
-2441.634241
-2230.666342
-1981.395914
-1638.497082
-1367.339494
-1319.917315
-1445.768482
-1474.951362
-1178.866732
-745.987354
-466.318093
-286.357004
-177.529183
-145.306420
-27.966926
125.243191
183.000973
293.652724
497.324903
664.518482
776.386187
868.798638
982.490272
1023.224708
874.270428
803.745136
1057.879377
1374.635214
1477.383268
1369.163424
1121.716926
885.214008
814.080739
908.317121
1039.032101
1068.214981
893.117704
577.577821
245.014591
65.661479
217.047665
494.892996
508.876459
274.805447
48.030156
-51.070039
-37.086576
26.750973
131.930934
293.044747
432.271401
459.022374
438.959144
457.806420
595.209144
887.645914
1117.461089
1148.467899
1113.205253
1104.693580
1149.075875
1259.727626
1367.947471
1398.954280
1372.203307
1172.178988
798.273346
499.148833
469.357977
720.452335
870.622568
534.411479
-113.083658
-613.448444
-815.296693
-818.944553
-761.794747
-801.313230
-1028.696498
-1488.326848
-2113.934825
-2544.990272
-2478.720817
-2092.655642
-1800.826848
-1994.163424
-2501.823930
-2758.998054
-2674.489300
-2445.890078
-2132.782101
-1808.122568
-1614.178016
-1617.217899
-1690.175097
-1550.340467
-1129.620623
-700.997082
-444.430934
-298.516537
-193.336576
-50.462062
159.289883
310.068093
405.520428
543.531128
698.565175
874.878405
1070.646887
1257.903696
1345.452335
1228.112840
1049.367704
1108.341440
1423.273346
1728.477626
1803.866732
1631.201362
1330.860895
1082.198444
977.018482
1008.025292
1120.500973
1156.979572
951.483463
559.946498
181.785019
26.142996
131.322957
235.894942
159.897860
-31.614786
-248.054475
-434.703307
-516.172179
-449.902724
-264.469844
-59.581712
7.295720
-29.182879
-20.063230
113.691634
359.314202
638.375486
864.542802
951.483463
894.941634
820.160506
949.051556
1305.933852
1598.370623
1623.297665
1446.376459
1153.939689
847.519455
687.621595
821.984436
1197.714008
1384.362840
1006.809339
230.423152
-424.367704
-628.647860
-457.198444
-268.117704
-351.410506
-711.940661
-1281.614786
-1951.605058
-2422.178988
-2419.139105
-2030.034047
-1715.102140
-1895.063230
-2441.634241
-2870.257782
-2954.158560
-2755.350195
-2392.388132
-2006.930934
-1743.677043
-1702.942607
-1800.826848
-1823.321984
-1590.466926
-1133.876459
-666.950389
-373.905642
-258.998054
-136.794747
80.860895
303.380350
457.806420
579.401751
722.276265
927.164397
1163.059339
1370.987354
1493.190661
1458.535992
1343.628405
1321.741245
1428.137160
1618.433852
1826.969844
1915.126459
1781.979572
1456.712062
1098.005837
919.260700
984.314202
1105.301556
1077.334630
785.505837
309.460117
-101.532101
-283.925097
-285.141051
-200.632296
-160.505837
-302.164397
-586.697471
-831.104086
-842.655642
-621.352140
-403.088521
-352.018482
-375.121595
-340.466926
-198.808366
21.279183
245.014591
455.982490
660.870623
776.994163
801.313230
877.310311
1104.085603
1457.320039
1718.750000
1735.165370
1606.882296
1468.263619
1274.319066
1089.494163
1116.245136
1373.419261
1587.427043
1350.316148
686.405642
50.462062
-235.894942
-253.526265
-197.592412
-233.463035
-457.806420
-890.077821
-1526.629377
-2143.117704
-2361.381323
-2147.373541
-1861.016537
-1910.262646
-2360.165370
-2781.493191
-2885.457198
-2774.197471
-2564.445525
-2295.111868
-2047.057393
-1918.166342
-1941.269455
-1969.844358
-1794.747082
-1407.465953
-1018.360895
-743.555447
-562.986381
-362.962062
-38.910506
274.805447
453.550584
566.026265
718.628405
946.011673
1241.488327
1526.629377
1753.404669
1841.561284
1724.829767
1545.476654
1522.373541
1699.902724
1972.276265
2147.981518
2031.857977
1646.400778
1214.129377
939.931907
871.838521
930.812257
955.131323
811.648833
446.254864
-38.910506
-397.616732
-502.796693
-484.557393
-493.677043
-600.072957
-772.130350
-890.077821
-926.556420
-925.340467
-908.925097
-889.469844
-791.585603
-604.936770
-412.816148
-252.918288
-97.884241
57.149805
217.047665
441.999027
696.133268
922.908560
1111.989300
1267.023346
1420.841440
1583.779183
1693.214981
1797.786965
1850.680934
1719.357977
1484.678988
1356.395914
1500.486381
1760.092412
1755.228599
1305.325875
629.863813
85.116732
-147.130350
-153.818093
-135.578794
-254.742218
-567.242218
-1111.381323
-1789.883268
-2293.287938
-2410.627432
-2202.091440
-2018.482490
-2176.556420
-2571.741245
-2884.849222
-2967.534047
-2868.433852
-2684.216926
-2493.920233
-2296.935798
-2130.958171
-2048.881323
-1964.372568
-1707.198444
-1298.030156
-922.908560
-709.508755
-557.514591
-215.831712
280.277237
659.654669
839.615759
939.931907
1096.789883
1326.605058
1559.460117
1814.810311
2118.798638
2322.470817
2272.616732
2020.306420
1799.610895
1792.315175
1930.325875
1982.611868
1833.049611
1568.579767
1256.687743
938.107977
648.103113
418.895914
286.964981
139.834630
-97.276265
-389.713035
-666.342412
-888.253891
-1046.935798
-1169.139105
-1290.126459
-1372.811284
-1387.402724
-1340.588521
-1240.272374
-1170.963035
-1150.291829
-1102.261673
-945.403696
-706.468872
-462.670233
-224.951362
23.103113
272.373541
476.045720
673.638132
921.084630
1208.657588
1451.848249
1612.354086
1783.803502
2059.824903
2383.268482
2600.316148
2586.332685
2326.726654
1967.412451
1724.221790
1761.916342
2048.881323
2265.928988
2091.439689
1442.728599
603.112840
-29.790856
-276.021401
-240.150778
-159.897860
-247.446498
-654.182879
-1374.635214
-2173.516537
-2701.240272
-2794.868677
-2621.595331
-2527.358949
-2689.080739
-2986.989300
-3218.020428
-3247.811284
-3107.368677
-2919.503891
-2745.014591
-2607.003891
-2467.169261
-2235.530156
-1853.112840
-1375.243191
-936.284047
-678.501946
-561.162451
-359.314202
83.292802
693.093385
1279.182879
1650.048638
1758.876459
1705.374514
1665.248054
1820.282101
2165.612840
2517.631323
2647.130350
2464.737354
2099.343385
1790.491245
1655.520428
1657.344358
1633.025292
1439.080739
1065.175097
607.976654
200.632296
-89.980545
-271.765564
-474.829767
-772.130350
-1129.620623
-1406.857977
-1529.061284
-1572.227626
-1646.400778
-1778.939689
-1887.767510
-1893.847276
-1789.883268
-1615.393969
-1413.545720
-1220.209144
-1077.334630
-977.018482
-832.928016
-555.690661
-175.705253
178.745136
418.895914
594.601167
839.007782
1156.371595
1504.742218
1851.288911
2113.934825
2241.609922
2255.593385
2292.071984
2503.647860
2861.138132
3139.591440
3214.980545
3104.328794
2805.812257
2369.892996
1972.276265
1816.634241
1991.123541
2167.436770
1933.365759
1242.096304
397.008755
-264.469844
-652.358949
-887.645914
-1053.015564
-1192.242218
-1462.183852
-1988.083658
-2647.130350
-3149.927043
-3325.632296
-3289.153696
-3300.097276
-3430.204280
-3512.889105
-3416.220817
-3176.678016
-2932.879377
-2766.293774
-2626.459144
-2433.730545
-2167.436770
-1794.139105
-1290.126459
-695.525292
-128.891051
237.718872
401.264591
567.242218
893.725681
1355.179961
1827.577821
2135.214008
2253.769455
2266.536965
2233.706226
2197.835603
2185.068093
2169.260700
2080.496109
1882.295720
1576.483463
1257.903696
1001.337549
787.329767
533.803502
200.632296
-191.512646
-575.145914
-880.958171
-1133.268482
-1344.236381
-1530.277237
-1736.989300
-1960.724708
-2111.502918
-2126.094358
-2026.386187
-1918.166342
-1871.352140
-1815.418288
-1691.999027
-1491.974708
-1250.607977
-974.586576
-663.302529
-352.626459
-123.419261
62.621595
330.739300
691.269455
1075.510700
1364.907588
1533.317121
1702.334630
1944.917315
2178.988327
2357.125486
2501.823930
2659.897860
2793.652724
2831.955253
2780.277237
2722.519455
2709.143969
2690.904669
2634.362840
2551.070039
2484.800584
2360.773346
2026.386187
1459.751946
898.589494
607.368677
570.890078
542.923152
278.453307
-212.183852
-777.602140
-1325.389105
-1800.218872
-2103.599222
-2181.420233
-2130.350195
-2196.619650
-2521.279183
-2914.640078
-3126.215953
-3081.833658
-2950.510700
-2912.208171
-2903.088521
-2762.645914
-2442.242218
-2059.824903
-1718.142023
-1411.113813
-1128.404669
-891.293774
-710.724708
-496.108949
-109.435798
431.663424
921.692607
1181.298638
1214.129377
1218.385214
1332.684825
1501.702335
1604.450389
1577.699416
1453.064202
1313.229572
1199.537938
1090.102140
943.579767
760.578794
493.069066
105.787938
-339.858949
-716.804475
-880.350195
-847.519455
-831.712062
-1025.048638
-1403.818093
-1763.132296
-1919.990272
-1873.784047
-1756.444553
-1668.895914
-1620.865759
-1580.131323
-1522.981518
-1411.721790
-1183.730545
-852.383268
-539.275292
-356.274319
-238.326848
-17.631323
311.284047
659.654669
932.636187
1130.836576
1337.548638
1585.603113
1826.361868
2003.891051
2118.190661
2160.141051
2140.685798
2101.775292
2102.383268
2174.124514
2247.689689
2201.483463
2020.914397
1777.723735
1572.227626
1496.838521
1504.742218
1465.223735
1334.508755
1141.172179
961.819066
821.984436
730.787938
710.724708
750.851167
721.668288
431.055447
-82.076848
-493.677043
-533.803502
-276.629377
-84.508755
-186.040856
-491.245136
-810.432879
-1071.254864
-1274.927043
-1369.771401
-1259.727626
-1035.384241
-982.490272
-1176.434825
-1389.226654
-1403.210117
-1265.807393
-1180.082685
-1260.335603
-1380.714981
-1358.827821
-1174.002918
-932.636187
-736.867704
-632.295720
-607.976654
-671.206226
-775.170233
-788.545720
-646.279183
-403.696498
-191.512646
-134.362840
-230.423152
-331.955253
-350.194553
-290.004864
-263.861868
-348.370623
-479.085603
-572.106031
-614.056420
-635.943580
-654.790856
-671.206226
-687.013619
-760.578794
-913.180934
-1022.008755
-977.018482
-814.080739
-659.654669
-622.568093
-645.671206
-585.481518
-453.550584
-306.420233
-153.210117
-8.511673
131.930934
254.742218
367.217899
540.491245
782.465953
1000.121595
1122.324903
1152.115759
1160.627432
1209.265564
1310.797665
1411.113813
1477.991245
1458.535992
1350.316148
1242.096304
1178.258755
1158.803502
1143.604086
1095.573930
1025.656615
922.300584
769.090467
618.312257
513.740272
447.470817
392.752918
330.739300
263.253891
254.742218
309.460117
356.882296
400.048638
449.294747
498.540856
560.554475
633.511673
773.346304
991.609922
1218.993191
1388.010700
1490.758755
1465.223735
1274.927043
1012.281128
832.928016
880.958171
1074.294747
1174.002918
1011.673152
676.678016
323.443580
-13.983463
-325.267510
-562.378405
-668.774319
-724.100195
-935.676070
-1326.605058
-1698.078794
-1887.767510
-1931.541829
-2007.538911
-2245.257782
-2526.142996
-2684.216926
-2679.961089
-2558.365759
-2389.956226
-2216.682879
-2074.416342
-2050.097276
-2110.286965
-2079.280156
-1857.976654
-1476.775292
-1118.069066
-890.077821
-746.595331
-577.577821
-364.785992
-170.233463
-41.950389
31.006809
107.003891
193.336576
260.821984
345.938716
497.932879
666.342412
730.179961
638.983463
487.597276
441.391051
558.730545
700.997082
760.578794
728.964008
652.358949
598.857004
557.514591
531.979572
549.610895
582.441634
542.315175
409.168288
284.533074
277.237354
360.530156
378.769455
266.901751
129.499027
48.030156
41.342412
69.917315
88.764591
102.140078
120.987354
136.186770
142.266537
184.824903
277.845331
367.217899
441.391051
484.557393
536.235409
648.711089
787.937743
920.476654
1000.121595
1010.457198
1019.576848
1074.294747
1181.298638
1296.814202
1375.243191
1410.505837
1401.994163
1365.515564
1338.764591
1384.362840
1482.247082
1556.420233
1518.117704
1375.851167
1224.464981
1133.268482
1116.245136
1112.597276
1065.175097
882.174125
469.357977
-34.046693
-396.400778
-514.956226
-490.637160
-555.690661
-837.183852
-1209.873541
-1538.180934
-1780.763619
-1953.428988
-2057.392996
-2090.223735
-2137.645914
-2289.640078
-2505.471790
-2577.821012
-2434.946498
-2221.546693
-2140.685798
-2208.171206
-2270.792802
-2180.812257
-1929.717899
-1595.938716
-1251.823930
-949.051556
-733.827821
-652.966926
-614.664397
-482.125486
-207.320039
131.930934
428.015564
609.192607
685.797665
712.548638
750.851167
806.785019
842.047665
829.280156
761.186770
662.086576
558.122568
465.102140
382.417315
294.260700
187.864786
69.917315
-54.109922
-119.771401
-136.186770
-159.289883
-223.127432
-317.363813
-354.450389
-295.476654
-172.665370
-72.957198
-23.711089
-9.727626
-13.375486
24.927043
113.691634
249.270428
406.736381
523.467899
583.049611
624.392023
669.990272
732.003891
809.216926
837.183852
835.359922
873.662451
939.323930
1001.945525
1048.151751
1066.999027
1066.391051
1029.912451
946.619650
843.871595
776.386187
750.243191
754.499027
724.100195
652.358949
577.577821
497.324903
398.224708
292.436770
196.376459
170.841440
203.672179
212.791829
187.256809
157.465953
156.250000
202.456226
272.373541
294.868677
269.941634
232.855058
209.143969
235.894942
323.443580
440.175097
500.972763
389.713035
83.292802
-237.718872
-364.785992
-283.925097
-144.698444
-121.595331
-269.941634
-476.045720
-642.631323
-786.721790
-891.901751
-935.676070
-941.147860
-967.290856
-1101.045720
-1301.070039
-1397.130350
-1329.036965
-1206.833658
-1209.873541
-1367.339494
-1512.037938
-1500.486381
-1339.372568
-1141.172179
-992.825875
-881.566148
-797.665370
-775.170233
-797.665370
-761.794747
-613.448444
-419.503891
-278.453307
-220.695525
-179.353113
-62.013619
79.036965
171.449416
187.256809
155.642023
139.834630
169.625486
236.502918
316.755837
387.889105
413.424125
385.457198
324.051556
307.028210
363.570039
454.766537
504.012646
486.381323
432.879377
407.952335
450.510700
518.604086
542.923152
513.132296
451.726654
386.673152
347.762646
319.187743
306.420233
314.323930
300.340467
266.293774
215.831712
186.040856
193.944553
192.728599
147.130350
100.316148
93.628405
126.459144
186.040856
243.190661
259.606031
249.878405
223.127432
187.864786
198.808366
268.725681
352.626459
394.576848
379.377432
367.825875
401.264591
467.534047
522.859922
545.963035
552.042802
540.491245
541.099222
561.162451
611.624514
676.678016
720.452335
695.525292
643.239300
621.352140
640.199416
668.774319
666.950389
628.647860
554.474708
487.597276
453.550584
424.975681
390.928988
319.795720
170.233463
-57.149805
-282.101167
-426.191634
-485.165370
-501.580739
-563.594358
-694.917315
-856.639105
-994.649805
-1086.454280
-1133.268482
-1165.491245
-1197.106031
-1248.784047
-1315.053502
-1356.395914
-1312.013619
-1185.554475
-1079.766537
-1076.118677
-1140.564202
-1163.667315
-1068.822957
-877.310311
-676.678016
-519.820039
-414.032101
-349.586576
-315.539883
-283.925097
-197.592412
-28.574903
141.658560
201.240272
154.426070
122.203307
169.625486
258.390078
287.572957
211.575875
111.259728
37.694553
12.159533
10.335603
24.319066
55.933852
57.149805
-6.687743
-125.851167
-196.984436
-134.970817
5.471790
107.003891
99.100195
20.063230
-29.182879
-10.943580
53.501946
143.482490
230.423152
279.061284
279.061284
248.662451
223.735409
249.878405
302.164397
351.410506
364.785992
363.570039
370.865759
399.440661
441.391051
474.221790
494.892996
493.069066
504.012646
513.132296
521.035992
517.996109
516.172179
515.564202
529.547665
557.514591
572.714008
548.394942
486.381323
389.105058
317.363813
319.795720
375.729572
452.334630
482.125486
436.527237
344.722763
249.270428
189.080739
180.569066
229.207198
305.812257
344.722763
305.812257
227.383268
196.376459
229.207198
288.788911
283.925097
206.104086
151.994163
151.386187
183.608949
234.678988
279.669261
296.692607
235.286965
74.781128
-89.980545
-151.994163
-92.412451
-33.438716
-68.701362
-179.961089
-291.828794
-366.609922
-439.567121
-525.899805
-607.976654
-672.422179
-748.419261
-836.575875
-920.476654
-965.466926
-964.858949
-976.410506
-1030.520428
-1107.733463
-1162.451362
-1147.251946
-1063.351167
-969.114786
-899.197471
-866.366732
-840.831712
-771.522374
-697.957198
-646.279183
-592.777237
-502.188716
-388.497082
-308.244163
-293.652724
-276.021401
-196.984436
-113.691634
-70.525292
-71.133268
-51.070039
7.295720
73.565175
104.571984
108.827821
145.914397
201.848249
240.150778
254.134241
289.396887
360.530156
427.407588
448.078794
444.430934
455.374514
485.773346
499.756809
483.341440
486.989300
519.212062
530.763619
502.796693
440.783074
390.928988
372.081712
351.410506
308.244163
292.436770
312.500000
326.483463
277.237354
213.399805
178.137160
175.705253
175.097276
146.522374
117.339494
128.891051
161.721790
158.681907
120.379377
94.844358
100.316148
123.419261
138.010700
156.250000
209.751946
262.645914
294.868677
305.812257
317.971790
366.609922
424.367704
455.982490
464.494163
492.461089
533.803502
549.610895
550.826848
531.371595
529.547665
514.348249
490.637160
504.012646
568.458171
640.199416
644.455253
578.793774
502.188716
452.942607
431.055447
415.248054
410.384241
407.344358
338.035019
178.745136
-20.063230
-183.608949
-270.549611
-301.556420
-361.746109
-491.245136
-637.767510
-770.306420
-883.390078
-979.450389
-1069.430934
-1135.092412
-1174.610895
-1241.488327
-1329.644942
-1398.954280
-1412.937743
-1376.459144
-1321.741245
-1265.199416
-1206.833658
-1127.188716
-1026.872568
-925.340467
-801.313230
-654.182879
-515.564202
-392.144942
-288.180934
-175.097276
-53.501946
38.302529
91.804475
133.146887
181.785019
256.566148
322.835603
370.865759
419.503891
445.646887
418.287938
341.682879
287.572957
283.925097
302.772374
286.964981
226.167315
162.329767
96.060311
32.830739
-37.086576
-91.804475
-90.588521
-70.525292
-85.116732
-129.499027
-157.465953
-159.289883
-145.306420
-144.698444
-148.346304
-112.475681
-47.422179
10.335603
21.887160
32.222763
66.269455
113.083658
175.705253
229.207198
273.589494
314.323930
356.274319
417.679961
482.125486
547.786965
585.481518
606.760700
641.415370
662.694553
678.501946
700.997082
742.339494
807.392996
837.791829
815.904669
767.874514
740.515564
748.419261
745.987354
718.020428
676.070039
652.358949
636.551556
584.265564
508.876459
440.783074
380.593385
331.347276
274.197471
220.087549
197.592412
159.289883
65.053502
-48.030156
-132.538911
-171.449416
-177.529183
-166.585603
-164.153696
-153.210117
-169.625486
-230.423152
-284.533074
-267.509728
-178.745136
-100.316148
-92.412451
-136.186770
-206.712062
-283.925097
-355.666342
-410.992218
-423.151751
-387.281128
-375.121595
-429.231518
-526.507782
-591.561284
-592.169261
-584.873541
-605.544747
-652.358949
-710.116732
-756.930934
-817.120623
-886.429961
-906.493191
-874.878405
-837.183852
-834.143969
-854.815175
-870.014591
-837.791829
-774.562257
-714.980545
-662.086576
-595.209144
-516.172179
-465.102140
-434.095331
-401.872568
-377.553502
-334.387160
-279.669261
-217.655642
-133.754864
-45.598249
25.535019
69.917315
85.116732
94.236381
119.771401
174.489300
236.502918
294.868677
341.074903
375.729572
400.048638
426.191634
459.630350
491.853113
522.251946
545.355058
593.993191
655.398833
709.508755
730.787938
714.980545
677.893969
636.551556
610.408560
598.857004
595.817121
593.385214
565.418288
485.165370
375.121595
299.732490
276.021401
291.828794
311.284047
290.612840
233.463035
173.273346
127.675097
105.179961
122.811284
166.585603
220.087549
238.934825
209.751946
165.369650
155.034047
195.768482
263.253891
338.642996
366.609922
376.337549
395.792802
399.440661
394.576848
401.872568
418.287938
434.095331
447.470817
437.135214
395.184825
362.962062
349.586576
328.915370
285.141051
224.951362
150.778210
82.076848
17.023346
-65.053502
-144.090467
-212.791829
-274.805447
-348.978599
-443.214981
-549.610895
-632.295720
-676.070039
-708.292802
-741.123541
-783.681907
-821.376459
-849.951362
-865.758755
-873.054475
-871.230545
-871.838521
-893.725681
-908.925097
-900.413424
-854.207198
-771.522374
-685.797665
-635.943580
-611.016537
-595.209144
-562.986381
-489.421206
-396.400778
-298.516537
-203.672179
-143.482490
-114.299611
-88.764591
-33.438716
49.246109
146.522374
213.399805
268.117704
333.779183
364.785992
353.842412
339.858949
335.603113
348.978599
365.393969
341.682879
293.652724
251.702335
218.871595
187.256809
153.818093
138.618677
124.027237
94.236381
38.910506
-19.455253
-45.598249
-43.774319
-9.119650
13.375486
-4.255837
-52.285992
-95.452335
-97.276265
-37.086576
43.774319
117.339494
170.841440
176.313230
176.313230
174.489300
202.456226
283.925097
368.433852
421.935798
414.032101
386.065175
384.849222
410.384241
444.430934
469.965953
485.773346
496.108949
482.125486
437.135214
426.799611
456.590467
460.238327
410.384241
329.523346
284.533074
279.669261
258.390078
199.416342
137.402724
87.548638
35.870623
-20.063230
-58.365759
-54.717899
-53.501946
-93.020428
-179.353113
-263.861868
-283.317121
-253.526265
-249.270428
-281.493191
-313.107977
-345.330739
-386.065175
-403.696498
-370.865759
-296.692607
-231.031128
-221.303502
-269.941634
-306.420233
-296.692607
-224.343385
-114.299611
-23.103113
40.734436
82.684825
66.269455
23.103113
-17.631323
-9.727626
55.933852
148.346304
205.496109
209.143969
175.097276
135.578794
123.419261
113.691634
94.844358
71.133268
79.644942
107.003891
112.475681
86.332685
55.325875
37.694553
12.159533
-58.365759
-164.761673
-237.110895
-230.423152
-190.904669
-174.489300
-210.359922
-260.821984
-310.676070
-385.457198
-473.613813
-527.115759
-507.660506
-441.999027
-392.752918
-395.184825
-410.992218
-406.128405
-388.497082
-395.184825
-399.440661
-353.842412
-281.493191
-208.535992
-155.034047
-123.419261
-80.860895
-32.222763
-12.159533
1.215953
52.893969
122.811284
165.369650
156.250000
128.891051
142.266537
185.432879
229.815175
251.702335
264.469844
262.037938
245.622568
218.871595
222.519455
277.845331
324.051556
323.443580
290.612840
243.798638
214.615759
210.359922
221.303502
234.678988
223.735409
187.864786
149.562257
131.930934
136.794747
170.233463
185.432879
189.080739
186.040856
169.625486
154.426070
151.994163
159.897860
169.625486
191.512646
202.456226
211.575875
243.190661
258.998054
234.071012
201.240272
180.569066
176.921206
195.768482
207.320039
212.791829
209.751946
188.472763
142.874514
95.452335
82.076848
103.964008
117.339494
116.731518
78.428988
19.455253
-32.830739
-65.053502
-71.741245
-59.581712
-54.717899
-78.428988
-114.299611
-163.545720
-207.928016
-242.582685
-246.230545
-229.207198
-210.359922
-231.031128
-254.134241
-258.998054
-251.094358
-258.390078
-277.845331
-282.709144
-277.845331
-254.742218
-246.838521
-237.718872
-231.031128
-215.223735
-200.024319
-209.143969
-236.502918
-263.253891
-264.469844
-246.838521
-225.559339
-208.535992
-181.785019
-174.489300
-180.569066
-218.263619
-266.901751
-288.180934
-294.260700
-293.044747
-293.652724
-293.652724
-284.533074
-260.821984
-247.446498
-246.838521
-243.190661
-225.559339
-209.751946
-196.376459
-188.472763
-161.721790
-98.492218
-23.711089
31.006809
30.398833
31.614786
83.292802
140.442607
169.017510
198.808366
266.293774
348.370623
410.384241
445.038911
466.926070
496.716926
512.524319
485.773346
443.214981
449.902724
508.876459
552.650778
565.418288
547.786965
513.740272
463.886187
412.816148
393.360895
405.520428
402.480545
357.490272
293.652724
231.639105
189.080739
153.818093
128.891051
107.611868
103.356031
62.621595
-26.750973
-97.884241
-138.010700
-141.050584
-141.050584
-140.442607
-125.851167
-97.276265
-99.708171
-147.130350
-215.831712
-246.838521
-224.951362
-200.632296
-183.608949
-154.426070
-122.203307
-117.339494
-117.339494
-116.123541
-67.485409
-21.279183
-54.717899
-120.379377
-142.874514
-101.532101
-16.415370
60.189689
91.804475
78.428988
4.863813
-130.107004
-223.735409
-193.336576
-95.452335
-12.159533
-6.687743
-42.558366
-63.837549
-96.060311
-160.505837
-213.399805
-221.911479
-214.007782
-236.502918
-278.453307
-291.220817
-244.406615
-207.928016
-246.838521
-324.659533
-375.729572
-366.001946
-344.114786
-340.466926
-313.107977
-248.662451
-201.240272
-187.256809
-185.432879
-164.761673
-133.754864
-100.316148
-68.701362
-33.438716
32.830739
117.947471
166.585603
203.064202
244.406615
275.413424
308.852140
337.427043
356.882296
383.025292
397.008755
383.633268
406.736381
469.357977
514.956226
505.228599
472.397860
428.623541
372.689689
327.699416
316.147860
327.699416
328.915370
302.164397
223.735409
150.170233
94.236381
41.950389
-20.671206
-72.957198
-113.083658
-153.210117
-195.768482
-224.343385
-231.031128
-243.798638
-268.725681
-297.300584
-304.596304
-289.396887
-265.077821
-261.429961
-266.293774
-251.702335
-232.247082
-216.439689
-193.944553
-143.482490
-107.611868
-105.787938
-96.060311
-89.980545
-54.717899
-13.375486
7.295720
12.767510
26.142996
55.933852
89.372568
107.003891
104.571984
105.787938
94.236381
69.917315
69.917315
107.003891
138.010700
127.067121
90.588521
50.462062
9.119650
-29.182879
-56.541829
-58.365759
-65.053502
-105.179961
-144.090467
-147.738327
-119.771401
-104.571984
-114.907588
-140.442607
-155.034047
-136.186770
-102.140078
-71.741245
-34.654669
1.215953
-6.079767
-31.614786
-35.262646
10.943580
82.684825
130.714981
141.658560
142.266537
154.426070
164.153696
165.369650
201.240272
253.526265
269.941634
256.566148
229.815175
212.791829
214.615759
226.167315
203.672179
175.705253
164.153696
165.369650
145.914397
122.203307
116.731518
101.532101
53.501946
5.471790
7.295720
14.591440
-13.983463
-52.893969
-83.900778
-116.731518
-162.329767
-205.496109
-204.280156
-175.705253
-150.778210
-138.618677
-159.897860
-198.808366
-179.961089
-156.250000
-161.721790
-155.642023
-97.276265
-58.973735
-86.332685
-110.651751
-100.316148
-80.860895
-71.133268
-68.701362
-47.422179
-23.103113
3.647860
34.654669
45.598249
48.638132
32.222763
-3.039883
-44.382296
-60.797665
-23.711089
3.647860
-32.222763
-96.668288
-110.043774
-108.219844
-140.442607
-159.897860
-166.585603
-180.569066
-224.951362
-263.861868
-252.918288
-204.280156
-162.937743
-158.681907
-202.456226
-246.838521
-214.007782
-144.090467
-99.708171
-54.109922
14.591440
47.422179
4.863813
-4.255837
72.957198
173.881323
222.519455
213.399805
213.399805
234.071012
265.685798
334.387160
398.832685
415.248054
423.759728
407.344358
373.297665
364.178016
402.480545
424.367704
372.081712
294.868677
251.094358
245.014591
231.031128
200.024319
179.961089
127.675097
37.694553
-32.830739
-59.581712
-57.149805
-72.349222
-113.083658
-170.841440
-219.479572
-209.143969
-162.937743
-151.994163
-162.937743
-194.552529
-240.150778
-280.885214
-287.572957
-186.040856
-68.093385
-34.654669
-46.814202
-82.076848
-122.811284
-151.386187
-128.891051
-46.206226
27.966926
85.116732
118.555447
110.651751
68.093385
52.893969
67.485409
63.837549
45.598249
65.053502
96.668288
106.395914
129.499027
151.994163
139.226654
72.957198
9.727626
-22.495136
-46.206226
-69.309339
-69.917315
-61.405642
-93.628405
-145.914397
-206.104086
-268.117704
-301.556420
-304.596304
-283.317121
-284.533074
-300.340467
-282.101167
-258.998054
-282.709144
-293.044747
-263.861868
-258.390078
-274.197471
-262.645914
-214.615759
-190.296693
-175.705253
-132.538911
-77.821012
-33.438716
32.222763
114.907588
141.050584
144.090467
167.801556
195.160506
217.655642
266.901751
334.995136
373.297665
370.257782
346.546693
317.971790
327.091440
367.217899
417.071984
432.271401
372.689689
299.732490
265.077821
221.303502
190.904669
198.200389
200.632296
156.250000
42.558366
-57.149805
-100.316148
-107.611868
-102.140078
-72.349222
-46.814202
-79.644942
-136.186770
-175.097276
-218.263619
-232.855058
-183.608949
-142.874514
-146.522374
-153.818093
-126.459144
-105.179961
-114.907588
-86.332685
-29.182879
2.431907
9.727626
46.206226
85.116732
119.163424
182.392996
229.207198
217.655642
198.200389
201.240272
192.120623
169.625486
163.545720
178.137160
177.529183
131.322957
80.860895
60.797665
22.495136
-24.927043
-68.093385
-103.964008
-134.362840
-151.386187
-176.921206
-207.320039
-229.207198
-263.253891
-294.260700
-325.875486
-327.091440
-283.317121
-233.463035
-248.054475
-290.004864
-279.061284
-243.190661
-232.855058
-196.376459
-133.754864
-95.452335
-82.076848
-82.684825
-80.860895
-67.485409
-25.535019
35.870623
41.342412
38.910506
86.332685
108.827821
89.372568
84.508755
127.675097
145.914397
98.492218
73.565175
80.860895
71.741245
69.309339
72.349222
58.973735
38.302529
30.398833
6.687743
-37.086576
-60.797665
-40.126459
-17.023346
-10.335603
-13.375486
-5.471790
9.727626
-3.647860
-32.830739
-28.574903
5.471790
12.159533
13.375486
31.614786
44.990272
73.565175
113.691634
117.339494
88.764591
85.116732
122.811284
136.186770
125.851167
175.097276
241.974708
245.622568
217.655642
220.087549
236.502918
233.463035
240.150778
248.662451
241.366732
237.110895
247.446498
218.871595
174.489300
162.937743
153.818093
97.276265
36.478599
0.000000
-17.631323
-39.518482
-63.837549
-74.173152
-99.708171
-145.914397
-189.080739
-224.951362
-254.742218
-258.998054
-254.134241
-245.014591
-254.134241
-268.725681
-269.941634
-269.941634
-271.765564
-264.469844
-223.127432
-190.296693
-186.648833
-158.073930
-113.083658
-93.020428
-89.372568
-51.678016
-12.767510
-5.471790
27.358949
66.269455
66.269455
59.581712
82.684825
94.236381
98.492218
133.754864
175.097276
150.778210
88.764591
62.013619
37.694553
4.255837
6.079767
32.830739
34.046693
-3.039883
-58.973735
-103.356031
-142.266537
-153.210117
-154.426070
-164.761673
-179.961089
-189.080739
-187.864786
-212.791829
-232.247082
-240.758755
-252.918288
-267.509728
-262.645914
-209.751946
-141.050584
-100.924125
-78.428988
-49.854086
-31.006809
-24.319066
0.000000
45.598249
94.236381
147.130350
213.399805
257.174125
288.180934
329.523346
350.194553
334.387160
317.363813
357.490272
412.208171
423.151751
429.231518
434.703307
390.928988
316.755837
280.277237
282.101167
281.493191
276.021401
243.190661
171.449416
103.356031
59.581712
26.750973
-13.983463
-34.654669
-58.365759
-144.090467
-263.861868
-310.068093
-272.981518
-227.991245
-214.615759
-223.127432
-247.446498
-302.772374
-347.154669
-348.370623
-290.004864
-194.552529
-114.299611
-102.140078
-146.522374
-176.313230
-138.010700
-84.508755
-41.342412
19.455253
80.252918
88.764591
68.093385
80.860895
125.243191
170.841440
189.080739
166.585603
132.538911
105.179961
118.555447
149.562257
153.210117
151.386187
137.402724
76.605058
-5.471790
-20.671206
3.647860
-8.511673
-51.678016
-79.036965
-99.100195
-128.891051
-147.130350
-139.834630
-180.569066
-246.230545
-257.174125
-231.031128
-208.535992
-172.057393
-117.339494
-122.203307
-193.336576
-235.286965
-207.320039
-155.642023
-108.827821
-46.206226
-31.614786
-71.741245
-80.252918
-30.398833
21.887160
62.013619
122.811284
142.266537
119.163424
103.964008
140.442607
176.313230
186.648833
194.552529
201.848249
186.648833
167.193580
175.705253
206.104086
195.160506
142.266537
110.651751
103.356031
84.508755
88.156615
121.595331
82.076848
3.039883
-40.734436
-45.598249
-63.229572
-68.093385
-21.887160
16.415370
-24.319066
-54.717899
-36.478599
-44.382296
-66.269455
-51.070039
-47.422179
-79.644942
-64.445525
-12.159533
-3.039883
-12.159533
24.927043
36.478599
-6.687743
-37.694553
-5.471790
37.694553
49.854086
58.973735
93.020428
100.316148
50.462062
14.591440
0.000000
-19.455253
-7.903696
46.814202
69.309339
42.558366
8.511673
-0.607977
-17.631323
-65.053502
-56.541829
-28.574903
-58.365759
-111.867704
-104.571984
-71.741245
-71.741245
-79.644942
-87.548638
-141.658560
-198.200389
-179.961089
-127.067121
-107.611868
-84.508755
-57.757782
-96.668288
-159.897860
-130.107004
-54.717899
-19.455253
-10.943580
-18.239300
-45.598249
-72.957198
-32.222763
54.109922
114.907588
135.578794
133.754864
99.100195
62.013619
75.389105
134.970817
196.984436
224.343385
210.967899
190.904669
164.761673
131.322957
99.708171
92.412451
82.076848
71.133268
69.309339
72.349222
58.365759
26.142996
-12.767510
-53.501946
-94.844358
-106.395914
-84.508755
-97.276265
-130.714981
-149.562257
-165.369650
-178.137160
-163.545720
-129.499027
-116.731518
-123.419261
-107.003891
-94.844358
-85.724708
-52.285992
-24.927043
-23.103113
-5.471790
29.182879
43.166342
54.717899
61.405642
72.957198
82.076848
107.003891
159.289883
187.864786
191.512646
202.456226
175.097276
139.834630
153.818093
167.801556
142.266537
117.339494
89.980545
45.598249
32.830739
52.893969
86.940661
92.412451
50.462062
-24.927043
-91.804475
-120.379377
-106.395914
-76.605058
-59.581712
-66.877432
-94.236381
-145.306420
-175.705253
-176.921206
-173.273346
-157.465953
-141.050584
-120.379377
-95.452335
-61.405642
-41.342412
-33.438716
-38.302529
-54.109922
-70.525292
-56.541829
-22.495136
9.119650
40.126459
61.405642
88.156615
87.548638
70.525292
44.990272
32.222763
44.382296
68.093385
93.020428
110.043774
116.731518
96.668288
57.757782
0.000000
-24.319066
-10.943580
10.943580
24.319066
20.063230
9.119650
-4.863813
-21.279183
-42.558366
-48.030156
-46.814202
-46.814202
-52.893969
-66.269455
-71.133268
-71.133268
-69.309339
-77.821012
-82.076848
-68.093385
-60.797665
-67.485409
-82.684825
-68.701362
-56.541829
-62.013619
-71.133268
-60.797665
-58.973735
-51.070039
-36.478599
-30.398833
-21.887160
-24.319066
-12.767510
-12.159533
11.551556
38.910506
51.678016
64.445525
54.717899
46.814202
46.814202
55.933852
58.973735
60.189689
79.644942
105.787938
117.947471
117.339494
116.123541
98.492218
77.821012
68.701362
61.405642
57.149805
69.917315
79.644942
61.405642
29.182879
1.823930
-3.039883
-3.647860
6.687743
11.551556
12.767510
4.863813
-12.159533
-24.927043
-35.262646
-35.262646
-35.262646
-35.870623
-32.222763
-13.375486
7.903696
12.159533
12.767510
4.255837
0.607977
23.103113
41.950389
55.933852
69.309339
71.133268
37.086576
0.000000
-14.591440
-3.647860
36.478599
70.525292
83.900778
77.213035
56.541829
17.023346
-23.103113
-29.790856
2.431907
20.063230
12.159533
-7.903696
-28.574903
-59.581712
-82.684825
-80.860895
-57.757782
-37.086576
-35.262646
-35.870623
-52.285992
-67.485409
-74.173152
-82.684825
-81.468872
-83.292802
-61.405642
-44.382296
-58.365759
-63.229572
-50.462062
-46.814202
-36.478599
-19.455253
10.335603
25.535019
12.767510
-4.863813
-26.750973
-37.694553
-18.239300
10.335603
24.319066
4.255837
-18.239300
-28.574903
-34.046693
-13.983463
27.358949
49.854086
35.262646
-3.039883
-53.501946
-71.741245
-62.621595
-38.910506
-15.199416
-15.199416
-33.438716
-37.086576
-55.933852
-71.133268
-55.325875
-29.182879
-20.671206
-10.943580
0.607977
-1.823930
-19.455253
-51.070039
-52.893969
-23.711089
0.607977
17.631323
32.222763
36.478599
27.358949
24.319066
35.870623
49.246109
72.349222
83.900778
86.332685
77.213035
71.133268
88.764591
99.100195
91.804475
86.940661
93.628405
86.332685
79.644942
93.020428
107.003891
105.179961
85.724708
69.309339
40.734436
12.767510
10.943580
11.551556
21.279183
28.574903
36.478599
14.591440
-19.455253
-49.854086
-68.093385
-70.525292
-58.973735
-31.006809
-1.823930
-2.431907
-30.398833
-63.837549
-70.525292
-59.581712
-52.893969
-31.614786
-5.471790
-0.607977
6.687743
12.159533
12.767510
23.103113
36.478599
48.030156
36.478599
21.887160
32.830739
59.581712
74.173152
94.236381
112.475681
97.884241
50.462062
9.727626
-1.215953
7.295720
39.518482
83.292802
86.940661
44.382296
-18.239300
-69.309339
-102.140078
-99.708171
-64.445525
-45.598249
-67.485409
-101.532101
-133.754864
-156.857977
-154.426070
-139.834630
-127.675097
-133.754864
-174.489300
-188.472763
-163.545720
-145.914397
-110.043774
-78.428988
-80.860895
-106.395914
-128.283074
-121.595331
-78.428988
-44.990272
-3.647860
26.142996
17.023346
10.943580
19.455253
30.398833
51.070039
69.917315
89.372568
106.395914
103.964008
110.651751
118.555447
102.748054
93.020428
94.236381
94.236381
93.020428
105.787938
91.804475
64.445525
59.581712
48.030156
56.541829
59.581712
46.206226
48.638132
31.614786
1.215953
-12.159533
-15.807393
-5.471790
18.239300
15.807393
0.607977
-4.863813
-16.415370
-29.790856
-14.591440
11.551556
11.551556
11.551556
1.215953
-10.335603
-11.551556
3.647860
18.847276
34.654669
25.535019
7.903696
-3.039883
-12.159533
15.807393
60.189689
83.292802
79.644942
66.877432
25.535019
-13.983463
-1.215953
39.518482
71.133268
84.508755
74.173152
33.438716
-3.039883
-12.767510
-6.079767
15.807393
32.222763
22.495136
2.431907
-28.574903
-52.893969
-65.053502
-78.428988
-82.684825
-85.724708
-102.748054
-104.571984
-92.412451
-96.668288
-100.924125
-94.844358
-113.691634
-134.970817
-134.362840
-119.163424
-88.156615
-55.325875
-45.598249
-65.661479
-81.468872
-72.349222
-54.109922
-26.750973
20.063230
58.365759
54.717899
38.910506
34.046693
37.086576
49.854086
82.076848
95.452335
85.724708
91.196498
70.525292
46.206226
57.757782
79.644942
76.605058
60.797665
35.870623
10.335603
-4.863813
-12.767510
-1.823930
1.215953
-3.647860
-13.983463
-39.518482
-66.269455
-66.877432
-52.893969
-29.790856
2.431907
21.887160
17.631323
4.255837
-1.215953
-11.551556
-6.079767
18.847276
41.950389
47.422179
48.638132
62.013619
70.525292
71.133268
88.156615
96.060311
81.468872
74.173152
84.508755
74.781128
82.684825
105.787938
95.452335
62.621595
29.790856
-1.823930
-13.375486
5.471790
27.358949
46.206226
43.774319
14.591440
-37.086576
-87.548638
-99.100195
-78.428988
-71.741245
-65.053502
-60.797665
-91.196498
-119.163424
-127.675097
-118.555447
-111.259728
-89.980545
-72.957198
-83.292802
-78.428988
-70.525292
-74.781128
-69.309339
-60.189689
-58.365759
-59.581712
-48.030156
-24.927043
-14.591440
3.647860
20.671206
31.614786
35.262646
40.126459
56.541829
66.269455
71.133268
70.525292
66.877432
55.933852
66.877432
78.428988
71.133268
62.621595
55.325875
37.086576
34.654669
35.262646
35.870623
29.182879
-4.255837
-46.814202
-73.565175
-82.684825
-72.957198
-50.462062
-46.206226
-57.757782
-76.605058
-97.884241
-106.395914
-94.236381
-85.116732
-57.149805
-34.654669
-35.870623
-35.870623
-32.222763
-22.495136
-24.927043
-12.767510
7.903696
34.046693
76.605058
110.651751
114.907588
96.668288
93.628405
93.628405
94.236381
112.475681
135.578794
131.322957
106.395914
94.236381
99.100195
112.475681
117.947471
115.515564
79.036965
29.790856
0.607977
8.511673
23.103113
34.654669
31.006809
-3.647860
-64.445525
-103.356031
-107.003891
-93.628405
-66.877432
-57.757782
-63.229572
-96.060311
-125.851167
-125.243191
-100.316148
-72.349222
-58.365759
-76.605058
-102.140078
-96.060311
-79.644942
-51.678016
-18.847276
-2.431907
0.607977
-10.943580
-10.943580
4.255837
15.199416
42.558366
72.957198
80.860895
90.588521
107.003891
123.419261
129.499027
114.907588
86.940661
72.957198
83.292802
93.628405
104.571984
114.299611
93.020428
53.501946
26.142996
22.495136
23.711089
23.711089
21.887160
-1.823930
-41.950389
-74.781128
-89.372568
-85.724708
-75.389105
-69.917315
-83.292802
-113.691634
-138.618677
-128.891051
-111.259728
-86.332685
-54.109922
-48.638132
-71.133268
-83.900778
-80.860895
-66.877432
-35.870623
-4.863813
11.551556
2.431907
-13.375486
-4.863813
15.807393
37.086576
59.581712
72.349222
68.093385
49.246109
26.142996
12.767510
21.279183
32.222763
36.478599
28.574903
17.631323
0.607977
-11.551556
-12.159533
-10.943580
-13.375486
-23.103113
-44.382296
-73.565175
-71.741245
-54.109922
-46.206226
-48.030156
-55.933852
-84.508755
-106.395914
-103.964008
-88.156615
-48.030156
-10.335603
12.767510
5.471790
-25.535019
-44.382296
-45.598249
-28.574903
2.431907
35.262646
65.661479
66.877432
52.285992
46.814202
48.638132
66.877432
88.764591
110.043774
117.947471
116.731518
118.555447
113.691634
102.748054
93.020428
91.196498
91.196498
78.428988
69.917315
74.781128
85.116732
71.133268
56.541829
58.973735
41.342412
23.711089
23.711089
13.983463
-13.983463
-24.319066
-28.574903
-48.030156
-58.365759
-58.365759
-60.189689
-73.565175
-78.428988
-58.365759
-32.222763
-13.375486
-18.847276
-26.750973
-41.950389
-58.973735
-53.501946
-26.750973
-5.471790
3.039883
10.943580
-3.039883
-14.591440
-3.039883
22.495136
43.774319
47.422179
46.814202
46.206226
31.614786
21.887160
23.711089
19.455253
-1.823930
-13.375486
-15.199416
-31.006809
-31.006809
-9.119650
-10.335603
-39.518482
-54.717899
-63.229572
-69.917315
-71.741245
-64.445525
-61.405642
-83.292802
-107.003891
-113.691634
-102.748054
-96.668288
-81.468872
-70.525292
-70.525292
-71.133268
-58.973735
-37.086576
-19.455253
-10.335603
-3.647860
-15.807393
-32.830739
-23.711089
8.511673
43.166342
62.621595
79.036965
82.076848
64.445525
58.973735
72.349222
89.372568
103.356031
115.515564
116.123541
91.804475
72.957198
69.309339
71.133268
70.525292
62.013619
54.717899
38.910506
23.711089
23.711089
23.103113
23.711089
21.279183
10.335603
-8.511673
-34.654669
-49.246109
-43.774319
-37.694553
-26.142996
-23.103113
-32.830739
-45.598249
-38.910506
-35.262646
-30.398833
-12.159533
-12.159533
-4.863813
1.823930
-1.823930
4.255837
18.847276
25.535019
21.887160
29.182879
46.206226
46.814202
48.030156
60.189689
66.269455
57.757782
60.797665
70.525292
71.133268
59.581712
59.581712
46.206226
18.239300
11.551556
12.159533
8.511673
-5.471790
-9.119650
-8.511673
-22.495136
-35.262646
-40.126459
-55.325875
-71.741245
-82.684825
-81.468872
-85.116732
-88.764591
-80.860895
-96.060311
-118.555447
-129.499027
-128.283074
-119.163424
-105.787938
-88.156615
-66.269455
-57.757782
-58.973735
-58.365759
-58.973735
-58.973735
-57.149805
-36.478599
-12.159533
12.767510
35.870623
62.013619
72.957198
54.717899
46.206226
46.814202
55.325875
80.860895
112.475681
117.947471
100.924125
74.173152
56.541829
45.598249
51.678016
75.389105
79.644942
58.365759
42.558366
26.142996
12.159533
21.887160
32.222763
20.671206
-21.887160
-47.422179
-65.053502
-67.485409
-51.070039
-34.046693
-24.319066
-38.910506
-68.701362
-84.508755
-77.213035
-65.661479
-44.382296
-18.239300
-10.943580
-32.830739
-35.262646
-35.870623
-30.398833
-10.943580
12.159533
25.535019
21.887160
32.222763
42.558366
49.246109
40.126459
38.302529
55.933852
59.581712
57.757782
68.093385
82.684825
75.997082
63.229572
58.365759
51.070039
46.206226
57.149805
58.973735
36.478599
18.847276
12.159533
7.295720
-6.079767
-5.471790
2.431907
-14.591440
-50.462062
-68.093385
-55.933852
-46.206226
-31.614786
-21.279183
-42.558366
-64.445525
-75.997082
-75.997082
-68.093385
-42.558366
-12.767510
-12.159533
-21.887160
-23.711089
-7.903696
7.903696
18.239300
35.262646
47.422179
32.222763
21.887160
34.654669
51.678016
63.229572
72.957198
83.292802
69.309339
48.638132
47.422179
46.206226
48.638132
57.757782
60.189689
41.342412
11.551556
0.607977
-13.375486
-35.870623
-48.638132
-41.950389
-37.086576
-50.462062
-58.365759
-58.365759
-65.053502
-77.821012
-82.076848
-85.116732
-102.748054
-100.316148
-82.684825
-83.292802
-73.565175
-59.581712
-55.325875
-57.757782
-59.581712
-51.678016
-36.478599
-27.966926
-11.551556
12.767510
9.119650
-0.607977
-12.767510
-5.471790
12.159533
28.574903
51.070039
60.797665
52.285992
46.206226
40.126459
33.438716
38.302529
46.814202
47.422179
40.734436
23.103113
29.182879
35.870623
35.870623
32.222763
24.319066
10.943580
-9.119650
-12.159533
-9.727626
-0.607977
5.471790
-7.903696
-39.518482
-57.149805
-57.149805
-37.694553
-7.295720
9.727626
13.375486
2.431907
-24.927043
-34.654669
-21.279183
-4.863813
12.159533
23.711089
22.495136
23.711089
32.830739
43.774319
51.070039
71.133268
68.093385
58.365759
58.365759
60.797665
77.213035
82.684825
81.468872
69.309339
50.462062
27.966926
26.750973
43.166342
53.501946
60.189689
47.422179
22.495136
5.471790
-15.807393
-33.438716
-36.478599
-44.382296
-58.973735
-71.133268
-70.525292
-69.917315
-71.741245
-60.189689
-66.269455
-82.684825
-82.684825
-79.036965
-65.661479
-58.365759
-58.365759
-58.973735
-58.365759
-58.973735
-48.638132
-37.086576
-19.455253
-5.471790
3.647860
10.335603
16.415370
23.711089
24.319066
18.239300
11.551556
23.711089
23.711089
23.711089
23.711089
31.006809
37.086576
24.319066
24.927043
19.455253
12.159533
6.687743
-1.215953
0.000000
-9.727626
-13.983463
-22.495136
-30.398833
-42.558366
-48.030156
-38.302529
-34.654669
-35.870623
-33.438716
-23.103113
-24.319066
-22.495136
-29.182879
-37.086576
-31.614786
-20.063230
-6.687743
12.159533
23.103113
31.006809
35.870623
35.262646
34.654669
41.950389
57.757782
68.093385
63.229572
57.149805
60.189689
57.149805
62.621595
74.781128
81.468872
67.485409
60.189689
54.717899
46.206226
46.814202
46.814202
46.814202
34.654669
17.631323
3.039883
-8.511673
-12.767510
-10.943580
-13.375486
-22.495136
-29.790856
-37.694553
-46.814202
-47.422179
-46.206226
-47.422179
-46.206226
-54.717899
-59.581712
-58.973735
-50.462062
-46.206226
-48.030156
-46.206226
-38.302529
-31.006809
-20.063230
-10.943580
-4.255837
-10.943580
-23.711089
-23.103113
-14.591440
-2.431907
14.591440
26.142996
26.750973
17.631323
13.983463
25.535019
22.495136
24.319066
22.495136
15.199416
5.471790
-1.215953
7.295720
26.750973
29.790856
18.847276
1.215953
-33.438716
-48.638132
-36.478599
-15.199416
-10.943580
-11.551556
-20.063230
-47.422179
-77.821012
-92.412451
-75.997082
-55.325875
-39.518482
-23.711089
-27.966926
-44.990272
-46.814202
-36.478599
-26.142996
-19.455253
-7.903696
1.215953
-1.215953
3.647860
31.006809
46.814202
56.541829
59.581712
58.365759
58.973735
57.757782
67.485409
85.724708
94.844358
93.628405
86.940661
72.349222
60.189689
57.149805
61.405642
65.053502
59.581712
56.541829
43.774319
21.279183
0.000000
-0.607977
1.215953
-4.255837
-12.159533
-16.415370
-30.398833
-48.638132
-54.717899
-45.598249
-52.285992
-51.678016
-44.990272
-50.462062
-57.757782
-43.774319
-33.438716
-37.086576
-29.182879
-23.103113
-35.262646
-34.654669
-32.222763
-7.903696
11.551556
23.103113
17.631323
10.943580
9.119650
0.000000
19.455253
40.126459
48.030156
46.206226
48.030156
41.950389
34.046693
24.927043
22.495136
24.319066
23.103113
24.927043
18.239300
6.687743
-9.119650
-6.079767
2.431907
-10.943580
-26.750973
-43.774319
-46.814202
-56.541829
-56.541829
-42.558366
-45.598249
-55.933852
-67.485409
-71.133268
-69.917315
-69.917315
-49.246109
-35.262646
-35.870623
-33.438716
-23.711089
-23.103113
-21.887160
-4.863813
-0.607977
7.295720
12.159533
21.279183
24.319066
25.535019
43.166342
48.030156
45.598249
50.462062
60.189689
52.285992
46.206226
48.030156
40.126459
32.222763
23.103113
24.319066
21.279183
4.863813
-2.431907
-3.647860
1.215953
-13.375486
-23.711089
-23.103113
-23.103113
-25.535019
-35.870623
-35.262646
-35.262646
-36.478599
-29.790856
-22.495136
-24.319066
-23.103113
-13.983463
-10.943580
-6.079767
8.511673
10.335603
16.415370
24.927043
22.495136
34.046693
35.262646
35.262646
35.262646
35.262646
34.654669
35.870623
45.598249
37.086576
35.870623
27.358949
21.887160
24.927043
22.495136
24.319066
22.495136
14.591440
1.215953
0.000000
3.647860
1.215953
-4.863813
-13.375486
-9.727626
-19.455253
-19.455253
-9.727626
-1.823930
1.215953
-5.471790
-17.023346
-24.319066
-23.103113
-14.591440
-2.431907
0.000000
0.000000
-4.863813
-17.631323
-23.711089
-23.103113
-12.767510
5.471790
