-1263.098802
-1395.958084
-1506.362275
-1595.558882
-1638.597804
-1615.518962
-1554.391218
-1455.214571
-1324.850299
-1167.040918
-983.657685
-789.046906
-571.981038
-339.945110
-117.889222
85.454092
261.352295
423.527944
590.693613
737.899202
875.124750
974.925150
1031.686627
1059.131737
1061.002994
1032.934132
977.420160
885.104790
733.532934
530.189621
281.312375
3.742515
-253.867265
-514.595808
-775.948104
-1033.557884
-1286.177645
-1485.154691
-1611.152695
-1651.072854
-1611.152695
-1508.857285
-1349.176647
-1125.873253
-855.164671
-540.793413
-202.719561
136.601796
440.369261
687.999002
876.996008
1036.676647
1159.555888
1242.514970
1287.425150
1271.831337
1226.921158
1167.040918
1100.299401
1044.161677
980.538922
900.074850
796.531936
681.137725
583.208583
526.447106
503.992016
515.219561
536.427146
572.604790
653.068862
777.195609
942.490020
1106.536926
1218.812375
1253.118762
1202.594810
1074.101796
888.847305
660.553892
381.112774
50.523952
-319.985030
-683.632735
-978.043912
-1212.574850
-1373.502994
-1495.134731
-1589.945110
-1662.924152
-1704.715569
-1709.081836
-1691.616766
-1659.805389
-1641.092814
-1624.875250
-1596.182635
-1515.718563
-1355.414172
-1123.378244
-836.452096
-537.050898
-213.323353
122.879242
478.418164
815.244511
1099.675649
1293.662675
1390.968064
1415.294411
1379.116766
1292.415170
1163.298403
1002.370259
804.640719
596.931138
394.211577
224.550898
83.582834
-47.405190
-199.600798
-380.489022
-562.624750
-741.017964
-915.668663
-1102.170659
-1309.880240
-1530.688623
-1717.190619
-1808.882236
-1803.268463
-1690.369261
-1487.025948
-1217.564870
-900.074850
-548.902196
-164.046906
213.947106
564.496008
826.472056
971.806387
1024.201597
1018.587824
982.410180
916.916168
828.343313
719.810379
620.633733
541.417166
515.219561
534.555888
567.614770
590.069860
593.812375
566.991018
548.278443
575.099800
666.167665
828.967066
1017.964072
1226.921158
1485.154691
1798.278443
2146.956088
2473.802395
2712.699601
2802.519960
2679.640719
2352.794411
1873.128743
1301.771457
686.751497
28.068862
-675.523952
-1377.245509
-2010.978044
-2521.831337
-2840.568862
-2983.408184
-3008.982036
-2969.685629
-2905.439122
-2807.509980
-2679.640719
-2498.128743
-2266.092814
-2010.354291
-1757.110778
-1480.164671
-1150.199601
-727.295409
-198.977046
364.271457
893.837325
1357.285429
1742.764471
2035.928144
2226.796407
2291.666667
2220.558882
2000.998004
1651.696607
1236.901198
827.095808
444.735529
106.037924
-202.719561
-485.279441
-711.701597
-876.996008
-973.677645
-1026.072854
-1097.804391
-1198.228543
-1345.434132
-1480.164671
-1573.727545
-1610.528942
-1565.618762
-1447.729541
-1262.475050
-1010.479042
-680.513972
-286.926148
130.988024
505.239521
791.541916
976.172655
1077.220559
1086.576846
1020.459082
890.094810
695.484032
473.428144
268.837325
114.770459
22.455090
-1.871257
9.980040
43.662675
96.681637
141.591816
199.600798
273.203593
379.241517
535.179641
745.384232
1021.082834
1371.007984
1787.050898
2224.925150
2679.016966
3101.297405
3424.401198
3561.002994
3416.292415
2964.695609
2258.607784
1403.443114
514.595808
-358.033932
-1201.347305
-1996.007984
-2735.154691
-3327.095808
-3658.932136
-3712.574850
-3535.429142
-3225.424152
-2927.270459
-2679.016966
-2451.971058
-2191.866267
-1828.218563
-1400.324351
-998.003992
-632.485030
-290.044910
104.166667
598.802395
1169.535928
1719.685629
2128.867265
2319.735529
2282.934132
2090.818363
1801.397206
1425.274451
969.311377
427.270459
-145.334331
-651.197605
-1012.350299
-1179.515968
-1210.703593
-1152.694611
-1050.399202
-929.391218
-803.393214
-684.256487
-604.416168
-595.683633
-639.346307
-714.820359
-772.205589
-765.344311
-670.533932
-483.408184
-235.778443
28.692615
281.936128
491.516966
629.990020
669.286427
600.049900
428.517964
190.868263
-51.771457
-283.807385
-484.655689
-627.495010
-656.187625
-581.961078
-416.042914
-207.085828
5.613772
217.689621
397.330339
533.932136
616.891218
661.801397
689.870259
757.859281
913.173653
1177.644711
1573.103792
2103.293413
2681.511976
3250.374251
3771.207585
4188.498004
4427.395210
4366.891218
3912.799401
3026.447106
1803.268463
464.695609
-802.145709
-1894.336327
-2783.183633
-3491.142715
-4006.362275
-4308.258483
-4319.486028
-4049.401198
-3541.666667
-2946.606786
-2437.000998
-2085.204591
-1852.544910
-1626.746507
-1328.592814
-944.985030
-557.634731
-200.224551
142.215569
528.942116
1004.865269
1524.451098
1958.582834
2190.618762
2126.372255
1778.942116
1220.683633
555.139721
-97.929142
-704.216567
-1238.772455
-1647.330339
-1855.663673
-1781.437126
-1434.006986
-929.391218
-374.875250
141.591816
563.872255
885.728543
1064.121756
1092.190619
1000.499002
799.026946
551.397206
327.470060
166.541916
97.929142
104.166667
113.522954
67.989022
-48.028942
-233.907186
-471.556886
-787.799401
-1151.447106
-1490.144711
-1733.408184
-1813.872255
-1720.309381
-1468.313373
-1096.556886
-643.712575
-160.304391
303.143713
698.602794
958.083832
1089.695609
1067.240519
921.282435
714.820359
520.833333
407.310379
409.181637
565.743513
896.956088
1397.205589
2025.948104
2697.729541
3307.135729
3804.890220
4173.527944
4381.861277
4343.188623
3978.917166
3237.275449
2133.857285
840.818363
-407.934132
-1406.561876
-2085.204591
-2544.910180
-2926.646707
-3308.383234
-3636.477046
-3759.980040
-3598.428144
-3212.325349
-2770.708583
-2444.486028
-2272.954092
-2119.510978
-1819.486028
-1319.860279
-661.801397
-12.475050
459.081836
737.275449
922.529940
1114.645709
1354.166667
1505.114770
1400.324351
994.261477
376.746507
-261.352295
-744.136727
-1026.072854
-1124.625749
-1133.358283
-1095.309381
-954.341317
-653.068862
-202.095808
311.876248
750.374251
995.508982
1039.171657
943.113772
785.304391
637.475050
495.883234
317.490020
122.879242
-49.900200
-169.660679
-240.144711
-292.539920
-374.875250
-500.873253
-684.256487
-895.084830
-1060.379242
-1146.457086
-1143.962076
-1044.785429
-867.015968
-613.772455
-266.966068
86.077844
399.201597
611.901198
706.087824
707.959082
631.861277
518.962076
366.142715
194.610778
44.910180
-33.682635
-0.623752
183.383234
510.229541
954.965070
1468.313373
1991.641717
2499.376248
2967.190619
3400.074850
3766.841317
4001.996008
4008.233533
3717.564870
3115.643713
2187.500000
1031.062874
-155.314371
-1228.168663
-2089.570858
-2762.599800
-3301.521956
-3715.693613
-3993.887226
-4053.767465
-3843.562874
-3402.569860
-2816.866267
-2236.776447
-1740.893214
-1312.375250
-905.064870
-452.844311
34.306387
477.170659
782.809381
901.946108
907.559880
912.549900
949.351297
954.965070
834.580838
526.447106
44.286427
-497.754491
-973.053892
-1280.563872
-1409.680639
-1387.225549
-1261.227545
-1017.964072
-626.247505
-98.552894
499.625749
1048.527944
1450.848303
1663.547904
1724.051896
1674.775449
1545.658683
1357.285429
1084.705589
724.176647
353.043912
17.465070
-265.718563
-519.585828
-795.908184
-1119.011976
-1461.452096
-1768.962076
-1972.929142
-2009.106786
-1889.970060
-1647.330339
-1312.999002
-881.986028
-344.311377
240.768463
754.116766
1083.458084
1168.912176
1027.320359
760.978044
457.210579
154.066866
-132.859281
-386.726547
-565.743513
-615.019960
-462.200599
-99.800399
409.181637
994.885230
1588.073852
2150.698603
2691.492016
3212.949102
3726.921158
4154.815369
4425.523952
4483.532934
4307.634731
3871.631737
3153.692615
2117.639721
840.818363
-475.923154
-1676.646707
-2677.769461
-3454.965070
-4048.153693
-4471.681637
-4706.212575
-4698.727545
-4360.029940
-3695.733533
-2846.806387
-1996.007984
-1273.702595
-711.077844
-223.303393
257.609780
701.097804
1051.022954
1210.703593
1139.595808
954.965070
788.423154
688.622754
593.188623
374.875250
-1.247505
-498.378244
-1036.052894
-1484.530938
-1739.021956
-1777.694611
-1651.072854
-1399.700599
-1027.320359
-505.239521
154.690619
855.788423
1480.164671
1951.721557
2238.647705
2360.903194
2343.438124
2143.213573
1735.279441
1175.149701
530.189621
-109.780439
-686.751497
-1206.337325
-1665.419162
-2019.710579
-2252.370259
-2330.963074
-2238.023952
-1977.919162
-1597.430140
-1161.427146
-703.592814
-233.283433
266.342315
734.156687
1072.230539
1179.515968
1031.062874
733.532934
387.974052
64.870259
-218.937126
-472.804391
-686.127745
-799.026946
-742.889222
-490.269461
-44.910180
521.457086
1152.694611
1773.328343
2347.180639
2919.161677
3508.607784
4084.955090
4550.898204
4814.121756
4854.665669
4658.183633
4210.329341
3476.172655
2427.644711
1100.299401
-372.380240
-1792.664671
-3018.338323
-3924.650699
-4522.205589
-4878.368263
-5046.157685
-5033.058882
-4749.251497
-4123.627745
-3195.484032
-2139.471058
-1159.555888
-399.201597
181.511976
673.028942
1114.021956
1470.808383
1666.666667
1644.835329
1377.245509
970.558882
536.427146
161.551896
-184.630739
-591.941118
-1078.468064
-1596.182635
-2013.473054
-2202.470060
-2116.392216
-1804.515968
-1344.810379
-787.799401
-162.799401
523.952096
1233.782435
1909.930140
2480.039920
2848.053892
2926.022954
2680.888224
2181.262475
1550.024950
906.312375
276.322355
-361.152695
-1006.112774
-1635.479042
-2211.826347
-2669.036926
-2905.439122
-2843.063872
-2509.356287
-2032.185629
-1505.114770
-913.173653
-241.392216
477.794411
1133.982036
1580.588822
1735.279441
1583.083832
1188.872255
684.880240
170.284431
-294.411178
-681.761477
-971.806387
-1130.863273
-1107.784431
-847.679641
-339.945110
356.786427
1061.002994
1677.270459
2214.321357
2755.114770
3294.036926
3771.207585
4143.587824
4375.623752
4487.275449
4466.691617
4269.585828
3866.641717
3218.562874
2260.479042
955.588822
-571.981038
-2052.769461
-3259.730539
-4138.597804
-4796.032934
-5338.697605
-5737.275449
-5814.620758
-5373.627745
-4401.197605
-3088.822355
-1719.685629
-570.733533
276.322355
864.520958
1336.077844
1765.843313
2055.264471
2070.858283
1708.458084
1061.626747
376.122754
-107.285429
-389.221557
-645.583832
-1027.320359
-1550.024950
-2061.501996
-2381.487026
-2412.050898
-2165.668663
-1717.190619
-1174.525948
-592.564870
59.256487
836.452096
1734.655689
2620.384232
3261.601796
3456.836327
3181.137725
2613.522954
1927.395210
1236.277445
589.446108
-56.137725
-736.027944
-1459.580838
-2136.352295
-2611.027944
-2760.728543
-2604.790419
-2229.915170
-1771.457086
-1303.018962
-793.413174
-195.858283
482.160679
1095.933134
1487.025948
1541.292415
1315.494012
928.767465
476.546906
38.672655
-367.390220
-719.810379
-996.132735
-1167.040918
-1154.565868
-890.718563
-410.429142
174.026946
744.760479
1291.167665
1858.158683
2460.703593
3043.912176
3574.101796
4030.688623
4362.524950
4560.254491
4625.124750
4542.165669
4247.130739
3659.555888
2747.005988
1564.995010
197.729541
-1224.426148
-2524.950100
-3571.606786
-4342.564870
-4922.030938
-5371.756487
-5609.406188
-5447.854291
-4799.775449
-3761.227545
-2517.465070
-1269.960080
-232.659681
504.615768
985.528942
1352.295409
1647.954092
1763.348303
1577.470060
1098.428144
486.526946
-92.315369
-514.595808
-809.006986
-1099.051896
-1513.223553
-2039.670659
-2470.059880
-2624.750499
-2446.981038
-2005.988024
-1412.799401
-699.850299
102.919162
956.836327
1838.198603
2695.858283
3393.213573
3683.882236
3436.876248
2808.133733
2062.749501
1354.790419
716.691617
114.146707
-477.794411
-1083.458084
-1694.735529
-2228.043912
-2526.197605
-2518.712575
-2289.795409
-1957.335329
-1561.876248
-1075.973054
-487.774451
175.898204
834.580838
1327.345309
1460.828343
1233.158683
820.858283
394.211577
-11.851297
-424.775449
-810.254491
-1077.844311
-1174.525948
-1101.546906
-883.857285
-490.269461
26.197605
532.060878
985.528942
1480.788423
2102.669661
2753.867265
3315.244511
3746.881238
4104.915170
4393.088822
4584.580838
4615.144711
4441.741517
4018.837325
3316.492016
2394.585828
1314.246507
103.542914
-1192.614770
-2453.842315
-3524.201597
-4380.613772
-5098.552894
-5661.801397
-5902.569860
-5659.306387
-4929.515968
-3814.870259
-2475.673653
-1132.734531
-31.811377
725.424152
1212.574850
1613.647705
1916.167665
1981.037924
1714.695609
1169.535928
504.615768
-125.998004
-639.346307
-1039.171657
-1436.501996
-1937.375250
-2453.218563
-2794.411178
-2811.252495
-2511.851297
-2000.998004
-1313.622754
-478.418164
430.389222
1342.939122
2257.984032
3109.406188
3670.783433
3704.466068
3246.631737
2539.296407
1806.387226
1109.031936
415.419162
-238.897206
-908.183633
-1633.607784
-2289.171657
-2627.869261
-2541.791417
-2134.481038
-1634.855289
-1158.932136
-680.513972
-178.393214
369.885230
959.955090
1463.323353
1634.855289
1376.621756
840.818363
343.687625
-9.980040
-330.588822
-682.385230
-984.905190
-1142.090818
-1160.179641
-1019.211577
-676.771457
-179.640719
269.461078
598.802395
949.351297
1501.372255
2236.776447
2935.379242
3471.182635
3872.255489
4177.894212
4390.593812
4524.700599
4514.096806
4224.051896
3542.914172
2543.038922
1481.412176
484.655689
-513.348303
-1560.004990
-2651.571856
-3758.108782
-4870.883234
-5853.293413
-6336.701597
-6070.359281
-5209.580838
-4068.737525
-2863.023952
-1639.845309
-465.319361
493.388224
1203.842315
1729.041916
2056.511976
2051.521956
1686.626747
1171.407186
706.087824
334.331337
-73.602794
-572.604790
-1147.704591
-1795.159681
-2417.664671
-2831.836327
-2893.587824
-2681.511976
-2360.279441
-1921.157685
-1216.317365
-253.867265
817.115768
1838.198603
2750.748503
3427.519960
3627.744511
3285.928144
2634.106786
1983.532934
1398.453094
779.690619
134.106786
-466.566866
-1022.954092
-1611.152695
-2188.747505
-2516.841317
-2470.059880
-2162.549900
-1757.110778
-1233.782435
-555.139721
195.858283
867.015968
1399.076846
1732.784431
1702.844311
1258.732535
626.871257
118.512974
-233.283433
-555.763473
-872.629741
-1054.765469
-1046.656687
-956.212575
-845.184631
-600.673653
-177.769461
277.569860
645.583832
1090.319361
1787.050898
2590.444112
3236.027944
3690.119760
4068.737525
4378.742515
4517.215569
4417.415170
4194.735529
3826.721557
3216.067864
2408.308383
1640.469062
912.549900
-18.712575
-1289.296407
-2705.214571
-3985.778443
-5101.671657
-6009.855289
-6421.531936
-6080.963074
-5174.650699
-4024.451098
-2776.322355
-1442.115768
-162.175649
724.800399
1174.525948
1436.501996
1643.587824
1677.270459
1483.283433
1204.466068
955.588822
617.514970
67.989022
-555.139721
-1139.595808
-1790.169661
-2533.058882
-3121.257485
-3257.859281
-2975.299401
-2509.980040
-1901.821357
-1012.974052
75.474052
1065.369261
1845.683633
2531.187625
3100.049900
3252.869261
2887.350299
2332.834331
1922.405190
1607.410180
1206.961078
684.880240
110.404192
-620.009980
-1551.272455
-2368.388224
-2706.462076
-2542.415170
-2174.401198
-1726.546906
-1107.784431
-349.925150
349.301397
883.857285
1317.989022
1567.490020
1385.354291
809.630739
259.481038
61.127745
74.226547
-28.068862
-284.431138
-492.764471
-651.821357
-855.788423
-1014.221557
-928.767465
-610.029940
-265.718563
103.542914
746.007984
1725.299401
2729.540918
3433.757485
3857.909182
4140.469062
4253.368263
4192.864271
4098.053892
4001.372255
3698.228543
3035.803393
2231.786427
1627.370259
1188.248503
525.199601
-595.059880
-2017.839321
-3582.210579
-5183.383234
-6530.064870
-7070.858283
-6556.886228
-5384.231537
-4094.311377
-2878.617764
-1689.745509
-622.504990
153.443114
681.761477
1166.417166
1565.618762
1701.596806
1631.112774
1598.053892
1639.221557
1488.897206
982.410180
233.283433
-643.088822
-1662.300399
-2692.739521
-3330.214571
-3319.610778
-2871.132735
-2351.546906
-1780.189621
-1012.350299
-136.601796
630.613772
1264.970060
1901.197605
2471.931138
2673.403194
2445.733533
2119.510978
1926.771457
1782.060878
1450.848303
873.877246
89.196607
-899.451098
-1943.612774
-2650.948104
-2735.154691
-2303.517964
-1716.566866
-1153.318363
-543.912176
80.464072
586.951098
956.836327
1219.436128
1258.732535
926.272455
360.528942
-26.821357
21.207585
297.529940
427.270459
331.836327
107.285429
-207.709581
-558.882236
-763.473054
-655.563872
-317.490020
34.930140
389.845309
971.806387
1796.407186
2615.394212
3247.879242
3690.743513
3948.353293
4013.847305
3958.333333
3892.215569
3788.672655
3425.024950
2713.947106
1961.701597
1443.987026
1002.994012
303.143713
-847.055888
-2380.863273
-4122.380240
-5820.858283
-6942.989022
-6981.661677
-6056.636727
-4724.301397
-3471.806387
-2391.467066
-1438.997006
-676.771457
-99.176647
437.874251
960.578842
1333.582834
1501.996008
1642.964072
1906.187625
2084.580838
1860.029940
1187.000998
241.392216
-910.678643
-2123.877246
-3032.684631
-3288.423154
-2947.230539
-2385.853293
-1831.961078
-1238.148703
-590.069860
-24.326347
442.864271
929.391218
1396.581836
1613.647705
1590.568862
1649.825349
2001.621756
2419.535928
2541.791417
2221.182635
1453.967066
232.659681
-1215.693613
-2315.993014
-2635.354291
-2294.785429
-1752.744511
-1230.039920
-709.206587
-222.055888
77.345309
177.145709
261.976048
308.757485
160.928144
-62.999002
-12.475050
471.556886
1054.141717
1315.494012
1172.654691
764.096806
164.046906
-532.060878
-986.152695
-955.588822
-568.238523
-172.155689
197.729541
770.334331
1553.143713
2287.300399
2766.966068
3060.129741
3307.135729
3484.905190
3619.635729
3844.810379
4090.568862
4030.688623
3449.351297
2566.117764
1850.049900
1336.701597
655.563872
-398.577844
-1769.585828
-3351.422156
-5036.177645
-6407.185629
-6840.069860
-6190.119760
-4998.128743
-3869.760479
-2960.329341
-2139.471058
-1420.908184
-863.273453
-324.351297
377.370259
1117.140719
1637.350299
1952.969062
2241.142715
2423.278443
2202.470060
1485.154691
473.428144
-619.386228
-1718.438124
-2590.444112
-2905.439122
-2609.156687
-2077.719561
-1690.993014
-1437.749501
-1175.149701
-899.451098
-641.217565
-265.094810
336.202595
959.955090
1356.661677
1668.537924
2128.867265
2627.869261
2802.519960
2433.258483
1579.341317
382.360279
-935.004990
-1957.335329
-2270.459082
-1904.316367
-1313.622754
-882.609780
-664.296407
-537.050898
-455.963074
-401.696607
-270.708583
-30.563872
169.660679
280.064870
472.180639
893.213573
1365.394212
1523.827345
1239.396208
668.662675
31.187625
-515.843313
-781.561876
-652.445110
-223.303393
223.927146
510.229541
753.493014
1142.090818
1642.964072
2089.570858
2435.753493
2776.322355
3206.087824
3683.882236
4127.370259
4413.672655
4303.892216
3615.269461
2554.890220
1639.221557
1246.257485
1139.595808
777.195609
-184.006986
-1769.585828
-3775.573852
-5742.889222
-6928.018962
-6845.059880
-5752.869261
-4447.979042
-3473.053892
-2748.253493
-2094.560878
-1527.569860
-1051.646707
-480.913174
222.055888
831.462076
1263.722555
1682.884232
2211.826347
2546.781437
2290.419162
1444.610778
310.004990
-847.055888
-1851.297405
-2374.625749
-2220.558882
-1657.934132
-1191.367265
-1037.300399
-1035.429142
-1072.854291
-1130.863273
-1071.606786
-694.236527
-101.047904
397.954092
753.493014
1238.148703
1937.375250
2439.496008
2390.219561
1820.733533
946.232535
-86.701597
-1048.527944
-1480.164671
-1200.723553
-588.822355
-199.600798
-174.026946
-324.351297
-486.526946
-639.970060
-706.711577
-547.030938
-243.887226
-23.702595
134.106786
447.230539
853.293413
1061.002994
921.906188
607.534930
293.787425
-2.495010
-229.540918
-202.719561
134.730539
508.358283
653.692615
685.503992
883.857285
1274.950100
1687.250499
2060.878244
2497.504990
2988.398204
3389.471058
3665.169661
3883.483034
3941.492016
3574.725549
2803.767465
2059.630739
1715.943114
1661.052894
1425.898204
648.078842
-747.255489
-2697.729541
-4853.418164
-6416.541916
-6709.081836
-5810.254491
-4519.710579
-3549.151697
-3001.497006
-2709.580838
-2522.455090
-2268.587824
-1679.141717
-743.512974
214.570858
958.707585
1562.500000
2161.926148
2554.266467
2402.694611
1726.546906
795.284431
-173.403194
-969.935130
-1351.671657
-1166.417166
-661.177645
-361.152695
-475.923154
-819.610778
-1194.486028
-1533.807385
-1700.973054
-1479.540918
-894.461078
-291.292415
116.641717
503.992016
1022.954092
1440.868263
1501.996008
1250.623752
857.659681
385.479042
-67.989022
-268.213573
-94.810379
242.015968
374.251497
188.997006
-125.374251
-412.924152
-618.138723
-684.256487
-573.228543
-371.132735
-240.768463
-187.749501
-80.464072
123.502994
288.173653
306.886228
275.074850
286.926148
311.252495
330.588822
402.320359
557.010978
674.276447
669.286427
676.771457
892.589820
1272.455090
1671.656687
2082.085828
2526.821357
2944.735529
3267.839321
3519.211577
3772.455090
3851.047904
3480.538922
2770.084830
2155.064870
1899.326347
1841.317365
1548.153693
697.355289
-795.908184
-2866.766467
-5019.336327
-6374.750499
-6356.037924
-5263.223553
-4005.114770
-3259.106786
-3038.922156
-3062.624750
-3081.961078
-2793.787425
-1985.404192
-814.620758
269.461078
1015.469062
1596.806387
2153.193613
2472.554890
2279.191617
1637.350299
788.423154
-44.910180
-628.742515
-726.671657
-339.945110
75.474052
31.187625
-462.824351
-1076.596806
-1586.202595
-1903.692615
-1839.446108
-1268.088822
-497.130739
-72.979042
-78.592814
-64.870259
213.323353
510.853293
568.862275
495.259481
427.270459
273.203593
53.642715
66.117764
408.557884
728.542914
621.257485
170.284431
-232.035928
-394.211577
-344.311377
-127.245509
165.918164
254.491018
-4.366267
-359.905190
-465.319361
-331.836327
-219.560878
-192.739521
-97.305389
103.542914
245.134731
313.123752
462.200599
611.901198
512.724551
245.758483
258.233533
771.581836
1482.659681
2064.620758
2521.831337
2897.330339
3121.257485
3216.067864
3413.797405
3770.583832
3890.968064
3438.123752
2687.749501
2198.103792
2139.471058
2168.163673
1850.673653
872.629741
-910.054890
-3309.006986
-5487.774451
-6424.026946
-5883.233533
-4608.283433
-3576.596806
-3250.374251
-3511.102794
-3965.818363
-4096.806387
-3474.925150
-2156.936128
-742.265469
294.411178
1008.607784
1611.152695
2080.214571
2266.716567
2083.957086
1619.261477
959.955090
307.509980
57.385230
378.617764
906.312375
1024.825349
496.506986
-405.439122
-1284.306387
-1901.197605
-2061.501996
-1682.260479
-977.420160
-444.735529
-427.270459
-723.552894
-874.500998
-719.186627
-409.805389
-97.305389
169.660679
339.321357
372.380240
406.686627
599.426148
845.184631
886.352295
672.405190
370.508982
169.660679
150.948104
311.252495
561.377246
634.980040
334.331337
-180.888224
-545.783433
-586.951098
-473.428144
-411.676647
-384.231537
-306.886228
-248.253493
-223.927146
-107.285429
132.235529
306.886228
263.223553
230.164671
548.902196
1200.099800
1884.980040
2407.060878
2765.718563
2947.230539
2982.784431
3123.752495
3564.121756
4046.282435
4069.985030
3538.547904
2889.221557
2494.386228
2330.339321
2151.322355
1654.191617
504.615768
-1432.759481
-3743.138723
-5444.735529
-5795.284431
-5036.177645
-4082.460080
-3691.367265
-3981.412176
-4582.085828
-4958.208583
-4621.382236
-3464.321357
-1879.366267
-487.774451
424.151697
986.776447
1377.869261
1674.151697
1849.426148
1814.496008
1545.034930
1157.684631
984.281437
1233.782435
1662.300399
1782.060878
1308.008982
377.994012
-631.861277
-1418.413174
-1769.585828
-1627.370259
-1175.773453
-764.096806
-722.929142
-1074.101796
-1550.648703
-1824.476048
-1700.349301
-1249.376248
-706.711577
-234.530938
111.651697
316.242515
444.111776
551.397206
688.622754
859.530938
953.093812
928.143713
851.422156
876.996008
999.251497
1061.002994
864.520958
425.399202
-53.018962
-391.092814
-503.992016
-455.339321
-377.994012
-361.776447
-408.557884
-490.269461
-543.288423
-482.784431
-299.401198
-121.631737
-69.236527
1.247505
333.707585
937.500000
1628.617764
2191.866267
2552.395210
2787.549900
3043.912176
3476.796407
4056.886228
4456.087824
4367.514970
3832.335329
3240.394212
2914.171657
2846.182635
2691.492016
2009.730539
529.565868
-1664.795409
-3910.304391
-5232.659681
-5229.540918
-4438.622754
-3857.909182
-4108.033932
-5019.336327
-5925.024950
-6161.427146
-5421.656687
-3899.700599
-2198.727545
-894.461078
-114.146707
400.449102
888.223553
1379.740519
1764.595808
1926.147705
1858.782435
1777.694611
1944.236527
2388.972056
2742.639721
2549.276447
1744.011976
686.127745
-199.600798
-674.276447
-746.631737
-598.802395
-489.021956
-656.187625
-1165.793413
-1797.030938
-2256.736527
-2382.110778
-2165.668663
-1766.467066
-1372.255489
-1051.022954
-792.165669
-563.872255
-300.648703
62.375250
482.160679
894.461078
1226.297405
1402.195609
1458.957086
1426.521956
1379.740519
1343.562874
1230.039920
1012.350299
760.354291
569.486028
405.439122
155.938124
-203.343313
-538.922156
-739.770459
-809.630739
-815.868263
-749.126747
-623.128743
-578.842315
-614.396208
-532.060878
-124.126747
542.040918
1182.634731
1651.072854
2047.155689
2493.762475
3063.248503
3758.732535
4417.415170
4687.500000
4416.167665
3942.115768
3731.911178
3847.929142
3890.968064
3363.897206
2052.769461
4.366267
-2345.933134
-4108.033932
-4577.095808
-4004.491018
-3469.311377
-3829.840319
-5053.642715
-6405.938124
-7123.253493
-6793.288423
-5461.576846
-3713.822355
-2306.636727
-1550.648703
-1157.684631
-710.454092
-31.811377
746.631737
1430.264471
1911.801397
2177.519960
2485.653693
3010.853293
3527.320359
3585.329341
2978.418164
2015.968064
1210.703593
759.106786
570.733533
484.655689
311.252495
-150.324351
-943.113772
-1819.486028
-2400.199601
-2578.592814
-2502.495010
-2328.468064
-2177.519960
-2112.025948
-2098.303393
-1993.512974
-1707.210579
-1217.564870
-549.525948
212.699601
915.668663
1348.552894
1443.363273
1409.680639
1465.194611
1635.479042
1812.624750
1909.930140
1934.256487
1848.802395
1605.538922
1197.604790
695.484032
208.333333
-167.789421
-407.934132
-536.427146
-591.941118
-669.910180
-857.659681
-1125.249501
-1309.256487
-1180.139721
-659.930140
69.236527
725.424152
1155.813373
1511.352295
2010.354291
2689.620758
3421.282435
3968.313373
4235.903194
4364.396208
4543.413174
4857.784431
5000.000000
4500.374251
3195.484032
1312.375250
-667.415170
-2147.579840
-2677.769461
-2415.793413
-2205.588822
-2914.795409
-4596.432136
-6444.610778
-7523.078842
-7482.534930
-6520.708583
-5158.433134
-3963.323353
-3252.245509
-2950.973054
-2645.334331
-2020.958084
-1087.200599
-83.582834
825.224551
1599.925150
2295.409182
2984.031936
3560.379242
3811.127745
3616.516966
3118.762475
2674.650699
2491.267465
2451.347305
2295.409182
1886.851297
1207.584830
347.430140
-577.594810
-1399.700599
-1920.533932
-2154.441118
-2276.072854
-2463.822355
-2798.153693
-3217.939122
-3527.944112
-3488.023952
-3005.239521
-2146.332335
-1133.358283
-246.382236
314.995010
518.962076
583.208583
827.095808
1374.750499
2048.403194
2546.781437
2740.768463
2704.590818
2567.989022
2335.329341
1942.365269
1475.174651
1067.240519
790.918164
615.643713
437.874251
170.284431
-254.491018
-809.630739
-1302.395210
-1466.442116
-1183.882236
-661.801397
-215.818363
21.831337
139.096806
373.003992
895.708583
1652.944112
2403.318363
2968.438124
3381.362275
3861.027944
4507.859281
4948.228543
4663.173653
3589.695609
2138.847305
840.818363
40.543912
-268.837325
-306.262475
-566.991018
-1575.598802
-3295.908184
-5026.821357
-5993.637725
-6037.300399
-5576.971058
-5096.681637
-4794.785429
-4635.104790
-4459.830339
-4118.013972
-3556.636727
-2828.093812
-1964.196607
-1011.102794
-39.920160
845.184631
1604.915170
2201.846307
2570.484032
2747.005988
2912.300399
3221.057884
3565.993014
3695.733533
3413.797405
2798.777445
2097.679641
1563.747505
1248.128743
983.033932
537.674651
-156.561876
-969.935130
-1712.824351
-2301.022954
-2727.669661
-2991.516966
-3143.712575
-3179.890220
-3093.812375
-2805.638723
-2276.696607
-1663.547904
-1178.892216
-880.738523
-598.178643
-133.483034
530.189621
1188.248503
1655.439122
1913.672655
2051.521956
2156.936128
2248.627745
2275.449102
2239.271457
2135.104790
1918.662675
1596.182635
1254.366267
937.500000
549.525948
95.434132
-265.718563
-359.281437
-236.402196
-150.948104
-200.848303
-310.004990
-361.776447
-178.393214
328.717565
1042.290419
1666.666667
2022.205589
2315.369261
2875.499002
3652.070858
4128.617764
3910.304391
3017.714571
1764.595808
641.217565
78.592814
204.590818
598.802395
394.835329
-845.184631
-2695.858283
-4264.595808
-4940.119760
-4764.221557
-4244.635729
-3917.789421
-4052.519960
-4502.245509
-4822.230539
-4686.876248
-4081.212575
-3214.820359
-2349.051896
-1666.042914
-1132.110778
-562.624750
182.759481
943.737525
1485.154691
1853.792415
2281.686627
2812.500000
3257.859281
3440.618762
3315.244511
2974.051896
2534.930140
2250.499002
2204.965070
2110.778443
1629.865269
721.681637
-296.282435
-1043.537924
-1455.838323
-1666.666667
-1826.347305
-2136.976048
-2602.295409
-2974.051896
-2975.923154
-2588.572854
-2033.433134
-1604.291417
-1387.225549
-1206.337325
-922.529940
-465.319361
89.196607
557.010978
877.619760
1166.417166
1498.253493
1852.544910
2163.173653
2375.249501
2432.010978
2291.042914
2044.036926
1854.416168
1726.546906
1533.807385
1225.673653
971.806387
863.273453
837.699601
798.403194
742.265469
689.246507
583.208583
480.289421
491.516966
635.603792
875.124750
1256.861277
1886.851297
2532.435130
2679.016966
2151.946108
1296.781437
528.942116
44.286427
-106.037924
73.602794
300.648703
-13.098802
-1075.973054
-2431.387226
-3375.748503
-3612.774451
-3365.768463
-3029.565868
-2926.022954
-3167.415170
-3615.893214
-3943.987026
-3892.839321
-3451.222555
-2753.867265
-1988.522954
-1392.215569
-1052.894212
-802.145709
-445.359281
54.266467
550.149701
1049.775449
1629.241517
2191.866267
2515.593812
2521.207585
2329.715569
2067.115768
1843.188623
1746.506986
1808.258483
1843.812375
1553.143713
907.559880
203.343313
-338.073852
-706.711577
-905.064870
-1022.954092
-1238.148703
-1624.251497
-2000.998004
-2105.788423
-1894.336327
-1569.985030
-1327.345309
-1168.912176
-1050.399202
-912.549900
-704.840319
-407.310379
-72.979042
230.788423
503.368263
776.571856
1037.300399
1278.692615
1518.837325
1680.389222
1717.814371
1669.785429
1624.251497
1613.023952
1577.470060
1492.015968
1430.888224
1435.254491
1464.570858
1498.253493
1528.817365
1501.372255
1354.790419
1089.695609
859.530938
800.898204
1010.479042
1546.282435
2234.905190
2606.037924
2265.469062
1351.047904
397.330339
-150.324351
-215.194611
37.425150
318.113772
140.968064
-807.759481
-2213.073852
-3306.511976
-3621.506986
-3301.521956
-2852.420160
-2715.818363
-3035.179641
-3662.050898
-4168.537924
-4205.339321
-3753.742515
-3050.773453
-2330.339321
-1753.368263
-1384.730539
-1115.269461
-759.106786
-260.104790
271.332335
788.423154
1366.017964
2000.998004
2510.603792
2664.670659
2483.158683
2175.648703
1935.503992
1893.088822
2021.581836
2093.937126
1866.267465
1191.367265
303.143713
-359.281437
-613.772455
-553.892216
-482.784431
-686.127745
-1241.267465
-1881.861277
-2233.033932
-2120.758483
-1664.795409
-1205.089820
-963.073852
-930.638723
-1004.241517
-987.400200
-732.909182
-316.242515
89.820359
397.954092
631.861277
833.957086
1019.211577
1177.020958
1358.532934
1559.381238
1734.031936
1867.514970
1941.117764
1878.118762
1672.280439
1487.025948
1415.918164
1483.283433
1646.082834
1807.010978
1790.169661
1527.569860
1135.853293
812.749501
716.067864
862.025948
1285.553892
1877.495010
2174.401198
1776.447106
869.510978
37.425150
-275.698603
-87.949102
332.460080
646.207585
480.913174
-429.765469
-1786.427146
-2843.687625
-3110.029940
-2726.422156
-2235.528942
-2135.104790
-2584.830339
-3367.639721
-4055.638723
-4247.130739
-3913.423154
-3311.501996
-2689.620758
-2235.528942
-2018.463074
-1899.950100
-1629.865269
-1070.983034
-365.518962
306.886228
929.391218
1531.936128
2010.978044
2259.855289
2370.883234
2455.089820
2501.871257
2483.782435
2446.357285
2349.051896
2023.453094
1412.175649
771.581836
356.786427
142.215569
-41.791417
-269.461078
-594.436128
-1070.359281
-1597.430140
-1906.811377
-1829.466068
-1527.569860
-1278.692615
-1222.554890
-1293.038922
-1372.255489
-1312.375250
-1049.151697
-628.118762
-215.194611
40.543912
168.413174
249.500998
358.657685
563.248503
883.857285
1274.950100
1630.489022
1873.128743
1961.701597
1906.187625
1776.447106
1710.953094
1796.407186
1994.760479
2212.450100
2355.913174
2330.963074
2098.927146
1721.556886
1345.434132
1150.823353
1218.812375
1511.352295
1898.078842
2057.135729
1624.251497
635.603792
-365.518962
-792.165669
-509.605788
110.404192
544.535928
360.528942
-592.564870
-1957.335329
-2975.923154
-3066.367265
-2414.545908
-1755.863273
-1732.784431
-2442.614770
-3431.886228
-4104.291417
-4159.805389
-3682.010978
-3046.407186
-2606.661677
-2478.792415
-2541.167665
-2495.009980
-2108.907186
-1395.958084
-624.376248
6.861277
529.565868
1009.855289
1443.363273
1820.733533
2143.213573
2426.397206
2625.998004
2708.957086
2689.620758
2526.197605
2161.926148
1677.894212
1229.416168
903.817365
659.306387
363.023952
-44.286427
-507.734531
-958.707585
-1304.890220
-1437.749501
-1392.215569
-1312.999002
-1279.940120
-1304.266467
-1342.939122
-1360.404192
-1322.979042
-1137.100798
-772.205589
-363.023952
-66.741517
101.671657
198.977046
295.034930
416.666667
625.000000
1001.122754
1449.600798
1769.585828
1843.812375
1770.833333
1745.259481
1871.881238
2101.422156
2339.071856
2524.950100
2591.691617
2474.426148
2177.519960
1840.693613
1618.637725
1589.945110
1727.794411
1995.384232
2201.222555
1946.107784
1031.062874
-163.423154
-950.598802
-1012.350299
-555.763473
-48.028942
88.572854
-517.714571
-1785.179641
-3020.833333
-3413.797405
-2843.063872
-1958.582834
-1533.183633
-1901.821357
-2803.767465
-3664.545908
-3975.798403
-3619.011976
-2955.339321
-2447.604790
-2286.676647
-2418.912176
-2587.949102
-2493.138723
-1971.057884
-1180.763473
-464.695609
49.276447
475.299401
874.500998
1175.149701
1419.660679
1767.714571
2231.786427
2672.779441
2931.012974
2921.032934
2615.394212
2097.679641
1614.895210
1385.978044
1364.770459
1251.247505
835.204591
167.789421
-596.931138
-1218.188623
-1493.263473
-1369.136727
-1100.923154
-1021.706587
-1217.564870
-1474.550898
-1569.361277
-1447.729541
-1165.169661
-843.937126
-588.198603
-431.012974
-336.826347
-224.550898
-14.346307
273.203593
566.367265
806.511976
952.470060
1057.260479
1218.812375
1397.205589
1538.797405
1704.091816
1945.484032
2221.806387
2473.178643
2641.591816
2713.947106
2638.473054
2397.704591
2124.500998
1982.285429
2015.344311
2175.648703
2428.892216
2519.336327
2037.175649
981.162675
-134.106786
-728.542914
-699.226547
-343.063872
-62.375250
-256.362275
-1173.902196
-2516.841317
-3474.301397
-3470.558882
-2732.659681
-2028.443114
-1959.830339
-2585.454092
-3496.756487
-4111.776447
-4015.718563
-3305.888224
-2533.682635
-2208.083832
-2414.545908
-2846.182635
-2999.625749
-2593.562874
-1788.922156
-970.558882
-396.082834
-29.316367
271.332335
585.079840
974.301397
1475.798403
1981.037924
2320.983034
2492.514970
2614.770459
2667.789421
2586.077844
2418.288423
2228.043912
2002.245509
1705.339321
1338.572854
940.618762
490.893214
-19.336327
-486.526946
-832.085828
-1057.884232
-1191.991018
-1247.504990
-1266.841317
-1295.533932
-1365.394212
-1440.868263
-1416.541916
-1215.069860
-847.679641
-488.398204
-311.876248
-310.004990
-279.441118
-75.474052
295.034930
716.691617
1032.310379
1167.664671
1136.477046
1068.488024
1157.684631
1461.452096
1860.653693
2208.083832
2431.387226
2534.306387
2524.326347
2433.258483
2340.319361
2310.379242
2339.695609
2465.693613
2748.253493
2974.051896
2666.541916
1695.359281
565.119760
-81.711577
-86.077844
167.165669
275.698603
-46.157685
-979.291417
-2277.320359
-3249.126747
-3345.184631
-2719.560878
-2140.718563
-2243.637725
-3037.050898
-3963.947106
-4396.207585
-4110.528942
-3399.451098
-2764.471058
-2547.405190
-2779.441118
-3186.127745
-3307.759481
-2816.242515
-1910.553892
-1110.279441
-705.464072
-538.922156
-330.588822
5.613772
459.705589
1092.814371
1768.338323
2236.152695
2448.852295
2511.851297
2516.217565
2461.951098
2421.407186
2514.346307
2690.244511
2698.353293
2350.923154
1710.953094
998.627745
431.012974
130.364271
58.008982
-23.078842
-288.797405
-744.760479
-1235.653693
-1558.133733
-1593.687625
-1394.710579
-1184.505988
-1115.893214
-1150.199601
-1135.853293
-1007.984032
-818.363273
-585.079840
-306.886228
-9.980040
273.827345
534.555888
753.493014
900.074850
981.786427
1084.081836
1277.445110
1522.579840
1746.506986
1965.444112
2168.787425
2274.825349
2278.567864
2265.469062
2297.280439
2368.388224
2507.485030
2786.302395
3038.922156
2851.172655
2068.987026
1074.101796
389.845309
258.233533
545.783433
876.996008
716.691617
-282.559880
-1815.743513
-3048.902196
-3319.610778
-2736.402196
-2035.928144
-1958.582834
-2745.134731
-3971.432136
-4825.973054
-4761.102794
-3938.373253
-3022.080838
-2640.344311
-2957.834331
-3601.546906
-3901.571856
-3408.807385
-2320.983034
-1296.781437
-800.274451
-754.740519
-821.482036
-688.622754
-190.868263
585.079840
1330.464072
1787.050898
1984.156687
2128.867265
2308.507984
2469.436128
2562.999002
2584.206587
2534.306387
2478.792415
2462.574850
2374.625749
2097.679641
1645.459082
1171.407186
807.135729
588.822355
441.616766
265.094810
-35.553892
-479.041916
-897.579840
-1119.635729
-1131.487026
-1037.924152
-933.757485
-918.787425
-971.806387
-1002.994012
-925.024950
-699.850299
-379.865269
-99.800399
72.355289
184.630739
326.846307
603.792415
942.490020
1222.554890
1399.700599
1506.986028
1601.172655
1725.299401
1866.891218
2016.591816
2134.481038
2175.024950
2214.321357
2437.624750
2788.797405
2920.409182
2501.871257
1623.003992
784.680639
462.824351
721.681637
1188.248503
1303.642715
612.524950
-784.680639
-2212.450100
-2864.895210
-2541.791417
-1783.308383
-1423.403194
-1952.345309
-3212.325349
-4429.890220
-4842.814371
-4311.377246
-3378.243513
-2834.331337
-3005.239521
-3638.972056
-4140.469062
-3998.253493
-3169.910180
-2097.679641
-1299.276447
-990.518962
-1033.557884
-1061.002994
-774.076846
-144.086826
590.069860
1188.872255
1576.222555
1787.674651
1850.673653
1870.633733
2027.819361
2322.854291
2539.296407
2570.484032
2509.356287
2317.240519
1973.552894
1659.181637
1539.421158
1571.856287
1524.451098
1250.000000
854.540918
467.190619
156.561876
-4.990020
-43.662675
-90.444112
-228.917166
-434.755489
-690.494012
-875.748503
-876.372255
-724.176647
-576.971058
-536.427146
-484.031936
-308.757485
-160.928144
-90.444112
116.017964
470.933134
745.384232
885.728543
1049.775449
1321.107784
1593.687625
1721.556886
1757.110778
1763.348303
1706.586826
1728.418164
2046.531936
2514.346307
2730.788423
2429.515968
1669.785429
806.511976
346.806387
565.119760
1203.218563
1556.886228
1011.726547
-288.797405
-1632.984032
-2340.943114
-2146.956088
-1396.581836
-905.064870
-1313.622754
-2548.652695
-3869.760479
-4433.008982
-4003.867265
-3101.297405
-2519.336327
-2723.927146
-3503.617764
-4171.032934
-4166.666667
-3475.548902
-2531.811377
-1847.554890
-1647.954092
-1744.011976
-1744.635729
-1326.721557
-543.912176
228.917166
686.127745
850.174651
943.737525
1173.278443
1548.777445
1941.117764
2216.816367
2288.547904
2208.707585
2134.481038
2134.481038
2111.402196
2009.106786
1840.069860
1683.507984
1576.846307
1455.214571
1292.415170
1097.804391
855.788423
655.563872
552.020958
517.714571
462.824351
319.985030
104.790419
-96.057884
-207.085828
-225.798403
-190.868263
-169.660679
-222.055888
-330.588822
-380.489022
-292.539920
-72.979042
142.215569
228.917166
253.243513
323.103792
512.100798
859.530938
1250.000000
1492.015968
1502.619760
1408.433134
1429.640719
1670.409182
2027.819361
2289.171657
2200.598802
1560.004990
648.078842
179.016966
554.515968
1346.681637
1658.557884
1007.984032
-321.232535
-1608.657685
-2141.342315
-1699.101796
-760.354291
-260.728543
-838.323353
-2280.439122
-3684.505988
-4127.370259
-3416.916168
-2275.449102
-1778.942116
-2371.506986
-3484.905190
-4178.517964
-3995.134731
-3121.257485
-2079.590818
-1470.184631
-1664.171657
-2297.280439
-2560.503992
-2032.185629
-1025.449102
-148.453094
374.875250
593.812375
560.129741
450.973054
584.456088
1101.546906
1772.704591
2205.588822
2279.815369
2154.441118
1953.592814
1697.854291
1535.054890
1620.508982
1891.217565
2059.630739
1816.991018
1240.643713
723.552894
528.318363
645.583832
866.392216
943.737525
795.908184
491.516966
172.155689
51.147705
253.243513
586.327345
738.522954
578.842315
258.233533
41.167665
7.485030
82.959082
271.332335
516.467066
615.019960
520.833333
422.280439
476.546906
634.980040
810.878244
960.578842
1097.804391
1198.852295
1286.801397
1488.897206
1792.040918
1954.216567
1761.477046
1157.684631
356.162675
-67.989022
240.768463
920.658683
1213.198603
654.940120
-538.298403
-1678.517964
-2206.212575
-1895.583832
-1013.597804
-401.696607
-826.472056
-2157.559880
-3411.302395
-3693.238523
-2924.151697
-1849.426148
-1372.879242
-1881.237525
-2977.794411
-3764.346307
-3619.011976
-2667.165669
-1574.975050
-1018.587824
-1286.177645
-2015.344311
-2396.457086
-1991.017964
-1093.438124
-288.173653
92.939122
95.434132
-26.197605
-34.930140
289.421158
895.708583
1382.859281
1557.509980
1590.568862
1658.557884
1718.438124
1687.250499
1620.508982
1603.043912
1637.974052
1651.072854
1616.766467
1466.442116
1160.179641
837.075848
652.445110
671.781437
770.958084
779.690619
590.069860
258.857285
21.207585
66.741517
339.321357
585.079840
649.950100
562.000998
394.211577
249.500998
248.877246
432.260479
662.425150
758.483034
714.196607
658.682635
666.791417
729.166667
861.402196
1012.974052
1074.101796
1006.112774
916.916168
973.677645
1234.406188
1616.766467
1903.692615
1817.614770
1176.397206
255.738523
-231.412176
105.414172
890.718563
1261.227545
674.900200
-606.911178
-1840.693613
-2360.903194
-1982.285429
-1091.566866
-502.120758
-901.946108
-2211.202595
-3547.904192
-3890.344311
-2998.378244
-1704.091816
-1133.982036
-1665.419162
-2732.659681
-3464.945110
-3385.104790
-2589.820359
-1531.936128
-876.996008
-1059.755489
-1762.724551
-2158.183633
-1785.179641
-943.113772
-215.818363
116.641717
142.839321
27.445110
-11.851297
234.530938
718.562874
1111.526946
1251.247505
1302.395210
1425.898204
1602.420160
1698.478044
1621.756487
1450.848303
1349.176647
1421.531936
1594.311377
1644.211577
1404.066866
1010.479042
661.177645
456.586826
480.289421
646.831337
689.246507
460.953094
84.206587
-154.690619
-88.572854
138.473054
344.935130
443.488024
366.766467
215.818363
208.333333
368.637725
580.089820
743.512974
836.452096
835.828343
760.978044
739.146707
915.668663
1218.188623
1371.631737
1271.831337
1069.735529
943.737525
998.003992
1269.960080
1694.735529
1996.007984
1784.555888
931.262475
-33.682635
-271.956088
404.815369
1253.742515
1344.186627
439.745509
-891.342315
-1913.048902
-2219.311377
-1717.190619
-811.501996
-374.251497
-1052.894212
-2561.127745
-3801.147705
-3832.335329
-2788.173653
-1692.240519
-1404.066866
-2005.364271
-2904.191617
-3439.371257
-3288.423154
-2480.039920
-1421.531936
-821.482036
-1059.131737
-1705.963074
-1971.681637
-1533.183633
-780.938124
-198.977046
92.939122
193.363273
134.106786
37.425150
134.106786
470.309381
835.204591
1052.270459
1173.278443
1299.276447
1411.551896
1367.265469
1175.773453
1043.537924
1150.199601
1440.868263
1640.469062
1597.430140
1359.156687
1012.974052
692.989022
541.417166
669.286427
927.519960
958.707585
649.326347
245.758483
49.276447
92.315369
236.402196
391.092814
502.744511
489.645709
318.737525
165.294411
213.947106
460.329341
717.939122
815.244511
769.710579
741.641717
836.452096
1041.042914
1215.693613
1232.534930
1109.031936
977.420160
989.895210
1179.515968
1470.184631
1702.220559
1657.310379
1170.783433
384.855289
-165.918164
60.503992
885.104790
1465.194611
1142.090818
25.573852
-1178.268463
-1863.772455
-1815.119760
-1178.268463
-451.596806
-376.746507
-1320.484032
-2783.183633
-3738.148703
-3517.964072
-2464.446108
-1556.886228
-1511.352295
-2209.331337
-3000.873253
-3344.560878
-3045.783433
-2206.836327
-1269.960080
-857.659681
-1235.653693
-1849.426148
-1901.821357
-1264.346307
-470.309381
24.326347
202.095808
209.580838
119.760479
109.780439
372.380240
760.354291
991.766467
1034.181637
1093.438124
1243.762475
1336.701597
1284.930140
1133.358283
1012.974052
1024.201597
1202.594810
1414.670659
1445.858283
1250.000000
940.618762
615.643713
424.775449
513.348303
772.829341
851.422156
542.664671
96.057884
-129.740519
-99.800399
12.475050
140.968064
251.372255
223.303393
29.940120
-121.007984
-43.662675
197.105788
403.567864
530.189621
595.683633
624.376248
656.187625
734.780439
865.144711
1029.815369
1213.198603
1336.077844
1317.365269
1188.248503
1130.863273
1216.317365
1402.819361
1664.171657
1900.573852
1739.645709
994.885230
157.809381
56.761477
772.205589
1471.432136
1391.591816
541.417166
-571.357285
-1480.164671
-1841.317365
-1465.194611
-658.682635
-268.213573
-918.787425
-2356.536926
-3546.032934
-3655.189621
-2791.916168
-1876.871257
-1708.458084
-2286.676647
-3060.753493
-3553.517964
-3521.706587
-2838.697605
-1844.436128
-1251.247505
-1448.353293
-1949.850299
-1980.414172
-1436.501996
-802.145709
-404.191617
-161.551896
54.890220
224.550898
382.360279
628.742515
862.649701
887.599800
765.344311
804.016966
1173.902196
1671.032934
1877.495010
1589.321357
1063.498004
802.145709
1034.805389
1514.471058
1873.128743
1899.950100
1517.589820
857.035928
343.063872
416.042914
973.053892
1387.225549
1195.733533
599.426148
104.790419
-86.077844
-17.465070
195.858283
370.508982
346.806387
117.265469
-90.444112
-97.929142
31.811377
185.878244
285.054890
312.500000
326.222555
385.479042
513.348303
656.187625
784.056886
891.966068
970.558882
1000.499002
1000.499002
1051.022954
1206.961078
1449.600798
1676.646707
1634.855289
1094.685629
324.975050
50.523952
616.891218
1397.829341
1564.995010
928.767465
-86.077844
-998.627745
-1519.461078
-1354.790419
-575.099800
107.285429
-164.046906
-1476.422156
-2926.022954
-3467.440120
-2898.577844
-1941.741517
-1505.738523
-1863.772455
-2613.522954
-3257.859281
-3489.895210
-3118.762475
-2241.766467
-1448.353293
-1365.394212
-1886.851297
-2198.103792
-1820.733533
-1136.477046
-687.999002
-457.210579
-188.373253
99.176647
331.212575
580.089820
833.957086
938.123752
805.888224
691.741517
941.866267
1470.184631
1884.356287
1822.604790
1326.097804
873.877246
843.313373
1161.427146
1506.362275
1657.310379
1548.153693
1178.892216
691.741517
411.676647
576.347305
956.212575
1030.439122
697.979042
281.936128
16.841317
-122.255489
-190.868263
-167.165669
-80.464072
-69.236527
-192.115768
-329.965070
-326.222555
-175.898204
-44.286427
-69.860279
-172.779441
-117.889222
143.463074
437.874251
625.623752
716.067864
817.115768
908.807385
898.827345
864.520958
966.192615
1220.683633
1473.303393
1624.875250
1777.070858
1952.969062
1880.613772
1335.454092
649.950100
501.497006
1072.230539
1758.358283
1788.922156
1084.705589
122.879242
-695.484032
-1175.773453
-1099.051896
-482.160679
37.425150
-313.747505
-1616.142715
-2984.031936
-3438.123752
-2909.805389
-2172.529940
-1961.701597
-2357.160679
-2969.061876
-3436.876248
-3628.368263
-3349.550898
-2592.315369
-1876.871257
-1823.228543
-2274.825349
-2430.763473
-1879.366267
-1072.230539
-614.396208
-479.041916
-311.252495
-28.692615
273.827345
588.198603
898.203593
1122.754491
1145.833333
1047.904192
1131.487026
1504.491018
1951.721557
2123.877246
1836.327345
1389.720559
1244.386228
1477.669661
1797.030938
1941.117764
1860.653693
1608.657685
1233.782435
873.253493
746.631737
853.293413
909.431138
691.741517
296.282435
-19.336327
-117.265469
-93.562874
-136.601796
-310.004990
-485.279441
-564.496008
-545.159681
-477.170659
-450.349301
-478.418164
-539.545908
-555.139721
-390.469062
-71.731537
228.917166
356.162675
310.628743
261.976048
359.281437
572.604790
807.759481
1012.974052
1187.000998
1343.562874
1496.382236
1721.556886
1934.256487
1797.654691
1168.288423
541.417166
636.851297
1453.343313
2162.549900
2037.799401
1170.783433
121.007984
-699.850299
-1056.636727
-785.304391
-99.800399
279.441118
-279.441118
-1602.420160
-2776.946108
-3044.535928
-2534.930140
-1989.770459
-1970.434132
-2376.497006
-2800.024950
-3065.119760
-3171.157685
-2972.804391
-2461.327345
-2044.660679
-2057.135729
-2253.617764
-2062.749501
-1415.294411
-820.234531
-676.771457
-771.581836
-692.365269
-303.143713
278.193613
826.472056
1162.050898
1220.059880
1064.121756
870.758483
923.153693
1366.017964
1977.295409
2287.300399
2051.521956
1566.866267
1301.147705
1373.502994
1581.836327
1746.506986
1768.338323
1587.450100
1223.178643
839.570858
593.812375
462.200599
319.361277
159.056886
46.157685
-44.286427
-177.145709
-402.320359
-689.870259
-910.678643
-956.212575
-868.887226
-782.185629
-718.562874
-629.990020
-568.238523
-587.574850
-628.742515
-534.555888
-301.272455
-81.087824
87.325349
291.292415
540.793413
729.790419
845.808383
951.846307
1056.012974
1187.000998
1387.225549
1649.825349
1908.682635
2169.411178
2480.663673
2623.502994
2259.231537
1475.174651
917.539920
1135.853293
1878.118762
2342.190619
2063.373253
1228.168663
243.263473
-620.009980
-1134.605788
-1088.448104
-550.773453
-136.601796
-529.565868
-1719.061876
-2875.499002
-3240.394212
-2942.864271
-2702.095808
-2844.935130
-3068.862275
-3121.257485
-3137.475050
-3219.810379
-3156.187625
-2834.331337
-2551.147705
-2569.236527
-2607.909182
-2155.688623
-1245.633733
-518.962076
-432.884232
-747.255489
-828.967066
-347.430140
456.586826
1201.971058
1675.399202
1828.842315
1667.290419
1359.156687
1281.811377
1707.834331
2396.457086
2770.084830
2552.395210
2015.344311
1656.062874
1636.102794
1745.259481
1731.536926
1570.608782
1306.761477
966.816367
565.743513
243.263473
124.750499
72.355289
-196.482036
-684.880240
-1046.656687
-1062.250499
-944.985030
-1022.954092
-1289.296407
-1525.074850
-1594.311377
-1543.787425
-1397.205589
-1158.932136
-905.064870
-779.066866
-795.908184
-830.214571
-693.612774
-334.955090
66.117764
308.757485
401.696607
535.179641
814.620758
1146.457086
1461.452096
1726.546906
1883.108782
1898.078842
1865.643713
1977.919162
2336.576846
2853.667665
3309.630739
3387.599800
2812.500000
1823.852295
1157.684631
1339.820359
2034.680639
2445.733533
2157.559880
1348.552894
373.003992
-527.694611
-1117.140719
-1202.594810
-888.847305
-687.999002
-1075.973054
-2008.483034
-2936.002994
-3359.530938
-3343.313373
-3322.105788
-3461.826347
-3524.201597
-3381.362275
-3221.057884
-3196.731537
-3175.523952
-2985.903194
-2757.609780
-2634.106786
-2435.753493
-1923.028942
-1155.813373
-482.160679
-175.274451
-167.165669
-103.542914
270.708583
857.659681
1393.463074
1735.279441
1958.582834
2123.253493
2163.797405
2114.520958
2164.421158
2345.309381
2410.803393
2176.896208
1794.535928
1571.232535
1588.697605
1609.905190
1374.126747
900.698603
382.984032
11.851297
-215.818363
-410.429142
-582.584830
-706.087824
-865.144711
-1182.634731
-1570.608782
-1735.279441
-1590.568862
-1420.284431
-1453.343313
-1570.608782
-1539.421158
-1373.502994
-1222.554890
-1122.754491
-959.331337
-679.266467
-364.895210
-110.404192
73.602794
270.708583
525.823353
760.978044
928.767465
1142.714571
1505.114770
1909.306387
2135.728543
2111.402196
2034.056886
2091.442116
2263.597804
2463.822355
2645.958084
2762.599800
2785.054890
2758.857285
2795.658683
2783.183633
2412.674651
1704.091816
1100.299401
995.508982
1274.950100
1410.304391
1042.914172
296.906188
-547.654691
-1290.543912
-1799.525948
-1957.335329
-1800.773453
-1679.141717
-2012.849301
-2747.005988
-3340.818363
-3401.322355
-3146.831337
-3125.000000
-3451.846307
-3683.882236
-3526.072854
-3095.683633
-2627.869261
-2194.361277
-1815.743513
-1642.964072
-1731.536926
-1773.952096
-1342.939122
-431.636727
499.001996
997.380240
1012.350299
925.024950
1079.091816
1429.016966
1760.853293
1987.899202
2172.529940
2286.052894
2186.876248
1910.553892
1684.131737
1607.410180
1520.708583
1209.456088
712.325349
323.727545
187.749501
134.106786
-114.146707
-603.168663
-1075.349301
-1333.582834
-1419.036926
-1511.352295
-1649.201597
-1770.209581
-1863.772455
-1963.572854
-1979.790419
-1788.298403
-1481.412176
-1286.801397
-1312.375250
-1361.027944
-1161.427146
-697.979042
-179.640719
207.085828
390.469062
462.200599
564.496008
779.690619
1130.863273
1555.638723
1917.415170
2112.649701
2156.312375
2166.292415
2237.400200
2369.635729
2498.128743
2521.207585
2431.387226
2300.399202
2266.092814
2331.586826
2339.071856
2170.034930
1878.742515
1589.945110
1389.096806
1321.107784
1406.561876
1596.806387
1621.132735
1172.030938
314.995010
-430.389222
-576.347305
-253.867265
-24.326347
-207.085828
-650.573852
-1092.190619
-1480.788423
-1843.812375
-2067.739521
-2039.046906
-1923.652695
-2050.274451
-2393.338323
-2547.405190
-2282.934132
-1881.237525
-1832.584830
-2212.450100
-2575.474052
-2503.118762
-2009.730539
-1374.750499
-805.888224
-399.201597
-248.877246
-376.746507
-601.921158
-543.912176
-40.543912
616.891218
984.281437
925.648703
736.651697
749.750499
895.708583
908.807385
717.939122
480.913174
358.033932
242.639721
55.513972
-82.335329
-97.305389
-137.225549
-451.596806
-996.756487
-1372.879242
-1332.335329
-1062.250499
-957.460080
-1160.803393
-1415.294411
-1480.164671
-1349.176647
-1180.139721
-1074.101796
-975.548902
-878.243513
-827.719561
-756.611776
-499.625749
-46.157685
404.191617
601.297405
568.238523
560.753493
781.561876
1182.010978
1541.292415
1750.249501
1846.931138
1898.702595
1884.356287
1821.981038
1830.713573
1958.582834
2062.125749
1970.434132
1707.834331
1490.144711
1413.423154
1366.017964
1228.168663
1016.716567
855.164671
761.601796
648.078842
490.893214
405.439122
434.131737
459.705589
373.627745
247.629741
223.303393
344.935130
525.823353
726.671657
944.985030
997.380240
718.562874
266.966068
29.940120
195.858283
525.823353
643.088822
481.536926
232.035928
11.227545
-256.986028
-545.783433
-708.582834
-696.107784
-646.831337
-784.056886
-1065.369261
-1216.941118
-1153.318363
-1123.378244
-1374.750499
-1800.149701
-2068.363273
-2039.046906
-1860.653693
-1713.448104
-1599.925150
-1511.976048
-1540.668663
-1723.428144
-1864.396208
-1766.467066
-1460.204591
-1205.089820
-1153.942116
-1168.912176
-1031.062874
-733.532934
-550.149701
-571.357285
-609.406188
-522.704591
-425.399202
-467.814371
-515.843313
-346.182635
-15.593812
114.770459
-69.236527
-318.113772
-355.538922
-144.710579
97.929142
232.035928
305.638723
389.221557
451.596806
467.190619
498.378244
627.495010
815.868263
933.757485
931.262475
914.421158
971.806387
1077.220559
1121.506986
1070.983034
979.291417
928.143713
949.351297
1007.360279
1007.984032
904.441118
771.581836
683.008982
625.623752
573.228543
540.169661
544.535928
513.348303
397.330339
263.847305
232.035928
341.816367
480.289421
531.437126
472.180639
349.925150
291.292415
356.786427
489.645709
656.811377
840.818363
973.053892
1012.350299
983.657685
978.043912
1057.884232
1229.416168
1420.908184
1564.995010
1686.626747
1816.991018
1914.296407
1814.496008
1463.323353
1049.151697
840.194611
872.629741
891.966068
673.652695
268.837325
-144.086826
-523.952096
-914.421158
-1266.217565
-1485.778443
-1610.528942
-1864.396208
-2312.250499
-2724.550898
-2831.836327
-2662.175649
-2535.553892
-2694.610778
-3019.585828
-3233.532934
-3205.464072
-2975.923154
-2639.096806
-2270.459082
-1954.216567
-1781.437126
-1706.586826
-1574.975050
-1276.197605
-891.342315
-588.822355
-450.973054
-353.667665
-106.037924
275.698603
602.544910
741.017964
734.780439
643.088822
552.020958
510.853293
604.416168
827.719561
1013.597804
991.142715
761.601796
521.457086
394.835329
408.557884
453.468064
444.111776
387.350299
341.192615
288.797405
193.363273
104.790419
69.860279
89.820359
97.305389
97.929142
135.978044
207.085828
269.461078
270.708583
227.045908
223.303393
305.014970
482.160679
691.117764
792.789421
778.443114
728.542914
689.246507
694.860279
767.215569
922.529940
1091.566866
1157.060878
1075.973054
939.995010
865.144711
918.787425
1077.220559
1231.287425
1301.147705
1229.416168
1065.993014
939.371257
900.074850
925.648703
951.846307
916.292415
790.294411
640.593812
557.634731
541.417166
539.545908
485.903194
371.756487
225.174651
116.017964
142.839321
269.461078
366.766467
342.440120
123.502994
-217.065868
-530.189621
-656.811377
-585.703593
-495.883234
-575.723553
-823.977046
-1089.695609
-1273.078842
-1362.275449
-1386.601796
-1390.968064
-1432.135729
-1564.995010
-1777.070858
-1905.563872
-1824.476048
-1606.786427
-1463.323353
-1525.698603
-1657.934132
-1676.022954
-1543.163673
-1342.939122
-1163.298403
-987.400200
-800.898204
-653.068862
-572.604790
-499.001996
-379.865269
-202.719561
-76.097804
-45.533932
-57.385230
-20.583832
56.761477
117.265469
128.493014
94.810379
77.345309
64.246507
30.563872
-18.088822
-53.642715
-54.266467
-32.435130
6.237525
57.385230
115.394212
151.571856
134.730539
121.631737
179.640719
299.401198
411.676647
493.388224
547.654691
620.633733
696.731537
794.036926
930.014970
1044.161677
1070.983034
1010.479042
954.965070
975.548902
1072.230539
1155.813373
1166.417166
1117.140719
1035.429142
936.876248
837.075848
748.502994
683.008982
649.326347
601.297405
532.060878
472.804391
421.032934
311.252495
136.601796
-16.841317
-84.830339
-71.107784
-18.088822
29.940120
33.682635
-9.980040
-81.711577
-101.671657
-68.612774
-24.950100
21.831337
78.592814
123.502994
156.561876
188.373253
238.897206
308.757485
349.925150
383.607784
409.805389
436.626747
470.309381
511.477046
586.951098
681.761477
683.008982
501.497006
193.987026
-71.107784
-129.740519
-42.415170
-15.593812
-149.700599
-359.905190
-545.159681
-736.027944
-956.212575
-1103.418164
-1124.625749
-1128.368263
-1276.821357
-1535.678643
-1686.002994
-1640.469062
-1542.539920
-1550.024950
-1670.409182
-1737.150699
-1646.706587
-1463.323353
-1293.662675
-1143.338323
-963.697605
-781.561876
-697.979042
-683.008982
-587.574850
-339.321357
-91.691617
-14.346307
-90.444112
-135.978044
-33.682635
188.373253
397.330339
515.219561
542.040918
484.655689
399.201597
318.113772
316.242515
422.904192
571.357285
642.465070
579.466068
463.448104
408.557884
416.666667
413.547904
374.875250
360.528942
392.964072
432.260479
424.775449
369.885230
316.866267
301.896208
293.787425
256.986028
203.343313
170.284431
191.492016
240.144711
284.431138
332.460080
381.736527
401.696607
362.400200
276.322355
216.442116
254.491018
364.271457
454.715569
468.438124
416.666667
369.261477
346.182635
320.608782
329.341317
385.479042
465.319361
518.338323
472.804391
341.816367
246.382236
281.312375
402.944112
496.506986
530.813373
521.457086
452.844311
322.480040
202.719561
196.482036
294.411178
391.716567
394.835329
323.727545
255.114770
205.214571
139.720559
68.612774
49.900200
100.424152
178.393214
217.065868
207.085828
212.075848
196.482036
65.494012
-157.809381
-313.747505
-293.787425
-209.580838
-253.867265
-409.181637
-522.080838
-542.664671
-556.387226
-644.336327
-725.424152
-731.037924
-722.929142
-809.006986
-948.103792
-982.410180
-872.005988
-762.849301
-804.640719
-932.509980
-972.430140
-871.382236
-751.621756
-711.701597
-673.652695
-570.733533
-442.864271
-412.300399
-450.349301
-427.270459
-328.717565
-264.471058
-325.598802
-442.864271
-462.200599
-349.301397
-197.105788
-142.839321
-202.095808
-278.817365
-303.143713
-276.946108
-254.491018
-205.838323
-97.929142
-22.455090
-55.513972
-116.641717
-97.305389
32.435130
178.393214
231.412176
185.878244
167.789421
250.748503
399.825349
522.080838
582.584830
603.168663
596.307385
578.842315
586.327345
643.088822
729.166667
765.968064
702.345309
613.148703
578.218563
618.762475
668.038922
665.543912
621.257485
550.149701
464.695609
411.052894
416.042914
434.131737
446.606786
442.864271
411.052894
358.657685
305.014970
283.183633
275.074850
242.639721
184.006986
154.066866
172.779441
174.026946
127.245509
68.612774
24.950100
-6.861277
-41.167665
-66.117764
-52.395210
1.247505
48.028942
49.276447
9.980040
7.485030
41.167665
75.474052
81.711577
77.345309
135.978044
220.184631
278.193613
295.034930
319.361277
342.440120
374.875250
440.993014
525.823353
571.981038
494.635729
306.886228
150.324351
90.444112
85.454092
73.602794
11.851297
-64.246507
-160.304391
-298.777445
-432.884232
-509.605788
-542.040918
-613.148703
-797.155689
-1038.547904
-1158.932136
-1114.645709
-1036.676647
-1077.844311
-1236.901198
-1389.720559
-1429.016966
-1352.295409
-1247.504990
-1145.833333
-1029.815369
-956.836327
-964.321357
-998.627745
-966.192615
-810.254491
-636.851297
-568.862275
-601.297405
-558.882236
-368.637725
-111.651697
75.474052
150.324351
174.650699
184.006986
200.224551
225.798403
329.341317
497.754491
631.861277
623.128743
504.615768
436.626747
499.625749
635.603792
723.552894
737.899202
732.909182
754.116766
744.136727
672.405190
608.158683
571.357285
562.000998
532.684631
474.675649
445.359281
457.210579
443.488024
340.568862
193.987026
119.136727
134.730539
164.046906
140.344311
72.355289
8.108782
-41.167665
-72.979042
-56.761477
-8.732535
46.781437
71.107784
36.801397
-32.435130
-59.880240
-5.613772
93.562874
193.987026
247.629741
267.589820
283.183633
300.024950
301.272455
322.480040
356.786427
422.280439
518.962076
591.941118
618.138723
597.554890
548.902196
492.140719
453.468064
462.200599
512.100798
566.367265
573.228543
521.457086
469.685629
413.547904
338.073852
266.342315
225.798403
215.818363
211.452096
152.819361
74.850299
-10.603792
-99.800399
-188.373253
-272.579840
-351.172655
-449.725549
-542.664671
-603.792415
-639.970060
-676.147705
-742.265469
-814.620758
-881.986028
-918.787425
-896.956088
-864.520958
-846.432136
-854.540918
-867.639721
-891.966068
-900.698603
-860.778443
-772.829341
-692.989022
-674.276447
-674.900200
-658.058882
-606.287425
-530.189621
-438.498004
-338.073852
-273.203593
-264.471058
-263.847305
-227.045908
-175.274451
-146.581836
-129.740519
-101.047904
-66.117764
-36.801397
-39.296407
-68.612774
-102.295409
-108.532934
-96.681637
-96.681637
-96.057884
-96.057884
-99.800399
-127.869261
-138.473054
-77.345309
29.940120
104.166667
107.909182
122.255489
164.046906
180.264471
197.729541
279.441118
404.815369
523.952096
564.496008
575.723553
620.633733
677.395210
714.820359
707.959082
671.157685
673.652695
746.007984
827.095808
852.045908
815.868263
762.849301
700.474052
637.475050
608.158683
618.762475
622.504990
586.951098
513.348303
453.468064
409.181637
371.132735
326.222555
245.134731
157.185629
94.186627
62.375250
44.286427
11.227545
-24.950100
-34.306387
-44.286427
-86.077844
-123.502994
-118.512974
-85.454092
-71.107784
-72.979042
-64.870259
-36.801397
-12.475050
-10.603792
2.495010
63.622754
148.453094
200.224551
213.323353
202.095808
212.075848
217.689621
213.323353
195.858283
204.590818
228.293413
198.977046
113.522954
32.435130
-16.217565
-81.711577
-165.294411
-230.788423
-253.867265
-261.976048
-311.252495
-402.320359
-515.219561
-606.287425
-684.256487
-767.839321
-851.422156
-933.757485
-1017.964072
-1092.814371
-1157.060878
-1184.505988
-1170.783433
-1172.030938
-1193.238523
-1205.713573
-1176.397206
-1125.249501
-1089.071856
-1050.399202
-955.588822
-812.125749
-687.999002
-625.623752
-608.158683
-553.268463
-416.666667
-220.184631
-39.920160
76.721557
164.046906
245.758483
348.677645
461.576846
581.337325
703.592814
790.918164
829.590818
830.214571
848.927146
910.054890
977.420160
1020.459082
981.786427
878.243513
823.353293
853.917166
878.243513
840.194611
755.364271
679.266467
644.336327
600.049900
549.525948
499.625749
466.566866
426.022954
348.677645
269.461078
229.540918
238.273453
213.947106
116.641717
3.118762
-36.801397
-1.871257
34.930140
15.593812
-35.553892
-76.097804
-82.959082
-50.523952
10.603792
74.850299
94.810379
62.999002
31.187625
26.197605
94.810379
197.105788
279.441118
306.886228
277.569860
236.402196
198.353293
190.868263
204.590818
239.520958
264.471058
224.550898
144.710579
82.335329
40.543912
8.732535
-33.058882
-74.226547
-123.502994
-190.244511
-252.619760
-300.648703
-325.598802
-324.975050
-356.786427
-450.349301
-555.763473
-637.475050
-666.791417
-649.950100
-621.881238
-596.931138
-602.544910
-660.553892
-727.295409
-749.126747
-716.691617
-650.573852
-574.476048
-493.388224
-416.666667
-370.508982
-368.637725
-368.637725
-327.470060
-248.877246
-160.304391
-97.305389
-49.900200
12.475050
78.592814
98.552894
95.434132
99.176647
139.096806
208.333333
239.520958
241.392216
253.867265
280.064870
283.807385
243.887226
184.630739
157.809381
185.254491
216.442116
192.115768
130.364271
79.840319
58.008982
64.870259
78.592814
97.929142
103.542914
72.979042
26.821357
-19.336327
-7.485030
69.860279
142.215569
151.571856
87.949102
40.543912
79.216567
187.749501
288.173653
310.628743
280.064870
245.134731
217.689621
203.967066
217.065868
305.638723
392.340319
378.617764
279.441118
175.898204
132.859281
141.591816
159.680639
172.155689
177.145709
151.571856
84.206587
6.861277
-51.771457
-52.395210
-36.177645
-72.355289
-106.661677
-91.691617
-69.860279
-102.295409
-182.135729
-211.452096
-159.056886
-109.780439
-119.760479
-170.908184
-209.580838
-216.442116
-217.689621
-212.075848
-158.433134
-87.325349
-47.405190
-49.276447
-59.880240
-41.167665
-2.495010
11.851297
19.960080
46.781437
111.651697
157.185629
154.690619
148.453094
163.423154
155.938124
91.067864
60.503992
103.542914
197.105788
249.500998
207.085828
130.988024
80.464072
45.533932
35.553892
36.177645
36.801397
31.811377
-1.871257
-47.405190
-69.860279
-56.761477
-44.910180
-74.850299
-129.740519
-187.749501
-242.639721
-254.491018
-247.005988
-200.848303
-152.819361
-167.165669
-228.917166
-292.539920
-288.173653
-231.412176
-172.779441
-127.869261
-104.166667
-101.671657
-128.493014
-145.958084
-111.651697
-54.890220
-16.217565
-23.078842
-37.425150
-33.682635
-4.990020
24.326347
39.920160
49.900200
46.157685
21.831337
-28.068862
-74.226547
-64.870259
-1.247505
34.930140
13.722555
-37.425150
-94.186627
-137.849301
-148.453094
-94.186627
-28.068862
6.237525
-13.098802
-66.117764
-112.899202
-143.463074
-140.968064
-92.939122
-15.593812
56.137725
92.939122
38.672655
-44.286427
-56.761477
4.366267
82.959082
127.245509
141.591816
129.116766
98.552894
65.494012
64.870259
124.126747
201.472056
263.223553
295.658683
302.519960
278.193613
250.748503
240.768463
242.015968
251.372255
271.332335
298.153693
288.797405
250.124750
187.749501
131.611776
96.057884
107.909182
152.819361
188.373253
206.462076
174.026946
113.522954
64.870259
64.246507
84.830339
99.800399
82.959082
43.662675
39.296407
64.870259
66.741517
49.276447
24.326347
-10.603792
-58.008982
-118.512974
-146.581836
-122.879242
-88.572854
-98.552894
-143.463074
-165.918164
-167.165669
-150.324351
-143.463074
-165.294411
-179.016966
-145.958084
-81.711577
-67.365269
-103.542914
-138.473054
-170.908184
-219.560878
-248.877246
-212.075848
-137.849301
-86.077844
-105.414172
-169.660679
-231.412176
-254.491018
-219.560878
-166.541916
-132.235529
-144.710579
-190.244511
-228.917166
-242.015968
-213.947106
-167.165669
-174.026946
-245.758483
-290.044910
-272.579840
-220.184631
-179.640719
-172.779441
-188.373253
-206.462076
-227.669661
-222.679641
-145.958084
-24.326347
35.553892
31.811377
7.485030
20.583832
111.651697
207.709581
252.619760
249.500998
251.996008
270.708583
293.787425
300.648703
318.113772
370.508982
414.171657
424.775449
404.191617
399.201597
431.636727
447.230539
407.934132
346.182635
323.727545
326.222555
313.747505
286.926148
267.589820
247.005988
222.055888
156.561876
48.028942
-53.018962
-67.365269
-20.583832
-5.613772
-22.455090
-68.612774
-119.136727
-188.373253
-283.807385
-328.093812
-277.569860
-205.214571
-170.284431
-176.521956
-210.828343
-240.144711
-251.996008
-254.491018
-235.778443
-176.521956
-105.414172
-47.405190
-43.038922
-92.939122
-108.532934
-55.513972
-18.712575
3.118762
34.930140
45.533932
33.058882
23.702595
23.702595
26.197605
43.038922
58.008982
54.266467
21.207585
-11.851297
-11.227545
3.742515
13.098802
11.227545
8.732535
-18.088822
-81.711577
-142.215569
-153.443114
-129.740519
-104.166667
-97.305389
-114.770459
-146.581836
-180.264471
-224.550898
-243.263473
-211.452096
-157.809381
-108.532934
-102.295409
-135.978044
-165.918164
-167.165669
-139.720559
-91.691617
-21.831337
33.682635
49.276447
14.970060
-15.593812
17.465070
101.671657
177.769461
215.818363
207.085828
188.997006
208.333333
245.134731
298.153693
373.003992
411.676647
395.459082
346.182635
291.916168
324.351297
429.141717
478.418164
429.765469
315.618762
225.174651
214.570858
238.273453
238.897206
230.164671
205.214571
132.235529
30.563872
-28.068862
-23.078842
-3.118762
-16.841317
-103.542914
-195.858283
-217.065868
-187.125749
-162.175649
-179.640719
-212.075848
-234.530938
-260.728543
-276.946108
-275.074850
-248.253493
-228.917166
-233.283433
-242.015968
-239.520958
-223.303393
-193.987026
-184.006986
-201.472056
-220.184631
-192.739521
-118.512974
-51.147705
-39.296407
-84.206587
-124.126747
-134.106786
-116.641717
-81.087824
-54.890220
-62.999002
-72.355289
-74.850299
-96.057884
-115.394212
-125.998004
-141.591816
-123.502994
-79.840319
-42.415170
-9.356287
-14.346307
-42.415170
-64.246507
-75.474052
-58.008982
14.346307
81.711577
87.325349
67.989022
59.880240
61.127745
59.256487
68.612774
87.325349
108.532934
125.998004
144.086826
189.620758
237.649701
226.422156
165.294411
104.166667
96.057884
139.096806
197.105788
241.392216
266.342315
248.877246
188.373253
124.126747
89.196607
94.186627
120.384232
128.493014
119.136727
121.631737
134.730539
96.681637
-3.118762
-59.880240
-19.960080
47.405190
59.256487
41.167665
26.197605
-7.485030
-78.592814
-137.849301
-113.522954
-46.157685
10.603792
19.336327
-22.455090
-74.850299
-95.434132
-75.474052
-44.910180
14.970060
70.484032
64.246507
3.118762
-52.395210
-37.425150
26.821357
29.940120
-11.851297
-1.871257
31.811377
30.563872
0.623752
10.603792
56.761477
64.870259
-3.742515
-58.008982
-59.880240
-60.503992
-59.880240
-61.127745
-70.484032
-74.226547
-99.176647
-169.036926
-225.798403
-210.828343
-161.551896
-157.185629
-232.659681
-291.292415
-273.203593
-250.124750
-281.936128
-304.391218
-266.342315
-230.164671
-235.154691
-254.491018
-260.728543
-222.679641
-187.749501
-180.888224
-150.948104
-106.661677
-58.632735
-20.583832
-12.475050
-11.227545
8.108782
64.870259
134.730539
188.997006
228.293413
251.372255
280.688623
303.767465
337.450100
369.885230
403.567864
406.062874
375.499002
375.499002
401.072854
426.022954
448.478044
409.181637
287.549900
198.353293
191.492016
228.293413
246.382236
199.600798
121.631737
53.642715
-31.811377
-96.057884
-82.959082
-38.048902
-22.455090
-58.632735
-139.720559
-210.204591
-216.442116
-202.719561
-215.194611
-213.947106
-192.115768
-163.423154
-141.591816
-153.443114
-143.463074
-101.047904
-92.939122
-109.780439
-75.474052
6.237525
99.800399
145.334331
117.265469
82.959082
89.196607
119.136727
137.225549
149.076846
168.413174
157.185629
122.879242
100.424152
99.800399
119.136727
112.275449
60.503992
-11.851297
-72.979042
-96.681637
-94.810379
-82.959082
-89.196607
-96.057884
-115.394212
-177.769461
-240.768463
-266.342315
-262.599800
-252.619760
-262.599800
-277.569860
-274.451098
-265.094810
-265.094810
-250.748503
-235.154691
-247.005988
-280.064870
-288.173653
-248.877246
-189.620758
-142.215569
-123.502994
-119.760479
-121.631737
-107.909182
-62.375250
-22.455090
5.613772
57.385230
71.107784
38.048902
59.256487
129.116766
174.650699
194.610778
174.026946
150.324351
143.463074
147.205589
173.403194
216.442116
242.015968
230.164671
251.372255
261.352295
222.055888
188.997006
173.403194
137.849301
104.166667
111.027944
161.551896
187.749501
140.968064
60.503992
4.990020
4.366267
41.167665
56.761477
31.187625
7.485030
-1.247505
3.118762
21.207585
54.890220
74.850299
59.880240
14.346307
-22.455090
-4.990020
62.375250
130.988024
154.690619
139.720559
127.869261
99.800399
64.246507
37.425150
38.672655
87.325349
154.690619
182.759481
168.413174
144.086826
86.701597
13.722555
-26.197605
-39.296407
-7.485030
72.355289
86.701597
1.247505
-120.384232
-183.383234
-207.709581
-233.283433
-240.144711
-209.580838
-170.284431
-191.492016
-237.649701
-270.084830
-290.668663
-311.252495
-307.509980
-284.431138
-235.778443
-174.026946
-143.463074
-162.175649
-187.125749
-170.284431
-126.621756
-94.810379
-69.860279
-10.603792
68.612774
98.552894
66.741517
46.781437
69.236527
92.315369
106.661677
125.374251
132.859281
120.384232
91.067864
46.157685
16.217565
0.000000
1.871257
-16.217565
-69.236527
-87.325349
-71.731537
-72.979042
-124.750499
-157.809381
-145.334331
-157.809381
-193.987026
-205.214571
-168.413174
-102.295409
-61.751497
-79.840319
-114.770459
-116.017964
-67.989022
-8.108782
44.910180
87.325349
109.780439
133.483034
131.611776
147.205589
214.570858
298.777445
344.935130
339.321357
322.480040
337.450100
348.677645
335.578842
347.430140
361.152695
360.528942
331.836327
286.302395
245.134731
242.015968
254.491018
249.500998
208.333333
152.195609
134.730539
127.869261
87.949102
16.841317
-26.197605
-36.177645
-60.503992
-117.889222
-157.809381
-181.511976
-241.392216
-297.529940
-300.024950
-275.698603
-238.273453
-237.649701
-271.956088
-305.638723
-310.628743
-280.064870
-240.144711
-208.333333
-181.511976
-131.611776
-107.909182
-128.493014
-116.641717
-56.761477
-24.950100
-43.662675
-57.385230
-22.455090
26.197605
68.612774
109.156687
143.463074
122.255489
83.582834
85.454092
76.097804
72.979042
101.671657
130.364271
111.027944
84.830339
66.741517
16.841317
-93.562874
-167.789421
-159.056886
-121.631737
-108.532934
-102.295409
-95.434132
-154.690619
-255.738523
-312.500000
-306.262475
-270.708583
-213.947106
-171.531936
-179.016966
-180.888224
-184.006986
-201.472056
-217.065868
-200.848303
-126.621756
-51.147705
-36.177645
-29.316367
14.346307
44.286427
48.652695
53.642715
111.651697
179.016966
240.144711
276.322355
277.569860
296.282435
319.985030
326.222555
325.598802
317.490020
313.747505
332.460080
308.133733
257.609780
255.738523
265.094810
247.629741
240.144711
222.679641
174.026946
119.760479
82.335329
59.256487
66.741517
60.503992
12.475050
-18.712575
-42.415170
-86.077844
-119.760479
-130.364271
-134.730539
-116.641717
-113.522954
-166.541916
-185.254491
-150.948104
-146.581836
-165.918164
-169.036926
-165.918164
-140.344311
-121.007984
-100.424152
-38.048902
24.950100
29.940120
5.613772
-11.227545
0.623752
37.425150
72.979042
86.077844
100.424152
115.394212
98.552894
71.107784
59.880240
59.880240
74.226547
96.057884
92.315369
72.355289
49.900200
12.475050
-39.920160
-63.622754
-82.959082
-108.532934
-107.909182
-109.156687
-120.384232
-143.463074
-185.254491
-190.244511
-162.799401
-177.145709
-218.313373
-202.719561
-179.640719
-169.660679
-147.829341
-132.235529
-133.483034
-118.512974
-108.532934
-103.542914
-58.632735
3.742515
36.177645
36.801397
28.068862
41.791417
81.087824
96.681637
98.552894
136.601796
171.531936
179.640719
181.511976
174.026946
155.314371
144.086826
137.225549
142.215569
145.958084
133.483034
116.641717
98.552894
59.256487
13.098802
8.108782
18.088822
4.366267
-18.712575
-23.702595
-24.326347
-13.098802
-26.197605
-63.622754
-73.602794
-71.731537
-86.701597
-108.532934
-97.929142
-51.147705
-4.990020
-13.098802
-42.415170
-28.692615
5.613772
8.732535
-24.326347
-35.553892
4.990020
62.375250
91.067864
76.097804
71.731537
78.592814
59.880240
44.910180
67.989022
113.522954
131.611776
88.572854
29.316367
28.692615
61.751497
77.969062
65.494012
20.583832
-1.247505
-1.247505
-19.960080
-33.682635
-12.475050
25.573852
28.068862
-34.930140
-92.315369
-87.949102
-48.652695
-42.415170
-88.572854
-108.532934
-102.295409
-84.830339
-88.572854
-105.414172
-109.156687
-107.909182
-112.899202
-142.839321
-134.730539
-82.335329
-52.395210
-76.721557
-104.166667
-77.969062
-22.455090
1.871257
-33.058882
-44.910180
0.000000
24.950100
24.326347
23.078842
38.048902
74.226547
79.840319
52.395210
53.642715
81.711577
97.305389
87.949102
56.137725
44.910180
78.592814
100.424152
79.840319
44.910180
38.048902
49.900200
17.465070
-0.623752
21.831337
56.761477
39.920160
-44.286427
-111.027944
-107.285429
-84.206587
-70.484032
-83.582834
-97.305389
-54.266467
-29.940120
-62.375250
-127.245509
-139.720559
-80.464072
-38.672655
-42.415170
-39.296407
3.118762
23.078842
-18.712575
-48.652695
-5.613772
56.761477
86.077844
82.959082
98.552894
119.760479
132.235529
127.245509
107.909182
121.631737
149.700599
149.076846
116.017964
101.671657
126.621756
165.918164
153.443114
116.641717
92.939122
64.870259
29.940120
-1.871257
-22.455090
-29.316367
-6.237525
22.455090
22.455090
-15.593812
-56.137725
-86.077844
-99.800399
-74.850299
-42.415170
-15.593812
-3.118762
-22.455090
-55.513972
-87.325349
-103.542914
-67.365269
-17.465070
16.217565
47.405190
51.147705
8.108782
-44.286427
-48.652695
-3.118762
53.642715
62.999002
17.465070
-24.326347
-49.900200
-61.751497
-47.405190
-11.851297
18.088822
26.197605
11.227545
-32.435130
-67.989022
-61.751497
-43.038922
-34.930140
-35.553892
-14.970060
-3.118762
-44.286427
-80.464072
-69.860279
-47.405190
-37.425150
-29.316367
-8.108782
14.346307
8.108782
-46.157685
-101.671657
-105.414172
-45.533932
8.732535
11.227545
-6.237525
-11.851297
-22.455090
-67.365269
-87.325349
-45.533932
13.722555
33.058882
13.722555
-9.356287
0.000000
-7.485030
-42.415170
-62.375250
-49.276447
-4.366267
24.950100
9.356287
-14.346307
-1.871257
23.078842
-2.495010
-39.296407
-6.237525
55.513972
67.989022
14.970060
-0.623752
30.563872
62.999002
74.850299
64.246507
49.276447
20.583832
-10.603792
-21.207585
5.613772
40.543912
61.751497
38.672655
5.613772
-1.871257
1.871257
-10.603792
-37.425150
-25.573852
16.841317
33.058882
16.841317
11.227545
13.722555
1.247505
-31.187625
-21.831337
24.950100
56.137725
61.751497
54.266467
44.286427
30.563872
29.940120
48.652695
69.860279
87.949102
97.305389
95.434132
79.840319
72.355289
97.929142
101.671657
60.503992
20.583832
20.583832
45.533932
64.870259
57.385230
14.346307
-18.712575
-52.395210
-61.751497
-58.632735
-66.741517
-73.602794
-46.157685
-44.910180
-80.464072
-92.939122
-82.335329
-68.612774
-92.939122
-109.156687
-83.582834
-48.028942
-34.930140
-36.801397
-36.177645
-36.177645
-24.950100
-18.712575
-29.940120
-25.573852
23.078842
51.147705
33.058882
24.950100
66.741517
117.265469
102.295409
33.682635
-21.207585
-18.088822
24.950100
54.266467
59.256487
61.751497
44.910180
9.980040
-19.960080
-34.930140
-33.058882
-9.356287
-7.485030
-58.632735
-87.325349
-72.355289
-51.147705
-59.880240
-78.592814
-93.562874
-119.136727
-152.195609
-152.195609
-109.156687
-59.880240
-24.950100
-28.692615
-72.979042
-113.522954
-107.909182
-80.464072
-67.365269
-49.276447
0.000000
36.801397
31.811377
15.593812
22.455090
24.950100
23.702595
47.405190
69.236527
73.602794
91.067864
109.156687
107.285429
109.780439
134.106786
155.938124
151.571856
111.027944
81.087824
98.552894
112.899202
121.007984
128.493014
118.512974
76.721557
40.543912
5.613772
-13.098802
9.980040
46.781437
56.137725
11.851297
-33.058882
-34.306387
-14.970060
-36.801397
-71.107784
-69.236527
-71.731537
-94.810379
-74.850299
-37.425150
-19.336327
-23.078842
-24.950100
-35.553892
-58.008982
-69.236527
-47.405190
-14.346307
8.732535
40.543912
61.751497
44.910180
35.553892
44.286427
33.682635
6.861277
8.732535
67.989022
109.156687
97.929142
77.345309
66.117764
9.356287
-62.375250
-65.494012
-20.583832
11.227545
9.356287
-6.861277
-28.068862
-64.246507
-84.206587
-90.444112
-102.919162
-117.889222
-121.007984
-121.631737
-138.473054
-119.136727
-82.959082
-72.979042
-107.285429
-149.700599
-149.076846
-125.998004
-117.889222
-95.434132
-33.682635
-17.465070
-74.226547
-98.552894
-70.484032
-47.405190
-38.048902
-3.118762
47.405190
64.870259
72.979042
66.117764
37.425150
26.197605
57.385230
102.295409
107.909182
103.542914
115.394212
98.552894
48.028942
44.286427
88.572854
121.007984
116.017964
101.047904
76.097804
52.395210
30.563872
24.326347
16.841317
5.613772
27.445110
59.256487
38.048902
-6.861277
-20.583832
-27.445110
-44.286427
-44.910180
-9.980040
38.672655
46.157685
18.712575
-17.465070
-36.177645
-17.465070
39.920160
84.206587
84.830339
76.721557
76.721557
91.691617
95.434132
103.542914
121.007984
109.156687
87.949102
81.711577
93.562874
124.126747
136.601796
117.265469
62.999002
16.217565
29.940120
64.246507
49.900200
9.356287
-11.227545
-14.346307
-36.177645
-81.087824
-91.691617
-66.741517
-75.474052
-126.621756
-172.155689
-166.541916
-140.968064
-144.710579
-188.997006
-228.917166
-198.353293
-145.334331
-136.601796
-154.066866
-143.463074
-119.760479
-135.978044
-160.304391
-121.631737
-32.435130
23.702595
3.118762
-34.930140
-28.068862
4.990020
26.821357
33.682635
56.761477
108.532934
135.978044
113.522954
56.761477
31.811377
51.147705
80.464072
86.077844
82.959082
94.810379
86.701597
32.435130
-16.217565
-25.573852
0.000000
25.573852
16.841317
-24.326347
-83.582834
-107.285429
-93.562874
-103.542914
-104.790419
-76.721557
-60.503992
-65.494012
-97.305389
-122.879242
-100.424152
-44.910180
-21.207585
-26.197605
-2.495010
40.543912
50.523952
18.712575
-19.336327
20.583832
102.295409
138.473054
125.998004
120.384232
137.225549
130.988024
90.444112
88.572854
129.116766
165.918164
155.938124
132.235529
141.591816
165.918164
160.928144
112.899202
72.355289
61.127745
58.008982
41.791417
26.821357
23.702595
23.078842
-13.098802
-80.464072
-119.136727
-118.512974
-102.295409
-95.434132
-97.305389
-95.434132
-98.552894
-114.146707
-139.720559
-137.225549
-132.235529
-130.988024
-120.384232
-117.889222
-89.820359
-53.642715
-34.930140
-43.038922
-69.236527
-82.959082
-52.395210
-13.098802
15.593812
60.503992
99.800399
110.404192
88.572854
54.266467
51.147705
93.562874
139.720559
144.710579
119.136727
97.929142
97.305389
79.216567
43.662675
38.048902
58.008982
43.038922
7.485030
-16.841317
-10.603792
11.851297
6.861277
-24.950100
-56.137725
-60.503992
-61.127745
-76.097804
-104.166667
-96.681637
-69.236527
-57.385230
-86.701597
-112.275449
-82.335329
-44.286427
-45.533932
-81.087824
-69.236527
-23.702595
9.356287
11.851297
16.841317
38.672655
69.236527
66.117764
48.652695
75.474052
121.631737
144.086826
109.156687
66.741517
62.999002
91.067864
96.057884
69.236527
58.632735
61.751497
43.038922
-2.495010
-27.445110
-10.603792
21.831337
18.088822
-34.306387
-81.087824
-78.592814
-61.751497
-84.206587
-120.384232
-134.106786
-130.988024
-133.483034
-124.750499
-114.770459
-91.067864
-87.949102
-117.889222
-132.235529
-117.265469
-70.484032
-26.197605
-15.593812
-24.326347
-24.326347
-1.871257
21.207585
33.682635
40.543912
60.503992
78.592814
71.731537
74.226547
83.582834
99.176647
109.156687
99.800399
87.325349
86.701597
97.929142
94.186627
85.454092
83.582834
95.434132
95.434132
80.464072
67.989022
58.632735
42.415170
10.603792
-4.990020
-12.475050
-3.118762
0.000000
-14.970060
-38.048902
-48.652695
-56.761477
-76.097804
-84.206587
-84.206587
-58.632735
-26.197605
-25.573852
-41.791417
-53.642715
-61.127745
-59.256487
-52.395210
-32.435130
12.475050
38.048902
17.465070
-5.613772
-13.722555
16.217565
51.147705
31.187625
11.227545
33.058882
77.345309
89.196607
66.117764
51.771457
61.751497
54.266467
22.455090
5.613772
31.811377
60.503992
48.028942
-9.980040
-58.008982
-54.266467
-25.573852
-48.652695
-93.562874
-94.810379
-84.206587
-101.671657
-137.225549
-127.869261
-85.454092
-67.365269
-101.671657
-132.859281
-131.611776
-112.899202
-89.820359
-77.345309
-62.999002
-36.177645
-4.990020
0.623752
-19.336327
-33.058882
-2.495010
26.821357
34.930140
64.870259
106.037924
107.285429
91.691617
82.959082
85.454092
95.434132
125.998004
154.066866
155.314371
134.730539
108.532934
92.315369
60.503992
45.533932
55.513972
82.335329
81.711577
52.395210
18.088822
-4.990020
-15.593812
-26.821357
-37.425150
-31.187625
-23.078842
-24.326347
-34.930140
-59.256487
-57.385230
-33.058882
-25.573852
-45.533932
-49.276447
-29.316367
-24.326347
-38.048902
-24.326347
11.227545
34.930140
7.485030
-29.316367
-22.455090
6.237525
41.791417
60.503992
66.741517
73.602794
66.117764
33.682635
11.227545
14.346307
39.296407
51.147705
36.801397
15.593812
13.722555
20.583832
3.118762
-14.346307
-24.326347
-32.435130
-39.296407
-56.761477
-54.890220
-50.523952
-63.622754
-68.612774
-89.196607
-107.285429
-105.414172
-80.464072
-84.206587
-106.661677
-109.156687
-87.949102
-53.018962
-51.771457
-70.484032
-83.582834
-79.840319
-65.494012
-52.395210
-25.573852
1.247505
18.088822
21.831337
-12.475050
-18.088822
19.336327
53.018962
60.503992
48.652695
57.385230
77.969062
81.087824
70.484032
76.721557
98.552894
110.404192
88.572854
64.870259
76.721557
101.047904
102.919162
77.345309
49.900200
62.999002
83.582834
58.008982
20.583832
10.603792
31.187625
30.563872
3.742515
-11.227545
-13.098802
-12.475050
-31.187625
-48.652695
-34.930140
-16.217565
-24.950100
-72.355289
-97.305389
-88.572854
-55.513972
-43.662675
-45.533932
-33.682635
-22.455090
-38.048902
-69.236527
-72.979042
-56.761477
-21.207585
3.742515
30.563872
38.672655
31.811377
15.593812
10.603792
13.722555
27.445110
49.276447
74.850299
84.206587
58.632735
39.296407
28.692615
23.078842
25.573852
35.553892
36.801397
36.177645
33.058882
9.980040
-14.970060
-24.326347
-24.326347
-38.672655
-56.137725
-61.751497
-58.632735
-49.276447
-48.028942
-58.008982
-64.246507
-83.582834
-92.939122
-83.582834
-84.830339
-75.474052
-49.276447
-33.682635
-42.415170
-48.652695
-46.781437
-19.960080
8.732535
7.485030
-2.495010
9.356287
30.563872
47.405190
59.256487
66.741517
73.602794
67.989022
47.405190
36.801397
56.761477
86.701597
99.176647
80.464072
74.226547
85.454092
76.721557
53.018962
36.801397
36.177645
35.553892
24.950100
13.098802
21.207585
38.672655
24.950100
-7.485030
-40.543912
-49.900200
-41.167665
-33.058882
-24.326347
-23.078842
-33.682635
-57.385230
-58.632735
-65.494012
-71.107784
-51.771457
-38.672655
-26.197605
-31.811377
-48.652695
-42.415170
-25.573852
-31.187625
-38.672655
-29.940120
-14.346307
4.990020
12.475050
1.871257
-1.871257
9.356287
21.831337
8.732535
9.980040
33.058882
54.266467
62.999002
53.642715
47.405190
48.028942
38.048902
25.573852
32.435130
51.771457
61.127745
46.781437
20.583832
11.227545
12.475050
12.475050
8.108782
-4.366267
-12.475050
-11.227545
-13.722555
-15.593812
-10.603792
-14.346307
-26.197605
-49.276447
-59.256487
-40.543912
-12.475050
-0.623752
-12.475050
-42.415170
-62.375250
-51.147705
-33.682635
-11.851297
1.871257
11.227545
10.603792
-8.732535
-24.326347
-8.108782
19.336327
34.930140
35.553892
23.078842
27.445110
36.177645
46.157685
41.167665
34.930140
37.425150
44.286427
33.682635
14.346307
11.227545
12.475050
2.495010
-11.851297
-12.475050
-1.871257
-3.118762
-20.583832
-30.563872
-38.672655
-30.563872
-23.702595
-23.702595
-29.316367
-41.167665
-56.761477
-61.127745
-59.880240
-60.503992
-44.910180
-34.306387
-42.415170
-58.008982
-61.127745
-53.642715
-41.167665
-24.950100
-8.108782
8.108782
13.098802
10.603792
-3.118762
-14.970060
-2.495010
14.970060
24.326347
23.702595
36.801397
49.900200
39.296407
28.692615
16.841317
10.603792
16.841317
25.573852
23.078842
26.197605
36.801397
36.801397
23.078842
8.732535
9.356287
12.475050
11.227545
2.495010
-1.871257
9.356287
1.247505
-9.356287
-18.712575
-21.207585
-10.603792
-13.098802
-17.465070
0.000000
28.068862
36.177645
32.435130
10.603792
-1.871257
13.722555
24.950100
40.543912
67.365269
84.206587
79.216567
46.157685
22.455090
29.940120
48.028942
61.127745
71.107784
61.751497
59.256487
53.018962
39.296407
36.177645
25.573852
23.078842
24.326347
12.475050
13.722555
24.326347
23.702595
7.485030
-18.712575
-41.167665
-53.018962
-61.127745
-68.612774
-59.256487
-48.028942
-51.147705
-66.741517
-82.335329
-84.830339
-83.582834
-84.830339
-73.602794
-56.137725
-40.543912
-34.306387
-41.167665
-52.395210
-61.751497
-53.642715
-38.048902
-24.326347
1.247505
12.475050
11.227545
-4.990020
-24.950100
-16.217565
8.732535
23.702595
31.811377
37.425150
36.177645
36.177645
35.553892
36.177645
36.801397
26.821357
8.108782
-3.118762
-4.366267
6.861277
11.227545
2.495010
-18.088822
-41.791417
-56.137725
-61.751497
-54.266467
-41.791417
-34.930140
-37.425150
-34.930140
-41.167665
-49.276447
-45.533932
-34.306387
-42.415170
-45.533932
-27.445110
-10.603792
0.623752
-0.623752
-0.623752
1.247505
-5.613772
-10.603792
11.851297
43.662675
72.979042
66.741517
59.880240
59.880240
64.870259
82.959082
83.582834
91.067864
97.929142
95.434132
74.850299
49.900200
60.503992
72.979042
72.355289
59.256487
35.553892
23.702595
24.326347
17.465070
10.603792
22.455090
20.583832
8.108782
-12.475050
-24.326347
-7.485030
1.247505
-16.841317
-36.801397
-47.405190
-48.652695
-48.028942
-49.276447
-44.286427
-26.197605
-29.940120
-48.652695
-60.503992
-58.008982
-33.682635
-24.950100
-19.960080
-10.603792
-2.495010
9.980040
-4.990020
-13.098802
-11.851297
-1.247505
18.088822
24.326347
24.326347
19.336327
5.613772
-16.217565
-26.197605
-16.841317
6.861277
12.475050
12.475050
0.000000
-13.098802
-11.227545
-13.098802
0.623752
13.722555
7.485030
-2.495010
-31.187625
-51.147705
-38.048902
-21.831337
-9.356287
-19.336327
-40.543912
-68.612774
-67.989022
-54.266467
-39.296407
-15.593812
-0.623752
-1.247505
-12.475050
-11.227545
-13.098802
0.623752
11.227545
19.960080
25.573852
23.702595
24.326347
23.702595
24.326347
24.326347
24.326347
37.425150
28.068862
29.316367
38.048902
51.771457
54.266467
34.930140
38.048902
34.306387
44.910180
43.038922
29.316367
24.326347
17.465070
8.108782
0.623752
-1.871257
8.732535
10.603792
-11.227545
-34.306387
-33.058882
-23.702595
-24.326347
-25.573852
-33.058882
-20.583832
-11.227545
-12.475050
-10.603792
-2.495010
6.861277
3.118762
