-2877.049180
-2678.436318
-2407.944515
-2046.027743
-1623.581337
-1225.725095
-858.133670
-502.522068
-124.211854
273.013871
648.802018
974.779319
1242.749054
1462.168979
1591.424968
1611.601513
1528.373266
1387.137453
1204.287516
931.273644
559.268600
136.191677
-270.491803
-615.384615
-906.052963
-1140.605296
-1303.278689
-1401.639344
-1469.735183
-1521.437579
-1549.810845
-1519.546028
-1400.378310
-1228.877680
-1040.353090
-836.696091
-568.095839
-215.006305
192.307692
591.424968
935.687264
1217.528373
1424.337957
1535.308953
1540.353090
1433.795712
1263.556116
1032.156368
729.508197
381.462799
84.489281
-114.754098
-218.158890
-270.491803
-303.278689
-260.403531
-145.018916
4.413619
156.368222
308.322825
460.277427
657.629256
880.201765
1114.754098
1383.354351
1720.050441
2095.208071
2486.128625
2819.672131
3049.180328
3105.926860
2875.788146
2343.631778
1571.878941
694.199243
-163.934426
-995.586381
-1843.001261
-2670.239596
-3369.482976
-3840.479193
-4017.023960
-3912.988651
-3585.119798
-3108.448928
-2570.617907
-2049.810845
-1569.356873
-1083.858764
-573.139975
-107.818411
231.399748
450.819672
625.472888
881.462799
1219.419924
1556.116015
1796.343001
1910.466583
1902.269861
1754.728878
1465.952081
1075.031526
619.798235
95.208071
-507.566204
-1144.388398
-1667.087011
-1965.321564
-2015.762926
-1861.916772
-1588.902900
-1228.247163
-769.861286
-294.451450
104.035309
358.764187
476.670870
483.606557
360.655738
162.042875
-46.658260
-174.653216
-165.825977
-66.834805
62.421185
224.464061
416.141236
598.991173
702.395965
674.022699
529.634300
310.214376
47.919294
-271.122320
-581.967213
-796.973518
-847.414880
-762.295082
-612.232030
-414.249685
-151.954603
155.107188
452.080706
655.737705
761.664565
849.936948
960.277427
1105.926860
1279.949559
1532.156368
1904.791929
2389.029004
2905.422446
3404.161412
3798.234552
3978.562421
3771.752837
3037.831021
1890.290038
576.292560
-667.087011
-1755.359395
-2720.680958
-3550.441362
-4135.561160
-4374.527112
-4232.030265
-3767.339218
-3070.617907
-2264.817150
-1516.393443
-963.430013
-615.384615
-394.703657
-188.524590
32.156368
170.239596
207.440101
253.467844
435.687264
779.319042
1175.914250
1469.104666
1581.967213
1476.040353
1127.364439
551.702396
-159.520807
-867.591425
-1504.413619
-2051.071879
-2456.494325
-2610.970996
-2406.683480
-1832.912989
-1036.569987
-198.612863
576.923077
1245.271122
1771.122320
2071.248424
2092.686003
1845.523329
1382.723834
766.708701
90.794451
-505.674653
-897.225725
-1045.397226
-1014.501892
-911.727617
-756.620429
-539.722573
-276.166456
-54.224464
45.397226
23.329130
-64.943253
-139.344262
-184.110971
-184.110971
-127.364439
-5.674653
159.520807
304.539723
375.788146
390.290038
356.242119
289.407314
163.303909
6.305170
-75.031526
-44.766709
128.625473
441.992434
894.703657
1487.389660
2169.609079
2850.567465
3448.928121
3920.554855
4222.572509
4264.817150
3928.751576
3114.123581
1870.113493
429.382093
-940.731400
-2042.244641
-2807.692308
-3279.319042
-3515.132409
-3569.987390
-3474.779319
-3213.114754
-2786.885246
-2273.644388
-1796.343001
-1455.233291
-1254.098361
-1099.621690
-860.025221
-497.477932
-55.485498
389.659521
757.250946
1061.160151
1329.760404
1528.373266
1608.448928
1489.911728
1124.211854
510.088272
-252.837327
-1006.305170
-1607.818411
-1969.104666
-2098.360656
-2018.915511
-1740.226986
-1271.752837
-623.581337
115.384615
790.668348
1286.885246
1563.682219
1633.669609
1559.899117
1406.683480
1212.484237
976.040353
663.303909
267.339218
-158.259773
-543.505675
-852.459016
-1110.970996
-1374.527112
-1631.147541
-1784.363178
-1789.407314
-1620.428752
-1282.471627
-854.981084
-382.093317
112.232030
581.967213
1011.979823
1347.414880
1496.847415
1407.944515
1105.296343
612.862547
56.746532
-451.450189
-868.221942
-1147.540984
-1280.580076
-1209.331652
-916.141236
-445.145019
133.039092
779.319042
1432.534678
2056.116015
2590.794451
3007.566204
3336.065574
3630.517024
3891.551072
4063.051702
4043.505675
3701.765448
2959.646910
1872.635561
634.930643
-523.329130
-1431.904161
-2131.778058
-2742.118537
-3320.302648
-3804.539723
-4034.678436
-3892.181589
-3406.683480
-2719.419924
-1998.738966
-1378.940731
-854.350567
-376.418663
115.384615
624.211854
1036.569987
1216.897856
1147.540984
935.687264
747.162673
663.303909
566.834805
324.085750
-109.709962
-659.520807
-1208.070618
-1658.259773
-1935.687264
-2017.654477
-1940.100883
-1755.989912
-1475.409836
-1071.248424
-514.501892
153.215637
807.692308
1315.889029
1654.476671
1850.567465
1962.168979
1997.477932
1906.052963
1661.412358
1254.728878
732.660782
139.344262
-504.413619
-1148.171501
-1693.568726
-2083.858764
-2293.820933
-2307.061791
-2081.967213
-1600.252207
-945.775536
-264.186633
376.418663
927.490542
1351.197982
1593.947037
1602.774275
1375.788146
958.385876
406.683480
-183.480454
-735.813367
-1216.267339
-1579.445145
-1785.624212
-1773.013871
-1509.457755
-1047.288777
-447.667087
220.050441
902.900378
1607.818411
2284.363178
2912.988651
3458.385876
3872.005044
4164.564943
4368.221942
4523.959647
4542.244641
4249.684741
3482.345523
2196.090794
628.625473
-866.960908
-2001.261034
-2744.640605
-3254.728878
-3694.829760
-4073.770492
-4266.708701
-4097.730139
-3516.393443
-2657.629256
-1774.905422
-1076.923077
-605.296343
-267.339218
114.123581
590.163934
1049.810845
1299.495586
1237.704918
916.771753
556.116015
300.126103
135.561160
-82.597730
-481.084489
-1052.332913
-1664.564943
-2139.974779
-2348.675914
-2234.552333
-1907.313997
-1496.216898
-1078.814628
-600.252207
27.112232
776.796974
1510.088272
2049.180328
2311.475410
2342.370744
2239.596469
2118.537201
2028.373266
1864.438840
1467.843632
746.532156
-180.327869
-1061.790668
-1735.182850
-2221.941992
-2601.513241
-2915.510719
-3065.573770
-2881.462799
-2288.146280
-1357.503153
-290.668348
675.914250
1363.177806
1781.210593
2003.783102
2059.268600
1890.920555
1429.382093
666.456494
-275.535939
-1173.392182
-1792.559899
-2066.834805
-2102.143758
-1993.064313
-1713.114754
-1151.954603
-295.081967
694.199243
1610.340479
2381.462799
3019.546028
3517.023960
3865.069357
4106.557377
4305.800757
4426.860025
4430.643127
4337.326608
4189.155107
3884.615385
3117.906683
1756.620429
25.851198
-1609.709962
-2785.624212
-3517.023960
-4014.501892
-4452.711223
-4859.394704
-5065.573770
-4856.872636
-4104.035309
-2947.036570
-1741.488020
-775.535939
-127.364439
293.190416
667.717528
1105.926860
1524.590164
1668.348045
1349.306431
710.592686
97.099622
-249.684741
-406.052963
-612.862547
-987.389660
-1460.277427
-1943.883985
-2321.563682
-2434.426230
-2191.677175
-1685.372005
-1143.127364
-674.022699
-163.934426
540.353090
1386.506936
2211.853720
2831.021438
3145.018916
3171.500631
2966.582598
2648.802018
2301.387137
1876.418663
1240.857503
334.174023
-764.186633
-1890.290038
-2855.611602
-3481.715006
-3712.484237
-3600.882724
-3224.464061
-2602.143758
-1668.348045
-486.128625
691.677175
1659.520807
2288.776797
2529.634300
2366.960908
1872.635561
1178.436318
407.313997
-398.486759
-1244.010088
-2008.827238
-2546.027743
-2762.925599
-2648.802018
-2241.488020
-1540.983607
-590.163934
467.843632
1484.867591
2366.330391
3104.665826
3709.962169
4150.063052
4388.398487
4416.771753
4278.688525
4064.943253
3901.639344
3846.784363
3866.330391
3680.958386
2903.530895
1409.836066
-521.437579
-2299.495586
-3476.040353
-4058.007566
-4375.788146
-4725.094578
-5094.577554
-5194.199243
-4704.918033
-3576.923077
-2105.296343
-731.399748
230.769231
733.291299
1004.413619
1302.017654
1694.199243
2022.068096
1951.450189
1336.696091
404.791929
-419.293821
-880.201765
-1055.485498
-1226.986129
-1579.445145
-2061.790668
-2542.244641
-2827.238335
-2754.098361
-2294.451450
-1590.163934
-860.025221
-192.307692
489.281211
1270.491803
2141.235813
2953.972257
3527.742749
3735.182850
3569.356873
3153.215637
2646.279950
2102.774275
1496.216898
781.841110
-69.356873
-1093.947037
-2257.250946
-3308.953342
-3974.779319
-4155.737705
-3979.192938
-3564.312736
-2854.981084
-1807.692308
-581.336696
646.279950
1712.484237
2456.494325
2744.640605
2489.911728
1813.997478
993.064313
156.998739
-709.962169
-1597.099622
-2376.418663
-2913.619168
-3112.862547
-2904.791929
-2279.949559
-1338.587642
-278.058008
789.407314
1836.065574
2783.102144
3497.477932
3940.100883
4185.372005
4306.431274
4275.535939
4076.923077
3846.784363
3744.640605
3780.580076
3877.049180
3928.121059
3685.372005
2764.186633
1001.261034
-1183.480454
-3035.939470
-4109.709962
-4570.617907
-4824.085750
-5069.356873
-5212.484237
-5011.979823
-4231.399748
-2857.503153
-1233.291299
111.601513
819.672131
1006.305170
1059.268600
1221.941992
1466.582598
1613.493064
1396.595208
701.134931
-225.094578
-970.996217
-1288.146280
-1333.543506
-1478.562421
-1892.181589
-2408.575032
-2806.431274
-2923.076923
-2646.910467
-1942.622951
-964.691047
-20.807062
750.945776
1477.301387
2315.258512
3199.873897
3890.920555
4207.440101
4098.360656
3612.232030
2885.876419
2090.794451
1292.559899
421.815889
-647.540984
-1873.266078
-3098.991173
-4137.452711
-4745.271122
-4755.359395
-4204.287516
-3322.824716
-2339.218159
-1290.668348
-151.324086
1003.783102
1974.148802
2583.858764
2778.058008
2542.875158
1940.731400
1128.625473
266.078184
-577.553594
-1438.209332
-2287.515763
-2953.972257
-3280.580076
-3165.195460
-2575.662043
-1566.834805
-284.993695
1009.457755
2136.191677
3064.312736
3830.390921
4402.900378
4730.138714
4774.905422
4589.533417
4234.552333
3807.061791
3550.441362
3590.163934
3816.519546
3892.181589
3433.165195
2233.291299
374.527112
-1730.769231
-3486.759142
-4494.325347
-4856.242119
-4982.345523
-5102.143758
-5110.340479
-4751.576293
-3883.354351
-2591.424968
-1131.147541
136.822194
918.032787
1176.544767
1208.070618
1324.085750
1573.139975
1708.070618
1451.450189
777.427491
-116.645649
-929.382093
-1468.474149
-1733.921816
-1952.080706
-2304.539723
-2732.030265
-3018.284994
-2941.361917
-2409.205549
-1488.020177
-378.940731
670.239596
1498.738966
2142.496847
2782.471627
3444.514502
3970.996217
4118.537201
3841.740227
3245.271122
2435.687264
1465.952081
360.025221
-796.973518
-1880.201765
-2831.651955
-3635.561160
-4172.131148
-4320.933165
-4057.377049
-3462.168979
-2633.669609
-1640.605296
-579.445145
415.510719
1240.857503
1875.157629
2285.624212
2419.924338
2223.833544
1699.243380
923.076923
-12.610340
-1009.457755
-1922.446406
-2618.537201
-3053.593947
-3163.303909
-2893.442623
-2171.500631
-1054.854981
209.331652
1410.466583
2465.952081
3331.021438
3983.606557
4387.767970
4607.818411
4690.416141
4598.360656
4380.832282
4167.717528
4087.641866
4146.279950
4199.873897
4019.546028
3328.499369
1880.201765
-249.684741
-2495.586381
-4170.870113
-4957.124842
-5086.380832
-5005.674653
-4907.313997
-4715.636822
-4278.058008
-3446.406053
-2208.701135
-836.065574
267.339218
824.716267
933.165195
933.795712
1095.208071
1369.482976
1497.477932
1224.464061
493.694830
-452.711223
-1286.885246
-1779.319042
-2009.457755
-2220.680958
-2521.437579
-2817.150063
-2923.076923
-2692.938209
-2041.614124
-1037.831021
90.163934
1063.051702
1781.210593
2369.482976
2974.779319
3566.834805
3965.321564
4034.678436
3747.793190
3103.404792
2104.665826
866.330391
-405.422446
-1513.871375
-2364.438840
-3025.220681
-3563.051702
-3931.273644
-3988.650694
-3650.693569
-2961.538462
-2066.834805
-1075.031526
-100.252207
708.701135
1327.868852
1803.909206
2177.175284
2343.631778
2131.147541
1467.843632
471.626734
-620.428752
-1593.316520
-2311.475410
-2761.664565
-3013.871375
-3042.875158
-2692.938209
-1826.607818
-517.023960
930.643127
2174.653216
3083.858764
3700.504414
4110.340479
4450.189155
4771.752837
4971.626734
4925.598991
4616.015132
4247.162673
4065.573770
4075.031526
4019.546028
3587.011349
2500.630517
696.721311
-1498.738966
-3421.185372
-4520.807062
-4791.929382
-4690.416141
-4661.412358
-4722.572509
-4666.456494
-4270.491803
-3397.225725
-2116.015132
-755.989912
223.203026
627.364439
709.331652
870.113493
1222.572509
1549.810845
1563.682219
1099.621690
251.576293
-687.263556
-1382.093317
-1701.765448
-1809.583859
-1991.172762
-2317.780580
-2641.866330
-2739.596469
-2446.406053
-1751.576293
-769.861286
228.877680
1003.783102
1568.726356
2165.195460
2882.723834
3546.658260
3940.100883
3990.542245
3706.179067
3026.481715
1865.699874
403.530895
-926.229508
-1866.960908
-2455.233291
-2900.378310
-3284.363178
-3496.216898
-3482.976040
-3234.552333
-2672.131148
-1823.455233
-851.828499
18.915511
648.802018
1148.802018
1626.733922
2023.959647
2172.761665
1931.904161
1216.897856
117.906683
-1040.983607
-1906.052963
-2341.740227
-2498.738966
-2551.702396
-2394.703657
-1812.105927
-784.363178
474.148802
1684.741488
2678.436318
3380.201765
3778.058008
4034.047919
4329.760404
4663.303909
4787.515763
4556.116015
4184.741488
3935.056747
3860.655738
3816.519546
3580.706179
2955.863808
1645.649433
-382.093317
-2540.983607
-4061.790668
-4623.581337
-4583.858764
-4483.606557
-4532.786885
-4639.974779
-4650.063052
-4305.170240
-3383.984868
-2042.875158
-774.905422
27.742749
419.293821
747.162673
1172.761665
1556.746532
1749.054224
1616.645649
1009.457755
53.593947
-845.523329
-1325.346784
-1399.747793
-1447.036570
-1695.460277
-2025.220681
-2259.773014
-2307.692308
-2049.180328
-1409.836066
-488.020177
390.290038
1023.959647
1605.926860
2309.583859
3042.244641
3577.553594
3819.672131
3767.339218
3291.929382
2260.403531
850.567465
-462.799496
-1382.093317
-1928.121059
-2304.539723
-2676.544767
-3048.549811
-3336.065574
-3426.229508
-3146.279950
-2484.867591
-1655.737705
-863.808323
-177.175284
454.602774
1094.577554
1691.046658
2091.424968
2154.476671
1736.443884
848.045397
-210.592686
-1066.834805
-1563.682219
-1784.363178
-1917.402270
-1966.582598
-1750.945776
-1167.087011
-266.708701
758.511980
1687.894073
2405.422446
2946.406053
3427.490542
3963.430013
4527.112232
4881.462799
4862.547289
4581.336696
4274.274905
4124.211854
4073.770492
3881.462799
3342.370744
2261.034048
616.645649
-1238.965952
-2749.684741
-3568.095839
-3823.455233
-4000.630517
-4396.595208
-4948.297604
-5373.266078
-5327.868852
-4581.336696
-3228.247163
-1726.986129
-578.814628
34.047919
363.808323
721.311475
1151.954603
1527.742749
1656.368222
1369.482976
676.544767
-149.432535
-719.419924
-849.306431
-803.909206
-974.148802
-1424.337957
-1974.779319
-2386.506936
-2471.626734
-2098.991173
-1337.326608
-481.715006
166.456494
660.781841
1270.491803
2040.353090
2806.431274
3383.984868
3661.412358
3479.823455
2711.223203
1530.895334
435.056747
-268.600252
-722.572509
-1196.090794
-1776.796974
-2370.113493
-2873.266078
-3189.155107
-3135.561160
-2617.906683
-1852.459016
-1160.781841
-593.947037
-13.240858
628.625473
1211.223203
1587.641866
1703.026482
1488.650694
883.354351
97.099622
-538.461538
-886.506936
-1076.292560
-1265.447667
-1384.615385
-1285.624212
-931.273644
-392.812106
308.322825
1088.902900
1757.250946
2250.945776
2755.359395
3460.277427
4213.745271
4673.392182
4720.050441
4571.248424
4431.904161
4356.242119
4284.363178
4081.967213
3528.373266
2401.639344
748.423707
-938.839849
-2107.818411
-2702.395965
-3060.529634
-3592.686003
-4488.650694
-5508.196721
-6169.609079
-6046.027743
-5042.244641
-3576.923077
-2247.162673
-1342.370744
-785.624212
-353.089533
160.781841
789.407314
1388.398487
1713.745271
1564.312736
1052.332913
560.529634
349.306431
350.567465
257.881463
-167.717528
-904.161412
-1720.680958
-2353.089533
-2567.465322
-2283.732661
-1691.046658
-1034.047919
-482.345523
2.522068
576.292560
1298.865069
2097.099622
2804.539723
3200.504414
3090.163934
2505.044136
1655.107188
819.041614
192.307692
-251.576293
-655.737705
-1162.042875
-1805.170240
-2427.490542
-2761.034048
-2664.564943
-2206.809584
-1614.754098
-1081.967213
-647.540984
-249.684741
174.022699
606.557377
967.213115
1116.015132
990.542245
646.279950
231.399748
-58.007566
-184.110971
-207.440101
-256.620429
-373.266078
-468.474149
-405.422446
-132.408575
274.274905
732.660782
1214.375788
1771.122320
2458.385876
3222.572509
3928.121059
4424.968474
4659.520807
4681.588903
4569.987390
4397.225725
4105.296343
3572.509458
2702.395965
1450.189155
20.176545
-1223.203026
-2085.750315
-2633.039092
-3176.544767
-3991.803279
-5000.630517
-5805.170240
-5980.453972
-5336.065574
-4126.733922
-2861.916772
-1948.297604
-1445.145019
-1159.520807
-788.146280
-181.588903
523.959647
1112.232030
1396.595208
1373.896595
1216.267339
1071.878941
974.148802
804.539723
385.245902
-283.732661
-1017.023960
-1616.015132
-1916.771753
-1880.832282
-1617.906683
-1239.596469
-867.591425
-535.308953
-176.544767
288.776797
934.426230
1688.524590
2357.503153
2660.781841
2447.036570
1865.699874
1245.271122
818.411097
575.031526
300.126103
-220.680958
-967.843632
-1737.074401
-2226.355612
-2235.182850
-1819.672131
-1261.034048
-898.486759
-844.262295
-902.269861
-793.820933
-438.209332
37.200504
414.880202
509.457755
352.459016
143.757881
69.987390
147.540984
235.182850
211.853720
76.923077
-95.838588
-175.914250
-49.810845
303.909206
782.471627
1240.857503
1646.910467
2084.489281
2633.669609
3239.596469
3808.322825
4313.997478
4737.074401
5000.000000
4993.694830
4624.842371
3861.916772
2701.134931
1205.548550
-254.098361
-1304.539723
-1892.181589
-2300.756620
-2972.887768
-4080.706179
-5274.274905
-5955.863808
-5747.162673
-4718.158890
-3406.683480
-2406.052963
-1907.944515
-1722.572509
-1530.895334
-1092.055485
-399.747793
380.201765
981.715006
1194.829760
1088.902900
1005.674653
1098.360656
1243.379571
1165.195460
658.259773
-111.601513
-858.764187
-1369.482976
-1511.979823
-1354.981084
-1134.930643
-1045.397226
-1124.842371
-1210.592686
-1048.549811
-541.614124
241.488020
1079.445145
1647.540984
1790.668348
1621.059269
1342.370744
1100.882724
916.771753
718.158890
430.012610
-16.393443
-581.336696
-1037.831021
-1157.629256
-981.715006
-737.074401
-623.581337
-671.500631
-745.271122
-728.877680
-614.754098
-399.747793
-155.737705
-15.762926
-23.959647
-124.211854
-185.372005
-145.018916
-34.678436
91.424968
199.243380
264.817150
337.957125
495.586381
709.962169
899.117276
1060.529634
1315.258512
1771.752837
2372.005044
2920.554855
3343.631778
3731.399748
4143.757881
4517.023960
4724.464061
4616.645649
4073.770492
3057.377049
1616.015132
129.886507
-945.775536
-1481.084489
-1767.339218
-2268.600252
-3313.366961
-4662.673392
-5713.114754
-5923.076923
-5114.754098
-3753.467844
-2506.305170
-1750.945776
-1509.457755
-1523.329130
-1454.602774
-1097.730139
-445.775536
259.142497
706.809584
839.848676
872.005044
989.281211
1173.392182
1191.677175
839.218159
150.693569
-604.665826
-1142.496847
-1232.030265
-918.032787
-545.397226
-405.422446
-609.709962
-1017.654477
-1296.343001
-1228.877680
-725.725095
46.658260
689.155107
954.602774
924.337957
813.997478
786.885246
895.334174
991.172762
880.832282
508.827238
0.630517
-347.414880
-364.438840
-149.432535
79.445145
115.384615
-104.035309
-392.812106
-511.349306
-396.595208
-165.825977
-25.851198
-117.906683
-339.218159
-503.783102
-525.220681
-434.426230
-344.892812
-307.061791
-295.081967
-240.226986
-74.401009
245.901639
623.581337
926.860025
1158.890290
1435.687264
1867.591425
2487.389660
3142.496847
3656.998739
3978.562421
4145.018916
4282.471627
4362.547289
4208.070618
3706.179067
2820.933165
1605.296343
334.174023
-606.557377
-1130.517024
-1502.522068
-2158.890290
-3329.129887
-4724.464061
-5728.877680
-5838.587642
-5033.417402
-3805.170240
-2741.488020
-2069.356873
-1744.010088
-1579.445145
-1346.153846
-911.727617
-295.081967
341.740227
773.013871
951.450189
1061.160151
1209.331652
1315.258512
1180.327869
689.155107
-1.261034
-608.448928
-955.233291
-961.538462
-716.267339
-470.996217
-432.534678
-654.476671
-1023.329130
-1341.109710
-1394.073140
-1070.617907
-479.823455
69.356873
306.431274
273.644388
165.195460
166.456494
422.446406
815.258512
1078.814628
1025.220681
691.677175
339.218159
206.809584
329.129887
547.288777
675.914250
576.292560
331.021438
133.669609
52.332913
69.356873
80.706179
-47.288777
-321.563682
-593.947037
-726.986129
-682.849937
-567.465322
-488.020177
-443.253468
-423.076923
-399.747793
-262.925599
-6.305170
351.828499
846.153846
1421.815889
2051.702396
2720.050441
3313.366961
3776.166456
4175.283733
4470.996217
4628.625473
4549.810845
4087.011349
3283.732661
2229.508197
1030.895334
65.573770
-465.321564
-767.969735
-1239.596469
-2291.298865
-3855.611602
-5339.218159
-6119.798235
-5854.981084
-4761.034048
-3559.268600
-2742.118537
-2344.892812
-2201.134931
-2018.915511
-1568.095839
-853.089533
-16.393443
727.616646
1205.548550
1513.871375
1787.515763
1949.558638
1870.744010
1426.229508
663.934426
-76.923077
-527.742749
-617.906683
-470.996217
-390.920555
-551.702396
-901.639344
-1313.366961
-1582.597730
-1571.248424
-1302.648172
-868.852459
-481.084489
-372.635561
-485.498108
-584.489281
-579.445145
-390.290038
-44.136192
312.736444
593.316520
743.379571
781.841110
864.438840
978.562421
1003.783102
957.755359
817.780580
656.998739
660.151324
783.102144
859.394704
767.969735
408.575032
-70.617907
-415.510719
-565.573770
-530.895334
-419.293821
-390.920555
-406.683480
-428.121059
-493.694830
-506.935687
-419.293821
-271.752837
25.851198
478.562421
1068.726356
1832.912989
2607.187894
3294.451450
3931.904161
4441.992434
4779.949559
4911.727617
4680.327869
4095.838588
3243.379571
2145.018916
1081.967213
349.306431
-116.645649
-609.709962
-1531.525851
-3019.546028
-4597.099622
-5665.825977
-5885.245902
-5298.865069
-4419.924338
-3769.230769
-3488.020177
-3423.076923
-3291.929382
-2804.539723
-1944.514502
-881.462799
168.978562
936.317781
1468.474149
1952.080706
2342.370744
2517.654477
2373.266078
1873.266078
1271.122320
839.218159
641.866330
591.424968
421.185372
-75.031526
-790.668348
-1507.566204
-2010.088272
-2097.099622
-1818.411097
-1393.442623
-1061.790668
-1064.312736
-1372.635561
-1676.544767
-1763.556116
-1539.722573
-1005.044136
-346.784363
206.809584
546.658260
685.372005
816.519546
1040.983607
1228.247163
1393.442623
1512.610340
1542.875158
1564.943253
1597.099622
1566.204288
1387.767970
970.996217
373.896595
-110.970996
-313.997478
-290.037831
-182.849937
-204.287516
-377.049180
-525.851198
-628.625473
-687.263556
-667.087011
-616.015132
-439.470366
-52.963430
446.406053
1029.003783
1657.629256
2272.383354
2975.409836
3715.006305
4302.017654
4700.504414
4821.563682
4612.862547
4136.191677
3373.896595
2461.538462
1663.934426
969.104666
210.592686
-815.258512
-2211.853720
-3711.853720
-4851.828499
-5380.201765
-5277.427491
-4874.527112
-4627.994956
-4609.709962
-4657.629256
-4582.597730
-4162.673392
-3357.503153
-2323.455233
-1207.440101
-257.250946
468.474149
1143.757881
1812.736444
2422.446406
2834.174023
2895.964691
2732.030265
2575.662043
2488.020177
2392.181589
2093.316520
1434.426230
513.240858
-441.361917
-1220.050441
-1626.733922
-1692.307692
-1613.493064
-1594.577554
-1834.174023
-2358.764187
-2902.269861
-3179.697352
-2979.192938
-2310.214376
-1470.365700
-793.820933
-440.731400
-334.174023
-211.853720
141.866330
721.311475
1414.880202
1998.738966
2292.559899
2353.089533
2345.523329
2315.258512
2211.853720
1909.836066
1421.815889
942.622951
600.252207
428.751576
366.330391
213.745271
-136.191677
-546.027743
-857.503153
-957.124842
-834.174023
-651.324086
-459.016393
-219.419924
44.136192
355.611602
735.813367
1191.677175
1860.655738
2690.416141
3462.799496
4067.465322
4384.615385
4385.245902
4180.958386
3793.190416
3253.467844
2715.636822
2184.110971
1577.553594
784.363178
-395.334174
-1893.442623
-3346.153846
-4355.611602
-4697.982346
-4575.031526
-4479.823455
-4649.432535
-4979.823455
-5323.455233
-5424.968474
-5106.557377
-4338.587642
-3271.122320
-2211.223203
-1328.499369
-526.481715
247.793190
1011.349306
1786.254729
2422.446406
2843.001261
3143.127364
3411.097100
3672.761665
3749.684741
3403.530895
2691.046658
1778.688525
885.245902
200.504414
-228.877680
-488.020177
-782.471627
-1313.997478
-2166.456494
-3108.448928
-3753.467844
-3880.832282
-3509.457755
-2941.361917
-2477.931904
-2256.620429
-2163.303909
-1941.361917
-1400.378310
-576.292560
360.025221
1202.395965
1750.315259
2030.264817
2267.969735
2571.878941
2812.105927
2827.238335
2569.987390
2177.805801
1844.262295
1651.954603
1523.329130
1266.708701
781.841110
229.508197
-138.713745
-267.969735
-298.234552
-379.571248
-554.854981
-721.941992
-702.395965
-423.076923
40.983607
547.288777
1012.610340
1497.477932
2020.176545
2484.867591
2829.129887
3048.549811
3205.548550
3346.784363
3405.422446
3282.471627
2958.385876
2482.345523
1909.205549
1188.524590
220.050441
-932.534678
-1991.803279
-2656.998739
-2933.795712
-3110.970996
-3556.746532
-4312.105927
-5088.902900
-5657.629256
-5823.455233
-5498.738966
-4784.363178
-3935.056747
-3240.226986
-2762.925599
-2336.696091
-1723.833544
-845.523329
200.504414
1182.219420
1955.233291
2619.798235
3273.013871
3808.953342
4072.509458
4014.501892
3692.307692
3262.925599
2793.820933
2339.848676
1948.928121
1503.783102
878.940731
-13.240858
-1226.355612
-2465.321564
-3221.311475
-3386.506936
-3199.243380
-3058.638083
-3204.918033
-3503.783102
-3665.195460
-3473.518285
-2791.298865
-1750.945776
-747.162673
-51.702396
302.648172
543.505675
1009.457755
1699.873897
2272.383354
2537.200504
2504.413619
2373.266078
2363.808323
2417.402270
2377.049180
2142.496847
1675.283733
1197.982346
969.735183
945.145019
909.205549
670.239596
220.050441
-223.203026
-368.852459
-182.219420
191.677175
601.513241
865.069357
1049.810845
1267.339218
1435.687264
1598.991173
1748.423707
1910.466583
2194.829760
2431.273644
2484.237074
2416.771753
2261.034048
1935.056747
1295.081967
375.788146
-501.891551
-992.433796
-1071.878941
-1075.662043
-1364.438840
-2153.215637
-3255.989912
-4233.921816
-4866.960908
-4991.803279
-4653.846154
-4170.870113
-3841.109710
-3807.692308
-3887.767970
-3708.701135
-3145.018916
-2291.298865
-1329.760404
-453.341740
313.997478
1080.075662
1837.957125
2471.626734
2979.192938
3337.326608
3523.329130
3614.123581
3600.882724
3484.867591
3292.559899
2868.852459
2184.741488
1218.158890
30.895334
-953.341740
-1475.409836
-1650.063052
-1718.158890
-1960.907945
-2556.116015
-3334.174023
-3894.703657
-3843.631778
-3121.059269
-2136.191677
-1399.747793
-1107.818411
-1167.717528
-1190.416141
-720.680958
129.886507
925.598991
1418.032787
1577.553594
1604.665826
1685.372005
1834.804540
2055.485498
2138.083228
1983.606557
1827.868852
1824.716267
1891.551072
1851.828499
1608.448928
1233.921816
962.799496
972.887768
1187.263556
1452.080706
1566.834805
1460.277427
1335.435057
1266.078184
1240.226986
1242.749054
1178.436318
1146.910467
1248.423707
1343.631778
1377.679697
1319.041614
1090.794451
661.412358
77.553594
-482.345523
-784.363178
-749.054224
-535.939470
-505.674653
-1001.891551
-1984.237074
-2920.554855
-3438.209332
-3582.597730
-3445.145019
-3242.749054
-3192.938209
-3365.699874
-3654.476671
-3738.335435
-3445.145019
-2897.856242
-2211.853720
-1540.353090
-1000.000000
-496.216898
99.621690
741.488020
1320.933165
1844.262295
2311.475410
2717.528373
3063.051702
3231.399748
3248.423707
3107.187894
2753.467844
2204.918033
1366.960908
433.165195
-145.649433
-353.089533
-496.847415
-807.061791
-1398.486759
-2150.063052
-2782.471627
-2990.542245
-2650.693569
-1991.803279
-1442.622951
-1274.905422
-1420.554855
-1648.171501
-1512.610340
-836.696091
-76.292560
384.615385
493.694830
438.839849
491.803279
742.749054
1116.015132
1453.341740
1568.095839
1531.525851
1598.360656
1778.688525
1872.635561
1798.234552
1611.601513
1445.775536
1497.477932
1755.359395
2030.895334
2191.046658
2182.219420
2110.970996
2103.404792
2091.424968
2027.742749
1883.984868
1613.493064
1389.029004
1254.098361
1112.862547
962.168979
756.620429
382.723834
-252.837327
-994.325347
-1492.433796
-1516.393443
-1173.392182
-916.771753
-1089.533417
-1792.559899
-2715.006305
-3330.390921
-3501.891551
-3332.282472
-2975.409836
-2727.616646
-2819.672131
-3188.524590
-3531.525851
-3458.385876
-2935.056747
-2218.789407
-1534.678436
-988.650694
-607.818411
-240.857503
255.989912
792.559899
1291.298865
1769.861286
2216.897856
2650.063052
2972.887768
3065.573770
3013.871375
2829.760404
2506.305170
1998.108449
1251.576293
541.614124
159.520807
-47.288777
-341.109710
-872.005044
-1670.239596
-2475.409836
-2934.426230
-2822.824716
-2217.528373
-1542.244641
-1266.708701
-1447.667087
-1787.515763
-1879.571248
-1389.029004
-503.152585
209.962169
484.867591
420.554855
285.624212
343.631778
701.765448
1200.504414
1540.983607
1593.316520
1547.288777
1626.103405
1736.443884
1740.226986
1709.962169
1681.588903
1674.653216
1797.604035
2025.220681
2271.752837
2425.598991
2428.751576
2399.117276
2316.519546
2129.886507
1948.297604
1830.390921
1694.829760
1440.100883
1070.617907
701.765448
437.578815
170.870113
-315.258512
-964.060530
-1552.963430
-1797.604035
-1590.163934
-1283.102144
-1308.322825
-1752.837327
-2435.056747
-3035.308953
-3329.760404
-3280.580076
-2943.883985
-2605.926860
-2624.211854
-2998.738966
-3359.394704
-3382.093317
-2981.715006
-2327.238335
-1687.263556
-1217.528373
-938.209332
-649.432535
-163.934426
436.317781
989.911728
1515.762926
1988.020177
2388.398487
2719.419924
2952.080706
3086.380832
3032.156368
2710.592686
2249.054224
1771.122320
1322.824716
948.928121
591.424968
156.368222
-469.735183
-1261.664565
-1977.301387
-2382.723834
-2411.097100
-2167.717528
-1873.266078
-1787.515763
-1983.606557
-2166.456494
-2031.525851
-1520.807062
-803.909206
-207.440101
103.404792
95.838588
-74.401009
-2.522068
488.650694
1129.255990
1555.485498
1632.408575
1529.634300
1447.667087
1494.955864
1710.592686
1970.365700
2109.709962
2128.625473
2194.829760
2292.559899
2330.390921
2428.751576
2659.520807
2868.221942
2810.844893
2406.052963
1945.145019
1663.303909
1511.349306
1394.703657
1194.199243
830.390921
334.804540
-229.508197
-850.567465
-1433.165195
-1825.346784
-1876.418663
-1638.083228
-1491.803279
-1698.612863
-2171.500631
-2680.958386
-3043.505675
-3126.733922
-2946.406053
-2665.825977
-2509.457755
-2628.625473
-2904.791929
-3116.645649
-3107.187894
-2782.471627
-2222.572509
-1703.026482
-1372.635561
-1168.978562
-897.856242
-456.494325
102.774275
696.721311
1290.037831
1780.580076
2126.103405
2462.168979
2785.624212
2984.867591
2979.192938
2743.379571
2377.049180
2035.308953
1746.532156
1520.807062
1245.271122
719.419924
-39.092055
-841.740227
-1482.976040
-1788.146280
-1796.973518
-1750.945776
-1817.150063
-2068.095839
-2373.896595
-2459.016393
-2174.653216
-1631.147541
-1057.377049
-694.829760
-612.232030
-620.428752
-484.237074
-74.401009
578.184111
1126.733922
1350.567465
1331.021438
1226.986129
1248.423707
1459.646910
1757.250946
2027.112232
2196.721311
2263.556116
2341.740227
2447.036570
2570.617907
2776.166456
3011.349306
3150.693569
3085.750315
2776.796974
2354.981084
2039.092055
1839.218159
1644.388398
1433.795712
1106.557377
605.926860
-86.380832
-950.189155
-1719.419924
-2141.235813
-2182.219420
-2013.871375
-1945.775536
-2230.138714
-2789.407314
-3329.129887
-3615.384615
-3547.288777
-3204.287516
-2822.194199
-2641.866330
-2768.600252
-3064.943253
-3217.528373
-3028.373266
-2551.071879
-1969.735183
-1537.831021
-1376.418663
-1281.841110
-1022.698613
-493.064313
207.440101
849.306431
1346.784363
1706.809584
1995.586381
2315.889029
2716.267339
3081.336696
3269.230769
3163.303909
2803.909206
2412.358134
2115.384615
1803.909206
1435.687264
1042.244641
523.959647
-136.191677
-832.912989
-1346.784363
-1554.224464
-1656.998739
-1803.909206
-1991.172762
-2247.793190
-2488.020177
-2485.498108
-2176.544767
-1748.423707
-1375.788146
-1147.540984
-1039.092055
-930.012610
-622.320303
19.546028
737.074401
1165.825977
1311.475410
1345.523329
1351.197982
1462.799496
1772.383354
2156.368222
2378.940731
2404.791929
2453.972257
2654.476671
2890.920555
3146.279950
3411.097100
3502.522068
3264.817150
2869.482976
2634.930643
2540.983607
2347.414880
1982.976040
1550.441362
1089.533417
533.417402
-148.802018
-846.153846
-1445.775536
-1837.326608
-2019.546028
-2189.155107
-2510.088272
-2984.237074
-3461.538462
-3829.129887
-4030.895334
-3977.931904
-3679.697352
-3382.723834
-3333.543506
-3487.389660
-3599.621690
-3471.626734
-3068.726356
-2460.907945
-1868.852459
-1544.136192
-1471.626734
-1343.001261
-929.382093
-284.363178
397.856242
1015.762926
1501.891551
1806.431274
2051.702396
2421.185372
2912.988651
3236.443884
3154.476671
2833.543506
2626.733922
2643.127364
2706.179067
2573.139975
2093.316520
1266.078184
370.113493
-226.986129
-359.394704
-276.796974
-365.699874
-833.543506
-1621.689786
-2382.093317
-2670.870113
-2399.117276
-1918.032787
-1646.279950
-1701.765448
-1920.554855
-2070.617907
-1911.097100
-1305.170240
-459.016393
144.388398
370.744010
472.887768
651.324086
912.988651
1267.969735
1716.267339
2110.340479
2282.471627
2286.885246
2362.547289
2552.332913
2742.118537
2981.084489
3280.580076
3449.558638
3355.611602
3116.645649
2943.883985
2851.828499
2709.331652
2498.108449
2282.471627
1984.867591
1462.799496
723.833544
-127.364439
-888.398487
-1331.651955
-1482.976040
-1607.818411
-1990.542245
-2645.018916
-3365.699874
-3941.992434
-4293.820933
-4305.170240
-4016.393443
-3807.692308
-3941.992434
-4268.600252
-4450.189155
-4297.604035
-3856.242119
-3216.897856
-2543.505675
-2155.107188
-2100.252207
-1999.369483
-1556.116015
-863.177806
-108.448928
610.340479
1185.372005
1522.068096
1754.728878
2138.083228
2643.127364
2987.389660
3125.472888
3204.918033
3270.491803
3251.576293
3149.432535
2965.321564
2614.123581
2124.211854
1653.846154
1278.688525
948.928121
609.709962
247.793190
-243.379571
-887.137453
-1407.313997
-1608.448928
-1621.059269
-1709.331652
-1912.358134
-2122.950820
-2250.945776
-2269.230769
-2097.099622
-1725.094578
-1339.218159
-1079.445145
-902.900378
-641.235813
-266.078184
168.978562
626.103405
1084.489281
1483.606557
1769.230769
1998.738966
2232.660782
2476.670870
2740.857503
3066.834805
3372.635561
3481.715006
3378.940731
3244.640605
3193.568726
3155.107188
2970.996217
2720.050441
2524.590164
2291.929382
1914.880202
1369.482976
676.544767
-22.068096
-513.240858
-800.126103
-1119.167718
-1675.283733
-2375.157629
-3020.176545
-3513.240858
-3848.045397
-3947.036570
-3904.791929
-4049.180328
-4409.836066
-4767.339218
-4914.880202
-4768.600252
-4375.788146
-3852.459016
-3414.249685
-3215.006305
-3111.601513
-2815.889029
-2266.078184
-1529.003783
-725.094578
-19.546028
481.084489
843.631778
1261.034048
1869.482976
2446.406053
2725.094578
2829.129887
3010.088272
3307.692308
3578.184111
3651.324086
3462.799496
3053.593947
2514.501892
2111.601513
2025.851198
2038.461538
1837.326608
1353.089533
662.042875
-50.441362
-506.305170
-585.119798
-481.084489
-580.706179
-1011.349306
-1501.261034
-1870.113493
-2046.027743
-1895.964691
-1538.461538
-1358.764187
-1418.663304
-1437.578815
-1229.508197
-938.209332
-666.456494
-257.881463
280.580076
687.894073
964.691047
1360.655738
1814.627995
2160.781841
2469.735183
2834.174023
3116.015132
3220.680958
3286.254729
3414.880202
3361.916772
3001.891551
2693.568726
2588.272383
2491.803279
2179.697352
1626.103405
975.409836
438.839849
153.846154
22.068096
-245.901639
-861.286255
-1635.561160
-2331.651955
-2870.744010
-3180.958386
-3209.962169
-3214.375788
-3538.461538
-4151.324086
-4682.219420
-4779.949559
-4515.762926
-4196.090794
-3943.253468
-3831.021438
-3889.659521
-3878.310214
-3566.204288
-2926.860025
-2187.894073
-1622.320303
-1229.508197
-845.523329
-379.571248
208.070618
918.663304
1505.674653
1778.058008
1930.643127
2223.833544
2660.781841
3080.706179
3308.953342
3295.081967
3030.895334
2624.211854
2431.273644
2558.007566
2690.416141
2563.682219
2166.456494
1553.593947
914.249685
587.641866
670.870113
793.820933
540.353090
16.393443
-449.558638
-772.383354
-870.744010
-674.653216
-458.385876
-593.947037
-962.799496
-1155.737705
-1061.790668
-894.073140
-730.769231
-485.498108
-259.142497
-148.171501
66.834805
488.020177
914.880202
1263.556116
1588.902900
1860.025221
2010.718789
2184.741488
2522.068096
2784.363178
2738.335435
2605.926860
2582.597730
2430.012610
1911.097100
1293.820933
969.735183
920.554855
848.675914
551.702396
-22.068096
-778.058008
-1441.361917
-1755.989912
-1807.692308
-1865.069357
-2007.566204
-2324.716267
-2903.530895
-3568.095839
-3874.527112
-3653.846154
-3271.752837
-3161.412358
-3370.744010
-3656.998739
-3803.909206
-3675.283733
-3233.921816
-2649.432535
-2233.291299
-2088.272383
-2047.288777
-1870.744010
-1458.385876
-794.451450
-24.590164
552.963430
723.833544
689.785624
882.723834
1371.374527
1888.398487
2208.070618
2333.543506
2291.929382
2134.300126
2030.895334
2096.469105
2232.030265
2248.423707
2123.581337
1879.571248
1534.678436
1304.539723
1324.716267
1389.029004
1219.419924
885.876419
645.649433
509.457755
387.137453
340.479193
435.687264
479.192938
329.760404
151.954603
70.617907
23.959647
58.638083
261.034048
453.341740
463.430013
449.558638
610.970996
843.001261
950.819672
996.847415
1104.665826
1228.877680
1328.499369
1401.639344
1415.510719
1461.538462
1626.103405
1697.351828
1279.319042
484.237074
60.529634
335.435057
738.335435
619.798235
-16.393443
-839.848676
-1571.878941
-2006.935687
-2013.871375
-1760.403531
-1612.862547
-1832.282472
-2464.060530
-3239.596469
-3572.509458
-3121.689786
-2300.126103
-1868.852459
-2051.071879
-2472.887768
-2791.929382
-2825.977301
-2431.904161
-1716.897856
-1158.890290
-1084.489281
-1326.607818
-1481.084489
-1348.675914
-942.622951
-395.964691
31.525851
160.151324
121.059269
182.849937
394.073140
675.283733
997.477932
1305.800757
1426.860025
1360.025221
1266.708701
1234.552333
1262.925599
1340.479193
1458.385876
1493.694830
1329.129887
1042.875158
802.017654
686.002522
685.372005
752.837327
793.190416
714.375788
545.397226
381.462799
335.435057
447.667087
655.737705
861.916772
939.470366
872.005044
773.013871
746.532156
865.699874
1120.428752
1382.723834
1535.308953
1583.858764
1612.862547
1643.757881
1634.300126
1592.686003
1587.641866
1622.320303
1585.119798
1421.185372
1269.861286
1246.532156
1228.247163
882.093317
201.134931
-314.627995
-274.274905
68.095839
126.733922
-342.370744
-1105.926860
-1780.580076
-2173.392182
-2245.901639
-2063.682219
-1869.482976
-1989.281211
-2597.730139
-3452.711223
-3938.209332
-3634.300126
-2875.788146
-2351.197982
-2359.394704
-2625.472888
-2803.278689
-2735.813367
-2294.451450
-1535.308953
-875.788146
-680.327869
-815.258512
-901.008827
-744.010088
-358.764187
155.737705
585.750315
692.938209
542.244641
427.490542
462.799496
600.252207
819.672131
1109.709962
1274.905422
1206.809584
1063.682219
979.192938
941.361917
948.928121
1077.553594
1225.094578
1163.934426
935.056747
728.247163
566.834805
405.422446
343.001261
477.301387
601.513241
486.759142
237.704918
47.919294
-14.501892
83.858764
338.587642
634.300126
795.712484
770.491803
728.247163
787.515763
950.819672
1213.745271
1547.288777
1831.651955
1994.325347
2066.834805
2104.035309
2136.822194
2171.500631
2224.464061
2269.861286
2212.484237
2011.349306
1789.407314
1654.476671
1446.406053
923.707440
216.897856
-175.283733
-46.658260
176.544767
-31.525851
-713.114754
-1525.220681
-2161.412358
-2441.361917
-2385.876419
-2190.416141
-2110.340479
-2323.455233
-2903.530895
-3646.910467
-4008.827238
-3627.364439
-2904.161412
-2596.469105
-2852.459016
-3204.918033
-3313.366961
-3130.517024
-2581.967213
-1728.247163
-1029.003783
-858.764187
-1024.590164
-1030.895334
-660.151324
-40.353090
641.235813
1099.621690
1162.042875
1022.068096
981.084489
1037.200504
1097.099622
1217.528373
1417.402270
1512.610340
1350.567465
1100.252207
904.161412
767.339218
731.399748
860.025221
1023.329130
992.433796
773.644388
523.329130
288.146280
114.123581
114.123581
305.170240
453.972257
347.414880
59.268600
-226.355612
-323.455233
-197.351828
29.003783
196.090794
276.166456
302.648172
290.668348
351.197982
581.967213
989.281211
1368.221942
1580.075662
1749.054224
1981.084489
2223.203026
2385.876419
2418.032787
2399.117276
2474.148802
2659.520807
2730.769231
2543.505675
2302.648172
2114.123581
1738.335435
1036.569987
435.687264
392.181589
623.581337
464.691047
-253.467844
-1143.127364
-1829.129887
-2199.873897
-2275.535939
-2208.701135
-2235.813367
-2462.799496
-2943.253468
-3610.340479
-4080.706179
-3911.097100
-3237.704918
-2799.495586
-2967.213115
-3339.218159
-3525.220681
-3511.349306
-3244.010088
-2585.750315
-1779.949559
-1391.551072
-1468.474149
-1532.786885
-1262.925599
-733.291299
-46.027743
645.649433
1052.332913
1150.693569
1190.416141
1318.411097
1438.209332
1583.858764
1860.655738
2075.031526
1975.409836
1674.022699
1444.514502
1288.776797
1122.950820
1049.810845
1114.754098
1110.340479
908.575032
664.564943
441.361917
179.066835
6.305170
101.513241
286.254729
264.186633
63.682219
-126.103405
-259.142497
-315.889029
-194.199243
32.156368
167.087011
147.540984
112.862547
145.018916
229.508197
412.358134
710.592686
991.803279
1214.375788
1465.952081
1747.162673
1938.839849
2021.437579
2127.364439
2296.343001
2473.518285
2609.079445
2633.669609
2520.176545
2402.269861
2304.539723
1986.759142
1360.655738
835.435057
812.736444
1042.875158
892.812106
146.910467
-779.949559
-1489.911728
-1868.852459
-1969.104666
-1959.016393
-2042.875158
-2353.089533
-2959.646910
-3743.379571
-4219.419924
-3966.582598
-3226.355612
-2784.993695
-3023.329130
-3518.284994
-3769.861286
-3675.914250
-3286.254729
-2629.886507
-1964.060530
-1653.846154
-1740.857503
-1837.326608
-1605.296343
-1054.854981
-358.133670
264.186633
636.822194
779.319042
901.639344
1094.577554
1310.214376
1554.224464
1864.438840
2136.191677
2174.653216
2011.349306
1832.282472
1700.504414
1554.224464
1448.297604
1453.341740
1453.972257
1307.061791
982.976040
626.103405
324.085750
139.974779
118.537201
143.127364
94.577554
-52.963430
-228.877680
-383.984868
-467.843632
-381.462799
-165.195460
-9.457755
-14.501892
-33.417402
40.353090
145.649433
243.379571
412.988651
714.375788
1011.979823
1186.002522
1279.949559
1414.880202
1640.605296
1876.418663
2030.264817
2100.882724
2208.701135
2363.808323
2412.358134
2354.350567
2337.957125
2267.339218
1898.486759
1321.563682
998.738966
1173.392182
1377.679697
1052.963430
228.877680
-640.605296
-1195.460277
-1392.181589
-1405.422446
-1503.152585
-1795.712484
-2288.776797
-2983.606557
-3668.978562
-3919.924338
-3549.810845
-3008.196721
-2933.795712
-3347.414880
-3738.965952
-3814.627995
-3622.320303
-3216.897856
-2654.476671
-2183.480454
-2028.373266
-2070.617907
-2006.935687
-1674.653216
-1129.886507
-515.132409
-33.417402
199.873897
339.848676
558.638083
802.017654
1011.979823
1282.471627
1644.388398
1944.514502
2040.353090
1996.216898
1940.100883
1865.699874
1803.278689
1829.760404
1905.422446
1914.249685
1779.319042
1502.522068
1131.778058
774.274905
540.983607
466.582598
431.904161
291.929382
64.312736
-172.131148
-337.957125
-405.422446
-393.442623
-333.543506
-229.508197
-103.404792
-15.762926
-8.196721
-39.092055
29.003783
267.969735
599.621690
865.069357
993.694830
1051.702396
1162.673392
1334.174023
1508.827238
1650.693569
1779.319042
1936.317781
2095.838588
2164.564943
2129.886507
2080.075662
2019.546028
1818.411097
1467.213115
1199.243380
1263.556116
1465.321564
1282.471627
598.360656
-224.464061
-772.383354
-951.450189
-956.494325
-1052.963430
-1337.326608
-1825.977301
-2510.088272
-3224.464061
-3612.862547
-3467.213115
-3005.674653
-2813.997478
-3174.653216
-3705.548550
-3932.534678
-3786.254729
-3440.100883
-2996.847415
-2517.654477
-2218.789407
-2217.528373
-2276.166456
-2100.882724
-1616.645649
-982.345523
-430.643127
-116.015132
50.441362
230.138714
467.843632
715.006305
973.518285
1329.760404
1709.331652
1924.968474
1975.409836
1970.996217
1982.976040
1985.498108
1991.803279
2045.397226
2109.079445
2112.232030
1990.542245
1735.182850
1378.940731
1038.461538
839.218159
764.186633
681.588903
506.305170
218.789407
-120.428752
-390.920555
-515.762926
-500.000000
-385.876419
-273.644388
-281.841110
-394.703657
-447.667087
-305.800757
-78.814628
109.079445
294.451450
519.546028
717.528373
844.262295
959.646910
1121.689786
1322.194199
1522.068096
1690.416141
1781.841110
1845.523329
1948.928121
2035.308953
2047.919294
2010.088272
1924.337957
1702.395965
1368.221942
1218.789407
1373.896595
1485.498108
1139.344262
425.598991
-204.287516
-542.244641
-700.504414
-871.374527
-1112.232030
-1450.189155
-1921.815889
-2532.786885
-3115.384615
-3385.876419
-3247.793190
-3013.871375
-3109.709962
-3498.108449
-3793.190416
-3785.624212
-3581.336696
-3311.475410
-3034.678436
-2765.447667
-2554.854981
-2380.201765
-2156.998739
-1831.651955
-1398.486759
-940.731400
-573.770492
-293.820933
46.658260
459.016393
809.583859
1024.590164
1158.259773
1304.539723
1488.020177
1745.901639
2046.027743
2251.576293
2259.142497
2119.167718
1974.148802
1945.145019
2074.401009
2257.881463
2274.905422
1989.911728
1517.023960
1098.991173
872.635561
800.756620
781.841110
667.087011
336.696091
-98.360656
-415.510719
-546.658260
-585.119798
-592.686003
-568.095839
-549.810845
-546.658260
-527.742749
-494.325347
-428.751576
-300.126103
-78.184111
157.629256
329.129887
514.501892
773.644388
1039.092055
1220.680958
1336.696091
1432.534678
1520.807062
1639.344262
1852.459016
2075.662043
2194.829760
2165.825977
1960.907945
1602.774275
1235.182850
1148.802018
1437.578815
1726.986129
1557.377049
911.727617
106.557377
-491.172762
-715.636822
-689.155107
-668.978562
-854.350567
-1307.061791
-2003.152585
-2768.600252
-3255.359395
-3266.708701
-2985.498108
-2877.679697
-3140.605296
-3537.831021
-3764.186633
-3701.765448
-3450.189155
-3137.452711
-2842.370744
-2638.083228
-2494.325347
-2305.800757
-1974.779319
-1506.935687
-1040.983607
-720.680958
-508.196721
-225.094578
224.464061
709.331652
1032.786885
1163.934426
1213.745271
1339.848676
1610.340479
1948.297604
2229.508197
2361.286255
2302.648172
2121.059269
1941.361917
1913.619168
2086.380832
2264.186633
2203.026482
1860.025221
1410.466583
1042.244641
836.696091
742.749054
634.930643
421.815889
115.384615
-212.484237
-474.148802
-665.825977
-770.491803
-813.366961
-867.591425
-923.707440
-923.707440
-800.756620
-643.127364
-580.075662
-617.276166
-592.055485
-389.029004
-35.308953
343.631778
639.974779
830.390921
957.755359
1091.424968
1237.704918
1396.595208
1613.493064
1882.093317
2119.167718
2218.789407
2179.697352
2124.211854
2015.762926
1781.841110
1515.762926
1447.667087
1654.476671
1864.438840
1694.829760
1085.119798
310.844893
-264.817150
-478.562421
-469.735183
-496.847415
-738.335435
-1207.440101
-1890.920555
-2645.018916
-3178.436318
-3255.989912
-3014.501892
-2903.530895
-3152.585120
-3538.461538
-3763.556116
-3711.853720
-3482.345523
-3203.656999
-2938.209332
-2730.138714
-2554.854981
-2337.957125
-2011.979823
-1568.095839
-1061.790668
-650.693569
-446.406053
-298.865069
5.674653
492.433796
952.711223
1264.186633
1462.799496
1584.489281
1662.042875
1773.013871
1993.064313
2263.556116
2426.860025
2393.442623
2249.054224
2103.404792
2020.807062
1988.020177
1924.337957
1754.098361
1506.935687
1247.162673
979.823455
682.219420
413.619168
213.745271
3.783102
-263.556116
-514.501892
-640.605296
-685.372005
-784.363178
-946.406053
-1044.766709
-1030.895334
-953.972257
-861.286255
-738.335435
-561.790668
-409.205549
-320.933165
-261.034048
-106.557377
208.701135
547.919294
785.624212
929.382093
1073.139975
1263.556116
1416.141236
1511.349306
1644.388398
1890.920555
2182.849937
2361.286255
2377.049180
2261.034048
1991.803279
1641.866330
1407.313997
1486.759142
1789.407314
1885.876419
1487.389660
732.660782
-7.566204
-489.281211
-706.179067
-763.556116
-824.716267
-1037.200504
-1494.325347
-2175.283733
-2829.760404
-3172.761665
-3142.496847
-3003.152585
-3049.180328
-3257.881463
-3377.049180
-3279.949559
-3097.099622
-2943.883985
-2829.129887
-2711.223203
-2537.831021
-2259.142497
-1872.635561
-1401.639344
-934.426230
-601.513241
-479.192938
-450.819672
-238.965952
277.427491
914.249685
1377.049180
1554.224464
1588.902900
1630.517024
1724.464061
1875.788146
2060.529634
2242.749054
2316.519546
2198.612863
1948.297604
1766.078184
1750.315259
1745.901639
1532.786885
1139.344262
790.037831
609.709962
488.650694
331.651955
87.641866
-222.572509
-540.983607
-811.475410
-971.626734
-987.389660
-918.663304
-925.598991
-1087.641866
-1292.559899
-1296.343001
-1060.529634
-784.363178
-636.822194
-576.923077
-505.044136
-416.771753
-295.081967
-101.513241
178.436318
457.124842
661.412358
803.278689
952.711223
1193.568726
1520.807062
1784.993695
1864.438840
1829.129887
1868.852459
2093.947037
2439.470366
2761.664565
2870.744010
2607.187894
2009.457755
1410.466583
1218.789407
1483.606557
1867.591425
1907.313997
1383.354351
501.891551
-333.543506
-844.892812
-1040.353090
-1054.854981
-1030.264817
-1149.432535
-1564.943253
-2237.704918
-2854.350567
-3139.344262
-3142.496847
-3112.232030
-3226.355612
-3392.812106
-3382.723834
-3149.432535
-2889.029004
-2778.058008
-2793.190416
-2788.146280
-2651.324086
-2319.672131
-1810.844893
-1179.697352
-588.272383
-245.271122
-175.914250
-145.018916
92.055485
592.055485
1150.693569
1530.895334
1718.158890
1851.828499
1997.477932
2111.601513
2157.629256
2146.279950
2091.424968
2003.152585
1883.984868
1796.343001
1772.383354
1725.725095
1498.738966
1029.003783
495.586381
165.825977
89.533417
66.834805
-80.075662
-346.784363
-639.344262
-930.012610
-1172.761665
-1320.302648
-1372.005044
-1343.631778
-1280.580076
-1284.993695
-1363.808323
-1381.462799
-1235.182850
-1022.698613
-889.659521
-800.756620
-629.886507
-368.221942
-132.408575
60.529634
271.752837
525.851198
793.190416
1053.593947
1301.387137
1535.308953
1784.363178
2037.831021
2199.243380
2240.226986
2320.302648
2493.064313
2643.127364
2692.307692
2725.094578
2821.563682
2840.479193
2568.095839
1982.976040
1394.703657
1135.561160
1258.511980
1450.189155
1319.672131
796.973518
125.472888
-455.863808
-933.795712
-1332.912989
-1567.465322
-1607.818411
-1653.215637
-1939.470366
-2457.755359
-2951.450189
-3204.287516
-3255.359395
-3320.933165
-3466.582598
-3514.501892
-3336.065574
-3014.501892
-2738.965952
-2581.967213
-2473.518285
-2310.844893
-2084.489281
-1786.254729
-1394.703657
-874.527112
-286.254729
190.416141
451.450189
612.232030
855.611602
1206.809584
1539.722573
1744.010088
1880.832282
2008.196721
2099.621690
2105.926860
2039.092055
1921.815889
1757.881463
1534.047919
1228.877680
943.253468
798.865069
794.451450
692.938209
320.302648
-189.785624
-600.252207
-815.889029
-934.426230
-1057.377049
-1222.572509
-1376.418663
-1497.477932
-1583.858764
-1673.392182
-1737.074401
-1723.203026
-1645.018916
-1553.593947
-1430.012610
-1179.697352
-812.736444
-466.582598
-269.861286
-175.283733
-15.762926
303.278689
734.552333
1129.255990
1428.751576
1652.585120
1808.953342
1906.683480
2000.630517
2147.540984
2325.346784
2445.145019
2465.321564
2458.385876
2476.670870
2534.047919
2563.682219
2476.670870
2279.949559
2069.356873
1950.189155
1941.992434
1996.216898
1980.453972
1687.894073
1073.139975
402.900378
59.899117
93.316520
189.785624
55.485498
-334.174023
-819.041614
-1259.142497
-1624.211854
-1895.334174
-2076.292560
-2175.914250
-2259.142497
-2436.317781
-2693.568726
-2825.977301
-2711.853720
-2532.786885
-2578.184111
-2813.997478
-2906.052963
-2642.496847
-2100.882724
-1551.702396
-1199.243380
-1049.810845
-993.694830
-918.032787
-752.206810
-441.992434
21.437579
544.136192
903.530895
984.867591
965.321564
1055.485498
1222.572509
1274.905422
1184.741488
1108.448928
1135.561160
1165.825977
1068.095839
850.567465
602.774275
353.089533
42.875158
-320.933165
-604.665826
-663.934426
-590.163934
-648.171501
-960.907945
-1360.655738
-1587.011349
-1585.750315
-1514.501892
-1496.216898
-1476.040353
-1399.117276
-1295.081967
-1197.982346
-1066.834805
-844.892812
-564.943253
-320.302648
-118.537201
86.380832
349.936948
677.805801
986.759142
1192.307692
1345.523329
1536.569987
1781.210593
1957.755359
2007.566204
2015.762926
2073.770492
2129.255990
2127.364439
2086.380832
2022.698613
1951.450189
1841.109710
1672.131148
1435.687264
1248.423707
1220.050441
1302.648172
1302.017654
1157.629256
985.498108
839.848676
701.134931
601.513241
625.472888
784.993695
918.663304
813.366961
419.924338
-88.902900
-375.788146
-295.712484
-43.505675
42.875158
-114.123581
-383.984868
-683.480454
-956.494325
-1148.171501
-1182.219420
-1114.754098
-1106.557377
-1247.162673
-1474.148802
-1614.123581
-1573.139975
-1457.755359
-1477.931904
-1680.327869
-1892.812106
-1885.876419
-1671.500631
-1394.703657
-1173.392182
-1057.377049
-1034.047919
-1088.902900
-1134.300126
-1073.139975
-858.133670
-599.621690
-426.860025
-370.744010
-352.459016
-264.186633
-163.934426
-156.998739
-272.383354
-383.354351
-373.896595
-309.583859
-291.298865
-311.475410
-300.126103
-303.278689
-435.056747
-677.805801
-859.394704
-803.278689
-556.116015
-356.242119
-331.651955
-398.486759
-385.245902
-271.752837
-130.517024
-38.461538
56.746532
241.488020
455.863808
607.187894
677.805801
745.901639
846.784363
931.904161
972.887768
1018.915511
1120.428752
1246.532156
1319.672131
1281.210593
1168.978562
1099.621690
1117.276166
1143.757881
1093.316520
1003.783102
936.317781
887.137453
808.322825
731.399748
700.504414
708.701135
684.741488
589.533417
453.972257
366.330391
397.225725
492.433796
571.878941
626.103405
692.307692
785.624212
858.133670
895.964691
947.667087
1052.332913
1190.416141
1333.543506
1519.546028
1720.050441
1807.692308
1631.147541
1225.725095
849.936948
767.969735
933.795712
1042.244641
887.137453
535.308953
156.368222
-196.721311
-568.726356
-923.076923
-1150.693569
-1283.102144
-1467.843632
-1825.977301
-2224.464061
-2429.382093
-2445.145019
-2489.281211
-2725.094578
-3042.244641
-3211.223203
-3132.408575
-2885.876419
-2605.296343
-2372.635561
-2235.813367
-2203.656999
-2193.568726
-2056.746532
-1713.745271
-1274.274905
-922.446406
-730.769231
-607.187894
-424.337957
-161.412358
102.774275
328.499369
486.759142
576.923077
598.991173
576.292560
585.750315
679.697352
836.696091
954.602774
913.619168
752.837327
613.493064
581.336696
604.665826
557.377049
447.036570
372.635561
368.852459
378.310214
325.346784
244.640605
187.263556
170.870113
152.585120
119.798235
125.472888
203.656999
277.427491
239.596469
150.693569
133.039092
266.708701
441.361917
557.377049
610.340479
627.364439
600.252207
528.373266
523.329130
673.392182
909.205549
1081.336696
1072.509458
970.365700
927.490542
1000.000000
1131.778058
1213.745271
1240.857503
1247.162673
1279.949559
1307.061791
1315.258512
1317.150063
1325.346784
1295.712484
1235.813367
1170.239596
1142.496847
1146.910467
1151.954603
1145.649433
1112.862547
1039.722573
916.141236
835.435057
844.892812
849.306431
676.544767
254.728878
-255.359395
-593.316520
-653.215637
-618.537201
-707.440101
-959.646910
-1268.600252
-1551.071879
-1796.973518
-2031.525851
-2191.677175
-2218.158890
-2232.030265
-2351.828499
-2533.417402
-2574.401009
-2418.032787
-2245.901639
-2250.945776
-2392.181589
-2452.711223
-2267.969735
-1888.398487
-1485.498108
-1168.978562
-950.189155
-799.495586
-702.395965
-614.754098
-465.321564
-200.504414
78.184111
247.162673
290.668348
281.210593
326.607818
435.056747
542.875158
594.577554
554.854981
456.494325
331.021438
222.572509
174.653216
195.460277
219.419924
157.629256
14.501892
-109.709962
-127.364439
-49.180328
29.634300
30.264817
-8.196721
-10.088272
40.983607
122.320303
224.464061
389.659521
600.252207
759.773014
788.776797
738.335435
749.684741
859.394704
998.738966
1062.421185
1094.577554
1161.412358
1249.054224
1304.539723
1247.793190
1113.493064
1019.546028
997.477932
1013.871375
1023.959647
1012.610340
985.498108
907.944515
765.447667
583.858764
444.514502
388.398487
411.097100
426.229508
380.201765
276.796974
175.914250
121.059269
85.119798
73.139975
76.923077
117.276166
131.778058
107.818411
97.099622
150.063052
239.596469
292.559899
315.889029
347.414880
410.466583
464.060530
484.867591
537.831021
662.673392
765.447667
651.324086
276.166456
-131.147541
-278.688525
-191.677175
-104.665826
-184.110971
-363.177806
-507.566204
-658.259773
-890.290038
-1185.372005
-1407.944515
-1484.867591
-1541.614124
-1704.918033
-1914.880202
-2001.261034
-1938.839849
-1890.290038
-1987.389660
-2159.520807
-2192.307692
-2012.610340
-1731.399748
-1487.389660
-1310.214376
-1152.585120
-969.735183
-810.214376
-689.155107
-539.722573
-327.238335
-121.059269
-10.088272
27.742749
99.621690
286.885246
521.437579
650.063052
629.255990
571.878941
566.204288
602.774275
597.730139
559.899117
547.288777
557.377049
533.417402
461.538462
444.514502
525.851198
626.103405
634.300126
507.566204
362.547289
302.017654
320.933165
360.025221
380.832282
404.791929
438.839849
450.819672
419.293821
372.635561
354.981084
377.049180
400.378310
374.527112
329.760404
346.784363
415.510719
449.558638
402.900378
318.411097
246.532156
216.267339
234.552333
309.583859
401.008827
458.385876
470.996217
440.100883
394.703657
376.418663
419.293821
482.345523
513.240858
510.088272
525.851198
569.987390
551.702396
505.044136
503.783102
549.810845
605.926860
631.147541
607.818411
549.180328
475.409836
435.056747
406.683480
363.808323
340.479193
357.503153
359.394704
268.600252
132.408575
57.377049
81.967213
143.757881
172.131148
97.099622
-114.754098
-397.856242
-611.601513
-660.781841
-589.533417
-512.610340
-517.654477
-631.778058
-811.475410
-954.602774
-1009.457755
-998.108449
-984.237074
-1002.522068
-1078.184111
-1199.243380
-1286.885246
-1223.203026
-1073.770492
-987.389660
-1054.854981
-1177.175284
-1186.002522
-1025.851198
-762.295082
-503.152585
-329.129887
-258.511980
-262.925599
-279.319042
-221.311475
-110.340479
-10.088272
36.569987
2.522068
-88.902900
-125.472888
-51.702396
40.983607
59.268600
8.827238
-51.702396
-105.926860
-150.063052
-159.520807
-124.842371
-84.489281
-97.730139
-155.737705
-203.656999
-193.568726
-89.533417
56.116015
141.235813
129.255990
93.316520
124.842371
207.440101
320.933165
442.622951
550.441362
587.641866
556.746532
530.264817
556.116015
620.428752
649.432535
630.517024
580.075662
582.597730
684.110971
780.580076
774.905422
667.717528
568.095839
513.871375
477.301387
443.883985
442.622951
476.040353
503.152585
506.305170
455.233291
374.527112
338.587642
348.675914
360.025221
339.848676
308.322825
303.278689
315.258512
308.322825
296.343001
288.776797
279.949559
272.383354
259.773014
254.728878
260.403531
278.058008
278.058008
265.447667
279.319042
330.390921
368.221942
337.326608
267.339218
240.857503
267.969735
292.559899
280.580076
293.190416
360.655738
445.775536
435.056747
251.576293
-14.501892
-211.223203
-237.704918
-189.155107
-195.460277
-280.580076
-398.486759
-507.566204
-612.862547
-697.982346
-783.732661
-860.655738
-956.494325
-1088.902900
-1224.464061
-1305.170240
-1285.624212
-1222.572509
-1209.331652
-1279.319042
-1380.832282
-1412.358134
-1361.286255
-1246.532156
-1114.754098
-979.192938
-848.675914
-783.102144
-784.993695
-795.712484
-738.965952
-621.689786
-527.112232
-496.216898
-452.080706
-354.350567
-179.697352
-14.501892
42.875158
29.003783
49.810845
160.781841
262.925599
243.379571
179.066835
177.805801
265.447667
368.221942
434.426230
494.325347
546.658260
556.746532
498.738966
420.554855
410.466583
503.783102
650.063052
722.572509
684.110971
636.822194
635.561160
633.039092
593.947037
568.095839
605.926860
671.500631
680.958386
630.517024
568.726356
524.590164
509.457755
458.385876
354.350567
274.274905
266.708701
313.997478
325.346784
273.644388
218.158890
200.504414
175.914250
129.255990
131.147541
190.416141
235.182850
201.134931
110.340479
51.702396
105.926860
223.833544
291.298865
288.776797
267.339218
244.010088
230.769231
254.728878
344.262295
499.369483
622.320303
619.167718
511.349306
403.530895
401.639344
473.518285
538.461538
578.814628
602.143758
629.886507
614.754098
532.156368
433.795712
378.940731
378.940731
396.595208
390.920555
308.322825
122.320303
-126.733922
-372.635561
-540.983607
-627.364439
-675.914250
-756.620429
-868.221942
-991.172762
-1116.015132
-1227.616646
-1322.824716
-1397.225725
-1452.080706
-1494.955864
-1546.027743
-1560.529634
-1517.654477
-1428.751576
-1350.567465
-1341.109710
-1353.720050
-1293.190416
-1153.215637
-977.931904
-792.559899
-634.300126
-516.393443
-426.229508
-378.940731
-319.041614
-216.897856
-64.943253
97.730139
208.070618
257.881463
287.515763
364.438840
488.020177
595.208071
614.754098
567.465322
496.847415
410.466583
338.587642
306.431274
295.081967
291.298865
314.627995
292.559899
197.982346
81.967213
11.979823
15.762926
30.264817
43.505675
73.770492
121.689786
143.757881
128.625473
95.208071
93.316520
155.107188
286.885246
419.293821
431.273644
362.547289
303.909206
319.041614
373.266078
465.952081
574.401009
637.452711
637.452711
591.424968
573.770492
614.123581
704.287516
805.800757
822.194199
737.074401
668.348045
656.368222
658.259773
648.171501
646.910467
682.219420
688.524590
617.276166
481.715006
370.744010
339.218159
327.868852
305.800757
249.054224
228.247163
242.749054
229.508197
135.561160
31.525851
-17.023960
-33.417402
-39.722573
-48.549811
-6.305170
51.071879
35.939470
-69.356873
-188.524590
-218.158890
-175.283733
-154.476671
-176.544767
-179.066835
-126.733922
-71.248424
-59.268600
-97.730139
-126.733922
-154.476671
-238.335435
-388.398487
-494.325347
-482.345523
-416.141236
-424.968474
-537.831021
-651.954603
-694.199243
-668.978562
-692.307692
-788.146280
-883.354351
-925.598991
-966.582598
-1044.136192
-1101.513241
-1074.401009
-998.108449
-978.562421
-1032.156368
-1107.818411
-1109.079445
-1053.593947
-1015.132409
-1000.630517
-967.843632
-882.723834
-771.752837
-701.134931
-664.564943
-574.401009
-419.924338
-273.013871
-180.958386
-68.095839
92.055485
257.250946
332.282472
307.692308
295.081967
383.354351
557.377049
708.701135
772.383354
764.186633
729.508197
692.307692
687.263556
769.861286
930.643127
1060.529634
1095.838588
1008.196721
883.984868
860.655738
912.358134
962.168979
955.233291
908.575032
861.916772
802.017654
697.982346
601.513241
550.441362
521.437579
460.907945
354.350567
230.138714
127.364439
68.726356
35.939470
5.674653
-19.546028
-24.590164
-6.935687
13.240858
10.718789
18.915511
47.288777
32.786885
7.566204
28.373266
93.947037
146.910467
186.633039
231.399748
296.973518
382.723834
458.385876
469.104666
406.052963
365.699874
389.029004
436.317781
449.558638
462.168979
499.369483
521.437579
484.867591
409.836066
332.912989
274.905422
204.918033
98.991173
-11.979823
-131.147541
-259.773014
-363.808323
-456.494325
-541.614124
-601.513241
-691.677175
-828.499369
-945.145019
-987.389660
-976.040353
-981.715006
-1006.305170
-1010.718789
-984.237074
-974.779319
-1036.569987
-1142.496847
-1208.701135
-1159.520807
-1045.397226
-959.016393
-898.486759
-824.716267
-709.962169
-605.926860
-550.441362
-508.827238
-466.582598
-418.032787
-373.266078
-337.957125
-259.142497
-137.452711
-11.349306
78.814628
113.493064
129.255990
164.564943
212.484237
244.640605
276.796974
329.760404
389.029004
404.791929
392.181589
370.113493
365.699874
361.916772
332.912989
287.515763
268.600252
320.302648
396.595208
397.856242
305.800757
227.616646
228.247163
272.383354
281.841110
278.688525
288.776797
331.651955
383.354351
386.506936
358.133670
347.414880
369.482976
404.161412
430.012610
445.145019
494.955864
536.569987
517.654477
479.823455
455.233291
454.602774
464.691047
454.602774
431.904161
426.229508
424.337957
404.791929
372.635561
337.957125
290.037831
227.616646
147.540984
66.834805
26.481715
25.220681
17.023960
-6.935687
-11.349306
-34.047919
-88.272383
-151.954603
-220.680958
-267.339218
-291.298865
-293.190416
-288.776797
-255.989912
-194.829760
-156.368222
-174.022699
-225.725095
-263.556116
-282.471627
-269.861286
-253.467844
-213.114754
-149.432535
-105.926860
-82.597730
-64.943253
-31.525851
-8.827238
-25.220681
-88.902900
-146.910467
-119.167718
-27.742749
61.160151
97.099622
67.465322
-2.522068
-80.075662
-129.886507
-121.059269
-80.075662
-59.899117
-76.923077
-121.689786
-159.520807
-158.890290
-137.452711
-146.910467
-187.894073
-228.247163
-263.556116
-286.254729
-317.780580
-344.262295
-360.025221
-365.699874
-341.740227
-302.648172
-266.078184
-255.359395
-267.339218
-325.346784
-375.788146
-386.506936
-329.129887
-245.271122
-191.677175
-162.042875
-145.649433
-155.737705
-203.026482
-230.769231
-231.399748
-208.070618
-132.408575
-34.047919
52.332913
113.493064
155.737705
177.175284
184.110971
196.721311
228.877680
254.728878
228.247163
204.287516
222.572509
280.580076
316.519546
305.800757
246.532156
184.110971
184.110971
229.508197
250.315259
230.769231
204.287516
168.978562
136.822194
86.380832
42.875158
64.943253
123.581337
167.717528
179.066835
159.520807
146.279950
148.171501
160.151324
152.585120
126.733922
120.428752
133.669609
149.432535
185.372005
240.857503
297.604035
314.627995
271.752837
236.443884
219.419924
223.833544
270.491803
347.414880
433.795712
493.694830
462.799496
333.543506
197.351828
158.259773
217.528373
279.949559
293.190416
279.949559
250.315259
202.395965
143.757881
77.553594
33.417402
10.088272
-8.827238
-73.770492
-151.954603
-189.785624
-158.259773
-114.123581
-119.167718
-136.191677
-164.564943
-215.006305
-285.624212
-345.523329
-365.699874
-372.635561
-365.699874
-344.262295
-329.760404
-324.716267
-302.017654
-291.929382
-335.435057
-384.615385
-385.876419
-366.330391
-344.262295
-331.021438
-296.973518
-254.098361
-242.118537
-250.315259
-298.234552
-369.482976
-402.900378
-346.784363
-270.491803
-254.728878
-274.274905
-287.515763
-293.820933
-306.431274
-325.346784
-334.804540
-357.503153
-391.551072
-411.097100
-414.249685
-377.049180
-275.535939
-170.870113
-127.364439
-150.693569
-198.612863
-204.287516
-191.677175
-175.914250
-116.645649
-15.132409
69.987390
114.754098
134.930643
183.480454
271.752837
364.438840
427.490542
455.863808
462.168979
474.779319
497.477932
503.152585
531.525851
583.858764
654.476671
684.741488
653.846154
597.099622
555.485498
546.658260
568.726356
593.947037
582.597730
534.047919
451.450189
372.635561
294.451450
232.660782
197.351828
197.351828
206.179067
182.849937
121.059269
42.875158
-30.895334
-111.601513
-160.151324
-163.934426
-122.320303
-85.119798
-96.469105
-131.778058
-158.890290
-145.018916
-108.448928
-95.838588
-109.709962
-114.123581
-83.858764
-73.770492
-104.665826
-124.211854
-93.316520
-49.810845
-23.959647
-11.349306
-13.240858
2.522068
12.610340
2.522068
-25.220681
-57.377049
-60.529634
-41.614124
-22.698613
-31.525851
-42.875158
-63.682219
-110.970996
-166.456494
-201.134931
-209.962169
-221.311475
-244.010088
-262.295082
-274.905422
-276.796974
-263.556116
-267.339218
-313.366961
-383.984868
-402.269861
-348.045397
-296.343001
-296.973518
-328.499369
-351.197982
-378.310214
-390.290038
-366.330391
-325.346784
-267.339218
-212.484237
-194.829760
-192.938209
-158.890290
-73.770492
15.762926
69.356873
73.139975
77.553594
94.577554
104.035309
129.886507
180.958386
221.311475
254.098361
286.254729
326.607818
368.221942
398.486759
395.334174
359.394704
327.868852
313.366961
344.262295
414.249685
462.168979
459.646910
441.361917
407.313997
378.310214
358.764187
326.607818
264.817150
199.873897
158.259773
135.561160
104.035309
69.356873
64.943253
53.593947
0.630517
-78.814628
-138.083228
-143.757881
-132.408575
-139.344262
-170.870113
-206.179067
-220.680958
-227.616646
-259.142497
-298.865069
-306.431274
-261.034048
-192.938209
-155.737705
-156.368222
-203.026482
-269.230769
-290.668348
-240.226986
-143.127364
-20.176545
49.810845
19.546028
-88.272383
-175.283733
-170.239596
-108.448928
-51.071879
-40.983607
-58.007566
-73.139975
-60.529634
-40.353090
-24.590164
11.349306
68.095839
83.228247
59.899117
22.068096
0.000000
27.742749
59.268600
51.071879
32.786885
53.593947
82.597730
83.858764
64.943253
71.248424
87.011349
78.184111
52.332913
0.630517
-35.308953
-13.240858
42.244641
72.509458
99.621690
124.211854
112.862547
79.445145
51.071879
48.549811
48.549811
47.919294
57.377049
84.489281
119.167718
136.822194
117.276166
58.638083
22.698613
31.525851
73.139975
88.272383
76.923077
67.465322
56.116015
59.899117
81.336696
106.557377
104.665826
72.509458
38.461538
5.044136
-23.329130
-20.176545
8.196721
24.590164
42.244641
48.549811
34.678436
3.783102
-14.501892
-27.742749
-38.461538
-34.678436
-38.461538
-23.329130
11.979823
27.112232
7.566204
-36.569987
-86.380832
-97.730139
-102.143758
-112.232030
-100.882724
-78.184111
-40.983607
-23.959647
-26.481715
-48.549811
-92.055485
-123.581337
-167.087011
-203.656999
-204.918033
-185.372005
-158.259773
-129.255990
-122.320303
-117.276166
-122.950820
-162.673392
-209.331652
-238.335435
-243.379571
-233.921816
-254.098361
-287.515763
-290.037831
-247.793190
-177.805801
-128.625473
-96.469105
-59.899117
2.522068
38.461538
25.851198
33.417402
59.899117
73.770492
72.509458
79.445145
118.537201
170.870113
228.877680
257.250946
254.728878
262.925599
295.712484
324.085750
300.756620
259.142497
239.596469
241.488020
252.206810
293.190416
361.286255
413.619168
402.900378
339.848676
240.857503
151.954603
134.300126
165.825977
184.741488
148.802018
91.424968
36.569987
-19.546028
-73.139975
-106.557377
-109.709962
-118.537201
-105.926860
-62.421185
-36.569987
-71.248424
-130.517024
-181.588903
-224.464061
-232.660782
-196.721311
-158.890290
-178.436318
-208.701135
-210.592686
-175.914250
-119.167718
-51.702396
7.566204
20.176545
5.674653
-8.196721
-35.308953
-48.549811
-13.871375
70.617907
124.211854
100.882724
63.051702
78.814628
112.862547
133.039092
124.842371
76.923077
21.437579
-2.522068
3.783102
18.284994
39.722573
79.445145
98.360656
39.092055
-66.204288
-121.059269
-124.842371
-140.605296
-163.303909
-189.155107
-196.090794
-187.263556
-136.191677
-70.617907
-63.682219
-91.424968
-150.693569
-254.098361
-340.479193
-356.872636
-310.844893
-281.210593
-281.210593
-257.881463
-199.243380
-155.107188
-143.757881
-167.717528
-201.134931
-204.918033
-153.846154
-62.421185
14.501892
71.878941
102.774275
94.577554
46.658260
15.132409
75.662043
175.283733
217.528373
220.050441
218.789407
228.877680
266.708701
309.583859
314.627995
258.511980
197.982346
180.958386
186.633039
205.548550
253.467844
307.061791
319.672131
291.929382
267.969735
232.030265
163.934426
77.553594
-4.413619
-52.332913
-62.421185
-35.939470
8.827238
39.092055
44.766709
20.807062
-44.136192
-114.123581
-142.496847
-110.970996
-81.967213
-66.204288
-60.529634
-58.007566
-37.831021
-4.413619
17.654477
9.457755
-22.698613
-42.875158
-30.895334
1.891551
53.593947
113.493064
180.958386
237.074401
252.837327
206.179067
116.645649
33.417402
34.678436
81.336696
114.123581
132.408575
134.930643
128.625473
99.621690
34.047919
-45.397226
-117.906683
-150.693569
-130.517024
-100.252207
-101.513241
-97.730139
-110.340479
-175.283733
-252.837327
-299.495586
-294.451450
-276.166456
-259.142497
-218.158890
-167.087011
-136.191677
-134.300126
-134.930643
-153.846154
-170.870113
-158.890290
-158.259773
-158.259773
-146.910467
-77.553594
18.915511
61.790668
47.919294
-4.413619
-78.184111
-108.448928
-119.167718
-114.754098
-90.163934
-49.810845
-11.979823
-18.915511
-71.878941
-111.601513
-96.469105
-73.139975
-51.071879
-16.393443
28.373266
34.678436
0.000000
-44.136192
-69.987390
-58.007566
-13.240858
33.417402
52.963430
74.401009
93.947037
97.730139
68.726356
63.051702
96.469105
128.625473
143.127364
160.151324
204.287516
240.226986
268.600252
277.427491
252.206810
217.528373
245.901639
334.174023
411.727617
426.860025
380.832282
280.580076
146.279950
47.288777
56.116015
126.103405
195.460277
246.532156
256.620429
188.524590
77.553594
15.132409
3.783102
-34.047919
-62.421185
-59.899117
-63.051702
-105.296343
-146.279950
-138.083228
-121.689786
-103.404792
-80.706179
-74.401009
-117.276166
-164.564943
-186.633039
-218.789407
-283.102144
-312.105927
-276.166456
-241.488020
-211.853720
-167.717528
-134.930643
-137.452711
-156.998739
-138.083228
-123.581337
-147.540984
-141.866330
-90.794451
-76.923077
-86.380832
-83.858764
-80.075662
-91.424968
-85.750315
9.457755
111.601513
134.930643
141.866330
158.259773
116.015132
29.003783
-25.220681
-47.919294
-73.139975
-64.943253
-8.827238
24.590164
-7.566204
-6.935687
23.329130
-5.674653
-94.577554
-162.042875
-179.066835
-191.677175
-191.046658
-155.737705
-140.605296
-168.348045
-213.114754
-218.158890
-207.440101
-175.914250
-83.228247
-5.044136
11.979823
2.522068
34.047919
55.485498
38.461538
61.790668
146.910467
213.745271
227.616646
242.749054
283.102144
329.760404
378.940731
406.683480
401.008827
370.744010
342.370744
338.587642
305.800757
281.210593
311.475410
365.699874
388.398487
353.720050
296.343001
226.986129
136.822194
63.682219
39.092055
23.959647
-11.349306
-41.614124
-63.682219
-111.601513
-160.781841
-180.327869
-198.612863
-233.921816
-245.271122
-242.118537
-264.186633
-324.085750
-374.527112
-383.354351
-353.089533
-286.885246
-219.419924
-166.456494
-124.842371
-91.424968
-71.878941
-100.252207
-152.585120
-145.649433
-99.621690
-45.397226
13.240858
80.075662
145.018916
172.131148
164.564943
152.585120
137.452711
119.167718
109.709962
109.709962
110.340479
102.143758
83.858764
62.421185
47.288777
52.963430
55.485498
31.525851
-2.522068
-13.871375
-11.979823
-55.485498
-139.974779
-220.050441
-265.447667
-282.471627
-275.535939
-264.817150
-246.532156
-203.026482
-166.456494
-142.496847
-126.733922
-118.537201
-109.709962
-109.079445
-110.340479
-90.794451
-32.786885
11.349306
35.939470
64.312736
89.533417
114.754098
140.605296
148.171501
145.018916
150.063052
160.151324
155.107188
146.279950
145.018916
154.476671
169.609079
167.087011
143.127364
134.930643
152.585120
170.870113
179.697352
143.757881
100.882724
68.726356
32.156368
-10.088272
-46.027743
-58.007566
-31.525851
-13.871375
-33.417402
-35.308953
-13.871375
-2.522068
-47.288777
-101.513241
-111.601513
-106.557377
-89.533417
-74.401009
-63.051702
-44.766709
-16.393443
-16.393443
-26.481715
1.891551
44.766709
80.706179
80.706179
46.658260
35.308953
48.549811
44.136192
34.678436
59.899117
87.011349
107.187894
102.143758
75.031526
40.983607
6.935687
-23.959647
-33.417402
-5.044136
35.939470
73.139975
61.790668
14.501892
-32.156368
-49.810845
-47.919294
-36.569987
-17.654477
-11.349306
-35.308953
-84.489281
-139.344262
-169.609079
-167.717528
-134.930643
-88.902900
-62.421185
-61.160151
-74.401009
-98.360656
-106.557377
-81.336696
-27.742749
33.417402
44.766709
25.851198
6.305170
-13.240858
-34.047919
-34.678436
8.827238
87.641866
152.585120
192.938209
206.809584
194.199243
167.087011
119.167718
41.614124
-22.698613
-32.786885
16.393443
81.336696
119.167718
135.561160
104.035309
46.027743
-32.786885
-88.902900
-99.621690
-69.356873
-31.525851
-41.614124
-78.184111
-121.059269
-158.890290
-201.765448
-230.769231
-204.287516
-138.083228
-83.858764
-63.051702
-76.292560
-107.187894
-129.886507
-134.300126
-141.866330
-134.300126
-99.621690
-57.377049
-46.027743
-36.569987
1.891551
51.702396
88.272383
98.360656
97.099622
96.469105
102.774275
125.472888
146.910467
141.235813
124.842371
113.493064
97.099622
88.902900
100.252207
135.561160
147.540984
144.388398
132.408575
120.428752
92.055485
54.854981
38.461538
13.240858
-29.634300
-63.051702
-46.027743
-35.308953
-36.569987
-25.851198
-33.417402
-59.268600
-65.573770
-49.180328
-54.224464
-79.445145
-83.228247
-65.573770
-59.899117
-84.489281
-93.947037
-68.726356
-43.505675
-32.786885
3.152585
39.092055
54.854981
78.814628
71.248424
39.722573
11.349306
17.023960
23.329130
1.261034
1.891551
56.116015
110.970996
110.340479
80.706179
68.726356
47.919294
21.437579
11.349306
22.068096
32.786885
59.268600
69.356873
17.023960
-47.919294
-62.421185
-51.071879
-65.573770
-100.252207
-99.621690
-34.047919
0.000000
-11.349306
-56.116015
-93.316520
-118.537201
-131.147541
-116.645649
-110.340479
-94.577554
-49.810845
-14.501892
-29.003783
-37.831021
-17.023960
-22.698613
-56.746532
-59.899117
-38.461538
-23.959647
-11.979823
17.654477
22.068096
2.522068
1.891551
18.915511
15.762926
-10.088272
8.196721
27.112232
17.023960
15.762926
45.397226
81.336696
98.991173
92.686003
64.312736
23.959647
10.088272
59.268600
87.011349
83.858764
99.621690
121.059269
110.340479
56.116015
25.220681
23.329130
27.112232
45.397226
66.834805
52.963430
11.349306
-1.891551
2.522068
10.718789
22.698613
47.919294
51.702396
11.979823
-37.831021
-61.160151
-59.899117
-43.505675
-9.457755
52.332913
55.485498
20.807062
3.152585
-20.807062
-47.288777
-56.746532
-22.698613
0.630517
-12.610340
3.152585
51.071879
73.770492
59.899117
38.461538
10.718789
-34.678436
-49.180328
-9.457755
14.501892
5.674653
20.807062
39.092055
-3.152585
-81.336696
-92.055485
-52.332913
-46.027743
-59.268600
-39.722573
-48.549811
-87.641866
-119.798235
-129.886507
-122.950820
-108.448928
-73.139975
-52.963430
-56.746532
-35.939470
3.152585
4.413619
-31.525851
-22.698613
11.349306
-11.349306
-51.702396
-27.742749
34.678436
51.071879
36.569987
37.831021
48.549811
49.180328
49.810845
68.095839
85.750315
71.248424
41.614124
2.522068
-49.180328
-71.878941
-28.373266
-11.349306
-25.851198
-15.762926
-8.196721
-11.349306
-21.437579
-22.068096
-10.718789
-48.549811
-101.513241
-125.472888
-141.235813
-147.540984
-106.557377
-37.831021
-11.979823
-22.698613
-20.807062
-4.413619
-17.654477
-16.393443
10.718789
12.610340
-6.305170
-24.590164
-19.546028
-7.566204
8.827238
61.160151
98.991173
86.380832
76.292560
91.424968
112.862547
126.733922
135.561160
127.994956
106.557377
66.204288
27.112232
17.654477
46.027743
98.360656
146.279950
168.978562
141.866330
106.557377
73.770492
39.092055
11.349306
-1.261034
8.827238
25.220681
18.284994
2.522068
-2.522068
-20.807062
-30.264817
-18.284994
-11.979823
-11.349306
-25.851198
-32.156368
-22.698613
-39.092055
-49.180328
-21.437579
-9.457755
-19.546028
-25.851198
-18.284994
-8.196721
11.349306
35.939470
36.569987
35.939470
39.092055
51.071879
32.786885
0.630517
9.457755
57.377049
75.031526
71.878941
74.401009
83.858764
80.706179
35.939470
8.196721
-8.827238
-32.786885
-27.742749
-22.698613
-31.525851
-48.549811
-47.288777
-54.224464
-104.035309
-156.368222
-160.151324
-145.649433
-146.279950
-136.822194
-132.408575
-146.279950
-174.653216
-182.219420
-186.002522
-201.134931
-184.741488
-118.537201
-71.878941
-83.228247
-78.814628
-54.854981
-56.746532
-87.641866
-111.601513
-85.119798
-26.481715
39.722573
87.641866
89.533417
64.943253
63.682219
82.597730
71.878941
65.573770
131.778058
196.090794
165.195460
103.404792
75.031526
80.075662
104.035309
126.103405
136.822194
121.059269
93.947037
83.228247
31.525851
-48.549811
-51.071879
23.329130
52.332913
17.023960
7.566204
22.068096
6.935687
-25.851198
-50.441362
-56.746532
-47.919294
-27.112232
-11.979823
-29.634300
-32.786885
29.634300
75.031526
40.353090
-1.891551
14.501892
22.698613
-3.152585
-6.935687
31.525851
73.770492
92.686003
108.448928
109.079445
94.577554
97.099622
121.689786
116.645649
88.902900
86.380832
110.340479
90.794451
40.983607
44.766709
69.987390
63.051702
45.397226
15.132409
-17.654477
-34.678436
-37.200504
-37.831021
-68.095839
-97.099622
-88.272383
-86.380832
-129.886507
-175.283733
-166.456494
-145.018916
-147.540984
-139.344262
-116.645649
-89.533417
-74.401009
-83.858764
-127.994956
-168.978562
-163.303909
-147.540984
-142.496847
-122.950820
-69.987390
6.935687
37.200504
23.959647
24.590164
34.678436
27.742749
2.522068
1.891551
28.373266
49.180328
52.963430
40.983607
24.590164
29.003783
54.224464
72.509458
72.509458
77.553594
90.163934
84.489281
41.614124
-6.305170
-33.417402
-37.831021
-37.200504
-55.485498
-57.377049
-25.220681
1.891551
-16.393443
-47.288777
-61.790668
-42.244641
-10.718789
0.000000
-3.152585
-14.501892
-30.264817
-45.397226
-57.377049
-54.224464
-0.630517
88.902900
124.842371
108.448928
116.015132
122.320303
105.926860
78.814628
82.597730
114.123581
145.018916
180.327869
173.392182
129.886507
99.621690
99.621690
109.709962
81.336696
58.007566
72.509458
92.686003
63.051702
24.590164
12.610340
0.630517
-32.786885
-76.923077
-104.035309
-122.950820
-115.384615
-86.380832
-80.075662
-106.557377
-129.255990
-114.754098
-120.428752
-147.540984
-139.344262
-107.187894
-95.838588
-97.099622
-78.814628
-64.312736
-51.702396
-35.308953
-11.979823
-18.284994
-34.678436
3.783102
52.963430
61.790668
59.899117
80.706179
107.187894
103.404792
100.252207
117.906683
122.950820
110.970996
95.208071
71.248424
28.373266
0.000000
34.047919
63.682219
42.875158
26.481715
37.831021
11.349306
-44.766709
-74.401009
-81.336696
-83.228247
-95.838588
-91.424968
-114.754098
-161.412358
-161.412358
-129.886507
-107.187894
-88.272383
-54.854981
-18.915511
-37.831021
-73.139975
-94.577554
-87.011349
-68.095839
-49.180328
-13.871375
13.871375
27.742749
51.071879
73.139975
73.770492
71.248424
102.774275
135.561160
131.147541
119.798235
131.778058
124.842371
92.055485
70.617907
49.810845
54.854981
69.987390
100.882724
112.232030
86.380832
59.268600
42.244641
10.088272
-35.939470
-63.051702
-75.031526
-88.902900
-102.774275
-108.448928
-114.754098
-122.950820
-118.537201
-99.621690
-83.228247
-87.011349
-98.991173
-119.798235
-150.063052
-160.781841
-146.279950
-106.557377
-46.658260
6.305170
25.220681
5.674653
-11.349306
-13.240858
-8.827238
22.698613
44.766709
81.336696
125.472888
146.279950
140.605296
131.778058
135.561160
131.778058
136.822194
126.103405
126.733922
131.778058
114.754098
97.730139
85.750315
85.119798
98.991173
98.991173
54.854981
3.152585
-42.875158
-49.810845
-56.746532
-62.421185
-58.638083
-67.465322
-73.770492
-76.292560
-88.902900
-98.360656
-92.055485
-68.726356
-60.529634
-61.790668
-75.662043
-75.031526
-75.662043
-85.750315
-85.750315
-73.139975
-25.851198
-0.630517
-0.630517
11.349306
51.071879
88.272383
97.099622
98.360656
94.577554
82.597730
66.834805
34.047919
9.457755
22.698613
72.509458
104.665826
109.709962
110.340479
107.818411
85.119798
47.288777
23.329130
-6.305170
-52.332913
-77.553594
-97.099622
-107.187894
-119.798235
-114.754098
-100.882724
-97.099622
-97.099622
-97.730139
-97.099622
-108.448928
-99.621690
-104.665826
-129.255990
-134.300126
-104.665826
-83.228247
-78.814628
-72.509458
-43.505675
-1.261034
17.654477
43.505675
59.268600
75.662043
80.075662
73.139975
62.421185
65.573770
88.902900
110.970996
122.320303
122.320303
121.059269
122.320303
109.709962
96.469105
97.730139
95.838588
78.184111
73.770492
78.814628
65.573770
45.397226
24.590164
11.979823
-0.630517
-31.525851
-59.268600
-60.529634
-47.288777
-35.308953
-38.461538
-47.919294
-48.549811
-53.593947
-73.139975
-84.489281
-72.509458
-41.614124
-22.068096
-29.634300
-43.505675
-52.332913
-30.895334
-11.349306
-5.044136
6.935687
27.742749
46.658260
49.180328
40.983607
39.722573
60.529634
71.248424
61.790668
30.264817
0.630517
9.457755
35.939470
28.373266
10.718789
20.176545
38.461538
27.112232
-14.501892
-50.441362
-73.139975
-63.051702
-60.529634
-77.553594
-83.858764
-66.204288
-59.899117
-85.750315
-120.428752
-146.910467
-129.255990
-107.818411
-110.970996
-107.818411
-82.597730
-45.397226
-42.244641
-66.834805
-83.228247
-61.790668
-23.329130
-1.261034
1.261034
-1.261034
30.264817
70.617907
67.465322
60.529634
76.292560
104.665826
110.340479
101.513241
87.641866
92.686003
119.167718
134.930643
122.950820
87.641866
69.987390
88.902900
95.208071
69.356873
63.051702
74.401009
68.726356
40.353090
3.152585
-12.610340
-12.610340
-10.718789
-19.546028
-42.875158
-49.180328
-33.417402
-27.742749
-54.224464
-75.031526
-64.312736
-51.071879
-73.139975
-85.750315
-63.682219
-27.112232
-11.349306
-11.979823
-11.979823
-6.305170
6.935687
22.068096
25.220681
11.979823
18.284994
51.702396
61.790668
50.441362
70.617907
108.448928
105.926860
83.228247
70.617907
60.529634
61.160151
61.160151
61.160151
60.529634
61.790668
54.224464
30.264817
-5.674653
-25.220681
-17.023960
-11.349306
-42.244641
-61.790668
-49.180328
-49.180328
-76.923077
-102.143758
-98.991173
-95.838588
-102.774275
-111.601513
-120.428752
-121.059269
-102.143758
-79.445145
-75.031526
-88.902900
-87.011349
-68.095839
-67.465322
-76.292560
-49.810845
-7.566204
20.807062
25.220681
23.959647
24.590164
31.525851
44.766709
58.638083
61.160151
64.312736
95.208071
112.232030
95.208071
75.662043
84.489281
94.577554
80.706179
63.051702
60.529634
62.421185
50.441362
32.156368
16.393443
0.630517
-0.630517
0.630517
-6.935687
-33.417402
-51.071879
-38.461538
-43.505675
-61.160151
-58.638083
-39.722573
-42.244641
-71.248424
-95.838588
-98.360656
-93.947037
-64.943253
-29.634300
-5.674653
1.261034
0.000000
-0.630517
-25.851198
-47.288777
-40.353090
-4.413619
13.240858
10.718789
18.915511
31.525851
37.200504
35.939470
37.200504
23.959647
10.718789
21.437579
25.220681
23.329130
29.634300
46.658260
61.160151
54.854981
36.569987
23.959647
24.590164
11.979823
-1.891551
10.088272
16.393443
12.610340
11.349306
21.437579
17.654477
-0.630517
11.979823
8.196721
-9.457755
-22.068096
-5.044136
-0.630517
-11.349306
-13.240858
-10.718789
-18.284994
-21.437579
-10.718789
-13.240858
-3.152585
1.891551
7.566204
1.261034
-10.088272
-5.674653
8.827238
1.261034
0.630517
11.979823
11.979823
1.261034
3.783102
18.284994
25.220681
22.698613
29.634300
37.831021
35.939470
25.851198
23.959647
17.023960
6.935687
6.305170
15.132409
22.698613
13.240858
22.698613
24.590164
23.959647
4.413619
-12.610340
-10.718789
-16.393443
-34.047919
-36.569987
-36.569987
-31.525851
-22.698613
-32.156368
-39.722573
-48.549811
-49.180328
-48.549811
-59.899117
-59.899117
-48.549811
-36.569987
-38.461538
-48.549811
-49.180328
-48.549811
-49.180328
-37.831021
-20.176545
-3.783102
13.240858
26.481715
10.088272
-21.437579
-35.939470
-34.678436
-25.220681
-14.501892
22.698613
47.288777
49.810845
40.353090
22.698613
6.305170
-11.349306
-24.590164
-21.437579
-11.979823
-3.783102
24.590164
40.353090
49.180328
47.288777
37.200504
22.698613
1.261034
-1.261034
8.196721
13.240858
22.068096
24.590164
24.590164
21.437579
10.718789
13.240858
11.349306
13.240858
20.176545
11.979823
20.176545
33.417402
48.549811
53.593947
47.288777
35.308953
19.546028
13.240858
2.522068
7.566204
26.481715
38.461538
49.810845
40.353090
22.698613
5.674653
-0.630517
0.630517
-0.630517
0.630517
0.000000
0.630517
0.000000
-0.630517
0.630517
-0.630517
0.630517
-12.610340
-25.220681
-23.329130
-24.590164
-14.501892
-10.718789
-21.437579
-35.939470
-36.569987
-37.200504
-36.569987
-37.200504
-35.939470
-30.895334
-47.288777
-61.160151
-71.878941
-71.878941
-57.377049
-39.092055
-27.742749
-36.569987
-37.200504
-29.003783
-34.047919
-47.288777
-47.919294
-34.678436
-16.393443
-11.979823
-12.610340
-5.044136
8.196721
13.240858
3.152585
-8.827238
-12.610340
-1.261034
8.196721
1.261034
-0.630517
6.935687
31.525851
24.590164
1.891551
0.000000
-0.630517
0.000000
0.000000
-0.630517
1.261034
12.610340
23.959647
11.979823
-3.152585
-10.718789
-0.630517
10.718789
12.610340
12.610340
27.742749
37.831021
35.308953
18.915511
0.000000
0.000000
4.413619
23.959647
35.939470
42.244641
61.790668
73.139975
58.007566
40.983607
35.939470
37.200504
36.569987
36.569987
36.569987
37.831021
49.180328
59.268600
62.421185
55.485498
47.288777
47.288777
27.112232
6.305170
-1.261034
3.783102
12.610340
10.088272
-1.261034
-11.349306
-12.610340
-11.349306
-20.176545
-32.786885
-37.200504
-26.481715
-23.959647
-39.722573
-50.441362
-42.875158
-34.678436
-44.766709
-63.051702
-73.770492
-69.987390
-51.702396
-37.200504
-35.939470
-37.831021
-32.786885
-23.329130
-35.939470
-50.441362
-44.766709
-33.417402
-17.654477
-11.349306
-12.610340
-0.630517
10.088272
12.610340
10.718789
7.566204
15.132409
23.959647
24.590164
23.959647
13.871375
22.698613
39.092055
28.373266
23.329130
34.678436
37.200504
35.939470
26.481715
22.068096
11.979823
12.610340
8.827238
0.000000
0.000000
8.196721
12.610340
11.349306
-13.871375
-26.481715
-22.698613
-25.220681
-24.590164
-17.023960
-9.457755
-15.762926
-15.132409
-10.718789
-18.915511
-26.481715
-18.915511
-11.349306
-13.240858
-10.088272
2.522068
11.979823
12.610340
11.979823
2.522068
-1.261034
0.630517
10.088272
22.698613
32.786885
45.397226
49.180328
39.092055
27.742749
23.959647
24.590164
23.959647
24.590164
23.959647
25.220681
23.329130
25.851198
20.176545
11.979823
6.935687
-2.522068
-11.979823
-23.959647
-34.678436
-37.831021
-33.417402
-19.546028
-17.023960
-27.112232
-15.132409
-11.979823
-22.698613
-33.417402
-40.983607
-49.810845
-48.549811
-40.353090
-32.156368
-16.393443
-10.718789
-5.044136
-11.349306
-25.851198
-17.654477
-6.935687
11.349306
23.329130
13.871375
18.915511
13.871375
-5.044136
-6.305170
2.522068
17.023960
40.983607
49.810845
42.875158
34.678436
25.220681
23.959647
24.590164
25.220681
20.176545
10.718789
1.891551
-19.546028
-20.807062
-4.413619
6.305170
13.871375
23.959647
18.284994
8.196721
-9.457755
-29.634300
-36.569987
-37.200504
-26.481715
-24.590164
-23.959647
-25.220681
-18.915511
-11.349306
-24.590164
-34.678436
-27.742749
-22.698613
-26.481715
-17.023960
-11.349306
-13.240858
-9.457755
1.261034
-2.522068
-10.718789
-1.261034
0.630517
-1.891551
-12.610340
-9.457755
8.196721
23.329130
23.959647
11.979823
13.871375
5.674653
-0.630517
0.000000
2.522068
18.915511
34.678436
33.417402
15.132409
1.261034
0.000000
-7.566204
-16.393443
-20.176545
3.783102
21.437579
25.220681
20.807062
13.240858
8.196721
-1.261034
12.610340
6.935687
-1.891551
7.566204
20.176545
15.132409
10.088272
15.762926
27.742749
37.200504
36.569987
36.569987
36.569987
36.569987
37.200504
