1510.820930
1355.127386
1068.395580
688.521596
247.009406
-226.463337
-712.720300
-1188.932518
-1638.206556
-2039.539768
-2345.447904
-2514.382248
-2523.513834
-2404.803214
-2230.389919
-2040.909506
-1838.188293
-1631.814446
-1415.852434
-1223.632545
-1077.070587
-967.948133
-876.632271
-749.703223
-560.679390
-308.191033
0.456579
340.151584
662.496576
946.488905
1199.890421
1425.440599
1592.092046
1647.794722
1551.456488
1321.340517
1018.628436
700.392658
399.506894
102.273765
-201.351475
-494.018811
-737.832161
-910.875719
-1009.496850
-1056.524518
-1096.246918
-1157.428545
-1234.133869
-1287.553648
-1277.052324
-1197.150945
-1077.070587
-920.007305
-716.372934
-436.489818
-75.335586
331.476577
713.633458
1036.435029
1267.464159
1387.544516
1404.437951
1324.993151
1171.125925
950.141540
680.303169
391.745046
153.410647
13.240800
-23.742124
7.305269
68.943475
152.954068
261.163364
411.377956
582.595197
742.854534
877.545430
980.275774
1103.095608
1298.968131
1588.439412
1936.352844
2299.333394
2592.457310
2720.299516
2640.398137
2346.817642
1877.454114
1287.097069
608.163638
-152.040910
-973.427084
-1803.031687
-2569.171765
-3177.791982
-3514.747512
-3553.100174
-3358.597388
-3052.689252
-2702.036344
-2317.139987
-1894.347548
-1456.031413
-1056.524518
-751.986120
-571.180714
-463.427997
-370.285819
-226.919916
2.282897
307.277874
640.124190
944.206009
1193.498311
1399.872158
1572.915715
1671.080267
1631.357867
1388.914254
947.858643
416.400329
-114.601406
-578.029404
-930.508629
-1187.106200
-1396.219523
-1537.302529
-1562.414391
-1456.487992
-1236.873345
-982.102091
-778.011141
-650.625514
-563.418866
-474.842480
-349.739750
-189.023833
-13.240800
156.150123
343.347639
570.267555
823.212492
1073.417953
1264.724683
1359.693179
1326.362889
1156.971966
888.959912
576.659666
272.577847
-27.851338
-320.518674
-559.766231
-658.387362
-588.987307
-391.745046
-132.407999
121.906675
372.112136
589.443886
774.815085
936.444160
1077.070587
1211.304904
1348.735275
1541.868323
1834.992238
2229.476760
2683.773171
3091.041914
3342.160533
3338.507899
3012.966852
2376.495297
1527.257785
548.351749
-484.430646
-1540.955164
-2618.938910
-3641.219980
-4454.844306
-4877.636746
-4810.063008
-4334.307369
-3627.522601
-2872.340426
-2134.964843
-1412.656378
-720.482148
-112.775089
320.062095
531.914894
556.113597
452.926673
361.610812
406.355584
609.533376
895.808602
1139.165373
1287.097069
1347.822117
1367.455027
1325.906310
1160.168021
788.512465
186.740937
-558.853073
-1275.682586
-1810.793535
-2081.545064
-2091.589809
-1913.523879
-1596.657839
-1175.235138
-639.667610
-12.784221
593.553100
1043.740298
1221.349648
1125.011414
880.284905
598.575473
336.955529
84.467172
-136.973792
-279.426536
-304.538398
-208.656744
-22.372386
229.659392
441.512191
522.326728
417.313487
176.239613
-100.447448
-336.955529
-538.307004
-710.893982
-805.405899
-763.857182
-561.592549
-204.090951
242.900192
664.322893
986.667884
1166.560131
1225.915442
1219.979911
1183.453566
1139.621952
1119.989042
1183.910145
1390.740572
1776.093507
2329.924208
2962.743128
3529.358049
3853.985937
3804.675372
3324.353940
2413.478221
1188.019359
-170.304082
-1492.557757
-2710.711351
-3827.960917
-4779.015615
-5373.025294
-5388.548991
-4777.645877
-3710.620035
-2493.379600
-1378.412930
-442.425349
299.059447
837.823030
1172.039083
1262.898365
1107.204821
740.571637
276.230481
-78.531641
-179.435668
3.652634
353.848964
658.843941
781.663775
730.983472
562.049128
304.081819
-81.727696
-646.059721
-1353.301068
-2097.068761
-2684.229751
-2914.802301
-2702.492923
-2086.567437
-1199.433842
-217.788330
704.958451
1484.339330
2089.306913
2460.049311
2518.948041
2198.885946
1514.930143
660.213679
-148.388275
-762.944023
-1149.210118
-1295.315496
-1226.828600
-983.471829
-641.950507
-258.423888
142.452744
480.778011
658.843941
589.443886
333.302895
33.330289
-188.567254
-284.448909
-271.208109
-164.368551
21.915807
283.535750
584.421514
883.024381
1096.703497
1122.728518
945.575747
634.645238
299.059447
41.092138
-84.010593
0.000000
309.560771
808.601954
1466.532737
2260.067574
3112.501141
3871.335951
4348.004748
4389.096886
3921.103096
2904.757556
1458.770889
-124.646151
-1545.520957
-2631.723130
-3463.154050
-4183.636198
-4714.637933
-4816.455118
-4320.153411
-3331.659209
-2169.208291
-1160.624600
-446.534563
-11.414483
268.468633
475.755639
622.317597
668.432107
564.332024
324.627888
71.682951
-35.613186
101.360606
422.792439
699.936079
705.415031
400.420053
-80.814537
-583.051776
-1022.737650
-1453.291937
-1899.826500
-2291.571546
-2493.379600
-2385.170304
-1884.759383
-1028.216601
21.002648
1041.000822
1801.661949
2208.474112
2320.336042
2233.129395
1967.400237
1463.793261
713.633458
-136.973792
-879.371747
-1366.085289
-1573.372295
-1546.890695
-1341.430006
-1031.412656
-688.521596
-362.067391
-34.243448
295.406812
552.460962
638.754452
549.721487
399.050315
325.541046
362.067391
452.470094
546.068852
603.597845
628.709707
630.992603
605.880741
536.937266
376.677929
138.800110
-101.817186
-266.642316
-294.493654
-126.015889
248.835723
785.316409
1431.832709
2134.964843
2886.037805
3691.443704
4421.514017
4836.088028
4745.685326
4085.471646
2881.472012
1287.553648
-383.983198
-1810.336956
-2832.618026
-3598.758104
-4300.977080
-4917.815725
-5152.040910
-4718.290567
-3677.746325
-2397.497945
-1290.749703
-538.763583
-84.010593
245.183088
567.528080
873.892795
1045.110036
974.796822
652.451831
237.421240
-40.178979
-54.789517
138.800110
292.667336
168.934344
-302.712081
-928.682312
-1474.751164
-1831.339604
-2043.648982
-2219.888595
-2350.013697
-2322.162360
-1987.033148
-1284.814172
-251.118619
942.379691
2024.929230
2760.935074
3042.644507
2918.911515
2551.821751
2021.733175
1314.035248
399.050315
-606.793900
-1442.790613
-1939.092320
-2067.391106
-1913.523879
-1573.828874
-1121.358780
-649.255776
-228.289654
176.696192
598.575473
992.146836
1216.783855
1216.783855
1088.485070
973.427084
927.769154
869.327002
748.333486
554.743859
289.471281
-23.742124
-320.062095
-541.046480
-678.933431
-759.291389
-791.708520
-728.243996
-521.870149
-120.536937
474.385901
1217.240435
2008.035796
2738.562688
3377.773719
3979.545247
4526.527258
4858.003835
4771.253767
4159.894074
3016.619487
1435.028764
-297.689709
-1784.768514
-2795.635102
-3492.831705
-4234.773080
-5077.618482
-5623.687334
-5441.055611
-4479.499589
-3126.198521
-1827.686969
-806.775637
-55.702676
552.460962
1114.966670
1649.621039
2022.646334
2034.060816
1619.030226
950.598119
285.818647
-166.651447
-372.112136
-486.256963
-726.874258
-1213.587800
-1815.359328
-2261.437312
-2380.147932
-2264.176788
-2114.875354
-1997.534472
-1785.225094
-1369.281344
-691.717651
247.465985
1357.866861
2426.262442
3136.699845
3312.482878
3035.339238
2531.275683
1906.675189
1116.792987
151.584330
-888.959912
-1818.555383
-2465.071683
-2742.671902
-2632.179710
-2189.754360
-1544.607798
-854.259885
-182.175144
493.562232
1172.952242
1797.552735
2213.039905
2308.008401
2118.984568
1776.550087
1403.524792
1032.782394
635.101817
161.629075
-353.392384
-822.755913
-1166.103552
-1327.732627
-1304.447082
-1140.535111
-892.612547
-611.816272
-278.513378
167.108027
798.100630
1589.352571
2400.237421
3115.240617
3710.620035
4255.319149
4742.032691
5000.000000
4823.760387
4096.886129
2776.002192
957.903388
-1000.365263
-2597.023103
-3581.864670
-4215.596749
-4950.232855
-5786.229568
-6194.411469
-5678.476851
-4278.148114
-2510.729614
-917.724409
260.250205
1025.020546
1532.280157
2010.775272
2483.334855
2716.646882
2438.590083
1639.576294
632.362341
-222.354123
-753.355858
-975.709981
-1071.135056
-1311.295772
-1850.972514
-2533.102000
-2962.743128
-2928.043101
-2586.978358
-2247.283353
-1971.052872
-1591.635467
-964.752077
-53.419779
1104.921925
2371.929504
3450.826409
4009.679481
3933.887316
3377.773719
2576.933613
1622.226281
518.217514
-652.451831
-1738.654004
-2624.417861
-3209.752534
-3379.600037
-3076.431376
-2400.694001
-1566.067026
-721.851886
112.775089
933.704685
1698.018446
2355.949228
2808.419322
2947.219432
2710.254771
2180.622774
1536.389371
877.545430
188.110675
-529.175418
-1209.478586
-1761.482970
-2110.766140
-2206.191215
-2013.058168
-1557.392019
-946.032326
-313.213405
282.622592
905.396767
1615.834170
2355.949228
3037.165556
3597.844946
3995.068943
4268.103370
4453.931148
4534.745685
4443.429824
4021.093964
3101.999817
1587.526253
-370.285819
-2252.305726
-3580.951511
-4324.719204
-4889.507808
-5595.379417
-6200.347000
-6163.364076
-5164.368551
-3388.275043
-1355.583965
439.685873
1700.757922
2395.215049
2724.865309
2928.956260
3038.078714
2812.985116
2037.713451
836.453292
-464.341156
-1517.213040
-2124.920099
-2291.114967
-2223.084650
-2271.938636
-2574.194138
-2929.869418
-3004.291845
-2678.750799
-2138.617478
-1593.918364
-1083.462697
-519.587252
172.130399
1058.807415
2153.228016
3285.088120
4094.603233
4290.932335
3815.176696
2846.315405
1608.528901
289.014702
-942.836271
-1998.447630
-2871.427267
-3535.750160
-3848.963565
-3621.130490
-2838.553557
-1693.909232
-424.618756
762.030865
1759.656652
2516.665145
3075.518218
3444.890878
3517.943567
3176.422245
2425.805862
1441.420875
423.249018
-536.024107
-1374.760296
-2022.646334
-2451.374304
-2660.944206
-2627.613917
-2280.613643
-1593.005205
-721.395306
122.363254
828.691444
1432.745868
2008.492375
2595.653365
3173.682769
3638.937083
3913.341247
4036.161081
4122.911150
4222.445439
4243.904666
3978.175509
3282.805223
1976.075244
36.982924
-2131.768788
-3869.053055
-4807.323532
-5264.359419
-5807.232216
-6421.787965
-6455.118254
-5425.531915
-3467.719843
-1191.671993
870.696740
2404.803214
3231.668341
3417.496119
3310.199982
3182.814355
2886.037805
2082.914802
767.053237
-671.171583
-1800.748790
-2444.982193
-2628.070496
-2459.592731
-2250.935988
-2349.100539
-2724.408730
-2968.222080
-2776.002192
-2224.454388
-1632.271025
-1091.224546
-457.492466
335.585791
1256.049676
2291.114967
3373.664506
4216.053328
4452.104831
3915.167565
2811.158798
1437.311661
-82.640855
-1581.134143
-2794.265364
-3591.909415
-4027.486074
-4147.109853
-3842.571455
-2940.827322
-1579.764405
-137.886951
1146.470642
2212.126746
3046.297142
3572.276504
3760.843759
3625.696283
3206.099900
2457.309835
1375.673454
166.651447
-934.617843
-1815.359328
-2448.178249
-2830.791709
-2930.325998
-2679.207378
-2124.463519
-1324.079993
-352.022646
621.404438
1425.440599
1998.904210
2433.567711
2858.643046
3294.219706
3612.912063
3753.538490
3825.221441
3940.279427
4054.880833
4021.550543
3706.054242
3059.537942
1964.204182
218.244909
-1973.335768
-3949.867592
-5139.256689
-5597.662314
-5848.780933
-6119.075883
-5979.819195
-4980.367090
-3204.730162
-1060.633732
1002.191581
2638.571820
3554.926491
3632.088394
3193.315679
2707.515295
2239.521505
1515.386723
430.554287
-770.249292
-1759.200073
-2392.932152
-2666.879737
-2584.238882
-2302.986029
-2230.846498
-2543.146745
-2915.258880
-2934.891791
-2502.511186
-1845.036983
-1121.815359
-275.317323
678.933431
1610.811798
2519.861200
3432.563236
4155.784860
4307.825769
3712.902931
2573.737558
1209.022007
-292.667336
-1845.950142
-3086.932700
-3777.737193
-3999.634737
-3958.999178
-3606.519953
-2707.971875
-1337.320793
81.271117
1278.878641
2280.613643
3100.630079
3619.760752
3713.816090
3461.327733
3002.465528
2293.854443
1246.004931
11.414483
-1097.160077
-1932.700210
-2539.037531
-2933.522053
-2986.028673
-2600.219158
-1903.935714
-1065.199525
-100.904027
909.505981
1785.225094
2360.971601
2655.921834
2887.864122
3177.791982
3420.692174
3525.705415
3583.234408
3727.970048
3910.145192
3940.736006
3692.813442
3117.523514
2086.567437
400.876632
-1751.894804
-3699.662131
-4928.773628
-5489.453018
-5845.128299
-6151.493014
-5940.553374
-4832.435394
-2991.964204
-884.394119
1069.308739
2586.065200
3423.888229
3485.983015
3059.537942
2554.104648
2031.777920
1259.702310
192.676468
-897.634919
-1726.782942
-2234.499132
-2471.463793
-2456.396676
-2299.333394
-2328.554470
-2681.490275
-3051.776094
-3049.493197
-2583.782303
-1898.000183
-1154.689069
-282.166012
725.047941
1698.018446
2564.149393
3327.093416
3878.641220
3953.063647
3322.071044
2096.155602
650.168934
-708.154506
-1813.989590
-2558.670441
-2943.566798
-3074.605059
-3058.624783
-2863.208839
-2327.184732
-1372.020820
-157.063282
1018.628436
1967.856817
2660.031047
3150.397224
3459.501415
3489.179070
3130.307734
2371.016346
1270.203634
21.915807
-1159.711442
-2051.410830
-2513.469090
-2615.742855
-2483.791435
-2155.510912
-1604.419688
-833.257237
49.767145
891.242809
1602.593370
2074.696375
2310.291298
2481.508538
2782.394302
3227.559127
3572.276504
3662.679207
3655.373938
3689.160807
3628.892339
3255.410465
2575.107296
1676.559218
380.330563
-1405.807689
-3205.643320
-4367.181079
-4819.651173
-5125.559310
-5570.267555
-5609.076797
-4644.781299
-2870.970688
-964.752077
676.650534
1986.576568
2776.002192
2836.270660
2411.651904
1983.837093
1691.626335
1183.910145
278.969957
-652.908410
-1278.878641
-1667.427632
-1981.097617
-2171.491188
-2184.731988
-2282.439960
-2694.274495
-3112.501141
-3049.949776
-2455.026938
-1703.040818
-1009.953429
-210.026482
746.963748
1655.099991
2355.036070
2941.283901
3438.498767
3546.708063
2996.073418
1933.156789
729.157155
-403.616108
-1424.070861
-2268.742581
-2809.332481
-3073.691900
-3156.332755
-2966.395763
-2319.879463
-1200.347000
105.469820
1271.573372
2169.664871
2797.461419
3184.640672
3315.678933
3162.724865
2685.599489
1840.014611
703.132134
-465.254315
-1403.981372
-1968.769975
-2201.625422
-2203.908319
-1989.316044
-1586.613095
-1019.541594
-326.910784
395.397681
1087.571911
1645.968405
1974.248927
2138.160899
2308.464980
2643.594192
3100.630079
3477.764588
3730.709524
3894.164916
3932.517578
3704.227924
3087.845859
2171.947767
1038.717925
-383.983198
-1986.119989
-3368.185554
-4216.509908
-4684.960278
-5158.433020
-5508.172770
-5194.959364
-3987.763675
-2281.070222
-646.516300
683.499224
1695.278970
2244.543877
2277.874167
2067.391106
1893.434390
1679.755273
1097.616656
200.438316
-614.555748
-1122.728518
-1443.247192
-1761.026390
-2031.777920
-2240.434664
-2561.409917
-2964.112866
-3113.414300
-2762.304812
-2049.584513
-1340.516848
-720.938727
-28.764496
747.420327
1490.274861
2145.922747
2721.212675
3073.235321
2891.060177
2138.617478
1135.969318
223.723861
-447.904301
-1003.104739
-1538.672267
-2034.060816
-2470.094055
-2746.324537
-2681.033696
-2082.914802
-1009.953429
160.259337
1140.535111
1917.176514
2580.129669
3142.178796
3408.821112
3242.169665
2644.963930
1662.405260
463.427997
-658.843941
-1417.222171
-1682.494749
-1654.643412
-1602.136791
-1535.019633
-1294.402338
-809.058533
-257.967309
263.446261
806.319058
1342.799744
1752.351383
1992.968679
2303.442608
2884.668067
3539.402794
3951.237330
4074.513743
3984.567619
3696.922655
3097.434024
2203.451740
1250.570724
192.219889
-1134.143001
-2527.166469
-3554.926491
-4086.384805
-4495.023286
-5001.826317
-5147.475116
-4432.928500
-3044.470825
-1577.024929
-330.563419
778.467720
1663.774998
2051.867409
1989.316044
1854.168569
1802.575107
1527.714364
815.450644
-1.826317
-593.553100
-1008.583691
-1456.944571
-1908.044927
-2183.818829
-2395.671628
-2746.781116
-3058.624783
-2967.308922
-2421.696649
-1730.435577
-1138.252214
-536.480687
182.631723
877.545430
1425.897178
1935.896265
2479.682221
2811.615378
2624.874441
1901.196238
898.091498
-45.657931
-799.926947
-1366.998448
-1752.351383
-2066.934527
-2349.557118
-2455.026938
-2205.278057
-1448.726144
-309.560771
855.173044
1768.788239
2319.422884
2595.653365
2754.542964
2811.158798
2642.224454
2109.852981
1219.979911
141.539585
-838.736188
-1424.527440
-1553.739385
-1412.199799
-1248.287828
-1137.795635
-926.855995
-533.741211
-39.265820
505.889873
1066.569263
1587.069674
1955.529175
2164.642498
2448.178249
2967.765501
3567.710711
4013.332116
4192.311204
4052.597936
3504.246188
2547.712538
1422.701123
433.750342
-436.489818
-1359.236599
-2282.896539
-3094.694548
-3895.534654
-4847.502511
-5620.491279
-5536.480687
-4377.682403
-2726.691626
-1303.990503
-259.793626
600.858369
1256.049676
1607.159164
1786.138252
1955.985755
1936.809424
1385.718199
446.991142
-327.823943
-658.387362
-761.117706
-976.166560
-1347.365537
-1772.897452
-2294.311022
-2812.528536
-2982.376039
-2595.196786
-1925.851520
-1391.653730
-1030.042918
-577.116245
70.313213
736.005844
1352.387910
2002.100265
2532.188841
2539.037531
1877.454114
968.404712
358.414757
109.579034
-165.281709
-684.412382
-1321.797096
-1907.588348
-2353.209753
-2460.505890
-1961.921286
-895.352023
276.230481
1107.661401
1665.601315
2204.364898
2713.907406
2940.827322
2747.237695
2207.560953
1402.155054
403.616108
-513.195142
-938.727057
-823.212492
-589.443886
-609.533376
-809.058533
-865.217788
-696.740024
-440.599032
-88.119806
436.946398
1013.606063
1453.291937
1833.165921
2423.979545
3237.603872
3942.105744
4263.080997
4214.683591
3811.067482
2996.073418
1883.846224
830.061182
32.873710
-645.603141
-1385.261620
-2154.141174
-2910.693087
-3867.226737
-4977.171035
-5649.255776
-5285.818647
-4000.091316
-2450.461145
-1113.596932
0.000000
861.108575
1331.841841
1510.364350
1682.951329
1884.759383
1783.398776
1225.915442
544.242535
99.990868
-136.517213
-377.134508
-662.953155
-1009.953429
-1579.307826
-2374.668980
-3002.922108
-3033.969501
-2551.365172
-1998.447630
-1547.347274
-1062.003470
-509.085928
-23.742124
392.201625
904.940188
1477.034061
1789.334307
1660.578943
1307.643138
1025.020546
830.061182
591.270204
262.533102
-190.393571
-843.758561
-1624.509177
-2213.496484
-2264.176788
-1750.068487
-944.206009
-59.811889
785.772989
1508.081454
2044.562140
2387.909780
2536.754634
2435.850607
1988.859465
1279.335221
583.508355
128.755365
-57.528993
-98.621130
-153.867227
-321.888412
-567.528080
-788.055885
-847.867775
-686.238700
-373.025294
10.501324
495.388549
1111.770615
1883.846224
2715.277144
3416.582960
3893.251758
4137.521688
4095.059812
3653.091042
2823.943019
1795.269838
836.909871
32.873710
-627.796548
-1117.706146
-1522.691992
-2209.843850
-3532.554105
-5128.755365
-6041.000822
-5643.320245
-4200.529632
-2484.248014
-1013.606063
58.898731
604.967583
712.263720
774.358506
1100.812711
1531.823578
1589.809150
1188.475938
709.067665
434.206922
312.300247
201.808054
32.873710
-372.112136
-1247.374669
-2381.974249
-3136.243265
-3081.453749
-2465.984842
-1800.292211
-1266.094421
-793.078258
-442.425349
-278.513378
-99.990868
351.109488
948.771802
1287.097069
1243.265455
1063.829787
925.942836
745.137430
459.318784
139.713268
-213.679116
-756.551913
-1438.224820
-1916.263355
-1865.126472
-1328.645786
-562.505707
263.446261
1043.740298
1624.052598
1901.652817
1982.923934
2045.931878
2038.626609
1755.547439
1238.243083
732.353210
408.638481
250.205461
147.018537
75.792165
0.913159
-195.415944
-495.845128
-693.543969
-597.205735
-244.269930
219.158068
764.313761
1406.264268
2078.805589
2685.599489
3231.211761
3791.891151
4262.624418
4279.974432
3624.326546
2433.111131
1108.574559
10.044745
-725.047941
-1113.596932
-1363.802392
-1925.851520
-3148.570907
-4746.141905
-5867.500685
-5813.624327
-4640.672085
-2996.073418
-1516.299881
-513.651721
-10.501324
189.480413
415.487170
902.200712
1477.947219
1765.135604
1608.985481
1204.456214
844.671719
620.034700
483.974066
323.258150
-86.750068
-925.942836
-2026.755547
-2851.794357
-2964.569446
-2443.155876
-1723.586887
-1180.714090
-917.267829
-878.458588
-915.441512
-739.201899
-208.656744
423.705598
725.504520
550.178066
246.096247
225.550178
534.654369
915.898091
1077.983746
793.078258
3.196055
-1034.608712
-1746.415852
-1677.015798
-959.273126
-95.881655
525.522783
861.108575
1060.177153
1237.786504
1470.185371
1760.113232
1918.546251
1710.802666
1196.237787
741.028217
675.280796
904.940188
1106.291663
1033.695553
642.407086
59.811889
-517.760935
-788.055885
-562.505707
-23.742124
483.060908
872.066478
1278.878641
1829.056707
2446.351931
3066.386631
3695.552918
4163.090129
4084.558488
3250.844672
1955.072596
719.568989
-163.455392
-686.238700
-973.427084
-1323.623413
-2168.295133
-3752.168752
-5550.634645
-6492.101178
-5995.799470
-4443.429824
-2672.358689
-1291.662862
-478.951694
-202.264633
-203.177792
-10.957903
595.379417
1330.472103
1717.194777
1681.581591
1513.560405
1446.443247
1451.465620
1366.085289
1022.737650
245.639668
-1014.519222
-2339.968953
-3056.798466
-2894.712812
-2174.687243
-1458.770889
-1027.760022
-866.587526
-944.662588
-1128.207470
-1084.832435
-582.595197
206.373847
825.951968
971.600767
746.050589
483.974066
397.223998
433.750342
415.943749
171.217240
-343.347639
-976.166560
-1400.785316
-1331.841841
-787.599306
-88.576386
416.400329
604.511004
608.620217
678.933431
979.819195
1489.361702
1991.142361
2179.253036
1905.762031
1371.107661
925.029678
764.770341
783.033513
737.832161
524.609625
222.810702
-78.075062
-273.947585
-231.485709
74.879006
456.579308
706.784769
919.550726
1332.298420
2005.296320
2820.746964
3664.962104
4405.990321
4673.545795
4034.334764
2588.348096
991.233677
-108.209296
-501.780659
-492.192494
-581.682038
-1332.298420
-3122.545886
-5453.383253
-7056.889782
-6974.705506
-5365.263446
-3337.594740
-1862.386997
-1146.014063
-1022.737650
-1114.510090
-909.049402
-108.665875
1014.519222
1794.813259
1955.985755
1796.639576
1747.785590
1909.871245
2015.797644
1798.465894
1034.608712
-321.431833
-1773.810611
-2619.395489
-2541.320427
-1852.798831
-1235.047028
-1016.802119
-1162.907497
-1580.677564
-1986.576568
-1932.700210
-1202.173318
-149.758013
568.441238
679.390010
485.800384
377.134508
453.383253
618.664962
750.159803
644.233403
128.755365
-621.861017
-1139.621952
-1006.300794
-356.131860
240.160716
441.512191
264.815999
-36.526345
-101.360606
280.796274
1058.807415
1873.801479
2226.737284
1980.184458
1474.751164
1101.725870
1024.107387
1113.596932
1100.356132
862.478312
467.080632
72.596110
-110.492192
36.069765
334.672633
529.631997
598.575473
727.787417
1121.815359
1822.208018
2707.058716
3632.088394
4346.635011
4427.449548
3683.681856
2457.309835
1288.923386
582.138617
374.395032
302.712081
-101.360606
-1328.645786
-3473.198795
-5753.812437
-7032.234499
-6740.023742
-5286.275226
-3639.850242
-2521.687517
-2100.264816
-2180.166195
-2295.680760
-1916.263355
-872.523057
408.638481
1407.634006
1959.181810
2238.151767
2492.009862
2713.450826
2723.038992
2352.296594
1453.291937
174.869875
-934.161264
-1421.787965
-1271.116793
-913.158616
-810.884851
-1092.594284
-1702.127660
-2441.786138
-2873.253584
-2587.891517
-1647.794722
-583.508355
116.884303
326.910784
232.855447
95.425075
68.486896
248.379143
533.284632
595.379417
348.370012
37.896083
-63.464524
83.097434
254.771254
280.339695
135.147475
-150.214592
-372.112136
-227.833075
381.243722
1199.433842
1777.919825
1872.431741
1572.459136
1150.579856
871.609899
863.848050
1078.896904
1221.806228
1049.675829
671.628162
319.605515
138.343530
125.559310
178.065930
322.344991
590.357045
890.786230
1285.727331
1892.064652
2691.991599
3539.402794
4127.476943
4189.571729
3646.242352
2662.770523
1657.839467
1060.633732
981.188933
1003.104739
485.800384
-993.973153
-3303.807871
-5577.116245
-6802.575107
-6586.613095
-5310.930509
-3891.882020
-3079.170852
-2981.919459
-3301.981554
-3499.680394
-3064.103735
-1928.134417
-443.795087
891.242809
1777.006666
2275.134691
2591.544151
2820.290384
2886.494384
2629.440234
1992.512099
1131.860104
438.316136
155.236965
160.715916
157.519861
-192.676468
-970.231029
-1986.576568
-2925.303625
-3307.003927
-2881.928591
-1982.010775
-1211.304904
-962.925760
-1113.596932
-1213.587800
-1049.219249
-654.278148
-128.298785
348.370012
611.359693
619.121541
542.872797
637.841293
924.573098
1153.775911
1094.420601
802.209844
523.239887
418.683225
579.855721
933.704685
1258.789152
1372.020820
1205.825952
920.463885
793.078258
872.979637
1048.306091
1179.800931
1112.683773
855.173044
472.559584
86.293489
-100.447448
-42.461876
144.279061
372.568715
693.543969
1136.425897
1625.878915
2150.031961
2776.915350
3472.742215
3937.083371
3802.849055
3174.595927
2481.051959
2009.862113
1797.096156
1585.699936
1047.392932
-99.534289
-1975.162086
-4095.972971
-5545.155694
-5820.016437
-5161.629075
-4349.374486
-3981.828144
-4132.042736
-4552.095699
-4786.320884
-4455.757465
-3438.042188
-2039.539768
-704.501872
389.005570
1231.394393
1867.865948
2385.626883
2786.960095
3021.641859
2990.594466
2662.770523
2348.187380
2236.782029
2133.138526
1750.068487
990.320519
1.369738
-1028.673181
-1997.534472
-2668.249475
-2756.369281
-2344.534746
-1903.022555
-1882.933065
-2270.112319
-2669.162634
-2696.100813
-2230.846498
-1430.919551
-533.741211
152.040910
395.854260
347.913433
343.347639
584.421514
1034.608712
1428.180075
1597.570998
1569.263081
1422.701123
1308.099717
1317.687882
1390.283992
1408.547165
1302.620765
1152.862752
1119.989042
1217.697014
1330.015524
1305.816820
1083.462697
694.000548
254.314674
-62.094786
-178.979089
-106.839558
41.092138
135.147475
267.098895
545.612273
941.466533
1442.790613
2036.343713
2693.361337
3245.365720
3444.434298
3290.110492
2972.331294
2681.033696
2559.583600
2539.037531
2264.633367
1263.354945
-658.843941
-2833.531184
-4230.663866
-4437.494293
-3934.800475
-3574.102822
-3791.891151
-4511.460141
-5407.268743
-5977.079719
-5811.341430
-4847.959090
-3476.394850
-2241.347822
-1345.082641
-681.216327
-62.551365
700.849238
1530.910419
2204.364898
2621.221806
2860.012784
3183.270934
3584.147566
3756.277965
3449.913250
2677.381061
1637.293398
575.746507
-283.992329
-761.574285
-891.699388
-972.970505
-1298.511551
-1984.750251
-2863.208839
-3626.152863
-3925.668889
-3532.097525
-2639.484979
-1740.023742
-1221.349648
-1119.075883
-1149.666697
-1061.546891
-712.263720
-0.913159
909.962560
1684.321067
2080.175326
2124.463519
2076.522692
2052.323989
1993.425258
1908.958086
1847.776459
1855.994886
1916.719934
1986.576568
2023.102913
1897.543603
1521.778833
982.102091
459.775363
174.413296
99.990868
91.772441
53.419779
-99.534289
-282.166012
-320.062095
-143.365903
281.709433
921.377043
1651.447356
2276.961008
2520.774359
2376.495297
2188.841202
2242.260981
2596.109944
2983.745777
3010.683956
2397.497945
996.256050
-827.778285
-2237.695188
-2642.224454
-2254.588622
-1925.394941
-2318.966304
-3403.798740
-4716.920829
-5697.653182
-5951.054698
-5419.596384
-4407.816638
-3505.615925
-2995.160259
-2722.125833
-2385.170304
-1722.217149
-782.576934
161.629075
954.250753
1603.506529
2285.636015
3081.453749
3711.533193
3894.621496
3588.713360
2978.266825
2318.966304
1782.485618
1481.143275
1339.603689
1130.946945
650.625514
-146.561958
-1172.039083
-2268.742581
-3143.548534
-3477.308008
-3245.365720
-2758.652178
-2364.624235
-2283.809698
-2450.004566
-2632.636289
-2558.213862
-2011.231851
-1056.524518
-32.417131
757.008492
1195.324628
1371.564241
1505.798557
1714.911880
1993.881837
2262.350470
2452.744042
2548.169117
2624.874441
2705.232399
2695.644233
2508.446717
2140.900374
1690.256598
1334.124737
1163.364076
1047.392932
869.327002
499.041183
-1.369738
-342.434481
-373.025294
-113.688248
326.910784
803.579582
1167.473290
1236.416766
984.841567
769.792713
930.508629
1476.577482
2129.029312
2469.180897
2291.114967
1500.319606
220.527806
-984.384988
-1454.661675
-1056.981098
-429.184549
-437.402977
-1373.390558
-2819.833805
-4085.928226
-4678.568167
-4544.790430
-3947.584695
-3375.034243
-3158.615652
-3248.561775
-3405.625057
-3300.155237
-2762.761392
-1945.027851
-1136.882476
-480.321432
148.844854
962.469181
1844.580404
2435.850607
2602.502055
2463.245366
2258.697836
2181.079353
2298.876815
2532.645421
2618.025751
2328.554470
1688.430280
893.525705
55.246096
-790.795361
-1460.140626
-1762.396128
-1733.631632
-1683.864487
-1892.064652
-2348.643959
-2839.010136
-3119.806410
-2976.440508
-2380.147932
-1573.828874
-878.458588
-477.125377
-308.647612
-153.867227
172.586978
764.770341
1485.709068
2020.820016
2253.675463
2306.638663
2362.341339
2529.449365
2709.341613
2770.979819
2660.487627
2425.349283
2223.997808
2143.183271
2081.088485
1838.644873
1327.276048
744.680851
416.400329
473.016163
743.767692
965.208657
1036.891608
942.836271
630.536024
199.068578
-64.377682
84.923751
609.076797
1122.728518
1243.265455
833.257237
-110.492192
-1226.828600
-1829.513286
-1536.389371
-636.471555
53.876358
-137.886951
-1185.736462
-2516.665145
-3480.047484
-3663.592366
-3127.568259
-2387.909780
-1992.512099
-2121.267464
-2597.479682
-3019.815542
-3015.249749
-2530.362524
-1781.115880
-1125.924573
-709.980824
-285.362067
273.034426
791.708520
1093.050863
1156.515387
1177.061456
1327.276048
1602.593370
1966.030499
2302.529449
2365.993973
2016.710803
1411.286640
815.450644
372.568715
57.072413
-241.987033
-555.657018
-844.671719
-1165.646973
-1522.235412
-1806.227742
-2006.209479
-2099.351657
-2023.102913
-1808.054059
-1490.731440
-1179.344352
-978.906036
-816.820382
-592.183362
-252.944937
233.312026
798.557209
1272.943110
1566.067026
1681.581591
1742.306639
1905.305452
2179.709616
2421.696649
2536.754634
2503.880924
2387.453201
2285.636015
2165.099078
1988.402886
1790.247466
1581.134143
1439.137978
1464.706420
1570.632819
1639.119715
1598.027577
1309.012876
797.644051
347.456853
235.594923
532.371473
900.374395
839.192768
267.098895
-631.905762
-1644.598667
-2312.117615
-2177.883298
-1340.973427
-531.001735
-508.629349
-1398.958999
-2593.370468
-3376.860561
-3448.543512
-2865.035157
-2076.979271
-1651.447356
-1756.460597
-2192.493836
-2610.263903
-2647.703406
-2206.191215
-1501.689343
-849.237513
-492.649073
-322.344991
-54.332938
310.930509
626.883390
855.173044
1020.911332
1159.254863
1342.343165
1579.764405
1798.922473
1873.801479
1663.774998
1310.839193
1046.023194
831.887499
521.413570
109.579034
-343.804219
-725.504520
-1033.238974
-1329.558944
-1535.019633
-1661.492101
-1764.679025
-1800.748790
-1710.802666
-1501.689343
-1271.573372
-1118.162725
-1011.323167
-820.929595
-480.321432
-30.590814
454.752991
851.520409
1071.591635
1206.282531
1387.087937
1682.494749
2072.413478
2369.646608
2461.875628
2382.887408
2239.064926
2190.210940
2224.454388
2219.432015
2119.897726
1938.179162
1766.505342
1708.519770
1791.160625
1948.223906
1988.402886
1735.914528
1238.243083
767.509816
568.441238
620.034700
707.241348
603.141266
213.222537
-452.926673
-1340.973427
-2138.617478
-2343.165008
-1813.533011
-1046.479774
-780.294037
-1345.539220
-2352.753173
-3148.570907
-3355.857913
-2958.177335
-2299.789974
-1843.667245
-1811.706693
-2140.900374
-2545.429641
-2682.403433
-2365.993973
-1692.539494
-1025.933705
-662.496576
-529.631997
-360.697653
-35.156607
332.846315
652.908410
923.203360
1146.927221
1334.124737
1521.778833
1700.757922
1768.788239
1655.099991
1466.532737
1354.214227
1255.593097
1035.978449
658.387362
148.388275
-383.070039
-831.887499
-1107.204821
-1239.612821
-1361.519496
-1503.972240
-1646.881563
-1727.696101
-1695.278970
-1579.764405
-1401.241896
-1189.845676
-988.037622
-748.790065
-440.599032
-95.881655
240.160716
519.130673
749.703223
1001.735001
1339.603689
1749.611908
2096.612182
2260.067574
2242.717560
2180.166195
2221.714912
2321.705780
2412.565063
2450.004566
2373.755821
2275.134691
2206.191215
2195.233312
2320.336042
2417.130856
2232.672815
1761.026390
1203.999635
876.632271
914.984933
1041.913980
955.163912
536.480687
-273.947585
-1385.718199
-2339.968953
-2581.499406
-2013.514748
-1213.587800
-1030.042918
-1754.634280
-2885.124646
-3708.337138
-3768.605607
-3073.235321
-2203.451740
-1765.135604
-1936.352844
-2544.516483
-3071.409004
-3044.470825
-2415.304538
-1467.445895
-736.462424
-562.962287
-697.196603
-679.846589
-361.154232
173.043558
726.874258
1138.252214
1346.908958
1410.830061
1484.339330
1644.142087
1759.200073
1702.584239
1618.573646
1607.159164
1488.905123
1179.344352
840.562506
593.096521
360.241074
-89.946124
-703.588713
-1179.344352
-1467.445895
-1615.834170
-1605.789426
-1512.647247
-1498.493288
-1659.665784
-1868.779107
-1870.148845
-1567.893343
-1050.132408
-508.172770
-132.407999
-11.414483
-3.196055
163.911972
582.595197
1129.120628
1649.164460
1976.531824
2059.629258
1991.598941
1976.075244
2172.860926
2436.307187
2556.844124
2548.169117
2484.248014
2454.113780
2497.032234
2588.348096
2704.775820
2701.579764
2406.629532
1950.506803
1601.223633
1508.538033
1577.938088
1483.426171
1068.852160
437.859556
-321.888412
-1172.039083
-1880.650169
-2103.917450
-1800.292211
-1467.902475
-1661.035522
-2428.088759
-3282.348644
-3722.947676
-3628.892339
-3129.394576
-2601.132317
-2402.063738
-2616.656013
-3045.383983
-3307.917085
-3098.347183
-2429.458497
-1602.593370
-1018.628436
-870.696740
-922.746781
-820.929595
-424.618756
184.458040
809.971692
1274.312848
1490.731440
1555.109122
1643.685508
1790.704045
1906.218610
1940.005479
1950.506803
1927.221258
1769.244818
1490.731440
1216.327276
918.637567
521.413570
86.750068
-272.577847
-576.659666
-968.404712
-1412.199799
-1708.063191
-1777.919825
-1722.673728
-1677.928956
-1684.777646
-1705.780294
-1705.323715
-1566.067026
-1210.848324
-759.291389
-324.171309
-5.935531
184.914620
347.456853
600.858369
1006.757374
1465.162999
1831.796183
2062.825313
2192.037257
2242.260981
2274.678112
2367.363711
2522.144096
2646.790247
2708.885033
2756.369281
2843.119350
2925.303625
2838.553557
2522.144096
2124.006940
1821.751438
1804.858004
2014.427906
2022.646334
1553.282805
677.107114
-339.695005
-1152.862752
-1557.848598
-1488.448544
-1151.949594
-1112.227194
-1768.788239
-2886.494384
-3804.675372
-4051.684778
-3635.741028
-2979.179984
-2601.132317
-2756.369281
-3307.003927
-3852.616199
-3937.996530
-3430.736919
-2597.936262
-1828.143549
-1470.641951
-1524.518309
-1586.156515
-1357.410282
-784.859830
-32.417131
664.779472
1146.470642
1378.869510
1457.857730
1583.873619
1846.406721
2111.679299
2287.462332
2378.778194
2326.271573
2093.872706
1798.922473
1578.394667
1471.098530
1338.233951
1048.306091
621.861017
44.744772
-627.796548
-1115.423249
-1260.158890
-1205.369373
-1210.848324
-1450.552461
-1837.731714
-2160.989864
-2249.109670
-2015.797644
-1572.002557
-1152.406173
-902.657292
-768.422975
-647.886038
-426.901653
-16.893434
525.066204
1030.499498
1368.824765
1585.243357
1790.704045
1997.534472
2135.878002
2290.201808
2539.037531
2784.220619
2946.306273
3047.666880
3123.002466
3122.089307
2932.608894
2616.656013
2424.436125
2457.766414
2603.871793
2607.067848
2239.064926
1544.607798
772.988768
111.861930
-357.958177
-618.664962
-711.350562
-805.862478
-1175.691718
-1946.397589
-2847.685143
-3420.692174
-3514.747512
-3313.396037
-3111.587983
-3138.526162
-3413.843485
-3798.739841
-4096.429550
-4072.687426
-3671.810794
-3106.565610
-2625.331020
-2389.279518
-2331.293946
-2187.014884
-1783.855356
-1137.795635
-411.377956
199.068578
608.163638
848.780933
1072.504794
1401.698475
1848.689617
2296.137339
2589.261255
2691.078440
2588.804675
2356.862387
2145.922747
2047.758196
2034.973975
1958.268651
1696.648708
1246.461510
675.280796
119.167199
-275.773902
-456.122729
-495.845128
-576.203086
-868.870423
-1348.278696
-1813.076431
-2050.497671
-1969.226555
-1698.018446
-1450.552461
-1330.472103
-1289.836545
-1225.002283
-1029.129760
-616.838645
-53.419779
474.842480
850.607250
1067.025842
1218.153593
1398.958999
1654.186832
2027.212127
2460.505890
2800.200895
2991.051046
3062.733997
3054.515569
2974.157611
2845.858826
2774.632454
2856.360150
3032.143183
3070.952424
2765.957447
2133.138526
1341.430006
634.188659
216.875171
117.797461
163.911972
10.501324
-606.793900
-1560.588074
-2471.007214
-2954.524701
-2952.241804
-2770.523240
-2764.587709
-3104.282714
-3680.029221
-4206.465163
-4422.883755
-4255.319149
-3813.350379
-3354.944754
-3145.374852
-3223.449913
-3315.222354
-3091.498493
-2515.295407
-1767.875080
-1070.678477
-546.525431
-218.244909
-45.657931
173.500137
628.253128
1247.374669
1867.865948
2359.145284
2616.199434
2614.373117
2403.890056
2215.322802
2292.484705
2571.454662
2710.711351
2492.009862
1990.685782
1407.634006
914.528354
630.536024
566.158342
586.704411
449.730618
18.719752
-557.026756
-1034.152132
-1271.573372
-1274.312848
-1190.758835
-1179.800931
-1267.464159
-1398.958999
-1501.232764
-1470.641951
-1240.982559
-824.125651
-355.675281
-21.002648
154.780385
299.516026
493.105652
749.703223
1143.731166
1693.452653
2228.563601
2577.390193
2713.907406
2710.254771
2637.658661
2584.695462
2699.753447
3056.341887
3357.227650
3238.517030
2719.842937
2068.760844
1511.734088
1148.753538
1008.127112
1050.588987
1006.757374
491.279335
-459.318784
-1404.437951
-1941.831796
-2010.318692
-1863.756735
-1874.258059
-2278.787325
-3003.378687
-3711.989773
-4075.426902
-4022.007123
-3716.555566
-3411.104009
-3321.157885
-3508.811981
-3752.625331
-3727.970048
-3354.488175
-2783.307461
-2202.995160
-1713.085563
-1373.390558
-1183.453566
-978.906036
-587.160990
-42.918455
545.155694
1098.529815
1542.781481
1781.572459
1791.617204
1783.855356
1947.310748
2228.107022
2458.222993
2552.278331
2480.595379
2210.757008
1813.533011
1484.795909
1344.169482
1293.032600
1198.064104
995.342891
681.672907
302.712081
-16.893434
-157.063282
-167.108027
-205.460689
-342.434481
-536.024107
-740.571637
-928.682312
-1012.236325
-894.438864
-621.861017
-352.479226
-167.564606
-58.898731
-10.044745
54.789517
293.580495
740.571637
1259.702310
1686.147384
1927.677838
1931.787051
1792.986942
1769.701397
2082.001644
2613.003379
2929.869418
2790.612729
2290.658387
1600.310474
998.995526
846.041457
1186.193042
1566.523605
1343.256324
389.462150
-733.266368
-1399.415578
-1448.726144
-1106.748242
-846.041457
-1075.244270
-1818.098804
-2688.338964
-3220.253858
-3238.973610
-2897.452287
-2549.082276
-2513.469090
-2857.273308
-3249.474934
-3308.373665
-3008.857639
-2582.869144
-2204.364898
-1955.072596
-1869.235686
-1879.737010
-1779.746142
-1402.155054
-862.021733
-361.154232
61.638207
401.789791
575.289928
575.289928
621.404438
899.004657
1316.774724
1663.318418
1829.513286
1763.309287
1493.014337
1214.044380
1173.408821
1413.112958
1666.057894
1670.167108
1373.847137
924.116519
541.503059
404.072687
553.374121
768.422975
783.033513
555.200438
204.547530
-101.817186
-185.827778
-16.436855
254.314674
392.658205
264.815999
26.025021
-101.817186
-82.184275
110.492192
496.758287
881.654643
1129.577208
1259.702310
1287.553648
1265.637841
1284.357593
1460.140626
1845.036983
2202.995160
2252.762305
2075.609533
1757.373756
1226.372021
732.353210
720.938727
1142.818007
1381.608985
895.808602
-161.629075
-1087.115332
-1445.073509
-1314.491827
-980.275774
-876.632271
-1324.079993
-2132.681947
-2865.491736
-3167.290658
-2901.104922
-2334.490001
-1957.812072
-2077.892430
-2602.958634
-3013.423432
-2900.191763
-2413.934800
-1856.908045
-1377.043192
-1177.061456
-1298.511551
-1435.941923
-1330.472103
-1003.561319
-632.818921
-300.885764
52.963200
361.610812
469.363528
466.624053
517.304356
576.203086
715.916355
1068.395580
1448.726144
1522.691992
1192.585152
740.571637
531.001735
640.124190
933.248105
1198.064104
1166.103552
764.313761
282.166012
42.461876
121.450096
407.268743
650.625514
600.401790
252.488357
-131.951420
-247.922564
-37.439503
269.838371
485.343804
554.287280
463.427997
265.272578
177.609351
332.389736
608.620217
832.344078
974.340243
1117.249566
1254.223359
1355.583965
1425.897178
1499.863026
1646.424984
1874.258059
2071.043740
2111.679299
1981.554196
1767.875080
1493.014337
1151.949594
939.640216
1077.983746
1324.993151
1162.907497
420.966122
-516.391197
-1107.661401
-1193.041731
-990.320519
-886.677016
-1161.537759
-1816.272487
-2591.087572
-3078.257693
-3079.170852
-2709.798192
-2266.003105
-2149.575381
-2523.970414
-3043.557666
-3217.514382
-2896.995708
-2333.576842
-1840.014611
-1540.498585
-1475.207744
-1577.938088
-1582.047302
-1256.962834
-730.983472
-277.600219
37.439503
241.073875
312.756826
313.669984
412.747694
665.236052
956.990229
1175.691718
1360.606337
1473.838006
1361.062917
1108.574559
980.732353
1072.961373
1236.873345
1291.662862
1159.711442
841.475664
450.187198
211.852799
263.446261
459.775363
560.679390
467.993791
194.046206
-164.825130
-375.764770
-274.404164
49.767145
294.037074
275.773902
94.055337
-84.467172
-123.276413
68.030317
430.097708
742.397955
860.651995
829.148023
807.688796
935.074422
1187.106200
1450.552461
1624.052598
1687.060542
1753.264542
1884.302803
1981.554196
2002.100265
1934.526527
1672.450005
1267.464159
1044.653456
1177.518035
1392.110310
1206.739111
517.304356
-241.073875
-678.020272
-813.624327
-772.988768
-758.378230
-1039.631084
-1632.727605
-2295.224180
-2767.327185
-2851.337777
-2591.087572
-2298.420236
-2321.249201
-2730.344261
-3147.657748
-3154.049858
-2791.525888
-2369.646608
-2019.450279
-1794.356680
-1769.701397
-1830.426445
-1706.693453
-1303.533924
-801.296685
-417.313487
-164.825130
39.722400
190.393571
300.885764
459.318784
654.278148
851.976988
1108.574559
1372.477399
1450.552461
1305.816820
1134.599580
1110.857456
1235.960186
1416.309013
1521.778833
1421.331385
1053.785042
625.513652
447.904301
525.979363
656.104465
659.300521
489.909597
148.844854
-209.113323
-315.952881
-119.167199
166.194868
273.034426
145.192220
-88.119806
-270.294950
-271.208109
-33.330289
280.339695
430.097708
439.685873
479.408273
609.076797
812.711168
1045.566615
1221.349648
1302.164186
1335.494475
1456.031413
1724.043466
1953.246279
1998.904210
1870.605424
1529.084102
1084.375856
920.920464
1230.481235
1638.206556
1560.131495
848.780933
-5.935531
-473.016163
-512.281983
-352.022646
-255.684412
-535.567528
-1197.150945
-1938.179162
-2450.461145
-2522.144096
-2221.258333
-1928.134417
-2013.058168
-2530.362524
-3076.887955
-3189.206465
-2865.491736
-2437.676924
-2097.068761
-1913.067300
-1937.266003
-2055.976623
-1983.837093
-1603.506529
-1106.748242
-727.787417
-468.906949
-232.398868
-64.834262
47.940827
210.939640
427.358232
629.166286
831.887499
1066.112684
1239.612821
1230.024655
1092.594284
1032.782394
1126.381152
1314.035248
1498.493288
1524.518309
1299.881289
967.948133
778.011141
797.644051
910.419140
943.292850
822.299333
510.912245
102.273765
-130.581682
-42.461876
188.567254
287.644964
187.197516
-19.176331
-199.981737
-262.533102
-161.172496
74.879006
238.334399
244.726509
259.793626
369.372660
546.068852
775.728244
968.404712
1025.020546
997.169208
1039.174505
1293.489179
1650.077618
1820.838280
1751.438225
1543.238060
1199.890421
904.940188
977.079719
1384.348461
1659.209205
1358.323441
585.791252
-100.447448
-347.000274
-257.510730
-81.727696
-81.727696
-457.035887
-1134.143001
-1807.140900
-2189.297781
-2132.225368
-1786.594832
-1570.632819
-1803.944845
-2418.500594
-2934.435211
-2971.874715
-2644.507351
-2268.742581
-1972.422610
-1863.300155
-1995.251575
-2194.320153
-2134.964843
-1697.561866
-1147.840380
-736.919003
-480.778011
-349.739750
-338.781846
-297.689709
-67.117158
283.079171
572.550452
772.075610
941.923112
1004.474477
901.287554
768.422975
811.341430
1009.953429
1215.414117
1348.735275
1337.777372
1138.252214
897.634919
828.234864
938.270478
1069.308739
1087.571911
980.732353
718.199251
369.372660
187.654096
301.342343
500.867501
527.349101
395.397681
239.704137
87.663227
-21.459227
21.002648
218.701488
353.848964
299.516026
218.244909
277.143640
458.862204
680.759748
850.150671
870.696740
790.795361
816.363802
1074.331111
1409.003744
1532.280157
1430.919551
1227.285179
909.505981
626.883390
689.891334
1100.812711
1390.283992
1094.420601
357.045019
-236.051502
-406.812163
-272.577847
-37.439503
41.092138
-284.448909
-962.469181
-1639.119715
-1954.616017
-1795.726418
-1386.631358
-1127.294311
-1357.866861
-2024.472651
-2595.196786
-2629.896813
-2271.025477
-1890.694914
-1629.074970
-1556.935440
-1789.334307
-2146.835905
-2182.449091
-1701.671080
-1054.241622
-686.695279
-604.967583
-643.776824
-718.199251
-665.236052
-341.977902
131.951420
473.016163
549.721487
494.475390
441.512191
428.271391
534.654369
791.251940
1003.561319
1033.695553
962.469181
860.651995
768.422975
750.159803
874.349374
1077.527166
1164.277235
1045.110036
881.198064
751.072961
595.379417
508.629349
584.421514
708.154506
716.372934
577.116245
406.355584
298.602867
254.314674
316.866040
469.363528
564.332024
505.433294
397.680577
362.067391
436.033239
596.292576
770.705872
880.284905
883.024381
812.254589
830.517761
1008.127112
1209.478586
1330.015524
1323.166834
1064.286367
633.732079
372.568715
520.500411
934.617843
1098.986394
695.370286
4.565793
-501.324080
-594.922838
-347.456853
-65.290841
-47.940827
-408.181901
-1042.827139
-1621.769701
-1792.073783
-1493.927495
-1053.328463
-958.816546
-1423.157702
-2108.939823
-2444.069035
-2268.742581
-1866.039631
-1527.257785
-1423.157702
-1593.918364
-1919.915989
-2096.612182
-1842.297507
-1285.270752
-864.761209
-782.120354
-871.609899
-913.158616
-779.380878
-464.341156
-113.688248
105.926399
158.889599
180.805406
288.101543
435.576660
562.505707
682.129486
755.182175
766.140079
768.879554
836.909871
938.270478
957.446809
897.178340
861.108575
890.329650
943.749429
1002.648160
996.712629
840.105926
625.970231
548.808328
653.821569
788.969044
782.576934
643.776824
473.472742
312.756826
278.056798
419.139805
591.270204
612.729431
463.427997
282.166012
220.071226
332.389736
578.485983
839.192768
915.898091
751.986120
557.026756
537.393845
740.571637
1054.698201
1308.556296
1334.581317
1032.782394
508.172770
148.844854
283.535750
761.117706
1099.899553
886.220436
192.219889
-486.256963
-729.613734
-512.281983
-110.492192
107.752717
-83.554013
-648.799196
-1330.015524
-1721.303991
-1560.131495
-1055.154780
-748.790065
-1000.365263
-1640.946032
-2164.642498
-2247.283353
-1961.008127
-1571.089398
-1302.620765
-1331.841841
-1645.055246
-1983.837093
-2009.405534
-1614.921012
-1102.639028
-825.038809
-845.584878
-976.623139
-1014.062643
-853.803306
-526.892521
-169.390923
84.467172
177.609351
150.671172
126.015889
217.788330
451.100356
708.154506
804.492740
749.246644
741.941375
851.063830
969.774450
1013.149484
1014.519222
1012.236325
989.407360
943.749429
926.399416
970.687608
974.340243
889.873071
774.815085
704.501872
692.174231
714.090037
725.504520
699.479500
656.104465
599.945210
539.220163
478.495115
441.512191
458.862204
486.713542
479.408273
490.366177
586.247831
688.978176
667.062369
552.917542
501.324080
599.945210
810.428271
1002.191581
1084.832435
983.928408
670.258424
278.969957
98.164551
341.977902
825.495389
1034.608712
647.429458
-108.209296
-702.218975
-790.795361
-470.733266
-54.332938
105.013241
-190.850151
-856.086202
-1562.414391
-1859.647521
-1574.285453
-1007.213953
-701.762396
-987.581043
-1675.646060
-2203.908319
-2229.476760
-1874.714638
-1433.202447
-1161.081180
-1198.064104
-1515.843302
-1859.190941
-1886.129121
-1502.602502
-1005.387636
-727.330837
-725.047941
-850.607250
-911.788878
-768.422975
-447.904301
-117.797461
87.663227
141.083006
157.519861
218.244909
340.608164
527.349101
694.913707
766.596658
788.055885
839.649347
941.009953
1025.477125
1040.544243
1002.191581
951.054698
920.007305
952.881015
1032.782394
1049.219249
928.682312
739.658479
609.076797
582.595197
662.039996
780.294037
807.688796
674.367638
418.226646
225.550178
220.984385
331.933157
442.881929
456.122729
352.479226
231.942288
215.048854
341.064743
551.091225
700.849238
689.891334
548.351749
429.184549
500.867501
779.837458
1061.546891
1175.235138
1076.157429
745.137430
323.258150
162.998813
484.430646
1025.020546
1222.262807
781.207196
7.761848
-543.329376
-624.143914
-342.891060
16.436855
143.365903
-121.906675
-727.330837
-1433.202447
-1821.751438
-1608.985481
-1010.410008
-637.841293
-931.878367
-1662.405260
-2223.541229
-2300.703132
-1997.077892
-1549.630171
-1200.803580
-1193.954890
-1585.243357
-2061.912154
-2165.099078
-1755.090859
-1142.818007
-728.700575
-699.936079
-905.853347
-1013.606063
-832.344078
-431.010867
-26.025021
241.987033
326.454205
283.992329
241.073875
367.546343
688.065017
1001.278422
1102.182449
1010.410008
922.746781
946.032326
1060.633732
1198.520683
1249.200986
1175.235138
1035.978449
928.225733
907.679664
920.007305
920.463885
847.867775
699.936079
533.284632
456.122729
496.301708
533.741211
454.752991
267.098895
70.769793
-47.027669
-54.332938
21.915807
118.710620
137.430372
53.876358
-60.268469
-79.901379
52.506620
291.754178
520.043832
603.597845
535.567528
424.162177
424.162177
637.841293
1005.844215
1307.643138
1335.951055
989.863939
495.388549
276.230481
555.200438
1118.619304
1419.048489
1130.033787
438.316136
-183.088302
-425.075336
-271.664688
85.836910
341.064743
215.048854
-372.568715
-1167.473290
-1684.777646
-1636.380239
-1199.890421
-850.150671
-959.729705
-1472.924847
-2032.691078
-2342.708428
-2318.053146
-2030.864761
-1672.450005
-1500.319606
-1640.946032
-1967.400237
-2144.096430
-1937.266003
-1483.426171
-1086.202173
-898.091498
-837.366451
-773.445347
-638.754452
-418.683225
-138.343530
148.388275
365.263446
473.472742
546.982011
672.541320
877.545430
1090.767966
1193.954890
1166.103552
1117.249566
1170.212766
1312.665510
1434.572185
1422.701123
1285.727331
1104.008766
967.034974
919.094147
949.228381
970.687608
886.677016
683.955803
433.293763
231.942288
126.929048
113.688248
111.405351
46.114510
-121.450096
-334.216053
-473.929322
-474.385901
-378.504246
-280.796274
-267.555474
-327.367364
-368.459501
-272.121267
-28.307917
239.704137
422.792439
479.864853
475.755639
491.279335
614.555748
908.136243
1301.251027
1598.940736
1624.965757
1338.690531
907.223085
679.846589
909.505981
1477.947219
1874.714638
1704.410556
1062.003470
372.112136
-22.828965
-45.657931
191.763309
453.383253
467.993791
27.394758
-774.815085
-1550.543329
-1878.823852
-1671.536846
-1291.206283
-1216.327276
-1611.724957
-2175.600402
-2581.499406
-2702.036344
-2579.216510
-2285.636015
-1977.901562
-1889.325176
-2070.130582
-2272.851794
-2195.233312
-1818.555383
-1367.911606
-1067.482422
-934.617843
-799.470368
-561.135969
-274.404164
-26.938179
184.458040
425.988494
652.451831
784.859830
883.024381
1081.179801
1345.539220
1508.538033
1484.795909
1372.020820
1339.603689
1415.395854
1506.711716
1530.453840
1466.989316
1336.864213
1179.800931
1006.300794
830.061182
721.395306
687.608438
611.359693
387.635832
81.271117
-156.606703
-272.577847
-343.347639
-436.033239
-518.217514
-594.922838
-683.499224
-780.294037
-819.103278
-762.944023
-627.796548
-498.128025
-431.467446
-385.809515
-284.905488
-82.640855
157.519861
373.481874
557.026756
720.025568
846.041457
901.287554
959.729705
1167.016711
1527.257785
1883.389645
2037.256872
1882.019907
1491.644599
1148.753538
1141.448270
1508.081454
1930.417313
2006.666058
1614.464432
966.121815
360.241074
-9.588165
-81.271117
51.136882
170.304082
11.871062
-550.178066
-1330.015524
-1938.179162
-2116.701671
-1956.442334
-1799.835631
-1902.109396
-2191.124098
-2472.833531
-2639.484979
-2650.899461
-2529.449365
-2328.554470
-2150.488540
-2075.152954
-2049.127934
-1913.523879
-1605.332846
-1236.873345
-971.144188
-848.324354
-732.809789
-492.192494
-112.775089
299.059447
625.970231
823.212492
903.570450
920.463885
967.948133
1131.860104
1415.395854
1674.732901
1744.589535
1609.442060
1408.090585
1301.251027
1321.797096
1365.628710
1331.385262
1178.431193
941.466533
674.824217
450.643777
319.605515
247.922564
153.410647
-47.940827
-333.302895
-603.141266
-728.243996
-690.804493
-626.426810
-688.978176
-867.044106
-991.690257
-967.948133
-823.212492
-654.278148
-534.197790
-482.147749
-473.929322
-436.489818
-311.387088
-73.052689
224.637019
497.671446
676.193955
762.944023
832.800657
964.295498
1151.949594
1341.430006
1511.734088
1675.646060
1869.692266
2068.760844
2181.992512
2071.956899
1724.500046
1330.472103
1194.868049
1413.569537
1700.757922
1714.911880
1355.127386
793.078258
246.096247
-156.606703
-359.784495
-388.548991
-347.000274
-431.467446
-805.862478
-1387.087937
-1889.325176
-2090.676651
-2069.674002
-2086.567437
-2253.218884
-2443.612455
-2507.990138
-2455.940097
-2366.450552
-2258.241257
-2145.922747
-2071.500320
-2039.539768
-1959.181810
-1699.388184
-1243.265455
-753.812437
-459.318784
-421.422701
-434.663501
-267.555474
106.382979
519.130673
840.562506
1056.981098
1167.473290
1170.669345
1126.381152
1167.016711
1335.037896
1503.972240
1513.103826
1341.886586
1123.185097
1027.760022
1066.569263
1070.221898
907.223085
608.620217
321.888412
122.363254
-15.980276
-110.035613
-140.626427
-189.480413
-369.829239
-649.255776
-898.091498
-974.340243
-903.113871
-811.798009
-804.036161
-862.478312
-913.158616
-890.329650
-805.405899
-699.022920
-535.110949
-322.801571
-141.083006
-22.828965
69.400055
217.788330
415.487170
578.485983
709.524244
878.915168
1106.291663
1327.732627
1472.011688
1524.061730
1524.061730
1546.890695
1614.921012
1693.909232
1806.684321
1969.226555
2118.527988
2097.525340
1792.986942
1334.581317
986.667884
937.357319
1103.552187
1232.764131
1118.162725
751.072961
288.101543
-135.604054
-462.058260
-684.868962
-785.772989
-825.495389
-960.642864
-1290.749703
-1692.082915
-1935.896265
-1965.117341
-1984.293672
-2154.597754
-2389.736097
-2485.617752
-2371.929504
-2148.205643
-1941.831796
-1791.617204
-1685.690804
-1623.139439
-1603.506529
-1518.126199
-1246.918090
-811.798009
-382.156881
-128.755365
-41.092138
59.811889
279.883116
531.001735
714.090037
807.232216
896.265181
1013.149484
1089.398228
1088.485070
1047.849511
1020.454753
1000.365263
898.091498
702.675555
510.455666
434.663501
464.341156
437.859556
254.771254
-8.218428
-207.743585
-306.364716
-398.593736
-527.805680
-634.645238
-698.109762
-743.767692
-804.492740
-825.495389
-765.226920
-665.236052
-615.468907
-638.297872
-671.628162
-609.533376
-422.792439
-197.698840
-15.067117
96.338234
175.783034
267.098895
363.437129
487.170121
661.583417
865.217788
1024.563967
1096.246918
1102.182449
1112.683773
1186.193042
1303.077345
1404.894530
1446.899826
1437.768240
1418.591909
1407.177427
1382.978723
1360.606337
1371.564241
1430.462971
1503.059081
1505.798557
1354.670806
1054.698201
706.784769
488.083280
481.691170
562.049128
560.222811
390.831887
84.010593
-254.314674
-555.657018
-773.445347
-877.545430
-879.828326
-886.677016
-1056.067939
-1378.412930
-1688.886860
-1785.681673
-1680.668432
-1594.831522
-1678.842115
-1854.625148
-1940.918638
-1870.148845
-1669.710529
-1422.701123
-1183.453566
-1005.387636
-951.511278
-996.712629
-988.037622
-796.730892
-452.926673
-114.144827
62.094786
137.886951
231.942288
363.437129
470.733266
503.606977
506.346452
516.847776
504.520135
466.167473
452.013515
486.256963
516.391197
431.924025
207.743585
-66.204000
-221.440964
-206.830426
-123.732992
-126.472468
-254.771254
-406.355584
-514.564880
-570.724135
-589.900466
-583.508355
-535.567528
-483.517487
-465.254315
-493.105652
-495.845128
-379.873984
-172.130399
11.871062
85.380331
115.514565
181.261985
285.362067
384.896356
474.842480
594.922838
743.311113
859.282257
910.875719
948.315222
1006.757374
1066.569263
1078.440325
1030.499498
993.059995
1025.020546
1081.179801
1090.311387
1022.281070
945.575747
925.942836
914.071774
864.761209
800.383527
774.815085
783.946672
767.966396
730.070313
729.157155
803.123002
867.957264
790.338782
531.914894
226.006757
105.926399
201.808054
310.930509
274.404164
116.884303
-34.700027
-152.954068
-312.300247
-511.825404
-632.362341
-636.471555
-651.995252
-799.926947
-1040.544243
-1190.758835
-1147.840380
-1056.524518
-1114.510090
-1319.970779
-1463.793261
-1440.964295
-1309.926034
-1189.389097
-1093.507442
-966.578395
-855.173044
-836.453292
-898.548078
-904.940188
-762.944023
-525.522783
-341.977902
-299.516026
-286.731805
-210.483061
-88.576386
-10.501324
-37.896083
-84.923751
-86.293489
-73.509269
-103.643503
-161.629075
-187.654096
-162.085654
-154.780385
-224.637019
-316.409460
-326.454205
-262.076523
-219.158068
-269.381792
-338.781846
-317.779198
-211.396220
-115.057986
-96.338234
-111.405351
-89.946124
-15.523696
64.834262
134.234317
229.202813
370.742398
482.147749
496.758287
447.447722
467.537211
594.009679
762.030865
856.086202
837.823030
756.551913
688.521596
671.171583
687.608438
712.720300
737.832161
746.963748
689.434755
597.662314
537.393845
534.654369
539.676742
498.128025
418.683225
352.479226
340.151584
379.873984
435.120080
479.864853
501.324080
503.606977
492.649073
488.083280
520.500411
601.771528
718.655831
848.780933
985.754726
1060.633732
992.603415
781.663775
558.396493
494.018811
596.749155
720.482148
713.176879
573.007031
391.288467
235.138344
67.117158
-143.365903
-320.975253
-423.705598
-513.195142
-695.826865
-956.533650
-1148.753538
-1182.540407
-1184.823304
-1304.903662
-1536.845950
-1723.586887
-1755.547439
-1684.321067
-1611.268377
-1566.067026
-1493.014337
-1412.656378
-1396.676103
-1432.745868
-1395.306365
-1189.845676
-930.965209
-796.274313
-767.509816
-690.347913
-498.128025
-303.168660
-213.222537
-189.936992
-139.256689
-36.526345
33.786869
21.002648
-2.282897
61.638207
190.850151
262.076523
217.331751
161.172496
195.872523
293.580495
334.216053
288.558123
254.771254
278.969957
327.823943
328.737102
292.667336
264.815999
273.034426
289.927860
269.838371
229.659392
227.833075
278.056798
308.191033
265.729157
203.177792
200.894895
241.987033
276.230481
280.339695
284.905488
325.541046
371.655557
389.918729
383.070039
371.655557
389.918729
423.249018
461.145101
516.847776
593.553100
661.126838
664.322893
604.054424
564.332024
636.014976
790.338782
920.463885
963.382340
951.967857
937.813898
925.942836
936.900740
968.861291
1010.866588
1048.306091
1033.695553
973.883664
911.788878
932.334947
1036.435029
1092.137704
942.836271
609.989955
281.709433
120.080358
121.906675
137.430372
54.789517
-140.626427
-386.722674
-632.362341
-852.433568
-1014.519222
-1073.417953
-1060.177153
-1112.227194
-1338.233951
-1638.206556
-1794.813259
-1741.393480
-1611.724957
-1585.699936
-1666.971053
-1733.631632
-1724.043466
-1643.685508
-1504.428819
-1306.273400
-1064.286367
-871.609899
-813.624327
-829.604602
-763.400603
-550.634645
-317.779198
-200.438316
-173.956716
-96.338234
69.400055
222.810702
262.533102
198.611999
148.388275
140.626427
139.256689
112.775089
79.444800
82.640855
80.357958
16.436855
-105.926399
-185.827778
-155.236965
-71.226372
-39.265820
-101.360606
-173.043558
-167.564606
-87.206648
-11.414483
31.047393
67.117158
106.839558
149.758013
178.065930
240.160716
354.305543
490.366177
585.334673
589.900466
552.460962
561.135969
642.863665
756.095334
858.825678
923.659940
967.948133
976.623139
930.052050
875.262533
867.957264
913.615195
959.729705
935.074422
835.083554
742.397955
721.851886
722.308465
680.759748
599.032052
514.108301
457.949046
424.162177
384.439777
350.652908
326.454205
293.123916
235.138344
142.909323
88.119806
105.013241
157.519861
206.830426
200.894895
145.192220
108.209296
141.996165
251.575199
354.762122
335.585791
161.629075
-69.400055
-210.939640
-183.544882
-86.293489
-46.114510
-108.209296
-236.508081
-367.089763
-480.778011
-570.267555
-594.466259
-581.682038
-613.642590
-744.680851
-946.032326
-1076.614008
-1062.460049
-1001.278422
-1035.521870
-1182.996987
-1333.668158
-1358.323441
-1256.506255
-1138.708794
-1056.981098
-990.320519
-939.183636
-925.029678
-943.749429
-908.592823
-755.182175
-555.657018
-444.251667
-488.539859
-553.830700
-475.299059
-276.687061
-115.057986
-94.055337
-128.755365
-112.318510
-52.050041
-9.131586
14.153959
94.055337
234.225185
311.843667
261.163364
183.088302
226.919916
366.176605
488.539859
521.870149
528.262259
588.074148
658.387362
680.303169
662.039996
659.757100
700.849238
725.961099
692.174231
642.407086
650.168934
684.412382
657.017624
556.113597
462.058260
440.599032
451.100356
424.162177
363.893708
306.821295
269.381792
237.877819
214.592275
204.090951
203.634371
209.569902
183.544882
128.755365
82.640855
90.402703
130.581682
166.194868
153.410647
115.057986
100.904027
120.993517
161.629075
204.090951
255.227833
296.776550
320.062095
334.216053
345.173957
373.025294
433.293763
490.822756
512.738563
506.803032
489.453018
468.450370
440.142453
393.571363
366.176605
386.722674
431.467446
443.795087
374.851612
218.701488
8.675007
-176.239613
-262.533102
-273.947585
-291.297598
-353.848964
-457.949046
-578.485983
-688.521596
-788.055885
-852.890147
-865.674368
-877.545430
-946.488905
-1082.549539
-1182.540407
-1159.254863
-1056.524518
-991.233677
-1013.149484
-1050.132408
-1010.410008
-912.245457
-809.515113
-706.328189
-572.093873
-410.921377
-294.493654
-254.314674
-230.115971
-143.822482
-5.022372
93.598758
99.534289
83.097434
127.842206
224.180440
291.754178
284.448909
245.183088
198.611999
158.433020
102.730344
41.092138
26.025021
36.069765
13.240800
-73.965848
-153.410647
-145.192220
-73.965848
-28.764496
-54.332938
-113.688248
-127.385627
-72.596110
0.913159
38.352662
54.332938
76.248744
94.055337
108.665875
123.732992
176.696192
246.096247
285.362067
289.471281
272.121267
289.471281
368.002922
461.145101
504.063556
489.909597
453.383253
436.033239
457.035887
504.063556
555.200438
588.530728
590.357045
565.701762
523.696466
483.974066
476.212218
475.755639
457.949046
417.313487
358.414757
315.039722
295.406812
282.622592
254.314674
210.939640
160.259337
134.234317
131.951420
129.211944
106.839558
77.618482
63.921103
53.876358
52.050041
59.355310
78.075062
104.556661
110.948772
70.769793
24.198703
29.221076
117.340882
243.813350
316.866040
276.687061
140.169848
12.327641
-35.613186
-14.153959
28.307917
55.246096
63.007944
45.657931
-13.697379
-101.817186
-184.458040
-229.202813
-246.552826
-276.687061
-366.633184
-478.495115
-540.133321
-566.614921
-591.270204
-648.799196
-721.395306
-761.117706
-747.876906
-726.874258
-716.829513
-693.087389
-657.017624
-625.970231
-628.709707
-670.715003
-704.501872
-679.390010
-632.362341
-608.620217
-615.012328
-602.228107
-551.547804
-485.800384
-446.534563
-441.055611
-427.814811
-389.005570
-332.846315
-280.796274
-235.138344
-171.217240
-102.273765
-51.593462
-9.588165
40.178979
121.450096
205.004109
260.706785
277.600219
273.491005
292.667336
348.370012
421.422701
486.713542
523.239887
536.480687
523.239887
509.542508
520.956990
556.570176
596.749155
617.295224
608.620217
564.788604
495.388549
442.425349
430.554287
433.750342
425.531915
401.333212
358.871336
319.605515
293.123916
268.468633
232.398868
187.654096
151.584330
141.083006
157.976441
168.021185
157.063282
149.758013
148.388275
147.931696
155.693544
159.802758
171.673820
176.696192
168.021185
159.802758
161.172496
189.480413
228.746233
242.900192
212.309378
192.676468
211.396220
257.967309
301.798922
315.496302
318.235778
304.081819
284.905488
291.297598
322.801571
351.109488
362.523970
355.218701
352.022646
353.848964
348.370012
300.429185
179.435668
44.744772
-57.072413
-123.276413
-182.631723
-242.900192
-297.233129
-358.871336
-437.859556
-530.088576
-615.012328
-665.236052
-709.067665
-780.294037
-867.957264
-925.942836
-935.987581
-933.248105
-952.881015
-1010.410008
-1056.524518
-1045.110036
-981.188933
-906.309926
-826.865126
-746.963748
-674.824217
-636.928134
-635.101817
-613.186010
-541.046480
-415.030591
-284.905488
-206.373847
-162.998813
-115.514565
-48.397407
36.526345
111.861930
166.651447
209.569902
247.465985
265.272578
260.250205
247.465985
254.771254
277.143640
277.143640
259.793626
257.510730
272.121267
294.493654
301.342343
293.580495
287.188385
294.950233
300.885764
281.709433
258.880468
255.227833
262.989681
265.272578
250.662040
246.096247
275.317323
293.123916
268.012054
205.004109
154.780385
158.433020
185.827778
193.589627
177.152771
178.522509
209.569902
251.575199
272.577847
273.947585
283.535750
306.821295
318.692357
316.409460
325.541046
364.806867
419.596384
441.968770
407.725322
354.762122
333.302895
339.238426
360.241074
355.218701
331.019998
315.039722
290.841019
261.619943
227.833075
199.525158
193.589627
189.023833
175.326454
156.606703
132.407999
125.102730
109.122455
71.226372
45.201351
44.744772
38.809241
9.588165
-37.896083
-71.226372
-93.598758
-111.861930
-112.318510
-99.077710
-89.032965
-89.032965
-127.842206
-209.113323
-277.143640
-291.297598
-258.880468
-230.572550
-235.138344
-261.619943
-293.580495
-317.322619
-341.977902
-357.958177
-362.980550
-354.305543
-372.112136
-442.881929
-533.284632
-585.334673
-575.746507
-546.068852
-540.589900
-557.026756
-576.659666
-578.485983
-567.984659
-550.634645
-512.281983
-454.296411
-423.705598
-443.338508
-483.060908
-501.324080
-461.145101
-414.117432
-404.529267
-397.223998
-367.546343
-325.997626
-301.798922
-299.059447
-270.751530
-192.219889
-129.668523
-129.211944
-147.018537
-121.450096
-41.092138
42.005296
89.489544
123.732992
178.979089
247.922564
301.342343
321.888412
363.437129
437.402977
523.696466
580.312300
587.617569
591.270204
614.099169
633.732079
625.970231
618.208383
625.970231
636.471555
630.992603
611.359693
580.312300
552.460962
537.393845
503.606977
431.010867
364.806867
331.933157
326.454205
320.975253
285.362067
230.572550
182.631723
137.430372
74.879006
18.719752
-5.935531
9.131586
36.526345
43.831614
39.265820
28.764496
30.134234
43.831614
54.332938
83.097434
135.147475
187.197516
203.634371
192.219889
184.001461
198.611999
240.617295
282.622592
315.496302
326.910784
320.518674
300.429185
282.622592
278.969957
269.381792
259.793626
240.617295
196.785682
141.083006
73.509269
-0.456579
-64.834262
-124.646151
-192.219889
-259.337047
-299.059447
-332.389736
-388.092412
-459.775363
-536.937266
-592.639942
-630.536024
-683.955803
-752.899279
-814.080906
-851.976988
-854.716464
-841.475664
-817.733540
-793.991416
-768.422975
-750.616382
-746.963748
-736.919003
-716.829513
-655.191307
-592.183362
-548.351749
-521.413570
-496.301708
-457.492466
-406.812163
-344.717377
-275.317323
-201.808054
-122.363254
-46.571089
26.025021
90.859282
147.931696
199.981737
226.006757
225.550178
219.158068
236.964661
275.773902
334.216053
386.722674
404.985846
385.352936
352.022646
329.650260
317.322619
321.888412
338.781846
345.173957
336.042371
305.908136
291.754178
310.017350
336.042371
347.913433
342.891060
331.019998
327.823943
342.891060
366.633184
388.092412
387.179253
379.417405
362.067391
332.389736
307.277874
311.387088
352.935805
388.092412
369.829239
320.062095
290.841019
281.252854
283.535750
265.272578
255.684412
270.751530
282.622592
263.902840
218.244909
189.936992
184.458040
169.847503
123.732992
62.094786
16.893434
-3.652634
-30.590814
-70.769793
-118.710620
-156.606703
-175.326454
-190.850151
-213.679116
-222.354123
-218.701488
-226.463337
-247.465985
-255.227833
-260.706785
-269.838371
-280.796274
-270.751530
-250.205461
-236.508081
-229.659392
-241.530454
-261.163364
-273.491005
-262.989681
-232.855447
-192.219889
-160.715916
-142.452744
-159.346178
-194.046206
-215.048854
-197.698840
-138.343530
-65.290841
-13.697379
1.369738
-19.176331
-43.831614
-56.615834
-57.985572
-48.853986
-43.375034
-58.898731
-82.640855
-98.621130
-118.710620
-123.276413
-125.102730
-138.800110
-158.889599
-181.718565
-193.589627
-187.654096
-167.108027
-143.365903
-145.648799
-178.065930
-190.393571
-177.609351
-153.867227
-142.909323
-138.343530
-125.559310
-94.968496
-70.313213
-71.226372
-68.943475
-51.593462
-9.131586
48.397407
86.750068
95.425075
107.752717
125.559310
144.279061
153.410647
175.783034
231.029130
283.535750
302.255502
287.644964
259.337047
238.334399
252.944937
277.143640
286.275226
278.513378
241.073875
193.589627
151.127751
123.276413
105.013241
73.052689
60.725048
67.573738
76.705324
70.769793
53.419779
38.352662
33.330289
20.546069
-0.456579
-6.392110
8.675007
26.938179
19.176331
-21.002648
-44.744772
-5.935531
42.461876
68.030317
62.551365
39.265820
26.025021
15.067117
1.826317
5.478952
38.809241
82.640855
115.057986
107.296137
94.968496
107.296137
133.321158
151.127751
145.648799
133.321158
122.819834
124.646151
117.340882
104.556661
108.665875
122.363254
132.864579
110.492192
78.988220
55.246096
53.419779
42.005296
16.436855
2.282897
-6.392110
0.000000
-18.263172
-57.072413
-85.380331
-88.576386
-100.447448
-116.884303
-125.102730
-110.492192
-78.531641
-78.531641
-109.579034
-151.127751
-177.609351
-208.200164
-235.594923
-233.768606
-189.936992
-142.909323
-116.884303
-129.668523
-170.304082
-202.264633
-228.289654
-238.790978
-217.788330
-178.979089
-151.584330
-156.150123
-189.936992
-214.592275
-221.440964
-219.614647
-221.440964
-199.068578
-169.847503
-168.477765
-190.850151
-229.659392
-237.877819
-222.810702
-207.743585
-195.872523
-189.023833
-178.522509
-162.998813
-157.976441
-175.783034
-195.415944
-181.261985
-139.256689
-83.554013
-26.481600
27.394758
63.921103
80.357958
64.377682
44.288193
52.963200
106.382979
195.415944
279.883116
331.476577
338.781846
319.605515
295.863391
283.079171
289.927860
331.019998
388.548991
427.358232
420.052963
414.574012
410.008218
384.439777
351.109488
334.672633
324.627888
297.689709
279.883116
290.841019
309.104191
304.994978
259.337047
178.979089
119.623779
105.926399
121.450096
108.209296
77.618482
62.551365
59.355310
27.851338
-15.067117
-13.240800
10.957903
12.327641
-38.809241
-116.427723
-140.169848
-94.511917
-37.896083
-7.305269
-20.546069
-53.419779
-77.618482
-98.621130
-102.730344
-89.489544
-79.444800
-82.640855
-106.839558
-119.623779
-97.251393
-51.593462
-33.786869
-65.290841
-111.405351
-168.934344
-214.592275
-213.222537
-164.368551
-111.405351
-92.685599
-119.167199
-175.783034
-226.006757
-237.877819
-228.289654
-220.984385
-220.527806
-217.331751
-200.894895
-192.219889
-199.981737
-210.939640
-237.421240
-274.860743
-290.384440
-290.841019
-271.208109
-237.421240
-219.614647
-233.312026
-258.423888
-266.185736
-244.269930
-214.135695
-199.981737
-184.001461
-159.346178
-120.993517
-81.727696
-42.461876
16.436855
73.052689
96.338234
96.794813
106.839558
141.083006
204.547530
250.662040
253.401516
247.922564
285.362067
357.045019
414.574012
454.752991
455.666149
421.422701
380.787143
370.742398
383.983198
413.204274
431.010867
419.139805
370.742398
296.319971
251.118619
247.922564
256.597571
229.659392
185.827778
131.494841
69.400055
25.111862
-0.456579
-24.198703
-52.963200
-93.142179
-131.494841
-157.519861
-173.043558
-182.631723
-177.152771
-176.239613
-183.544882
-185.371199
-173.043558
-157.976441
-170.760661
-186.284358
-193.589627
-195.415944
-187.654096
-149.758013
-124.189572
-123.732992
-110.035613
-82.184275
-72.596110
-86.293489
-87.206648
-66.660579
-42.005296
-17.806593
6.848690
22.372386
13.697379
-16.893434
-42.005296
-65.290841
-68.943475
-25.568441
4.109214
-31.503972
-86.293489
-112.318510
-120.080358
-124.646151
-119.623779
-95.881655
-78.531641
-84.010593
-89.946124
-96.794813
-105.926399
-112.318510
-101.817186
-83.554013
-70.313213
-41.548717
6.392110
43.831614
69.856634
93.598758
94.055337
80.357958
81.271117
112.318510
142.909323
129.211944
115.971144
140.169848
180.348827
195.415944
193.133047
194.046206
178.522509
167.564606
167.564606
158.433020
143.365903
131.494841
121.450096
84.467172
36.982924
30.134234
45.657931
38.352662
43.375034
57.072413
45.201351
4.109214
-10.044745
11.871062
18.263172
2.282897
-23.742124
-39.265820
-46.114510
-33.786869
-2.282897
10.044745
-0.456579
-26.025021
-40.635558
-52.506620
-47.940827
-9.131586
24.198703
22.828965
-5.935531
-30.134234
-47.484248
-63.007944
-48.397407
0.456579
28.764496
13.697379
-16.436855
-37.439503
-56.615834
-74.879006
-78.988220
-85.380331
-99.077710
-106.839558
-110.948772
-130.125103
-157.063282
-147.475116
-139.713268
-177.609351
-225.093599
-252.488357
-252.031778
-226.463337
-167.564606
-117.797461
-118.254041
-161.172496
-192.676468
-194.959364
-204.547530
-172.586978
-81.727696
-4.565793
8.675007
-0.456579
10.957903
21.915807
42.461876
83.097434
127.385627
151.127751
174.413296
210.026482
232.855447
252.488357
278.969957
297.233129
291.754178
290.841019
317.779198
337.868688
314.126564
283.079171
264.359419
245.639668
212.309378
194.502785
205.460689
186.740937
139.713268
89.946124
55.246096
32.417131
10.044745
9.588165
-6.392110
-64.377682
-127.385627
-152.954068
-159.346178
-154.323806
-132.864579
-136.060634
-171.217240
-213.222537
-210.483061
-185.371199
-161.629075
-129.668523
-105.013241
-116.427723
-157.519861
-172.130399
-141.539585
-79.901379
-15.067117
30.590814
33.330289
2.282897
-10.044745
26.481600
72.596110
94.968496
97.251393
96.338234
83.097434
72.139531
87.663227
109.122455
123.732992
126.472468
97.707972
52.050041
15.523696
1.826317
-3.196055
-18.263172
-34.700027
-45.201351
-53.876358
-77.161903
-96.794813
-114.601406
-147.018537
-182.175144
-202.721213
-195.872523
-183.088302
-170.760661
-167.564606
-180.348827
-185.827778
-175.326454
-159.346178
-159.346178
-156.150123
-147.931696
-127.842206
-92.229020
-65.747420
-41.092138
-10.957903
6.392110
0.913159
0.456579
28.764496
93.142179
149.301434
157.976441
135.147475
115.057986
116.884303
131.038261
156.606703
189.023833
204.547530
190.393571
147.018537
104.556661
107.296137
138.800110
145.192220
136.060634
130.125103
99.077710
49.310565
11.871062
15.067117
56.159255
81.271117
55.246096
3.196055
-35.613186
-43.831614
-25.568441
-10.957903
9.131586
27.851338
17.350014
-42.461876
-106.839558
-94.511917
-37.439503
7.761848
30.134234
39.722400
47.027669
28.307917
-11.414483
-11.871062
27.394758
52.506620
40.635558
41.092138
81.727696
123.276413
125.559310
107.296137
69.400055
18.263172
-4.565793
18.263172
73.965848
106.839558
101.817186
64.834262
-0.913159
-70.313213
-101.817186
-93.598758
-57.528993
-17.350014
-10.044745
-63.464524
-140.169848
-154.780385
-110.035613
-82.640855
-104.556661
-114.601406
-97.251393
-107.752717
-149.758013
-146.105379
-100.447448
-54.332938
-19.176331
1.369738
8.675007
3.652634
-18.263172
-50.680303
-62.551365
-40.635558
20.546069
68.943475
58.442151
25.111862
11.871062
-5.022372
-37.439503
-40.635558
-0.913159
2.739476
-42.918455
-70.769793
-64.377682
-63.007944
-71.682951
-68.943475
-80.357958
-120.536937
-152.040910
-136.060634
-109.579034
-97.251393
-81.271117
-73.052689
-90.859282
-123.732992
-128.298785
-116.427723
-108.209296
-81.271117
-33.330289
2.739476
17.350014
47.940827
84.010593
84.923751
68.943475
87.206648
110.035613
122.363254
141.539585
177.609351
216.418592
220.071226
211.852799
220.984385
226.463337
217.331751
207.743585
203.177792
201.351475
189.480413
163.455392
125.559310
105.013241
117.340882
150.671172
152.954068
118.710620
96.338234
85.380331
42.461876
-14.610538
-22.372386
16.436855
34.243448
0.456579
-31.047393
-35.613186
-36.069765
-29.677655
-29.221076
-46.114510
-62.551365
-72.596110
-68.943475
-58.898731
-48.397407
-35.156607
-48.853986
-95.425075
-122.819834
-108.209296
-73.965848
-49.767145
-42.461876
-36.069765
-38.809241
-58.442151
-68.943475
-52.506620
-42.918455
-47.940827
-53.876358
-46.571089
-42.461876
-30.134234
-9.131586
-0.456579
0.000000
-6.848690
-15.067117
-25.568441
-44.288193
-51.593462
-46.571089
-74.422427
-97.251393
-69.400055
-44.288193
-50.223724
-66.660579
-74.879006
-99.077710
-149.301434
-177.152771
-171.217240
-160.259337
-132.864579
-89.946124
-83.097434
-113.688248
-142.909323
-151.127751
-147.931696
-137.886951
-107.296137
-39.265820
-3.196055
-14.610538
-29.677655
-36.526345
-33.330289
-15.523696
39.722400
96.794813
112.775089
104.556661
109.579034
115.057986
120.080358
150.214592
179.435668
178.522509
151.127751
159.802758
185.371199
184.001461
215.048854
262.989681
246.552826
190.850151
160.715916
150.671172
128.755365
133.777737
184.458040
203.634371
157.519861
110.948772
95.881655
64.377682
34.700027
43.375034
45.657931
16.436855
-14.153959
-28.307917
-51.593462
-86.293489
-76.705324
-53.419779
-58.898731
-70.313213
-63.464524
-82.184275
-132.407999
-133.321158
-101.360606
-96.338234
-98.164551
-81.727696
-61.181627
-65.747420
-86.293489
-86.750068
-66.660579
-39.722400
-11.414483
-8.218428
-17.806593
-27.394758
-20.546069
-25.568441
-22.828965
11.871062
15.523696
-8.218428
-27.394758
-21.915807
-17.350014
-16.893434
-23.742124
-36.982924
-27.851338
-32.873710
-65.290841
-102.273765
-96.338234
-75.792165
-70.769793
-70.769793
-83.097434
-89.032965
-87.206648
-92.229020
-98.164551
-96.338234
-99.534289
-105.926399
-83.554013
-50.680303
-36.069765
-35.156607
-36.069765
-42.461876
-27.851338
-16.436855
-18.719752
2.282897
49.767145
84.923751
87.663227
78.075062
54.789517
58.898731
71.682951
75.335586
97.707972
130.125103
142.909323
150.214592
142.909323
109.122455
88.576386
95.425075
105.926399
102.273765
109.122455
138.800110
132.864579
100.904027
74.879006
58.442151
44.744772
34.700027
57.985572
77.161903
80.357958
65.290841
35.613186
-14.610538
-46.114510
-28.307917
-8.218428
-10.957903
-9.131586
15.067117
9.131586
-45.657931
-89.946124
-87.206648
-77.161903
-88.576386
-94.511917
-71.682951
-56.159255
-48.397407
-31.047393
-36.526345
-57.072413
-63.007944
-60.268469
-64.834262
-66.660579
-20.546069
18.719752
8.675007
-11.871062
-8.218428
-25.111862
-61.638207
-39.722400
26.481600
54.789517
35.156607
12.784221
4.565793
-27.394758
-54.789517
-50.223724
-40.635558
-24.198703
0.456579
16.893434
-5.935531
-37.439503
-44.744772
-57.528993
-89.946124
-87.206648
-44.744772
-35.156607
-57.985572
-51.593462
-26.025021
-49.767145
-85.380331
-57.528993
-5.478952
21.459227
25.111862
16.436855
10.957903
26.025021
48.397407
61.181627
61.638207
82.640855
112.318510
88.119806
58.442151
98.164551
140.169848
128.298785
94.055337
78.531641
70.313213
47.940827
34.243448
47.484248
62.551365
80.357958
63.921103
10.501324
-13.697379
-2.739476
10.044745
-26.481600
-69.400055
-54.332938
-42.461876
-77.618482
-88.576386
-56.159255
-45.657931
-63.464524
-70.769793
-75.335586
-102.273765
-111.861930
-91.315862
-76.248744
-55.246096
-16.893434
0.456579
-9.588165
-19.176331
-13.240800
-14.610538
-13.697379
26.481600
81.271117
95.881655
86.293489
97.251393
90.402703
45.657931
30.590814
67.117158
75.792165
45.657931
49.767145
76.248744
89.032965
70.769793
37.439503
12.784221
-8.675007
-0.913159
15.980276
10.044745
5.022372
13.697379
-4.109214
-69.400055
-103.643503
-73.965848
-52.050041
-62.094786
-47.484248
-10.044745
-18.263172
-59.355310
-72.139531
-67.573738
-58.898731
-39.265820
-13.240800
-5.478952
-6.848690
1.369738
-4.565793
-28.764496
-33.330289
9.588165
50.680303
42.461876
33.786869
36.069765
22.828965
0.000000
9.131586
26.025021
11.871062
11.414483
36.069765
40.635558
21.459227
24.655283
36.982924
23.742124
-18.719752
-36.982924
-16.893434
-5.935531
1.369738
12.784221
18.263172
-7.305269
-27.851338
-38.352662
-63.921103
-59.355310
-20.089490
-11.871062
-42.005296
-45.657931
-20.089490
-28.764496
-56.159255
-55.246096
-24.198703
-14.153959
-35.156607
-43.831614
-40.635558
-29.221076
-29.677655
-36.069765
-33.786869
-13.697379
8.675007
0.456579
-24.655283
-10.044745
45.657931
56.615834
38.809241
34.700027
35.613186
29.221076
16.436855
31.503972
66.204000
84.010593
67.573738
28.307917
21.459227
42.461876
44.288193
44.288193
58.442151
74.879006
51.593462
-17.806593
-67.573738
-51.136882
-23.742124
-13.697379
10.957903
36.982924
35.156607
10.044745
-8.218428
-28.764496
-43.831614
-26.938179
-8.675007
4.109214
26.025021
50.680303
41.092138
17.806593
26.025021
54.789517
62.551365
43.375034
55.246096
86.750068
82.640855
66.660579
71.226372
63.921103
39.722400
52.050041
96.338234
91.772441
56.615834
55.702676
48.397407
-12.327641
-59.811889
-50.223724
-14.610538
-0.913159
-2.739476
-9.588165
-66.204000
-131.951420
-131.494841
-100.447448
-98.164551
-88.119806
-62.094786
-91.772441
-144.279061
-136.517213
-102.730344
-132.407999
-145.648799
-89.489544
-45.657931
-56.615834
-56.159255
-19.632910
-15.523696
-40.635558
-60.725048
-62.551365
-54.789517
-28.764496
10.044745
34.243448
34.243448
49.310565
68.030317
44.288193
26.938179
42.005296
32.873710
-3.196055
-10.501324
15.980276
34.243448
35.156607
26.025021
31.960552
27.394758
-1.369738
-24.198703
-16.893434
-1.369738
-12.784221
-28.307917
-19.176331
-0.456579
-2.739476
-12.784221
-16.893434
-26.481600
-35.613186
-19.176331
8.218428
17.806593
21.002648
22.828965
9.588165
-9.131586
4.109214
44.744772
50.223724
25.111862
39.265820
51.136882
26.938179
28.764496
89.946124
130.125103
101.360606
73.509269
71.226372
42.918455
5.022372
42.461876
93.142179
88.119806
77.161903
89.946124
78.531641
35.156607
15.523696
28.307917
9.131586
-14.610538
9.588165
21.915807
-17.806593
-27.394758
11.414483
-2.282897
-60.725048
-65.747420
-17.350014
-22.828965
-44.744772
-23.742124
-9.131586
-54.332938
-90.859282
-62.551365
-45.201351
-68.486896
-52.963200
-4.565793
-9.588165
-24.198703
8.218428
2.282897
-52.506620
-35.156607
31.960552
22.372386
-25.568441
12.784221
79.901379
43.375034
-17.806593
2.282897
27.851338
17.350014
27.851338
59.811889
47.484248
18.719752
18.263172
-1.826317
-42.005296
-27.851338
20.546069
-0.913159
-53.876358
-26.481600
7.305269
-33.330289
-63.921103
-32.873710
-20.089490
-57.072413
-71.226372
-47.027669
-48.397407
-60.268469
-50.223724
-68.943475
-96.794813
-77.161903
-29.677655
-17.806593
-34.700027
-34.243448
-28.764496
-45.657931
-42.005296
-15.067117
-10.501324
-19.176331
-6.392110
6.848690
0.456579
14.153959
53.419779
58.898731
28.307917
18.719752
13.697379
0.913159
4.109214
34.700027
47.484248
23.742124
3.652634
15.067117
15.980276
18.719752
51.136882
73.052689
44.288193
4.109214
0.913159
-6.392110
-24.655283
-15.980276
10.044745
23.742124
31.047393
37.439503
24.655283
9.588165
32.417131
44.744772
7.761848
-26.481600
-3.652634
30.590814
16.893434
-1.826317
22.828965
43.375034
27.851338
19.176331
42.005296
62.094786
70.769793
63.007944
36.526345
21.915807
34.243448
31.960552
16.893434
23.285545
57.072413
68.030317
39.265820
37.896083
73.509269
80.357958
44.288193
0.913159
-30.134234
-34.243448
-2.739476
32.873710
31.503972
13.697379
-5.478952
-58.442151
-127.842206
-112.318510
-37.896083
-11.414483
-29.677655
-26.025021
-50.680303
-123.732992
-159.346178
-120.536937
-80.357958
-79.901379
-68.943475
-55.246096
-77.161903
-84.467172
-48.853986
-52.963200
-93.142179
-81.271117
-43.375034
-55.246096
-52.050041
36.069765
69.856634
-0.456579
-33.330289
6.392110
5.022372
-27.394758
11.871062
73.965848
66.204000
26.481600
35.613186
43.375034
25.568441
37.896083
53.419779
5.022372
-22.828965
33.330289
67.117158
28.764496
-1.826317
22.828965
11.871062
-43.831614
-37.439503
14.610538
15.067117
-19.632910
-21.459227
-17.806593
-27.394758
-8.675007
39.265820
42.461876
4.109214
9.131586
21.915807
-17.806593
-31.047393
42.005296
95.425075
62.094786
39.722400
72.139531
82.640855
55.246096
67.117158
90.402703
76.705324
63.921103
74.422427
72.139531
52.963200
67.573738
97.251393
70.313213
31.047393
26.481600
23.285545
-2.282897
-0.456579
42.005296
28.307917
-15.523696
-11.871062
-5.478952
-63.921103
-100.904027
-62.094786
-30.134234
-47.484248
-69.400055
-70.313213
-70.313213
-78.531641
-89.032965
-70.769793
-42.461876
-34.700027
-44.288193
-80.357958
-98.621130
-69.856634
-31.047393
-34.700027
-44.744772
-13.240800
5.022372
-21.459227
-44.744772
-19.632910
10.957903
19.632910
10.957903
13.240800
32.417131
32.873710
20.089490
8.218428
-11.871062
-32.417131
-12.784221
6.392110
9.131586
32.873710
72.139531
59.811889
-10.957903
-44.744772
-37.896083
-35.156607
-24.198703
10.044745
25.111862
2.282897
-20.089490
-36.982924
-67.573738
-88.576386
-37.896083
16.436855
0.000000
-17.350014
5.022372
1.826317
-36.982924
-38.809241
-3.652634
2.739476
0.913159
24.655283
20.546069
4.109214
34.700027
59.355310
22.372386
1.369738
55.246096
111.861930
88.119806
39.722400
44.288193
63.921103
43.375034
12.784221
17.350014
49.767145
75.335586
55.246096
9.131586
-1.369738
24.655283
36.526345
8.675007
-9.588165
-4.109214
-29.677655
-71.226372
-89.489544
-71.682951
-27.851338
-18.719752
-63.007944
-88.119806
-72.139531
-62.094786
-71.682951
-54.789517
-15.523696
1.369738
-24.655283
-46.114510
-38.809241
-35.156607
-12.327641
31.960552
52.050041
36.069765
40.178979
71.226372
73.965848
52.506620
62.094786
86.293489
83.554013
77.618482
89.489544
109.122455
105.926399
84.923751
59.355310
38.352662
34.243448
47.027669
54.332938
52.050041
44.744772
28.307917
-5.022372
-47.027669
-45.201351
-5.022372
0.456579
-21.002648
-37.896083
-47.940827
-84.010593
-114.601406
-108.209296
-79.444800
-63.007944
-70.769793
-65.290841
-60.268469
-69.856634
-60.268469
-24.198703
-23.742124
-36.526345
-29.221076
-25.568441
-36.982924
-40.178979
-15.980276
8.218428
31.047393
36.526345
34.243448
37.896083
44.288193
42.918455
35.156607
37.896083
52.050041
37.439503
10.044745
0.000000
10.044745
17.806593
-2.282897
-19.632910
-9.588165
0.913159
-22.828965
-60.725048
-79.444800
-44.288193
-26.938179
-62.094786
-78.531641
-57.528993
-62.551365
-106.382979
-117.340882
-82.184275
-70.769793
-77.618482
-49.310565
-20.546069
-27.394758
-37.896083
-13.240800
6.392110
9.131586
20.546069
32.417131
44.744772
57.528993
68.486896
70.769793
71.226372
85.380331
97.251393
96.338234
102.273765
139.256689
148.388275
108.209296
87.206648
97.251393
83.554013
42.005296
32.417131
62.094786
88.576386
68.030317
27.394758
16.436855
17.350014
0.913159
-24.655283
-21.459227
0.000000
-8.218428
-45.201351
-72.139531
-79.901379
-77.161903
-63.007944
-45.201351
-34.243448
-36.069765
-34.700027
-39.722400
-45.201351
-41.092138
-17.806593
-7.305269
-15.980276
-1.826317
9.131586
0.000000
5.022372
38.809241
46.571089
17.350014
21.459227
43.375034
38.352662
24.655283
43.375034
63.921103
26.938179
-15.980276
-4.109214
10.044745
8.218428
9.588165
-2.739476
-33.786869
-57.072413
-53.419779
-53.876358
-63.464524
-57.528993
-45.657931
-78.075062
-118.710620
-114.601406
-80.357958
-68.030317
-61.181627
-52.506620
-68.943475
-91.315862
-85.836910
-60.725048
-59.811889
-56.159255
-23.285545
-7.761848
-24.655283
-19.176331
22.372386
36.069765
25.568441
42.461876
76.248744
69.400055
50.680303
60.725048
70.313213
60.268469
70.313213
85.836910
88.576386
87.206648
94.511917
83.097434
48.397407
47.940827
69.400055
55.702676
34.243448
42.918455
36.069765
-6.848690
-28.764496
-4.109214
6.848690
-15.523696
-11.871062
1.826317
-20.089490
-35.613186
-26.938179
-30.134234
-49.767145
-44.744772
-26.025021
-30.590814
-36.526345
-13.240800
7.305269
1.369738
0.000000
14.153959
19.176331
12.327641
14.610538
19.176331
24.198703
31.960552
54.789517
66.660579
55.702676
52.050041
46.114510
27.851338
32.873710
57.985572
61.638207
52.050041
45.657931
30.590814
5.022372
-10.501324
-0.913159
10.957903
-2.739476
-22.372386
-25.568441
-32.417131
-49.767145
-68.943475
-68.486896
-52.506620
-57.528993
-81.271117
-98.621130
-81.727696
-69.400055
-92.685599
-123.276413
-102.730344
-64.377682
-65.747420
-80.814537
-64.377682
-36.526345
-38.809241
-60.268469
-55.702676
-21.459227
11.871062
18.263172
17.806593
16.893434
21.002648
42.461876
38.809241
35.156607
77.161903
111.405351
87.206648
56.159255
59.811889
60.268469
44.288193
42.461876
65.290841
64.834262
47.027669
51.593462
50.223724
22.828965
11.414483
26.481600
15.523696
-18.719752
-36.069765
-34.700027
-31.047393
-39.722400
-42.005296
-34.243448
-36.069765
-28.764496
-36.982924
-58.442151
-57.985572
-31.047393
-19.176331
-42.005296
-53.876358
-25.568441
-1.826317
-7.761848
-8.218428
10.957903
30.590814
33.786869
24.198703
17.350014
20.089490
42.918455
61.638207
47.940827
46.571089
67.573738
74.879006
37.439503
15.067117
33.786869
59.355310
65.290841
54.789517
51.136882
36.982924
14.610538
0.913159
-9.131586
-5.022372
12.327641
9.588165
-21.915807
-43.375034
-21.915807
-7.305269
-26.025021
-48.397407
-38.809241
-38.352662
-57.072413
-57.528993
-38.809241
-25.111862
-27.851338
-26.938179
-42.461876
-53.419779
-35.613186
-10.044745
1.369738
-7.305269
6.848690
12.327641
-1.369738
-15.523696
-5.935531
9.131586
9.131586
22.828965
42.461876
42.461876
34.243448
36.526345
25.111862
-3.652634
-3.196055
21.915807
26.025021
17.350014
17.806593
24.198703
9.131586
-19.632910
-21.459227
-8.675007
4.109214
4.109214
-15.523696
-40.178979
-54.789517
-45.657931
-40.178979
-52.963200
-42.005296
-18.719752
-32.873710
-54.332938
-41.092138
-19.632910
-17.350014
-10.044745
-8.218428
-26.481600
-41.548717
-44.744772
-36.526345
-23.285545
-1.369738
22.828965
19.632910
0.913159
6.848690
25.111862
21.915807
23.285545
42.461876
41.548717
14.610538
8.218428
10.044745
8.218428
21.002648
46.571089
51.593462
28.307917
15.980276
25.111862
23.742124
8.218428
10.501324
24.198703
26.025021
-4.109214
-19.632910
-10.957903
-17.806593
-15.980276
-4.565793
1.369738
-4.109214
-4.565793
1.826317
-2.282897
-5.478952
5.935531
10.044745
-1.826317
-16.893434
-1.369738
10.957903
6.848690
19.176331
38.352662
31.503972
10.501324
20.089490
36.526345
34.243448
46.571089
71.226372
56.615834
20.546069
21.915807
44.288193
35.156607
17.806593
40.635558
51.136882
24.655283
10.501324
22.828965
24.655283
9.131586
3.196055
5.022372
-10.501324
-20.089490
-10.957903
-12.784221
-26.025021
-37.896083
-50.223724
-62.094786
-50.223724
-15.523696
-4.565793
-23.285545
-47.027669
-62.094786
-78.075062
-68.486896
-41.548717
-9.131586
-0.456579
-23.285545
-47.940827
-50.680303
-42.918455
-40.635558
-13.697379
20.546069
23.742124
-13.240800
-27.394758
-13.240800
