-1304.226919
-1799.916574
-2242.074527
-2581.340378
-2796.162403
-2855.255840
-2773.915462
-2577.864294
-2313.681869
-2028.642937
-1717.880979
-1374.443826
-1019.883204
-679.922136
-380.283648
-124.443826
119.577308
354.560623
606.924360
863.459399
1098.442714
1294.493882
1427.280311
1484.288098
1453.698554
1344.549499
1150.583982
857.202447
499.860957
104.977753
-301.724138
-688.959956
-1028.921023
-1297.274750
-1496.802002
-1628.197998
-1715.100111
-1748.470523
-1722.052280
-1636.540601
-1499.582870
-1334.816463
-1134.593993
-892.658509
-596.496107
-239.849833
160.595106
576.334816
973.998888
1331.340378
1621.941046
1817.296997
1915.322581
1908.370412
1795.050056
1584.399333
1285.456062
956.618465
655.589544
420.606229
233.592881
101.501669
29.199110
19.466073
76.473860
173.804227
312.847608
474.137931
656.284761
862.764182
1085.233593
1360.539488
1678.253615
1984.149055
2251.112347
2432.563960
2503.476085
2447.858732
2218.437152
1773.498331
1107.480534
280.867631
-635.428254
-1552.419355
-2413.793103
-3169.493882
-3768.075640
-4151.835373
-4270.022247
-4091.351502
-3684.649611
-3116.657397
-2451.334816
-1802.002225
-1215.239155
-695.912125
-246.802002
123.748610
421.301446
623.609566
782.814238
955.923248
1154.060067
1375.834260
1589.265851
1750.556174
1837.458287
1817.296997
1651.835373
1344.549499
923.943270
399.749722
-179.365962
-751.529477
-1257.647386
-1633.759733
-1840.934372
-1871.523915
-1724.137931
-1448.136819
-1097.747497
-704.949944
-339.961068
-52.836485
137.652948
221.078977
198.136819
117.491657
21.551724
-30.589544
-4.171301
81.340378
205.088988
354.560623
495.689655
609.705228
687.569522
684.093437
584.677419
406.006674
158.509455
-116.101224
-349.694105
-488.042269
-523.498331
-465.100111
-315.628476
-91.073415
175.889878
459.538376
736.929922
951.056730
1122.775306
1254.866518
1381.395996
1539.905451
1742.908788
2032.814238
2380.422692
2746.106785
3088.153504
3326.612903
3387.791991
3187.569522
2662.680756
1814.516129
688.264739
-595.105673
-1875.695217
-3072.163515
-4078.837597
-4825.500556
-5258.620690
-5279.477197
-4876.251390
-4118.464961
-3131.256952
-2048.804227
-1045.606229
-207.869855
439.377086
864.849833
1124.860957
1239.571746
1231.229143
1154.755284
1072.719689
1066.462736
1156.145717
1311.874305
1452.308120
1499.582870
1377.224694
1065.767519
570.077864
-77.864294
-825.917686
-1589.961068
-2276.835373
-2791.295884
-3031.145717
-2928.253615
-2509.037820
-1824.249166
-983.731924
-98.025584
748.748610
1456.479422
1947.997775
2145.439377
2018.214683
1617.769744
1024.749722
371.245829
-202.308120
-618.743048
-857.897664
-909.343715
-815.489433
-622.914349
-365.684093
-106.368187
102.196885
221.774194
231.507230
143.214683
5.561735
-120.967742
-160.595106
-98.025584
74.388209
319.799778
611.790879
885.011123
1110.956618
1281.979978
1349.416018
1313.959956
1199.944383
1076.195773
1019.187987
1073.414905
1283.370412
1635.845384
2096.774194
2629.310345
3134.037820
3490.684093
3578.281424
3287.680756
2544.493882
1389.043382
-72.302558
-1604.560623
-3018.631813
-4160.873192
-4950.639600
-5376.807564
-5409.482759
-5041.017798
-4283.231368
-3223.025584
-2042.547275
-941.323693
-61.179088
507.508343
803.670745
903.086763
896.829811
850.250278
789.071190
745.272525
779.338154
897.525028
1109.566185
1346.635150
1480.812013
1405.728587
1056.729700
461.624027
-305.200222
-1157.536151
-1961.902113
-2602.196885
-2992.908788
-3041.573971
-2702.308120
-1978.587319
-969.827586
173.804227
1297.969967
2239.293660
2885.845384
3179.922136
3133.342603
2757.925473
2087.041157
1178.392659
134.176863
-890.572859
-1743.604004
-2295.606229
-2525.723026
-2481.229143
-2244.855395
-1895.856507
-1466.212458
-999.721913
-534.621802
-88.987764
274.610679
510.289210
668.103448
779.338154
910.038932
1085.233593
1237.486096
1325.083426
1305.617353
1189.516129
1022.664071
825.917686
602.057842
355.255840
132.091212
28.503893
99.416018
370.550612
818.965517
1382.786429
2025.862069
2702.308120
3340.517241
3827.169077
4031.562848
3865.406007
3261.262514
2262.931034
962.875417
-459.538376
-1811.735261
-2959.538376
-3825.778643
-4385.428254
-4642.658509
-4612.068966
-4292.964405
-3692.296997
-2861.512792
-1959.121246
-1096.357063
-393.492770
95.244716
436.596218
695.912125
930.895439
1170.050056
1347.330367
1424.499444
1409.204672
1340.378198
1229.143493
1039.349277
718.159066
244.021135
-376.112347
-1094.966630
-1799.221357
-2387.374861
-2774.610679
-2869.160178
-2664.071190
-2203.142380
-1524.610679
-686.874305
224.555061
1122.775306
1894.466073
2413.793103
2623.053393
2499.304783
2114.849833
1572.580645
953.837597
315.628476
-329.532814
-941.323693
-1430.061179
-1735.261402
-1822.163515
-1717.185762
-1513.487208
-1260.428254
-982.341491
-687.569522
-348.303671
42.408231
447.719689
801.585095
1092.185762
1284.065628
1383.481646
1434.927697
1407.814238
1282.675195
1051.167964
721.635150
355.255840
25.723026
-223.859844
-378.893215
-406.006674
-276.001112
1.390434
431.034483
973.303671
1630.283648
2354.004449
3061.040044
3646.412681
4004.449388
4069.799778
3774.332592
3086.763070
2011.262514
666.017798
-734.149055
-1981.368187
-2971.357063
-3726.362625
-4294.354839
-4678.809789
-4794.215795
-4534.899889
-3871.662959
-2896.968854
-1833.286986
-858.592881
-82.035595
509.593993
994.160178
1390.433815
1707.452725
1880.561735
1832.591769
1606.646274
1297.969967
973.998888
656.284761
296.857620
-145.300334
-695.216908
-1321.607341
-1930.617353
-2456.201335
-2807.285873
-2890.711902
-2704.393771
-2267.797553
-1617.769744
-801.585095
128.615128
1104.004449
2023.776418
2741.935484
3153.503893
3194.521691
2843.437152
2181.590656
1325.083426
353.170189
-641.685206
-1541.295884
-2251.807564
-2659.899889
-2733.592881
-2511.123471
-2058.537264
-1468.298109
-819.660734
-198.832036
373.331479
856.507230
1231.229143
1491.240267
1611.512792
1601.084538
1496.802002
1296.579533
1036.568409
745.272525
419.911012
101.501669
-166.852058
-361.512792
-477.614016
-506.117909
-417.130145
-188.403782
185.622914
687.569522
1296.579533
2002.224694
2766.963293
3534.482759
4202.586207
4644.048943
4739.293660
4394.466073
3533.092325
2204.532814
584.677419
-1060.205784
-2479.838710
-3552.558398
-4301.307008
-4801.167964
-5055.617353
-5029.894327
-4660.038932
-3890.433815
-2817.018910
-1653.225806
-613.181313
167.547275
698.692992
1093.576196
1439.794216
1739.432703
1914.627364
1856.924360
1571.190211
1141.546162
643.770857
137.652948
-385.845384
-975.389321
-1633.064516
-2303.253615
-2891.407119
-3275.862069
-3353.726363
-3095.800890
-2524.332592
-1714.404894
-755.700779
271.829811
1288.236930
2208.008899
2963.709677
3467.741935
3603.309232
3312.013348
2628.615128
1693.548387
693.826474
-268.353726
-1139.460512
-1891.685206
-2485.400445
-2817.018910
-2855.951057
-2555.617353
-1957.730812
-1172.135706
-340.656285
400.444939
1028.921023
1570.494994
2023.776418
2346.357063
2463.153504
2307.424917
1929.226919
1413.375973
841.212458
282.953281
-232.202447
-678.531702
-1002.502781
-1165.878754
-1164.488320
-985.122358
-615.962180
-100.111235
490.127920
1106.785317
1700.500556
2308.120133
2964.404894
3621.384872
4199.110122
4562.013348
4566.879867
4142.797553
3266.824249
1975.111235
414.349277
-1193.687430
-2645.995551
-3821.607341
-4689.933259
-5270.439377
-5549.221357
-5497.775306
-5059.788654
-4204.671858
-3005.422692
-1648.359288
-342.046719
734.844271
1491.935484
1973.025584
2249.026696
2363.042269
2309.510567
2029.338154
1513.487208
830.088988
118.186874
-530.450501
-1105.394883
-1646.968854
-2189.238042
-2675.194661
-3033.926585
-3193.826474
-3095.105673
-2718.298109
-2073.832036
-1205.506118
-204.393771
831.479422
1845.800890
2736.373749
3423.943270
3829.949944
3859.844271
3461.484983
2658.509455
1598.998888
432.424917
-698.692992
-1686.596218
-2481.924360
-3009.593993
-3240.406007
-3154.199110
-2736.373749
-2036.290323
-1161.012236
-247.497219
628.476085
1417.547275
2085.650723
2606.368187
2908.787542
2951.195773
2707.174638
2195.494994
1507.925473
722.330367
-69.521691
-792.547275
-1372.358176
-1756.813126
-1906.979978
-1813.820912
-1517.658509
-1035.177976
-424.082314
269.048943
1003.893215
1700.500556
2346.357063
2991.518354
3660.317019
4296.440489
4744.855395
4869.299221
4559.927697
3836.206897
2729.421580
1286.151279
-363.598443
-2018.214683
-3503.893215
-4690.628476
-5548.526140
-6067.157953
-6189.516129
-5882.230256
-5100.111235
-3843.854283
-2270.578420
-621.523915
869.021135
2005.005562
2730.116796
3106.924360
3189.655172
3023.498331
2628.615128
1982.063404
1142.936596
244.021135
-586.763070
-1288.932147
-1880.561735
-2387.374861
-2814.933259
-3110.400445
-3268.909900
-3262.652948
-3022.107898
-2488.181313
-1663.654060
-645.856507
410.177976
1420.328142
2357.480534
3159.065628
3758.342603
4068.409344
3975.250278
3368.325918
2284.482759
901.001112
-512.374861
-1748.470523
-2730.812013
-3432.981090
-3835.511680
-3900.862069
-3563.681869
-2825.361513
-1732.480534
-439.377086
840.517241
1941.740823
2748.887653
3258.481646
3489.293660
3463.570634
3166.713014
2572.302558
1682.424917
635.428254
-409.482759
-1258.342603
-1792.269188
-2050.194661
-2069.660734
-1885.428254
-1540.600667
-1031.701891
-360.817575
428.253615
1237.486096
1952.864294
2505.561735
2993.604004
3537.958843
4160.177976
4717.741935
4968.020022
4765.016685
4108.731924
3062.430478
1642.102336
-46.579533
-1789.488320
-3389.877642
-4693.409344
-5643.770857
-6240.266963
-6438.403782
-6168.659622
-5376.807564
-4087.875417
-2429.783092
-650.723026
942.018910
2166.991101
2955.367075
3360.678532
3454.532814
3293.242492
2885.845384
2228.170189
1345.939933
376.807564
-536.012236
-1334.816463
-2024.471635
-2656.423804
-3211.902113
-3613.042269
-3807.703003
-3787.541713
-3496.941046
-2875.417130
-1938.264739
-803.670745
384.454950
1517.658509
2534.760845
3378.754171
3975.945495
4262.374861
4167.825362
3603.309232
2502.085651
997.636263
-602.753059
-1994.577308
-3002.641824
-3597.747497
-3847.330367
-3794.493882
-3396.829811
-2661.985539
-1617.769744
-351.084538
937.847608
2039.766407
2845.522803
3312.708565
3497.636263
3443.409344
3152.808676
2610.539488
1779.060067
718.854283
-387.931034
-1335.511680
-1979.977753
-2288.654060
-2313.681869
-2143.353726
-1783.231368
-1264.599555
-591.629588
241.240267
1174.916574
2087.041157
2856.646274
3455.228031
3941.184650
4402.113459
4808.815350
5000.000000
4799.082314
4138.626251
3065.906563
1641.407119
-43.103448
-1779.060067
-3357.202447
-4626.668521
-5560.344828
-6179.087875
-6432.842047
-6242.352614
-5552.697442
-4367.352614
-2770.439377
-987.208009
677.836485
1986.234705
2853.170189
3342.602892
3535.177976
3454.532814
3137.513904
2572.997775
1759.593993
780.728587
-223.859844
-1133.898776
-1912.541713
-2584.121246
-3169.493882
-3611.651835
-3838.987764
-3799.360400
-3472.608454
-2844.827586
-1957.730812
-907.258065
198.832036
1272.942158
2262.931034
3088.153504
3669.354839
3983.592881
3994.716352
3658.926585
2886.540601
1651.835373
125.139043
-1425.194661
-2770.439377
-3736.095662
-4229.699666
-4279.755284
-3926.585095
-3211.206897
-2171.857620
-874.582870
513.070078
1779.755284
2772.525028
3381.535039
3608.175751
3515.711902
3186.874305
2674.499444
1986.929922
1114.432703
92.463849
-938.542825
-1783.231368
-2270.578420
-2354.699666
-2125.278087
-1695.634038
-1162.402670
-536.707453
232.897664
1129.727475
2032.119021
2794.771969
3317.575083
3662.402670
3932.842047
4218.576196
4495.272525
4593.298109
4306.173526
3553.948832
2388.070078
945.494994
-647.246941
-2258.064516
-3763.209121
-5068.826474
-6033.787542
-6601.779755
-6689.377086
-6252.085651
-5280.867631
-3829.949944
-2073.832036
-293.381535
1235.400445
2386.679644
3112.486096
3484.427141
3572.719689
3378.754171
2929.644049
2241.379310
1368.882091
384.454950
-590.934372
-1462.736374
-2221.218020
-2862.208009
-3372.497219
-3683.954394
-3692.992214
-3401.696329
-2847.608454
-2104.421580
-1248.609566
-301.724138
659.065628
1593.437152
2429.087875
3104.838710
3564.377086
3724.972191
3501.112347
2826.056730
1754.727475
442.853170
-891.963293
-2068.270300
-2952.586207
-3479.560623
-3654.755284
-3500.417130
-3010.984427
-2170.467186
-1019.883204
287.819800
1478.726363
2356.785317
2852.474972
3019.327030
2956.062291
2727.335929
2344.271413
1797.830923
1088.709677
255.144605
-574.944383
-1248.609566
-1626.112347
-1699.805339
-1560.761958
-1307.703003
-976.779755
-543.659622
56.312570
805.061179
1602.474972
2349.833148
2960.928810
3453.837597
3889.043382
4263.070078
4513.348165
4506.395996
4127.502781
3328.698554
2177.419355
816.879867
-641.685206
-2082.869855
-3405.172414
-4510.567297
-5348.303671
-5888.487208
-6088.014461
-5896.829811
-5191.184650
-3946.746385
-2315.767519
-577.030033
938.542825
2055.061179
2762.096774
3120.133482
3213.987764
3090.934372
2739.154616
2116.935484
1252.780868
293.381535
-610.400445
-1350.806452
-1929.922136
-2406.840934
-2829.532814
-3161.151279
-3310.622914
-3211.902113
-2861.512792
-2284.482759
-1557.285873
-743.186874
111.929922
942.018910
1727.614016
2406.840934
2908.787542
3084.677419
2822.580645
2141.963293
1213.153504
289.210234
-458.843159
-1014.321468
-1445.355951
-1888.904338
-2355.394883
-2687.013348
-2711.345940
-2249.026696
-1338.292547
-223.859844
809.232481
1587.875417
2117.630701
2472.191324
2700.222469
2753.058954
2547.274750
2054.365962
1348.025584
620.133482
42.408231
-328.142380
-521.412681
-647.246941
-782.119021
-903.086763
-939.933259
-780.728587
-367.769744
256.535039
1006.674082
1776.974416
2513.904338
3208.426029
3846.635150
4372.219132
4645.439377
4506.395996
3855.672970
2773.915462
1494.716352
248.192436
-860.678532
-1869.438265
-2851.084538
-3854.282536
-4854.699666
-5712.597330
-6237.486096
-6171.440489
-5421.301446
-4089.265851
-2420.745273
-754.310345
680.617353
1796.440489
2540.322581
2894.883204
2919.911012
2668.937709
2233.036707
1700.500556
1110.261402
515.155729
-44.493882
-579.115684
-1110.261402
-1664.349277
-2227.474972
-2689.098999
-2977.614016
-3022.803115
-2789.905451
-2296.996663
-1624.026696
-853.031146
-59.093437
716.768632
1451.612903
2057.842047
2385.289210
2319.938821
1882.647386
1272.246941
718.159066
302.419355
-30.589544
-429.644049
-1007.369299
-1697.024472
-2290.044494
-2522.246941
-2234.427141
-1489.154616
-522.803115
385.150167
1099.833148
1636.540601
2084.955506
2405.450501
2513.904338
2352.614016
1896.551724
1261.123471
622.219132
148.081201
-66.740823
-73.692992
-58.398220
-157.814238
-397.664071
-645.161290
-694.521691
-481.785317
-53.531702
499.860957
1147.107898
1893.075640
2719.688543
3578.281424
4337.458287
4796.301446
4746.245829
4107.341491
2978.309232
1663.654060
462.319244
-515.850945
-1359.844271
-2228.865406
-3197.997775
-4229.699666
-5216.212458
-5956.618465
-6199.944383
-5775.166852
-4689.238042
-3165.322581
-1514.877642
-25.027809
1171.440489
2030.033370
2537.541713
2716.212458
2610.539488
2304.644049
1868.047831
1341.768632
792.547275
285.734149
-187.708565
-663.932147
-1203.420467
-1814.516129
-2384.593993
-2781.562848
-2926.167964
-2773.915462
-2334.538376
-1692.853170
-953.142380
-228.031146
412.958843
964.265851
1383.481646
1567.018910
1439.794216
1076.890990
738.320356
609.705228
670.884316
679.226919
394.187987
-264.182425
-1144.327030
-1954.254727
-2369.994438
-2198.275862
-1522.525028
-583.286986
324.666296
1021.968854
1494.021135
1811.040044
2009.872080
2079.393771
1950.778643
1644.187987
1251.390434
924.638487
741.796440
709.121246
718.159066
596.496107
259.315907
-255.144605
-734.844271
-928.809789
-716.073415
-174.499444
561.735261
1338.292547
2130.144605
2928.948832
3665.183537
4246.384872
4485.539488
4244.299221
3522.664071
2499.304783
1420.328142
486.651835
-290.600667
-1050.472747
-1988.320356
-3211.902113
-4622.497219
-5942.714127
-6808.259177
-6879.171301
-6021.273637
-4447.997775
-2625.139043
-977.474972
242.630701
1016.407119
1512.096774
1856.229143
2130.839822
2364.432703
2476.362625
2417.269188
2193.409344
1820.077864
1322.302558
663.236930
-182.146830
-1140.850945
-2073.136819
-2787.124583
-3123.609566
-3048.526140
-2639.043382
-2059.927697
-1482.202447
-971.218020
-515.155729
-116.796440
273.220245
597.886541
787.680756
825.222469
807.146830
873.887653
1028.225806
1164.488320
1053.948832
531.840934
-344.132369
-1316.740823
-2027.252503
-2177.419355
-1740.823137
-936.457175
-98.025584
524.193548
895.439377
1108.175751
1251.390434
1364.710790
1475.945495
1549.638487
1574.666296
1535.038932
1459.260289
1380.700779
1270.161290
1058.120133
668.798665
131.395996
-374.026696
-644.466073
-564.516129
-177.280311
360.122358
926.724138
1477.335929
2059.927697
2746.106785
3476.779755
4104.560623
4402.808676
4172.691880
3448.971079
2424.221357
1391.129032
517.241379
-221.078977
-994.855395
-1970.939933
-3224.416018
-4696.885428
-6076.890990
-6946.607341
-6907.675195
-5897.525028
-4277.669633
-2572.302558
-1196.468298
-302.419355
241.935484
672.969967
1187.430478
1804.087875
2401.279199
2783.648498
2851.084538
2623.053393
2169.076752
1569.104561
802.975528
-134.872080
-1187.430478
-2166.991101
-2839.961068
-3088.153504
-2942.853170
-2551.446051
-2082.174638
-1672.691880
-1354.282536
-1048.387097
-640.989989
-138.348165
287.819800
495.689655
560.344828
672.969967
949.666296
1309.788654
1504.449388
1341.768632
748.748610
-155.728587
-1028.921023
-1522.525028
-1447.441602
-919.076752
-253.058954
253.754171
475.528365
502.641824
491.518354
597.886541
826.612903
1130.422692
1453.003337
1695.634038
1807.563960
1809.649611
1725.528365
1571.885428
1279.199110
832.869855
313.542825
-75.083426
-141.824249
104.977753
495.689655
867.630701
1188.820912
1519.744160
1972.330367
2605.672970
3339.126808
3934.232481
4112.208009
3727.057842
2927.558398
2036.290323
1223.581758
445.634038
-444.243604
-1554.505006
-2898.359288
-4410.456062
-5901.696329
-7000.834260
-7304.644049
-6651.140156
-5280.172414
-3734.705228
-2468.020022
-1635.845384
-1058.120133
-476.223582
276.001112
1220.105673
2236.512792
3133.342603
3683.954394
3745.828699
3368.325918
2698.136819
1887.513904
980.255840
24.332592
-882.230256
-1601.779755
-2082.174638
-2370.689655
-2516.685206
-2584.816463
-2577.169077
-2502.780868
-2307.424917
-1893.075640
-1243.743048
-510.289210
118.882091
566.601780
880.839822
1144.327030
1383.481646
1528.086763
1456.479422
1091.490545
474.833148
-195.355951
-661.846496
-786.985539
-607.619577
-335.789766
-201.612903
-269.048943
-432.424917
-458.843159
-232.202447
221.078977
784.204672
1327.169077
1737.347052
1924.360400
1891.685206
1733.175751
1583.704116
1460.650723
1288.932147
1065.767519
819.660734
625.695217
523.498331
513.070078
618.743048
852.335929
1162.402670
1617.074527
2244.855395
2964.404894
3615.127920
3894.605117
3638.765295
2944.243604
2109.983315
1405.728587
843.993326
248.192436
-600.667408
-1793.659622
-3278.642937
-4899.888765
-6317.436040
-7102.335929
-6995.967742
-6071.329255
-4782.397108
-3587.319244
-2741.935484
-2213.570634
-1731.785317
-1062.986652
-116.101224
1069.243604
2262.235818
3221.635150
3818.131257
3960.650723
3743.047831
3256.395996
2566.740823
1730.394883
814.794216
-51.446051
-767.519466
-1324.388209
-1787.402670
-2204.532814
-2616.101224
-2981.785317
-3175.750834
-3009.593993
-2461.763070
-1705.367075
-973.303671
-437.291435
-44.493882
297.552836
624.304783
956.618465
1221.496107
1323.692992
1186.735261
836.345940
475.528365
247.497219
208.565072
274.610679
289.210234
162.680756
-63.959956
-267.658509
-333.008899
-175.194661
171.718576
577.030033
898.220245
1042.130145
1083.843159
1132.508343
1251.390434
1395.995551
1494.716352
1469.688543
1344.549499
1165.183537
964.961068
857.897664
910.038932
1115.127920
1391.824249
1725.528365
2146.134594
2687.013348
3213.292547
3483.036707
3340.517241
2839.265851
2225.389321
1747.080089
1407.119021
1013.626251
332.313682
-844.688543
-2544.493882
-4497.358176
-6124.165740
-6845.800890
-6545.467186
-5650.027809
-4786.568409
-4310.344828
-4155.311457
-4021.829811
-3596.357063
-2719.688543
-1437.708565
79.254727
1541.991101
2707.174638
3426.028921
3729.838710
3791.017798
3654.060067
3339.126808
2894.187987
2407.536151
1945.912125
1425.194661
708.426029
-207.869855
-1218.715239
-2211.484983
-3078.420467
-3667.269188
-3777.808676
-3385.011123
-2699.527253
-2073.832036
-1771.412681
-1732.480534
-1665.044494
-1273.637375
-497.080089
429.644049
1146.412681
1437.013348
1320.216908
1061.596218
962.180200
1081.757508
1337.597330
1502.363737
1438.403782
1154.755284
790.461624
500.556174
335.789766
264.877642
242.630701
244.716352
301.724138
442.157953
653.503893
862.068966
992.769744
1017.797553
986.512792
957.313682
942.018910
971.218020
1078.281424
1265.989989
1526.001112
1843.020022
2235.122358
2730.116796
3231.368187
3548.387097
3514.321468
3125.695217
2593.854283
2196.190211
2002.224694
1802.697442
1344.549499
406.006674
-1088.709677
-2957.452725
-4737.903226
-5822.441602
-5935.066741
-5390.711902
-4825.500556
-4687.847608
-4964.543938
-5318.409344
-5331.618465
-4760.845384
-3632.508343
-2150.305895
-621.523915
672.969967
1621.941046
2262.235818
2739.849833
3133.342603
3407.953281
3546.301446
3587.319244
3597.052280
3480.255840
3061.735261
2291.434928
1259.037820
93.159066
-1066.462736
-2027.252503
-2595.244716
-2755.839822
-2764.182425
-2926.863181
-3341.212458
-3744.438265
-3774.332592
-3273.776418
-2351.918799
-1311.874305
-466.490545
9.733037
146.690768
207.869855
460.928810
1019.187987
1751.946607
2336.624027
2561.874305
2434.649611
2132.230256
1803.392659
1502.363737
1239.571746
1061.596218
951.751947
883.620690
827.308120
715.378198
567.992214
392.102336
253.754171
237.068966
370.550612
549.916574
665.322581
711.206897
820.355951
1099.833148
1513.487208
1934.093437
2331.062291
2725.945495
3054.783092
3251.529477
3231.368187
3043.659622
2827.447164
2604.282536
2205.228031
1515.572859
662.541713
-239.849833
-1245.133482
-2422.830923
-3638.765295
-4457.730812
-4702.447164
-4587.736374
-4500.834260
-4683.676307
-5041.017798
-5291.991101
-5238.459399
-4808.120133
-4007.230256
-2962.319244
-1842.324805
-829.393771
-24.332592
643.075640
1329.254727
2046.718576
2718.298109
3280.033370
3712.458287
3987.068966
3998.887653
3668.659622
3084.677419
2372.080089
1592.741935
809.232481
98.720801
-479.699666
-964.265851
-1557.285873
-2354.699666
-3236.234705
-3906.423804
-4112.208009
-3870.967742
-3362.764182
-2779.477197
-2230.951057
-1774.888765
-1400.862069
-1051.863181
-585.372636
92.463849
912.124583
1701.195773
2303.253615
2655.033370
2736.373749
2579.254727
2268.492770
1998.053393
1947.997775
2052.280311
2088.431591
1913.932147
1532.953281
1055.339266
641.685206
353.170189
232.202447
272.525028
346.913237
383.759733
381.674082
408.787542
522.107898
737.625139
1068.548387
1527.391546
2087.041157
2574.388209
2746.802002
2577.864294
2295.606229
2187.152392
2308.120133
2347.747497
2011.957731
1323.692992
474.137931
-443.548387
-1415.461624
-2333.147942
-2966.490545
-3170.884316
-3149.332592
-3277.947720
-3697.163515
-4309.649611
-4849.833148
-5079.949944
-4963.848721
-4518.909900
-3784.065628
-2919.215795
-2176.028921
-1673.387097
-1311.179088
-817.575083
-80.645161
797.413793
1656.006674
2427.697442
3033.231368
3378.754171
3433.676307
3291.156841
3090.934372
2837.180200
2514.599555
2168.381535
1819.382647
1370.272525
657.675195
-424.777531
-1687.291435
-2684.232481
-3084.677419
-2937.986652
-2665.461624
-2652.947720
-2987.347052
-3418.381535
-3567.157953
-3233.453838
-2433.259177
-1364.015573
-376.112347
319.799778
730.672970
1044.215795
1418.937709
1804.087875
2141.963293
2448.553949
2775.305895
3062.430478
3156.284761
2972.052280
2545.189099
2052.975528
1684.510567
1544.771969
1603.170189
1626.807564
1398.081201
909.343715
361.512792
68.826474
198.136819
620.828699
1065.767519
1344.549499
1480.116796
1532.953281
1482.897664
1354.977753
1294.493882
1432.146830
1668.520578
1637.235818
1172.830923
515.850945
-45.884316
-476.918799
-994.855395
-1671.996663
-2210.789766
-2328.976641
-2119.716352
-2007.786429
-2306.034483
-2928.948832
-3517.102336
-3788.236930
-3743.047831
-3439.238042
-2964.404894
-2507.647386
-2268.492770
-2287.958843
-2335.928810
-2042.547275
-1325.778643
-414.349277
425.472747
1048.387097
1456.479422
1680.339266
1775.583982
1856.924360
2014.738598
2254.588432
2472.191324
2541.713014
2389.460512
2043.937709
1564.238042
983.036707
302.419355
-464.404894
-1143.631813
-1516.268076
-1631.674082
-1729.004449
-1999.443826
-2491.657397
-2981.785317
-3231.368187
-3074.944383
-2505.561735
-1709.538376
-991.379310
-540.878754
-313.542825
-160.595106
109.844271
606.924360
1225.667408
1806.173526
2216.351502
2410.317019
2490.266963
2496.523915
2481.924360
2488.876529
2500.695217
2517.380423
2490.266963
2349.833148
2052.280311
1625.417130
1240.266963
1109.566185
1259.733037
1553.809789
1772.107898
1822.858732
1745.689655
1535.734149
1270.856507
1046.996663
966.351502
1082.452725
1206.896552
1090.100111
648.637375
-33.370412
-807.842047
-1581.618465
-2235.122358
-2525.027809
-2358.175751
-1977.892102
-1845.800890
-2239.988877
-2985.261402
-3606.090100
-3743.047831
-3426.028921
-2921.301446
-2465.239155
-2189.238042
-2128.754171
-2198.971079
-2222.608454
-1961.902113
-1393.214683
-714.682981
-103.587319
388.626251
784.204672
1064.377086
1222.886541
1368.882091
1592.741935
1892.380423
2148.220245
2223.303671
2093.298109
1815.211346
1536.429366
1235.400445
764.738598
104.977753
-490.823137
-761.957731
-777.947720
-895.439377
-1326.473860
-2030.033370
-2748.192436
-3129.171301
-2996.384872
-2352.614016
-1534.343715
-976.779755
-843.993326
-969.132369
-988.598443
-618.743048
92.463849
865.545050
1455.784205
1772.803115
1911.846496
1977.892102
2047.413793
2200.361513
2438.125695
2693.270300
2868.464961
2941.462736
2880.978865
2608.453838
2185.761958
1795.050056
1662.958843
1830.506118
2064.098999
2150.305895
1989.015573
1631.674082
1239.571746
939.933259
819.660734
898.915462
1073.414905
1069.243604
619.438265
-137.652948
-834.955506
-1227.753059
-1455.784205
-1844.410456
-2302.558398
-2514.599555
-2399.193548
-2201.056730
-2326.890990
-2777.391546
-3236.929922
-3385.706340
-3099.276974
-2620.272525
-2186.457175
-1950.083426
-1968.159066
-2100.250278
-2159.343715
-1876.390434
-1247.219132
-564.516129
-13.904338
307.981090
531.840934
722.330367
874.582870
1102.614016
1381.395996
1647.664071
1860.400445
1927.836485
1865.266963
1706.757508
1482.897664
1219.410456
818.270300
312.847608
-83.426029
-230.116796
-253.058954
-458.147942
-930.200222
-1543.381535
-2133.620690
-2477.753059
-2463.848721
-2107.897664
-1643.492770
-1372.358176
-1288.932147
-1286.846496
-1190.906563
-870.411568
-358.731924
200.222469
661.151279
975.389321
1203.420467
1382.786429
1570.494994
1859.705228
2224.694105
2558.398220
2749.582870
2859.427141
2852.474972
2650.166852
2351.918799
2176.724138
2250.417130
2472.886541
2618.882091
2582.035595
2330.367075
1945.216908
1600.389321
1356.368187
1239.571746
1174.916574
1160.317019
1108.870968
752.224694
114.015573
-564.516129
-1082.452725
-1477.335929
-1890.294772
-2182.285873
-2218.437152
-2166.991101
-2269.187987
-2692.575083
-3248.053393
-3617.213571
-3573.414905
-3118.047831
-2623.748610
-2351.223582
-2324.805339
-2443.687430
-2513.904338
-2426.307008
-1995.272525
-1275.027809
-634.037820
-234.288098
-31.284761
173.109010
451.195773
736.929922
1066.462736
1399.471635
1708.843159
1988.320356
2139.877642
2120.411568
1928.531702
1688.681869
1510.011123
1223.581758
773.081201
346.218020
88.987764
-58.398220
-361.512792
-833.565072
-1377.224694
-1952.169077
-2364.432703
-2452.030033
-2180.895439
-1808.259177
-1619.160178
-1608.731924
-1658.092325
-1605.951057
-1261.123471
-645.161290
25.723026
517.241379
791.156841
980.255840
1145.022247
1400.166852
1795.745273
2242.074527
2600.111235
2773.915462
2888.626251
2964.404894
2911.568409
2821.190211
2782.258065
2826.056730
2890.711902
2930.339266
2960.928810
2876.807564
2569.521691
2093.298109
1617.074527
1316.740823
1212.458287
1191.601780
946.885428
296.857620
-495.689655
-1117.213571
-1490.545050
-1836.067853
-2293.520578
-2609.149055
-2683.537264
-2726.640712
-2946.329255
-3375.278087
-3765.989989
-3907.119021
-3702.030033
-3240.406007
-2812.847608
-2520.856507
-2421.440489
-2449.944383
-2471.496107
-2301.167964
-1702.586207
-856.507230
-161.985539
215.517241
357.341491
481.090100
672.274750
935.761958
1305.617353
1717.185762
2072.441602
2272.664071
2278.921023
2163.515017
1993.186874
1816.601780
1556.590656
1102.614016
646.551724
409.482759
288.515017
1.390434
-586.763070
-1286.151279
-1847.886541
-2155.867631
-2182.981090
-2033.509455
-1876.390434
-1875.000000
-1970.939933
-1969.549499
-1780.450501
-1384.872080
-891.268076
-431.729700
-104.282536
130.005562
371.941046
657.675195
1003.197998
1423.109010
1855.533927
2194.799778
2447.858732
2687.708565
2903.921023
2968.576196
2896.968854
2883.064516
3020.717464
3226.501669
3305.061179
3216.768632
3072.163515
2923.387097
2744.716352
2407.536151
1938.959956
1551.028921
1395.300334
1284.065628
898.220245
239.154616
-463.709677
-1078.281424
-1605.255840
-2070.355951
-2315.072303
-2297.691880
-2328.976641
-2716.907675
-3414.210234
-4018.353726
-4194.938821
-3932.842047
-3499.721913
-3227.196885
-3165.322581
-3229.282536
-3321.746385
-3264.043382
-2934.510567
-2284.482759
-1502.363737
-891.963293
-513.765295
-218.993326
98.720801
432.424917
755.005562
1138.070078
1589.961068
2021.690768
2331.062291
2442.992214
2413.097887
2319.243604
2209.399333
2028.642937
1731.785317
1499.582870
1400.862069
1235.400445
779.338154
19.466073
-775.166852
-1377.224694
-1701.890990
-1727.614016
-1612.208009
-1610.122358
-1886.818687
-2282.397108
-2472.886541
-2331.757508
-1858.314794
-1297.969967
-914.210234
-697.302558
-521.412681
-250.973304
86.902113
460.928810
924.638487
1421.023359
1820.077864
2079.393771
2338.709677
2648.776418
2835.789766
2900.444939
3040.183537
3309.232481
3578.976641
3691.601780
3629.727475
3499.721913
3375.973304
3251.529477
3067.992214
2777.391546
2455.506118
2182.981090
1858.314794
1265.989989
524.193548
-134.176863
-728.587319
-1338.987764
-1952.864294
-2321.329255
-2358.175751
-2460.372636
-2949.110122
-3691.601780
-4307.563960
-4498.748610
-4269.327030
-3917.547275
-3799.360400
-3919.632925
-4060.066741
-4068.409344
-3866.101224
-3440.628476
-2804.505006
-2078.698554
-1519.744160
-1138.070078
-723.720801
-237.068966
273.220245
767.519466
1253.476085
1735.261402
2141.963293
2457.591769
2686.318131
2835.094549
2923.387097
2942.157953
2842.741935
2527.808676
2089.822024
1764.460512
1542.686318
1243.047831
745.272525
46.579533
-729.977753
-1396.690768
-1786.012236
-1857.619577
-1797.830923
-1868.743048
-2137.791991
-2401.974416
-2434.649611
-2187.847608
-1738.042269
-1334.121246
-1121.384872
-999.721913
-821.051168
-493.604004
-54.922136
396.273637
818.965517
1206.896552
1544.076752
1929.922136
2368.604004
2675.889878
2840.656285
3007.508343
3289.766407
3647.803115
3948.136819
4121.941046
4130.978865
3977.335929
3673.526140
3351.640712
3156.979978
3066.601780
2948.414905
2520.161290
1656.006674
668.798665
-91.768632
-570.077864
-999.721913
-1550.333704
-2088.431591
-2490.266963
-2842.046719
-3329.393771
-3878.615128
-4258.898776
-4361.095662
-4206.757508
-4009.315907
-4038.515017
-4256.117909
-4468.159066
-4473.025584
-4238.042269
-3828.559511
-3239.710790
-2616.796440
-2137.791991
-1797.135706
-1405.728587
-839.126808
-152.252503
556.173526
1195.077864
1677.558398
1981.368187
2246.245829
2597.330367
3014.460512
3273.081201
3257.091212
3069.382647
2776.696329
2525.027809
2410.317019
2231.646274
1752.641824
1021.968854
320.494994
-148.081201
-427.558398
-702.864294
-1065.072303
-1491.240267
-1909.760845
-2201.056730
-2206.618465
-2027.947720
-1872.219132
-1757.508343
-1696.329255
-1578.837597
-1320.912125
-923.943270
-463.709677
-88.292547
134.872080
344.132369
710.511680
1170.745273
1560.066741
1817.992214
1991.796440
2283.787542
2743.325918
3261.957731
3725.667408
3985.678532
4055.200222
4030.867631
3943.270300
3864.015573
3856.368187
3921.023359
3918.937709
3489.988877
2599.416018
1597.608454
760.567297
125.834260
-455.367075
-980.255840
-1395.300334
-1831.896552
-2484.705228
-3355.116796
-4125.417130
-4519.605117
-4516.129032
-4260.984427
-4104.560623
-4275.583982
-4628.058954
-4920.050056
-4926.307008
-4625.973304
-4114.293660
-3500.417130
-3059.649611
-2909.482759
-2792.686318
-2395.717464
-1637.235818
-757.091212
25.723026
656.284761
1093.576196
1383.481646
1682.424917
2115.545050
2645.300334
3125.695217
3460.789766
3556.729700
3330.784205
2921.996663
2661.985539
2672.413793
2644.605117
2280.311457
1625.417130
892.658509
287.124583
-68.131257
-262.791991
-453.281424
-853.726363
-1436.318131
-1890.294772
-2084.955506
-2066.879867
-1879.171301
-1609.427141
-1457.869855
-1448.136819
-1402.947720
-1115.127920
-645.161290
-236.373749
77.169077
407.397108
699.388209
896.134594
1089.404894
1329.949944
1635.150167
2042.547275
2559.788654
3110.400445
3516.407119
3671.440489
3655.450501
3626.946607
3678.392659
3921.718576
4334.677419
4447.302558
3862.625139
2791.991101
1799.916574
1242.352614
962.180200
646.551724
177.280311
-531.145717
-1520.439377
-2604.282536
-3441.323693
-3857.758621
-3930.061179
-3882.786429
-3996.802002
-4388.209121
-4886.679644
-5218.298109
-5198.136819
-4899.888765
-4492.491657
-4012.096774
-3598.442714
-3455.228031
-3455.923248
-3261.957731
-2708.565072
-1922.969967
-1094.966630
-381.674082
63.959956
254.449388
429.644049
886.401557
1587.180200
2228.170189
2627.224694
2825.361513
2876.807564
2851.084538
2853.865406
2906.701891
2941.462736
2825.361513
2527.113459
2110.678532
1652.530590
1233.314794
905.172414
635.428254
319.104561
-63.959956
-453.281424
-821.746385
-1159.621802
-1373.748610
-1407.814238
-1271.551724
-1085.928810
-958.008899
-910.734149
-919.771969
-834.955506
-487.347052
57.007786
536.012236
786.290323
848.859844
896.134594
1078.281424
1471.078977
2000.139043
2504.866518
2770.439377
2700.222469
2564.655172
2675.889878
3122.914349
3678.392659
3885.567297
3556.729700
2905.311457
2210.789766
1635.845384
1343.159066
1380.005562
1428.670745
976.779755
-193.270300
-1644.883204
-2632.091212
-2895.578420
-2718.993326
-2611.234705
-2924.082314
-3621.384872
-4413.236930
-4995.828699
-5164.071190
-4883.203560
-4323.553949
-3806.312570
-3633.203560
-3762.513904
-3838.987764
-3550.472747
-2951.195773
-2240.684093
-1499.582870
-879.449388
-507.508343
-303.114572
-53.531702
364.988877
841.907675
1254.171301
1624.721913
1966.768632
2154.477197
2139.182425
2062.013348
2047.413793
2121.802002
2245.550612
2334.538376
2222.608454
1855.533927
1424.499444
1170.050056
1128.337041
1076.890990
898.915462
609.010011
194.660734
-260.011123
-540.183537
-529.755284
-367.769744
-269.048943
-302.419355
-407.397108
-476.223582
-393.492770
-73.692992
371.245829
654.894327
735.539488
801.585095
1006.674082
1340.378198
1742.908788
2179.505006
2477.753059
2448.553949
2235.817575
2153.781980
2331.062291
2580.645161
2721.078977
2706.479422
2419.354839
1738.737486
960.789766
636.818687
851.640712
1104.004449
820.355951
-109.844271
-1248.609566
-2041.156841
-2257.369299
-2109.288098
-2093.298109
-2475.667408
-3102.057842
-3745.133482
-4258.898776
-4447.302558
-4164.349277
-3668.659622
-3457.313682
-3674.916574
-3897.385984
-3757.647386
-3330.088988
-2793.381535
-2176.724138
-1532.258065
-1072.024472
-859.983315
-711.206897
-408.092325
102.892102
746.662959
1366.101224
1750.556174
1835.372636
1781.145717
1776.974416
1811.040044
1859.705228
2002.224694
2157.258065
2052.280311
1660.873192
1252.780868
1069.243604
1050.472747
1032.397108
945.494994
755.700779
404.616240
-20.856507
-251.668521
-244.021135
-185.622914
-194.660734
-266.963293
-417.130145
-590.239155
-643.075640
-474.833148
-180.756396
73.692992
276.696329
499.860957
721.635150
893.353726
1114.432703
1495.411568
1946.607341
2350.528365
2603.587319
2598.025584
2472.886541
2478.448276
2739.849833
3085.372636
3156.284761
2889.321468
2431.868743
1835.372636
1215.239155
916.991101
1054.644049
1218.715239
815.489433
-237.764182
-1409.899889
-2076.612903
-2123.192436
-1888.209121
-1829.810901
-2261.540601
-3069.382647
-3837.597330
-4315.211346
-4432.007786
-4155.311457
-3690.906563
-3419.076752
-3539.349277
-3834.816463
-3905.728587
-3613.042269
-3168.798665
-2644.605117
-2010.567297
-1487.764182
-1219.410456
-1056.729700
-819.660734
-385.150167
237.764182
932.285873
1499.582870
1721.357063
1643.492770
1646.968854
1924.360400
2296.996663
2579.949944
2673.804227
2451.334816
1966.073415
1589.265851
1570.494994
1735.261402
1730.394883
1406.423804
939.933259
457.452725
67.436040
-69.521691
19.466073
70.912125
-107.758621
-364.988877
-538.793103
-623.609566
-597.191324
-457.452725
-294.076752
-198.832036
-147.385984
-0.695217
161.985539
155.728587
177.975528
564.516129
1237.486096
1848.581758
2179.505006
2203.142380
2036.985539
1995.272525
2301.167964
2871.941046
3335.650723
3324.527253
2907.397108
2283.092325
1553.809789
1066.462736
1200.639600
1675.472747
1749.165740
1007.369299
-264.182425
-1347.330367
-1816.601780
-1762.374861
-1499.582870
-1491.935484
-2091.212458
-2997.775306
-3708.982202
-4088.570634
-4094.132369
-3798.665184
-3476.779755
-3446.190211
-3771.551724
-4088.570634
-4000.973304
-3581.757508
-3105.533927
-2586.206897
-2076.612903
-1827.030033
-1748.470523
-1571.885428
-1189.516129
-610.400445
87.597330
761.957731
1149.888765
1073.414905
882.925473
1113.042269
1716.490545
2287.958843
2639.043382
2739.154616
2497.219132
2032.119021
1762.374861
1890.989989
2170.467186
2223.303671
1935.483871
1432.146830
869.021135
474.137931
450.500556
569.382647
480.394883
198.136819
-65.350389
-283.648498
-495.689655
-565.906563
-430.339266
-227.335929
-139.043382
-116.101224
-49.360400
-17.380423
-57.007786
53.531702
448.414905
948.275862
1342.463849
1556.590656
1560.761958
1441.879867
1489.849833
1854.143493
2408.231368
2819.799778
2888.626251
2675.889878
2180.895439
1465.517241
1048.387097
1298.665184
1820.077864
1873.609566
1104.699666
-127.224694
-1132.508343
-1505.839822
-1350.111235
-1058.120133
-1129.727475
-1804.783092
-2752.363737
-3524.054505
-3841.768632
-3580.367075
-3042.964405
-2788.515017
-3118.743048
-3780.589544
-4160.177976
-3954.393771
-3415.600667
-2850.389321
-2337.319244
-2036.985539
-2051.585095
-2128.058954
-1954.254727
-1464.822024
-793.242492
-105.672970
451.195773
711.902113
618.743048
509.593993
750.139043
1270.856507
1833.286986
2277.530590
2392.241379
2089.822024
1685.205784
1609.427141
1950.083426
2354.699666
2427.697442
2133.620690
1645.578420
1099.833148
789.071190
885.706340
1130.422692
1084.538376
670.884316
166.156841
-209.955506
-351.779755
-250.278087
-52.141268
9.733037
-167.547275
-361.512792
-350.389321
-228.031146
-66.740823
208.565072
590.934372
908.648498
1101.223582
1256.952169
1375.139043
1397.385984
1442.575083
1692.853170
2126.668521
2425.611791
2394.327030
2171.162403
1879.866518
1459.955506
1138.765295
1231.229143
1606.646274
1720.661846
1134.593993
54.922136
-924.638487
-1286.151279
-1032.397108
-638.904338
-686.179088
-1420.328142
-2412.402670
-3119.438265
-3383.620690
-3217.463849
-2822.580645
-2552.836485
-2735.678532
-3334.260289
-3852.196885
-3859.149055
-3444.799778
-2940.072303
-2502.085651
-2184.371524
-2077.308120
-2078.003337
-1959.121246
-1622.636263
-1117.213571
-554.087875
5.561735
411.568409
447.719689
313.542825
412.958843
812.013348
1321.607341
1690.767519
1798.526140
1658.787542
1413.375973
1359.149055
1618.464961
1974.416018
2112.068966
1948.692992
1626.112347
1269.466073
1045.606229
1109.566185
1325.778643
1361.929922
1056.729700
567.296997
179.365962
21.551724
77.169077
238.459399
326.056730
230.116796
39.627364
-41.713014
-6.256952
49.360400
170.328142
467.185762
870.411568
1188.820912
1335.511680
1318.826474
1221.496107
1222.886541
1504.449388
2017.519466
2445.077864
2472.886541
2149.610679
1692.853170
1195.773081
875.278087
996.245829
1459.955506
1699.110122
1149.193548
-45.884316
-1147.803115
-1565.628476
-1308.398220
-880.144605
-807.842047
-1370.272525
-2281.006674
-3010.984427
-3334.260289
-3237.625139
-2871.941046
-2543.103448
-2596.635150
-3065.906563
-3499.721913
-3473.303671
-3099.972191
-2719.688543
-2420.050056
-2133.620690
-1930.617353
-1837.458287
-1711.624027
-1408.509455
-966.351502
-497.775306
-23.637375
369.855395
511.679644
494.299221
627.085651
983.731924
1414.071190
1737.347052
1859.010011
1707.452725
1378.615128
1204.810901
1400.862069
1760.984427
1902.808676
1692.853170
1276.418242
843.993326
581.201335
658.370412
934.371524
1058.120133
871.802002
512.374861
203.003337
34.760845
38.236930
183.537264
305.200222
273.220245
169.632925
123.748610
115.406007
84.816463
141.824249
403.921023
759.872080
1033.092325
1214.543938
1353.587319
1411.985539
1411.290323
1532.953281
1853.448276
2313.681869
2620.272525
2542.408231
2185.761958
1715.100111
1328.559511
1176.307008
1304.922136
1560.761958
1539.210234
901.001112
-206.479422
-1154.755284
-1450.917686
-1222.191324
-1003.197998
-1206.201335
-1824.944383
-2538.236930
-3109.705228
-3394.048943
-3307.146830
-3004.727475
-2758.620690
-2853.170189
-3252.919911
-3553.948832
-3461.484983
-3111.095662
-2768.353726
-2460.372636
-2166.991101
-1938.959956
-1845.800890
-1763.070078
-1447.441602
-914.905451
-378.893215
47.274750
401.835373
646.551724
722.330367
761.957731
1026.835373
1541.991101
2009.872080
2130.839822
1893.770857
1530.172414
1279.199110
1354.282536
1652.530590
1872.219132
1773.498331
1356.368187
825.917686
419.215795
351.779755
619.438265
871.106785
732.758621
275.305895
-105.672970
-197.441602
-127.224694
-25.723026
98.025584
154.338154
50.055617
-81.340378
-31.284761
144.605117
274.610679
402.530590
625.000000
922.552836
1177.697442
1381.395996
1551.724138
1593.437152
1592.046719
1806.868743
2233.731924
2563.959956
2570.216908
2362.347052
2071.746385
1692.853170
1353.587319
1299.360400
1518.353726
1573.275862
1132.508343
293.381535
-543.659622
-1041.434928
-1150.583982
-1081.757508
-1170.050056
-1583.704116
-2187.152392
-2794.771969
-3305.756396
-3556.729700
-3403.086763
-3017.241379
-2841.351502
-3088.153504
-3469.132369
-3601.223582
-3415.600667
-3058.954394
-2616.796440
-2164.905451
-1910.456062
-1917.408231
-1954.254727
-1722.747497
-1219.410456
-638.209121
-100.111235
327.447164
618.743048
702.169077
647.246941
736.929922
1135.984427
1749.860957
2226.084538
2296.301446
1959.121246
1501.668521
1293.103448
1415.461624
1710.928810
1941.740823
1885.428254
1482.202447
885.706340
415.044494
366.379310
627.085651
762.652948
563.125695
199.527253
-111.234705
-303.114572
-370.550612
-277.391546
-94.549499
8.342603
-47.274750
-138.348165
-102.892102
22.942158
167.547275
335.789766
567.296997
900.305895
1255.561735
1499.582870
1557.285873
1503.058954
1584.399333
1918.103448
2364.432703
2679.365962
2741.240267
2580.645161
2220.522803
1705.367075
1307.703003
1300.750834
1627.502781
1841.629588
1521.829811
646.551724
-378.197998
-1049.082314
-1172.135706
-962.875417
-840.517241
-1111.651835
-1773.498331
-2616.796440
-3388.487208
-3734.010011
-3460.094549
-2899.054505
-2666.852058
-3039.488320
-3659.621802
-3970.383760
-3764.599555
-3255.700779
-2705.088988
-2267.797553
-2084.955506
-2127.363737
-2187.847608
-2012.652948
-1506.535039
-830.088988
-241.935484
142.519466
329.532814
408.787542
487.347052
636.818687
964.265851
1491.935484
1952.169077
2044.632925
1786.012236
1478.726363
1389.738598
1523.220245
1698.414905
1840.934372
1882.647386
1646.968854
1196.468298
792.547275
685.483871
835.650723
954.532814
809.232481
455.367075
112.625139
-82.730812
-121.662959
-107.758621
-75.778643
-17.380423
-11.818687
-88.292547
-114.015573
-11.818687
152.252503
324.666296
536.707453
816.879867
1083.147942
1232.619577
1313.264739
1402.947720
1551.724138
1783.231368
2064.098999
2325.500556
2465.239155
2452.030033
2271.273637
1848.581758
1341.768632
1110.956618
1351.501669
1707.452725
1600.389321
856.507230
-177.280311
-957.313682
-1255.561735
-1170.050056
-987.903226
-1102.614016
-1610.122358
-2318.548387
-3036.707453
-3528.921023
-3547.691880
-3161.846496
-2810.761958
-2906.701891
-3350.945495
-3623.470523
-3556.034483
-3333.565072
-3022.803115
-2591.768632
-2164.905451
-1945.216908
-1922.274750
-1886.123471
-1644.883204
-1185.344828
-608.314794
-39.627364
333.008899
458.147942
534.621802
655.589544
861.373749
1232.619577
1703.976641
2044.632925
2005.700779
1700.500556
1514.877642
1585.094549
1726.918799
1827.030033
1873.609566
1749.165740
1420.328142
1076.890990
909.343715
901.696329
885.011123
756.395996
546.440489
312.847608
116.101224
36.846496
21.551724
-64.655172
-211.345940
-261.401557
-150.166852
15.294772
125.834260
189.098999
202.308120
193.270300
348.998888
739.710790
1179.783092
1447.441602
1502.363737
1482.897664
1510.706340
1624.026696
1909.065628
2329.671858
2626.529477
2601.501669
2278.921023
1747.775306
1216.629588
1008.064516
1264.599555
1685.205784
1689.377086
967.741935
-141.129032
-1046.301446
-1433.537264
-1316.045606
-1021.968854
-976.779755
-1379.310345
-2140.572859
-3018.631813
-3640.155729
-3712.458287
-3258.481646
-2730.116796
-2687.708565
-3154.894327
-3616.518354
-3711.763070
-3481.646274
-3065.211346
-2564.655172
-2108.592881
-1866.657397
-1849.276974
-1840.934372
-1610.122358
-1172.135706
-650.027809
-178.670745
150.862069
355.255840
515.155729
671.579533
836.345940
1069.938821
1374.443826
1678.948832
1822.858732
1783.926585
1723.442714
1714.404894
1671.996663
1598.303671
1605.951057
1647.664071
1584.399333
1384.176863
1145.717464
950.361513
773.776418
637.513904
574.249166
519.327030
408.092325
237.068966
29.199110
-171.023359
-251.668521
-145.995551
77.169077
185.622914
114.710790
50.750834
102.892102
238.459399
421.301446
685.483871
1004.588432
1256.952169
1373.053393
1412.680756
1454.393771
1524.610679
1651.835373
1831.896552
2041.852058
2254.588432
2390.850945
2237.208009
1624.721913
871.106785
572.858732
910.734149
1439.794216
1481.507230
800.194661
-258.620690
-1207.591769
-1693.548387
-1645.578420
-1313.264739
-1096.357063
-1322.302558
-2068.270300
-3056.173526
-3775.723026
-3811.179088
-3259.872080
-2684.927697
-2572.302558
-2886.540601
-3266.129032
-3466.351502
-3404.477197
-3036.707453
-2440.906563
-1843.715239
-1502.363737
-1427.975528
-1439.794216
-1341.073415
-1056.729700
-630.561735
-158.509455
268.353726
628.476085
900.305895
1042.825362
1019.883204
1008.759733
1186.735261
1512.096774
1808.954394
1958.426029
1960.511680
1845.105673
1621.245829
1386.957731
1315.350389
1380.700779
1425.889878
1357.758621
1201.334816
987.208009
713.987764
425.472747
202.308120
148.081201
250.278087
346.218020
279.477197
14.599555
-272.525028
-351.084538
-193.270300
41.713014
228.726363
357.341491
404.616240
342.046719
301.028921
444.938821
775.166852
1126.946607
1359.149055
1518.353726
1634.454950
1652.530590
1562.847608
1487.764182
1599.694105
1935.483871
2347.052280
2549.360400
2287.958843
1561.457175
684.093437
250.278087
567.296997
1263.904338
1549.638487
934.371524
-327.447164
-1480.116796
-1977.892102
-1859.010011
-1489.154616
-1255.561735
-1383.481646
-1965.378198
-2896.968854
-3738.876529
-3928.670745
-3398.220245
-2731.507230
-2543.798665
-2847.608454
-3186.874305
-3252.919911
-3126.390434
-2915.739711
-2557.007786
-2056.451613
-1616.379310
-1359.844271
-1234.705228
-1071.329255
-786.290323
-476.918799
-180.061179
157.119021
562.430478
998.331479
1311.874305
1377.224694
1316.740823
1343.854283
1494.716352
1660.177976
1767.241379
1841.629588
1854.838710
1740.127920
1519.048943
1305.617353
1196.468298
1125.556174
1032.397108
916.991101
796.023359
682.703003
585.372636
448.414905
214.822024
-19.466073
-97.330367
-27.113459
61.179088
63.264739
4.171301
-59.788654
-114.710790
-104.282536
10.428254
206.479422
364.988877
424.777531
447.719689
513.765295
701.473860
923.248053
1072.024472
1169.354839
1291.017798
1445.355951
1571.885428
1611.512792
1610.817575
1635.150167
1683.120133
1793.659622
1954.254727
1943.131257
1463.431591
663.236930
152.947720
336.484983
922.552836
1122.080089
528.364850
-504.032258
-1320.216908
-1658.787542
-1719.966630
-1699.805339
-1589.265851
-1455.088988
-1665.044494
-2440.906563
-3317.575083
-3602.614016
-3193.826474
-2655.033370
-2518.075640
-2682.146830
-2776.696329
-2697.441602
-2618.882091
-2579.254727
-2399.193548
-2006.395996
-1571.885428
-1290.322581
-1097.052280
-775.862069
-308.676307
69.521691
184.232481
208.565072
463.014461
950.361513
1369.577308
1557.285873
1639.321468
1737.347052
1749.860957
1598.303671
1409.204672
1406.423804
1658.787542
1903.503893
1843.715239
1493.325918
1065.767519
748.053393
565.906563
480.394883
514.460512
657.675195
684.788654
402.530590
-98.025584
-493.604004
-534.621802
-293.381535
-39.627364
6.256952
-96.635150
-204.393771
-295.467186
-332.313682
-264.877642
-83.426029
152.947720
294.076752
304.505006
289.905451
348.998888
447.024472
555.478309
668.798665
821.051168
1037.958843
1221.496107
1302.836485
1278.503893
1232.619577
1230.533927
1290.322581
1419.632925
1657.397108
1981.368187
2096.774194
1657.397108
788.375973
84.121246
93.854283
702.864294
1169.354839
968.437152
209.955506
-627.085651
-1196.468298
-1500.278087
-1653.225806
-1610.817575
-1384.872080
-1299.360400
-1686.596218
-2415.183537
-2961.624027
-3001.946607
-2797.552836
-2771.134594
-2885.150167
-2824.666296
-2511.123471
-2187.152392
-2100.250278
-2175.333704
-2157.953281
-1937.569522
-1587.180200
-1163.097887
-668.103448
-108.453838
332.313682
486.651835
436.596218
465.100111
783.509455
1240.962180
1639.321468
1902.113459
2018.214683
1953.559511
1722.747497
1491.935484
1446.051168
1570.494994
1667.130145
1569.104561
1303.531702
1005.283648
807.146830
708.426029
586.067853
377.502781
152.947720
-35.456062
-182.146830
-241.240267
-231.507230
-203.003337
-288.515017
-506.117909
-704.254727
-753.615128
-661.846496
-517.241379
-383.759733
-292.686318
-239.154616
-248.887653
-320.494994
-354.560623
-222.469410
35.456062
274.610679
421.996663
467.185762
490.127920
559.649611
672.969967
858.592881
1117.908788
1343.854283
1425.194661
1359.844271
1243.743048
1211.067853
1318.131257
1547.552836
1844.410456
2101.640712
2084.955506
1570.494994
718.159066
121.662959
269.048943
955.228031
1410.595106
1121.384872
277.391546
-556.173526
-1040.044494
-1265.294772
-1399.471635
-1434.232481
-1309.093437
-1274.332592
-1636.540601
-2302.558398
-2797.552836
-2814.933259
-2607.758621
-2617.491657
-2805.895439
-2757.230256
-2352.614016
-1925.055617
-1784.621802
-1812.430478
-1697.719689
-1382.786429
-1068.548387
-821.746385
-451.890990
141.824249
726.501669
973.998888
870.411568
782.119021
980.951057
1347.330367
1610.122358
1691.462736
1687.291435
1674.777531
1579.532814
1352.892102
1135.984427
1060.901001
1061.596218
972.608454
741.796440
524.888765
420.606229
348.998888
159.899889
-159.204672
-410.177976
-483.870968
-439.377086
-442.157953
-600.667408
-813.403782
-925.333704
-911.429366
-855.116796
-812.708565
-775.862069
-714.682981
-652.113459
-606.924360
-511.679644
-354.560623
-202.308120
-95.244716
-36.151279
92.463849
322.580645
526.974416
618.047831
602.753059
576.334816
615.962180
775.166852
999.721913
1202.725250
1368.186874
1439.794216
1384.872080
1250.000000
1208.286986
1354.977753
1584.399333
1756.117909
1853.448276
1993.882091
2085.650723
1865.266963
1238.181313
580.506118
349.694105
651.418242
1058.120133
1020.578420
494.994438
-150.862069
-609.010011
-938.542825
-1283.370412
-1537.819800
-1507.925473
-1339.682981
-1434.232481
-1870.133482
-2288.654060
-2390.850945
-2267.797553
-2276.140156
-2504.171301
-2612.625139
-2319.938821
-1781.840934
-1375.139043
-1251.390434
-1211.067853
-1053.948832
-859.288098
-744.577308
-552.697442
-79.949944
538.097887
959.399333
1012.931034
923.248053
949.666296
1072.719689
1162.402670
1181.173526
1205.506118
1255.561735
1215.239155
975.389321
619.438265
352.474972
253.754171
222.469410
71.607341
-207.869855
-460.928810
-600.667408
-688.959956
-791.852058
-912.819800
-1026.835373
-1090.100111
-1094.966630
-1078.976641
-1121.384872
-1199.944383
-1167.269188
-985.817575
-752.224694
-577.030033
-486.651835
-416.434928
-368.464961
-320.494994
-205.088988
33.370412
333.704116
545.745273
574.249166
533.926585
602.057842
814.794216
1053.253615
1189.516129
1224.276974
1220.800890
1265.294772
1355.672970
1436.318131
1523.220245
1589.961068
1598.998888
1551.028921
1517.658509
1573.275862
1666.434928
1727.614016
1689.377086
1571.190211
1495.411568
1587.180200
1807.563960
1843.020022
1462.041157
816.184650
333.704116
319.104561
594.410456
686.874305
397.664071
-75.778643
-473.442714
-771.690768
-1100.528365
-1410.595106
-1529.477197
-1427.280311
-1407.814238
-1665.044494
-1999.443826
-2105.812013
-1978.587319
-1901.418242
-2057.842047
-2226.084538
-2112.068966
-1722.747497
-1321.607341
-1104.699666
-984.427141
-812.013348
-616.657397
-514.460512
-482.480534
-317.714127
27.113459
335.789766
429.644049
383.759733
401.140156
516.546162
539.488320
383.064516
168.937709
54.226919
73.692992
59.788654
-112.625139
-353.170189
-480.394883
-499.860957
-603.448276
-875.973304
-1128.337041
-1159.621802
-1045.606229
-1016.407119
-1124.860957
-1210.372636
-1123.470523
-911.429366
-754.310345
-748.748610
-782.119021
-687.569522
-466.490545
-233.592881
-57.703003
93.159066
301.724138
533.926585
705.645161
829.393771
954.532814
1058.815350
1133.898776
1231.229143
1373.748610
1544.076752
1637.931034
1584.399333
1461.345940
1407.814238
1456.479422
1528.781980
1557.285873
1505.144605
1398.081201
1297.274750
1206.201335
1124.860957
1081.757508
1126.251390
1244.438265
1263.209121
1135.984427
978.170189
923.248053
997.636263
1044.215795
1017.102336
1019.883204
1170.050056
1340.378198
1213.153504
692.436040
104.282536
-103.587319
127.919911
400.444939
341.351502
-33.370412
-391.407119
-570.773081
-715.378198
-935.066741
-1136.679644
-1188.820912
-1190.211346
-1354.977753
-1652.530590
-1802.697442
-1684.510567
-1526.001112
-1613.598443
-1909.065628
-2105.116796
-1996.662959
-1716.490545
-1506.535039
-1377.224694
-1202.030033
-978.865406
-889.877642
-999.026696
-1104.699666
-994.855395
-763.348165
-630.561735
-634.037820
-585.372636
-410.873192
-310.066741
-456.757508
-716.768632
-807.146830
-695.912125
-586.067853
-633.342603
-727.196885
-670.189099
-499.860957
-415.739711
-485.956618
-538.097887
-421.301446
-211.345940
-104.977753
-123.748610
-102.196885
76.473860
329.532814
525.583982
633.342603
689.655172
729.977753
729.977753
734.844271
821.051168
1020.578420
1243.047831
1329.254727
1228.448276
1057.424917
974.694105
997.636263
1044.911012
1065.072303
1071.329255
1098.442714
1104.699666
1026.140156
878.754171
766.129032
763.348165
844.688543
899.610679
871.802002
809.927697
774.471635
721.635150
604.143493
482.480534
449.805339
547.830923
672.969967
769.605117
846.078977
905.867631
915.600667
853.726363
768.214683
724.416018
766.129032
909.343715
1149.193548
1387.652948
1431.451613
1156.840934
663.236930
222.469410
83.426029
212.041157
334.399333
225.250278
-75.778643
-388.626251
-650.027809
-936.457175
-1245.133482
-1446.051168
-1531.562848
-1648.359288
-1895.856507
-2151.696329
-2189.238042
-2032.119021
-1950.778643
-2102.335929
-2375.556174
-2513.904338
-2429.783092
-2221.913237
-1998.748610
-1761.679644
-1504.449388
-1293.798665
-1216.629588
-1213.848721
-1106.785317
-875.973304
-684.093437
-613.876529
-530.450501
-282.258065
-3.476085
95.939933
29.894327
12.513904
114.015573
196.746385
154.338154
95.939933
169.632925
361.512792
526.974416
520.022247
408.787542
374.026696
451.195773
538.097887
525.583982
454.671858
447.719689
522.803115
593.715239
616.657397
656.979978
697.997775
671.579533
599.972191
576.334816
606.229143
650.723026
669.493882
638.904338
599.972191
583.982202
615.266963
643.075640
615.266963
565.906563
576.334816
637.513904
660.456062
647.942158
645.856507
689.655172
719.549499
725.806452
711.902113
718.159066
757.786429
807.146830
832.174638
778.642937
691.740823
640.989989
630.561735
631.256952
640.989989
672.969967
707.730812
709.816463
659.065628
600.667408
590.239155
590.934372
589.543938
575.639600
575.639600
655.589544
801.585095
819.660734
545.050056
69.521691
-331.618465
-438.681869
-344.827586
-321.885428
-499.165740
-774.471635
-996.245829
-1156.145717
-1302.141268
-1453.698554
-1557.981090
-1608.731924
-1698.414905
-1854.143493
-1948.692992
-1820.773081
-1572.580645
-1444.660734
-1560.761958
-1727.614016
-1721.357063
-1541.991101
-1312.569522
-1083.843159
-828.698554
-589.543938
-488.737486
-526.974416
-558.259177
-440.767519
-212.041157
-66.045606
-77.169077
-116.796440
11.123471
237.764182
361.512792
287.124583
139.043382
68.131257
75.778643
74.388209
40.322581
28.503893
38.236930
36.846496
-25.027809
-106.368187
-140.433815
-126.529477
-101.501669
-64.655172
-5.561735
76.473860
172.413793
226.640712
220.383760
218.993326
292.686318
442.157953
597.886541
716.073415
782.119021
837.041157
846.774194
775.166852
717.463849
727.892102
838.431591
981.646274
1012.931034
909.343715
799.499444
770.995551
821.051168
843.298109
806.451613
785.595106
799.499444
822.441602
806.451613
782.814238
739.015573
663.236930
554.087875
418.520578
319.799778
314.238042
360.817575
344.827586
253.754171
158.509455
133.481646
145.995551
114.015573
75.778643
70.912125
141.824249
261.401557
343.437152
358.036707
326.056730
284.343715
284.343715
355.255840
466.490545
558.954394
501.251390
253.754171
-43.103448
-212.736374
-198.136819
-118.882091
-141.824249
-287.819800
-463.709677
-597.886541
-704.949944
-807.842047
-911.429366
-976.779755
-1022.664071
-1090.795328
-1199.944383
-1283.370412
-1305.617353
-1300.055617
-1334.121246
-1403.642937
-1466.907675
-1453.698554
-1380.700779
-1279.199110
-1174.221357
-1092.880979
-1025.444939
-1007.369299
-995.550612
-907.258065
-759.872080
-629.866518
-579.810901
-603.448276
-576.334816
-451.890990
-285.038932
-179.365962
-139.043382
-103.587319
-64.655172
-31.979978
7.647386
77.864294
151.557286
219.688543
257.230256
290.600667
360.122358
467.185762
566.601780
631.256952
679.226919
738.320356
791.852058
817.575083
818.965517
821.746385
843.298109
874.582870
885.706340
887.791991
876.668521
849.555061
812.708565
714.682981
597.886541
531.145717
533.231368
563.820912
565.906563
522.803115
440.767519
359.427141
287.124583
255.839822
253.754171
269.048943
294.771969
332.313682
349.694105
330.923248
319.104561
320.494994
367.769744
419.215795
436.596218
421.996663
411.568409
414.349277
442.157953
470.661846
479.004449
495.689655
510.984427
486.651835
417.130145
366.379310
367.769744
423.387097
450.500556
394.883204
289.210234
216.907675
217.602892
227.335929
194.660734
124.443826
67.436040
-14.599555
-213.431591
-509.593993
-760.567297
-830.088988
-748.053393
-692.436040
-804.365962
-1026.835373
-1212.458287
-1259.733037
-1228.448276
-1220.105673
-1232.619577
-1232.619577
-1193.687430
-1175.611791
-1193.687430
-1184.649611
-1104.004449
-986.512792
-925.333704
-936.457175
-930.200222
-813.403782
-609.010011
-429.644049
-339.265851
-303.114572
-254.449388
-165.461624
-72.302558
-17.380423
11.818687
38.932147
72.302558
123.748610
191.184650
244.021135
247.497219
185.622914
107.063404
68.826474
83.426029
94.549499
47.274750
-41.017798
-107.758621
-116.101224
-84.121246
-22.942158
27.113459
61.179088
99.416018
117.491657
147.385984
225.945495
369.160178
514.460512
565.906563
529.755284
495.689655
549.916574
674.360400
784.899889
818.965517
809.927697
800.889878
770.995551
731.368187
729.282536
773.776418
831.479422
851.640712
800.194661
713.292547
645.161290
613.876529
585.372636
533.231368
474.137931
413.654060
324.666296
234.983315
180.061179
160.595106
125.834260
32.675195
-99.416018
-204.393771
-257.925473
-298.943270
-331.618465
-329.532814
-275.305895
-230.116796
-237.764182
-301.028921
-362.208009
-376.807564
-374.721913
-364.293660
-310.761958
-188.403782
-66.045606
-0.695217
-20.161290
-68.826474
-67.436040
-9.037820
86.206897
180.061179
256.535039
307.981090
330.228031
367.769744
414.349277
405.311457
314.933259
170.328142
63.959956
86.206897
165.461624
191.184650
118.186874
6.256952
-80.645161
-173.804227
-271.134594
-348.998888
-374.721913
-391.407119
-454.671858
-568.687430
-697.302558
-759.176863
-773.776418
-808.537264
-856.507230
-886.401557
-876.668521
-874.582870
-924.638487
-969.827586
-912.124583
-768.909900
-664.627364
-659.760845
-714.682981
-720.939933
-635.428254
-495.689655
-379.588432
-280.867631
-169.632925
-59.093437
6.952169
11.818687
25.027809
104.282536
235.678532
367.769744
444.938821
437.986652
392.102336
348.998888
362.903226
432.424917
507.508343
546.440489
521.412681
471.357063
435.901001
428.253615
431.034483
412.958843
369.855395
333.008899
296.162403
261.401557
249.582870
255.144605
269.744160
259.315907
205.088988
116.101224
54.922136
65.350389
118.186874
159.204672
151.557286
84.816463
50.055617
100.111235
192.575083
220.383760
161.985539
108.453838
124.443826
196.051168
272.525028
322.580645
320.494994
307.981090
279.477197
268.353726
277.391546
307.981090
353.865406
376.807564
385.845384
364.293660
338.570634
308.676307
295.467186
297.552836
319.799778
348.303671
348.303671
328.837597
298.943270
272.525028
248.192436
226.640712
231.507230
241.240267
242.630701
213.431591
152.947720
80.645161
39.627364
48.665184
61.179088
44.493882
-19.466073
-105.672970
-161.985539
-163.375973
-164.766407
-220.383760
-343.437152
-467.880979
-531.145717
-563.125695
-611.095662
-653.503893
-688.959956
-709.121246
-736.234705
-787.680756
-843.993326
-880.839822
-901.696329
-935.066741
-971.218020
-982.341491
-962.180200
-940.628476
-944.104561
-970.522803
-979.560623
-936.457175
-841.212458
-732.758621
-622.219132
-499.860957
-409.482759
-378.893215
-385.845384
-344.132369
-238.459399
-87.597330
48.665184
130.700779
194.660734
259.315907
296.162403
297.552836
316.323693
371.245829
459.538376
530.450501
554.087875
558.259177
603.448276
632.647386
611.095662
560.344828
529.755284
550.611791
599.276974
663.932147
710.511680
699.388209
629.171301
532.536151
458.147942
472.747497
535.317019
568.687430
533.231368
460.233593
407.397108
375.417130
378.197998
365.684093
362.208009
356.646274
337.180200
310.066741
272.525028
262.791991
275.305895
300.333704
310.761958
289.905451
249.582870
223.164627
212.736374
223.859844
244.716352
207.174638
114.015573
19.466073
-15.989989
-8.342603
4.171301
2.780868
-11.123471
-13.904338
-11.818687
-22.246941
-49.360400
-72.997775
-95.939933
-97.330367
-94.549499
-83.426029
-83.426029
-115.406007
-161.290323
-229.421580
-265.572859
-266.963293
-236.373749
-207.174638
-221.078977
-289.210234
-385.150167
-449.110122
-427.558398
-344.827586
-291.295884
-278.781980
-296.162403
-346.913237
-407.397108
-462.319244
-468.576196
-401.835373
-305.895439
-285.038932
-355.951057
-453.976641
-515.850945
-524.888765
-522.803115
-524.888765
-521.412681
-498.470523
-481.090100
-496.384872
-524.888765
-506.117909
-447.719689
-415.044494
-417.130145
-414.349277
-370.550612
-320.494994
-307.285873
-260.011123
-198.136819
-146.690768
-87.597330
-52.836485
-25.027809
39.627364
125.834260
173.804227
169.632925
184.927697
249.582870
310.761958
355.255840
413.654060
510.984427
621.523915
670.884316
645.161290
606.924360
625.000000
682.703003
724.416018
716.768632
716.768632
733.453838
709.816463
621.523915
538.793103
513.070078
508.203560
496.384872
453.281424
414.349277
400.444939
352.474972
257.230256
141.824249
80.645161
103.587319
96.635150
-22.942158
-159.899889
-216.907675
-229.421580
-227.335929
-228.726363
-210.650723
-203.003337
-222.469410
-264.182425
-300.333704
-261.401557
-186.318131
-127.224694
-107.758621
-98.025584
-50.750834
16.685206
50.055617
56.312570
88.292547
157.119021
218.298109
228.726363
228.726363
227.335929
238.459399
225.945495
214.126808
214.126808
220.383760
221.774194
193.270300
154.338154
133.481646
132.786429
90.378198
7.647386
-68.826474
-102.892102
-127.919911
-175.889878
-237.068966
-307.981090
-376.112347
-411.568409
-449.110122
-511.679644
-559.649611
-562.430478
-540.183537
-536.012236
-556.868743
-572.163515
-588.848721
-590.934372
-575.639600
-530.450501
-472.052280
-428.253615
-376.112347
-326.751947
-280.867631
-215.517241
-166.852058
-160.595106
-148.081201
-104.282536
-44.493882
-11.818687
-19.466073
-27.808676
-2.780868
55.617353
97.330367
106.368187
132.786429
189.098999
237.068966
226.640712
190.489433
174.499444
181.451613
213.431591
212.736374
233.592881
311.457175
362.208009
307.285873
198.136819
126.529477
140.433815
218.993326
257.230256
235.678532
196.746385
187.708565
198.832036
148.776418
73.692992
66.045606
127.919911
166.852058
191.879867
227.335929
241.240267
234.983315
188.403782
130.700779
125.139043
177.975528
215.517241
180.756396
120.272525
93.854283
99.416018
109.844271
121.662959
159.899889
169.632925
125.834260
54.226919
-24.332592
-34.065628
33.370412
96.635150
107.758621
108.453838
102.196885
67.436040
6.952169
-51.446051
-62.569522
-16.685206
36.151279
34.065628
-17.380423
-64.655172
-80.645161
-91.073415
-107.063404
-93.159066
-57.703003
-53.531702
-100.111235
-152.252503
-157.814238
-115.406007
-77.864294
-109.844271
-176.585095
-199.527253
-209.955506
-257.925473
-267.658509
-229.421580
-182.146830
-173.804227
-196.746385
-216.212458
-206.479422
-147.385984
-120.967742
-188.403782
-251.668521
-200.917686
-95.244716
-65.350389
-100.806452
-108.453838
-99.416018
-85.511680
-68.131257
-80.645161
-107.063404
-82.730812
-54.922136
-79.254727
-68.131257
-6.952169
21.551724
2.085651
-14.599555
-5.561735
8.342603
41.713014
78.559511
96.635150
110.539488
132.091212
121.662959
79.254727
68.826474
86.206897
99.416018
118.882091
177.975528
214.822024
185.622914
150.166852
157.119021
205.784205
241.240267
209.955506
124.443826
90.378198
139.043382
191.184650
220.383760
248.887653
271.134594
228.726363
132.786429
51.446051
24.332592
57.007786
128.615128
142.519466
100.111235
78.559511
45.884316
-38.932147
-128.615128
-103.587319
1.390434
20.161290
-29.199110
-100.806452
-168.937709
-173.804227
-142.519466
-117.491657
-126.529477
-132.091212
-168.937709
-278.781980
-338.570634
-265.572859
-130.005562
-54.922136
-65.350389
-89.682981
-95.939933
-93.159066
-106.368187
-164.766407
-202.308120
-135.567297
-31.979978
17.380423
38.236930
71.607341
69.521691
21.551724
-38.932147
-82.035595
-36.846496
52.141268
83.426029
43.103448
9.733037
25.723026
56.312570
66.740823
48.665184
18.770857
25.027809
54.922136
57.703003
52.836485
67.436040
86.206897
76.473860
50.055617
19.466073
-20.856507
-50.055617
-58.398220
-68.131257
-48.665184
19.466073
82.035595
78.559511
19.466073
-29.894327
-43.103448
-17.380423
18.075640
43.103448
67.436040
105.672970
132.786429
114.015573
91.768632
104.977753
135.567297
117.491657
63.959956
48.665184
120.967742
192.575083
189.794216
124.443826
59.093437
32.675195
25.723026
-9.037820
-47.274750
-22.246941
39.627364
67.436040
9.037820
-91.073415
-151.557286
-177.280311
-197.441602
-235.678532
-223.164627
-157.119021
-144.605117
-192.575083
-256.535039
-281.562848
-235.678532
-165.461624
-132.091212
-139.043382
-133.481646
-119.577308
-152.947720
-172.413793
-113.320356
-3.476085
86.206897
104.977753
62.569522
18.075640
13.209121
20.856507
61.179088
139.043382
228.726363
285.038932
242.630701
157.814238
116.101224
106.368187
108.453838
119.577308
143.214683
173.804227
216.907675
212.041157
129.310345
52.141268
38.932147
40.322581
40.322581
34.760845
0.000000
-34.760845
-41.017798
-29.894327
-33.370412
-65.350389
-97.330367
-125.834260
-145.300334
-110.539488
-73.692992
-45.884316
-41.713014
-31.979978
-32.675195
-58.398220
-11.123471
52.141268
82.035595
94.549499
92.463849
103.587319
151.557286
209.260289
207.174638
156.423804
133.481646
145.300334
148.776418
148.081201
145.995551
129.310345
105.672970
68.826474
31.284761
10.428254
15.989989
0.695217
-56.312570
-122.358176
-139.738598
-137.652948
-168.937709
-225.250278
-282.953281
-297.552836
-278.086763
-277.391546
-327.447164
-350.389321
-342.046719
-333.008899
-348.303671
-362.903226
-375.417130
-367.769744
-311.457175
-267.658509
-221.774194
-136.957731
-67.436040
-84.121246
-143.214683
-164.071190
-143.909900
-75.083426
22.246941
114.015573
166.156841
205.088988
219.688543
156.423804
95.244716
127.224694
219.688543
323.275862
417.825362
470.661846
432.424917
364.988877
330.228031
265.572859
230.116796
287.124583
357.341491
376.112347
384.454950
387.931034
316.323693
226.640712
171.718576
113.320356
92.463849
125.139043
147.385984
98.025584
45.189099
10.428254
-27.808676
-63.264739
-47.274750
-13.904338
-41.713014
-78.559511
-101.501669
-112.625139
-102.892102
-43.103448
-35.456062
-98.720801
-128.615128
-108.453838
-86.206897
-61.874305
-27.808676
-34.760845
-61.179088
-67.436040
-82.035595
-114.710790
-98.720801
-65.350389
-83.426029
-95.244716
-98.720801
-127.919911
-159.204672
-160.595106
-155.728587
-164.071190
-144.605117
-143.909900
-231.507230
-326.056730
-351.084538
-345.522803
-317.714127
-253.058954
-219.688543
-262.096774
-298.248053
-273.220245
-254.449388
-253.058954
-191.879867
-132.786429
-148.081201
-129.310345
-59.093437
-36.846496
-53.531702
-43.103448
-20.161290
16.685206
95.244716
137.652948
86.206897
41.017798
85.511680
136.262514
159.899889
198.832036
225.945495
203.698554
201.612903
191.879867
157.119021
166.852058
230.812013
270.439377
255.839822
256.535039
246.802002
216.212458
158.509455
132.786429
159.899889
221.774194
290.600667
273.220245
181.451613
136.262514
155.728587
165.461624
189.098999
224.555061
220.383760
171.023359
136.957731
125.834260
126.529477
175.194661
208.565072
175.889878
145.300334
157.119021
171.023359
132.091212
63.959956
25.723026
41.713014
102.892102
134.176863
98.720801
61.874305
41.713014
-7.647386
-63.264739
-79.949944
-66.740823
-69.521691
-87.597330
-130.700779
-191.184650
-198.136819
-192.575083
-254.449388
-337.180200
-355.255840
-335.094549
-352.474972
-382.369299
-396.273637
-424.777531
-446.329255
-413.654060
-412.263626
-432.424917
-390.016685
-360.122358
-387.931034
-416.434928
-367.074527
-293.381535
-241.240267
-181.451613
-165.461624
-202.308120
-186.318131
-132.091212
-106.368187
-89.682981
-43.103448
20.161290
55.617353
96.635150
149.471635
155.033370
149.471635
180.756396
175.194661
147.385984
201.612903
272.525028
305.200222
329.532814
349.694105
337.180200
321.885428
335.094549
281.562848
224.555061
275.305895
356.646274
348.998888
300.333704
283.648498
271.829811
225.250278
182.842047
160.595106
136.957731
147.385984
141.824249
76.473860
35.456062
70.912125
103.587319
37.541713
-42.408231
-33.370412
7.647386
8.342603
-18.075640
-27.808676
-10.428254
42.408231
63.959956
-16.685206
-82.035595
-35.456062
16.685206
6.952169
-7.647386
17.380423
29.199110
4.866518
-36.151279
-40.322581
43.798665
120.272525
91.768632
-23.637375
-109.844271
-116.796440
-114.710790
-154.338154
-172.413793
-123.748610
-63.959956
-57.703003
-138.348165
-242.630701
-281.562848
-249.582870
-244.716352
-255.144605
-202.308120
-177.975528
-234.983315
-296.162403
-310.066741
-256.535039
-166.852058
-134.176863
-213.431591
-283.648498
-234.288098
-175.889878
-176.585095
-160.595106
-104.282536
-78.559511
-81.340378
-84.816463
-113.320356
-132.091212
-86.902113
-11.818687
20.856507
57.703003
141.824249
155.728587
66.740823
-2.780868
36.846496
92.463849
142.519466
173.109010
133.481646
129.310345
198.832036
230.812013
203.003337
172.413793
195.355951
239.849833
241.240267
228.031146
212.736374
225.945495
220.383760
193.965517
187.708565
216.907675
253.754171
224.555061
145.995551
109.844271
123.748610
152.252503
141.824249
72.997775
34.760845
88.987764
137.652948
113.320356
61.874305
65.350389
80.645161
52.141268
24.332592
2.085651
34.760845
71.607341
55.617353
-9.037820
-33.370412
6.256952
9.037820
-38.236930
-57.007786
-30.589544
28.503893
29.199110
-47.969967
-94.549499
-84.121246
-66.045606
-90.378198
-121.662959
-134.872080
-125.139043
-120.272525
-144.605117
-167.547275
-128.615128
-44.493882
-50.055617
-141.824249
-191.184650
-180.756396
-207.869855
-240.545050
-198.136819
-148.081201
-127.224694
-118.186874
-160.595106
-250.278087
-246.106785
-139.043382
-95.939933
-125.139043
-77.169077
-4.866518
-33.370412
-93.159066
-127.919911
-130.005562
-77.864294
13.209121
66.740823
71.607341
97.330367
120.967742
68.131257
3.476085
6.952169
30.589544
47.969967
60.483871
59.093437
43.103448
55.617353
62.569522
11.818687
-13.209121
26.418242
33.370412
-0.695217
-14.599555
-41.713014
-75.083426
-52.141268
-22.942158
-61.179088
-86.206897
-53.531702
-59.788654
-72.997775
-3.476085
67.436040
62.569522
54.226919
88.292547
72.997775
22.942158
49.360400
79.254727
64.655172
114.015573
216.907675
235.678532
194.660734
198.136819
191.879867
155.728587
196.051168
285.734149
277.391546
208.565072
187.708565
173.804227
139.738598
143.909900
175.194661
157.814238
132.091212
150.862069
148.776418
128.615128
117.491657
72.997775
-50.750834
-153.642937
-166.156841
-124.443826
-75.083426
-34.065628
-39.627364
-94.549499
-145.300334
-193.270300
-227.335929
-209.955506
-150.166852
-138.348165
-159.899889
-152.947720
-134.176863
-135.567297
-130.005562
-112.625139
-84.816463
-25.723026
2.780868
-27.808676
-79.949944
-76.473860
-8.342603
42.408231
53.531702
66.045606
49.360400
-15.989989
-75.083426
-64.655172
-6.256952
84.816463
160.595106
127.224694
6.952169
-42.408231
-28.503893
-62.569522
-91.768632
-95.244716
-95.244716
-117.491657
-104.282536
-69.521691
-64.655172
-50.750834
-54.922136
-148.081201
-243.325918
-208.565072
-129.310345
-124.443826
-136.262514
-115.406007
-106.368187
-133.481646
-120.967742
-100.111235
-120.967742
-79.254727
0.000000
-2.780868
-42.408231
-9.037820
11.123471
-36.846496
-36.846496
63.959956
136.957731
150.862069
164.766407
129.310345
57.007786
87.597330
190.489433
209.955506
188.403782
235.678532
261.401557
190.489433
145.300334
161.985539
148.081201
154.338154
203.698554
213.431591
199.527253
214.126808
198.832036
113.320356
51.446051
70.912125
90.378198
82.035595
74.388209
48.665184
22.942158
41.017798
47.274750
4.171301
-13.904338
-13.209121
-32.675195
-54.226919
-52.836485
-41.713014
-33.370412
-7.647386
-11.818687
-75.083426
-85.511680
-52.141268
-69.521691
-80.645161
-30.589544
15.989989
0.000000
-12.513904
-38.236930
-92.463849
-87.597330
-2.085651
15.294772
-50.750834
-61.874305
-28.503893
-53.531702
-98.720801
-74.388209
-80.645161
-110.539488
-86.902113
-84.816463
-125.139043
-123.053393
-104.282536
-150.166852
-216.212458
-191.184650
-122.358176
-109.149055
-126.529477
-152.947720
-173.804227
-169.632925
-127.919911
-111.929922
-120.272525
-86.902113
-60.483871
-53.531702
-66.045606
-54.922136
-33.370412
-26.418242
-27.808676
-9.037820
43.103448
95.939933
99.416018
50.055617
25.027809
63.264739
105.672970
98.720801
63.959956
42.408231
50.055617
90.378198
118.882091
122.358176
119.577308
124.443826
95.939933
34.760845
23.637375
71.607341
96.635150
93.854283
111.234705
135.567297
148.776418
132.786429
93.159066
60.483871
50.750834
70.912125
98.720801
130.005562
180.061179
204.393771
145.300334
52.141268
5.561735
4.171301
41.713014
75.778643
95.244716
109.149055
103.587319
69.521691
22.246941
3.476085
13.904338
25.723026
15.294772
-19.466073
-42.408231
-18.770857
-6.952169
-31.284761
-42.408231
-14.599555
-11.818687
-68.131257
-123.053393
-144.605117
-127.919911
-74.388209
-28.503893
-27.808676
-38.236930
-57.703003
-108.453838
-159.204672
-145.300334
-80.645161
-41.017798
-43.798665
-76.473860
-113.320356
-131.395996
-135.567297
-132.786429
-148.081201
-158.509455
-132.091212
-119.577308
-120.272525
-100.111235
-77.864294
-90.378198
-87.597330
-78.559511
-105.672970
-118.186874
-85.511680
-54.922136
-50.750834
-27.808676
20.856507
43.103448
34.760845
2.085651
-23.637375
-10.428254
45.189099
107.758621
127.919911
152.947720
187.708565
173.109010
115.406007
73.692992
70.216908
128.615128
200.917686
221.078977
182.842047
161.290323
153.642937
93.159066
34.065628
31.284761
73.692992
81.340378
49.360400
16.685206
6.952169
36.151279
49.360400
-15.294772
-79.949944
-52.141268
-18.075640
-60.483871
-104.977753
-99.416018
-70.912125
-52.836485
-62.569522
-80.645161
-74.388209
-36.846496
-15.294772
-50.055617
-67.436040
-13.904338
21.551724
3.476085
-17.380423
6.256952
63.959956
84.121246
61.179088
33.370412
33.370412
64.655172
80.645161
60.483871
60.483871
92.463849
102.892102
47.274750
-6.952169
-12.513904
22.246941
37.541713
-11.818687
-26.418242
9.037820
34.760845
8.342603
-44.493882
-68.131257
-61.179088
-55.617353
-87.597330
-130.005562
-118.882091
-67.436040
-53.531702
-92.463849
-101.501669
-74.388209
-61.179088
-75.778643
-104.282536
-118.186874
-69.521691
-13.904338
1.390434
-2.085651
12.513904
30.589544
8.342603
-31.284761
-32.675195
10.428254
71.607341
120.967742
109.149055
66.740823
59.788654
63.959956
25.027809
1.390434
47.274750
98.025584
118.186874
133.481646
122.358176
89.682981
79.949944
71.607341
11.818687
-13.209121
45.884316
82.730812
47.969967
6.256952
-14.599555
-26.418242
-25.723026
-33.370412
-66.045606
-52.836485
0.000000
-4.171301
-52.836485
-79.254727
-80.645161
-93.854283
-116.796440
-106.368187
-62.569522
-8.342603
-3.476085
-66.740823
-130.700779
-115.406007
-56.312570
-20.161290
-13.904338
-12.513904
-18.770857
-37.541713
-53.531702
-52.836485
-44.493882
-2.085651
26.418242
-4.171301
3.476085
43.103448
53.531702
16.685206
0.000000
13.209121
15.989989
28.503893
20.856507
-15.989989
-26.418242
21.551724
52.836485
53.531702
54.922136
32.675195
-6.952169
-38.932147
-28.503893
8.342603
25.723026
23.637375
7.647386
2.085651
15.989989
26.418242
34.760845
45.189099
52.836485
54.226919
43.798665
38.932147
41.713014
56.312570
57.703003
52.836485
53.531702
69.521691
75.778643
31.284761
12.513904
44.493882
82.730812
87.597330
58.398220
21.551724
-2.780868
-11.818687
-27.808676
-41.713014
-26.418242
14.599555
6.256952
-55.617353
-82.035595
-76.473860
-59.093437
-43.103448
-54.226919
-66.045606
-54.922136
-70.912125
-121.662959
-134.176863
-84.816463
-10.428254
24.332592
27.808676
6.256952
-11.818687
-13.904338
-13.209121
-14.599555
6.952169
71.607341
88.987764
29.894327
-4.171301
17.380423
31.284761
52.141268
70.216908
59.093437
38.932147
58.398220
47.969967
-3.476085
-29.894327
0.000000
6.256952
-27.113459
-26.418242
-27.808676
-38.236930
-41.713014
-40.322581
-58.398220
-61.874305
-35.456062
-48.665184
-104.977753
-134.176863
-111.234705
-80.645161
-50.750834
-27.808676
-25.723026
-38.236930
-31.284761
-27.808676
-41.713014
-34.065628
0.695217
31.284761
38.932147
25.723026
13.904338
15.989989
29.199110
19.466073
16.685206
71.607341
124.443826
126.529477
98.025584
72.302558
54.226919
52.836485
54.922136
50.750834
26.418242
43.798665
79.949944
71.607341
54.226919
65.350389
63.959956
25.723026
-0.695217
-10.428254
-23.637375
-9.733037
14.599555
5.561735
-25.723026
-8.342603
-8.342603
-49.360400
-68.826474
-54.226919
-15.294772
7.647386
15.294772
0.000000
-38.932147
-66.045606
-66.740823
-67.436040
-60.483871
-33.370412
-15.989989
-2.085651
-3.476085
-9.037820
9.037820
4.171301
-22.246941
-40.322581
-29.894327
-18.075640
-9.037820
1.390434
-4.866518
-20.856507
-15.989989
18.770857
19.466073
-2.780868
9.733037
11.818687
-11.818687
-12.513904
0.695217
-6.952169
-12.513904
2.085651
-10.428254
-24.332592
-4.866518
18.770857
13.209121
1.390434
8.342603
1.390434
-0.695217
1.390434
-18.075640
-38.932147
-39.627364
-25.027809
-6.256952
13.209121
27.808676
23.637375
9.733037
0.695217
-4.171301
-15.294772
-10.428254
1.390434
-9.733037
-15.294772
-6.256952
2.780868
13.209121
13.209121
13.209121
13.209121
22.246941
53.531702
69.521691
55.617353
54.226919
50.750834
18.770857
12.513904
11.818687
7.647386
36.846496
61.179088
68.826474
80.645161
74.388209
41.017798
-22.246941
-66.740823
-57.007786
-12.513904
32.675195
41.017798
18.075640
-23.637375
-40.322581
-49.360400
-52.836485
-18.770857
20.161290
33.370412
0.000000
-31.979978
-60.483871
-82.730812
-55.617353
-30.589544
-25.027809
0.000000
25.027809
4.866518
-16.685206
-2.085651
13.209121
12.513904
20.856507
23.637375
-15.294772
-40.322581
-28.503893
-25.027809
-10.428254
23.637375
59.788654
48.665184
24.332592
15.294772
11.123471
-6.256952
-5.561735
2.085651
0.695217
20.161290
28.503893
0.695217
-37.541713
-38.236930
-27.113459
-31.284761
-26.418242
-6.256952
0.695217
-21.551724
-48.665184
-87.597330
-104.977753
-81.340378
-43.798665
-22.942158
-13.904338
0.695217
-2.085651
-15.294772
-27.113459
-40.322581
-34.065628
-11.818687
0.000000
8.342603
18.075640
26.418242
27.113459
7.647386
9.037820
37.541713
59.093437
86.206897
87.597330
61.179088
42.408231
21.551724
-2.780868
-15.989989
9.037820
57.703003
81.340378
74.388209
49.360400
10.428254
-29.894327
-41.713014
-29.894327
-17.380423
12.513904
29.894327
-2.085651
-50.055617
-64.655172
-45.189099
-38.236930
-16.685206
1.390434
-3.476085
-13.209121
-23.637375
-44.493882
-55.617353
-47.969967
-29.199110
-18.770857
-2.085651
31.979978
42.408231
35.456062
25.723026
31.979978
27.808676
29.894327
45.189099
54.226919
54.226919
70.912125
82.035595
68.131257
66.740823
66.740823
67.436040
68.131257
67.436040
72.997775
59.093437
38.932147
14.599555
-1.390434
-4.171301
-1.390434
1.390434
-4.866518
-22.942158
-45.884316
-62.569522
-66.740823
-75.778643
-82.035595
-79.949944
-80.645161
-83.426029
-102.892102
-120.272525
-116.796440
-93.854283
-69.521691
-33.370412
-0.695217
-4.171301
-20.856507
-35.456062
-61.179088
-64.655172
-26.418242
22.942158
41.713014
39.627364
41.017798
33.370412
24.332592
38.236930
52.836485
67.436040
82.035595
75.778643
42.408231
5.561735
-0.695217
0.000000
-1.390434
8.342603
42.408231
49.360400
31.284761
4.866518
-38.932147
-52.836485
-41.017798
-54.226919
-85.511680
-66.740823
-32.675195
-30.589544
-41.017798
-40.322581
-41.017798
-39.627364
-46.579533
-55.617353
-49.360400
-16.685206
13.209121
-18.770857
-41.713014
-16.685206
9.037820
13.209121
18.075640
30.589544
54.226919
78.559511
79.949944
80.645161
82.730812
106.368187
93.854283
52.836485
38.932147
52.836485
76.473860
84.121246
97.330367
109.149055
121.662959
110.539488
48.665184
-13.209121
-29.199110
0.000000
13.209121
-6.952169
-18.075640
-27.808676
-38.932147
-39.627364
-50.750834
-46.579533
-37.541713
-48.665184
-93.854283
-115.406007
-95.939933
-71.607341
-70.912125
-86.206897
-95.244716
-86.902113
-68.131257
-49.360400
-32.675195
-6.256952
21.551724
27.808676
18.770857
-2.085651
-15.294772
-27.113459
-11.123471
6.952169
31.284761
69.521691
83.426029
70.912125
34.760845
29.894327
54.226919
75.778643
82.035595
47.969967
-11.123471
-41.713014
-34.760845
-11.123471
