-95.843784
-103.457542
-82.407739
-57.774991
-51.504837
-47.474024
-33.590111
-18.362594
-8.061627
-19.258330
-22.841276
-5.822286
-1.791473
-22.841276
-31.350770
-55.535650
-73.002508
-70.315299
-104.353278
-147.796489
-170.637764
-190.791831
-224.381942
-254.389108
-275.438911
-263.794339
-246.775349
-240.505195
-227.964887
-213.185238
-208.258689
-202.884271
-161.680401
-95.395915
4.478681
124.955213
239.609459
336.796847
435.775708
549.086349
662.396990
760.032247
819.598710
841.544249
800.340380
717.932641
650.304550
602.830527
587.155142
571.927625
546.847008
545.951272
557.595844
566.105339
575.062702
558.043712
505.643139
427.266213
321.121462
206.915084
118.237191
59.566464
58.670727
79.272662
67.628090
68.523827
83.751344
90.469366
47.026155
-111.519169
-423.683268
-811.984952
-1212.826944
-1561.716231
-1826.406306
-2049.444643
-2156.485131
-2090.648513
-1903.887496
-1602.472232
-1216.409889
-808.849875
-415.173773
-114.654246
34.485847
90.021498
68.523827
-18.810462
-153.618775
-368.595485
-571.479756
-644.034396
-573.719097
-419.204586
-220.798997
-28.215693
167.502687
353.367968
482.353995
536.993909
512.361161
397.706915
208.258689
-15.227517
-182.730204
-210.050161
-113.310641
46.578287
221.694733
400.841992
632.837693
900.662845
1102.651379
1193.568613
1200.286636
1164.905052
1127.284128
1069.509137
989.788606
971.426012
1022.035113
1115.191688
1250.000000
1428.699391
1659.799355
1914.636331
2096.470799
2171.712648
2168.129703
2042.278753
1781.171623
1389.286994
880.956646
337.692583
-200.644930
-726.442135
-1218.649230
-1661.590828
-2058.402006
-2415.800788
-2731.099964
-2955.929774
-3023.557865
-2942.493730
-2787.083483
-2611.519169
-2398.333930
-2111.698316
-1743.102831
-1318.971695
-902.006449
-534.306700
-198.853458
140.630598
456.825511
746.596202
1022.035113
1285.829452
1512.450735
1653.529201
1710.408456
1750.268721
1776.692942
1747.581512
1606.055177
1294.338947
846.022931
318.434253
-258.867789
-845.127195
-1422.429237
-1989.430312
-2465.962021
-2800.519527
-2949.211752
-2850.680760
-2550.161233
-2132.748119
-1639.645288
-1138.480831
-667.771408
-216.320315
164.815478
462.647796
679.415980
799.892512
889.018273
975.456826
1080.705840
1250.895736
1450.644930
1635.614475
1818.792547
1971.963454
2113.041920
2238.445002
2207.542100
2022.572555
1755.643139
1439.448226
1164.009316
935.596560
719.724113
603.278395
589.394482
626.567539
794.070226
1061.895378
1329.720530
1513.794339
1423.324973
1015.764959
455.034038
-149.140093
-647.169473
-989.340738
-1357.936224
-1751.612325
-2083.930491
-2323.987818
-2321.748477
-2085.274095
-1761.465425
-1400.483698
-1194.016482
-1208.348262
-1259.853099
-1289.860265
-1229.845933
-1081.601576
-1035.023289
-1061.895378
-1017.556431
-843.783590
-432.192762
162.128269
717.932641
1165.800788
1439.448226
1498.118954
1491.400932
1421.981369
1259.853099
1056.073092
708.079541
234.235041
-180.042995
-476.531709
-604.174131
-705.840201
-1060.551774
-1545.592977
-1937.477607
-2210.677177
-2318.613400
-2380.419205
-2429.684701
-2263.077750
-1952.705124
-1544.697241
-920.816912
-199.749194
525.797205
1148.333930
1496.327481
1697.868148
1876.567539
1960.318882
1945.091365
1795.055536
1484.682909
1181.028305
1022.035113
1041.293443
1230.741670
1425.564314
1505.732712
1529.469724
1515.137943
1484.235041
1481.995700
1437.656754
1320.763167
1127.284128
882.748119
816.463633
1095.485489
1593.067001
2073.629523
2308.312433
2235.309925
1907.022573
1299.265496
475.188105
-309.029022
-917.233966
-1500.358295
-2263.077750
-3151.200287
-3818.075958
-3975.277678
-3637.137227
-3058.491580
-2456.108922
-1945.091365
-1567.538517
-1276.424221
-1009.942673
-764.063060
-564.313866
-487.728413
-579.541383
-740.326048
-761.375851
-467.574346
158.545324
918.129703
1496.775349
1776.245073
1813.865998
1739.967753
1609.190254
1315.836618
770.781082
77.481190
-685.238266
-1403.170906
-1908.366177
-2040.935149
-1777.140810
-1322.554640
-963.364386
-784.217126
-653.439627
-533.410964
-475.188105
-541.024722
-737.190971
-990.684343
-1185.954855
-1227.606593
-1013.973486
-496.237908
193.926908
904.245790
1507.076317
1896.721605
2117.968470
2239.788606
2221.426012
1998.835543
1546.936582
922.160516
370.834826
68.523827
25.976353
201.988535
487.280545
767.198137
996.506628
1140.720172
1202.078108
1285.381584
1344.948047
1268.362594
1122.805446
1065.926191
1250.447868
1740.863490
2368.774633
2943.389466
3328.556073
3223.307058
2480.741670
1318.523827
19.258330
-1145.646722
-2120.207811
-3118.505912
-4140.988893
-4975.367252
-5430.401290
-5210.498029
-4299.534217
-3084.020064
-1861.340021
-920.816912
-381.135794
-36.277320
211.841634
348.441419
425.922608
329.183088
28.663561
-212.737370
-184.521677
295.592977
1176.997492
2001.074884
2451.182372
2508.061627
2190.970978
1630.687925
906.485131
-34.933716
-1088.319599
-2147.079900
-3136.420638
-3745.073450
-3766.571121
-3222.411322
-2216.499463
-1066.821928
-37.173056
874.686492
1583.213902
1990.773916
2048.996775
1637.405948
796.309566
-219.455392
-1213.722680
-1951.809387
-2212.020781
-2046.309566
-1527.230383
-766.750269
-12.540308
742.565389
1502.597635
2031.977786
2245.163024
2083.930491
1595.754210
1083.840917
664.636331
335.901111
202.884271
223.934074
317.090649
515.496238
729.577212
898.423504
1061.895378
1103.099248
1043.980652
1003.224651
962.468649
1046.219993
1391.974203
1945.539233
2729.756360
3634.450018
4331.332856
4663.203153
4321.927625
3048.638481
1155.499821
-889.018273
-2689.896095
-4000.358295
-5023.737012
-5790.039412
-5997.850233
-5603.278395
-4627.373701
-3165.979936
-1584.557506
-201.540666
695.539233
904.245790
662.844858
312.611967
-62.253673
-379.344321
-612.683626
-736.743103
-547.294876
17.466858
884.987460
1929.863848
2756.628449
2969.813687
2500.895736
1459.154425
97.187388
-1316.284486
-2658.993192
-3767.914726
-4464.797564
-4673.056252
-4291.024722
-3225.994267
-1613.221068
196.614117
1792.816195
2882.479398
3414.546757
3441.866714
3027.140810
2311.895378
1438.104622
428.161949
-735.847367
-1864.027230
-2569.867431
-2616.445718
-2109.906843
-1384.808312
-697.778574
-115.997850
337.244715
672.697958
963.364386
1206.108922
1322.106772
1236.116087
989.788606
816.911501
863.489789
1029.201003
1159.082766
1150.125403
966.947331
673.145826
351.576496
83.751344
-81.064135
-202.884271
-307.685417
-225.277678
188.104622
894.392691
1762.809029
2637.047653
3504.568255
4327.749910
4858.025797
4904.604085
4388.659979
3183.446793
1318.075958
-878.269437
-2861.429595
-4098.441419
-4577.212469
-4690.523110
-4665.890362
-4447.778574
-3926.460050
-3086.259405
-2075.868864
-1139.824436
-497.133644
-351.576496
-657.022573
-1005.016123
-994.715156
-577.749910
41.203870
612.235758
1099.964171
1586.348979
2045.861698
2405.947689
2565.836618
2317.269796
1484.235041
135.256181
-1400.931566
-2659.888929
-3400.214977
-3663.561448
-3510.390541
-2977.427445
-2171.264780
-1167.144393
4.926550
1232.533142
2275.618058
2828.735220
2787.531351
2401.021139
1902.991759
1360.623432
810.193479
322.465066
-30.007166
-346.202078
-847.814403
-1439.448226
-1800.877822
-1903.439627
-1979.577212
-2185.596560
-2380.419205
-2236.653529
-1727.427445
-1022.482981
-127.194554
904.693658
1847.903977
2471.784307
2689.448226
2683.625941
2568.523827
2161.859549
1408.545324
528.036546
-228.412755
-729.577212
-993.371551
-1038.158366
-768.989609
-284.844142
251.254031
885.435328
1662.486564
2513.436044
3280.186313
3837.334289
4269.974919
4636.331064
4711.572913
4351.934790
3526.065926
2174.847725
386.510211
-1543.353637
-3101.934790
-3872.268004
-4107.398782
-4335.363669
-4627.821569
-4749.193837
-4459.871014
-3753.135077
-2862.325331
-1924.937298
-1080.257972
-586.707273
-416.965245
-231.547832
257.524185
1007.703332
1645.467574
1921.802221
1933.446793
1851.486922
1736.384808
1594.858474
1336.886421
791.830885
-147.348621
-1388.391258
-2523.289144
-3172.250090
-3302.579721
-3054.012899
-2539.412397
-1849.695450
-1032.336080
-132.568972
835.274095
1791.920459
2495.073450
2732.443569
2517.914726
2045.861698
1515.585812
931.117879
317.090649
-192.135435
-647.617341
-1165.352920
-1794.607668
-2425.206019
-2746.327481
-2706.915084
-2547.921892
-2288.158366
-1825.510570
-1123.253314
-161.680401
885.435328
1885.524901
2805.446077
3405.141526
3497.850233
3167.323540
2548.817628
1825.510570
1095.485489
300.071659
-423.683268
-937.388033
-1249.104264
-1292.995342
-1034.127553
-575.062702
68.523827
754.209961
1336.438552
1921.354353
2500.000000
3033.410964
3616.983160
4158.455751
4491.669652
4482.712290
3787.173056
2316.374059
439.358653
-1435.417413
-2860.085991
-3616.983160
-4017.377284
-4342.529559
-4657.828735
-4943.568613
-4795.324257
-3978.412755
-2747.223217
-1414.815478
-412.486564
28.663561
278.126120
632.837693
1192.225009
1967.484772
2529.559298
2613.758509
2365.191688
1884.181297
1454.675743
1254.478681
968.738803
347.993551
-664.636331
-1982.264421
-3110.892153
-3657.291293
-3671.175206
-3225.994267
-2585.542816
-1987.638839
-1288.068793
-406.664278
622.088857
1716.230742
2477.158724
2600.770333
2233.966320
1563.059835
884.539592
408.007882
1.791473
-423.235399
-941.418846
-1674.579004
-2432.371910
-2888.301684
-2919.652454
-2518.362594
-1947.330706
-1446.614117
-852.740953
-17.466858
1041.293443
2176.191329
3112.235758
3639.824436
3678.341096
3203.152992
2429.684701
1667.413114
997.850233
386.510211
-218.559656
-765.406664
-1111.608742
-1175.653887
-997.850233
-597.903977
0.000000
652.096023
1207.004658
1636.062343
2085.274095
2714.976711
3478.591903
4176.818345
4610.354712
4649.319240
4113.668936
2758.419921
723.307058
-1413.919742
-3002.955930
-3691.777141
-3822.106772
-3978.412755
-4326.406306
-4722.321748
-4756.807596
-4036.635614
-2731.995700
-1252.687209
-89.125761
376.657112
411.142960
575.510570
1124.596919
1989.878180
2699.301326
2810.820494
2404.156216
1736.384808
1092.350412
731.816553
491.311358
-25.528484
-1036.814762
-2458.348262
-3768.810462
-4371.193121
-4211.752060
-3586.528126
-2768.720889
-1993.013257
-1228.054461
-337.692583
672.250090
1771.318524
2697.957721
2983.249731
2591.812970
1808.939448
969.634540
388.749552
22.841276
-312.164099
-685.238266
-1309.118595
-2206.646363
-2951.898961
-3167.323540
-2759.763526
-2001.970620
-1321.211035
-689.716947
163.471874
1260.300967
2466.409889
3514.421354
4113.221068
4093.962737
3406.932999
2278.305267
1231.189538
526.245073
9.853099
-502.508062
-1010.838409
-1328.376926
-1297.026155
-997.850233
-515.496238
119.580795
741.669652
1200.286636
1526.782515
1933.894661
2628.986027
3497.850233
4246.685776
4706.646363
4822.644214
4545.413830
3645.198853
1911.501254
-372.626299
-2576.137585
-4075.152275
-4625.134360
-4644.392691
-4619.312075
-4730.383375
-4840.111071
-4485.399498
-3407.828735
-1836.259405
-246.775349
791.383017
1048.459334
949.928341
1019.347904
1501.254031
2215.155858
2624.507345
2465.066284
1864.027230
1057.416697
347.993551
-108.384092
-549.534217
-1258.061627
-2356.682193
-3661.322107
-4577.212469
-4691.418846
-4111.429595
-3101.486922
-1975.994267
-933.357220
98.530992
1133.106413
2147.975636
3092.529559
3594.589753
3383.643855
2593.604443
1502.149767
503.403798
-149.587961
-571.927625
-884.539592
-1305.983518
-2079.003941
-2949.211752
-3433.357220
-3243.908993
-2421.175206
-1440.791831
-601.039054
211.393766
1066.821928
2031.977786
3069.688284
3869.132927
4141.884629
3694.464350
2590.917234
1407.649588
591.633823
125.403081
-176.460050
-518.631315
-885.435328
-1089.215335
-1100.859907
-855.428162
-274.991043
414.725905
1007.255464
1433.178072
1758.778216
2303.385883
3135.077033
3977.964887
4670.816912
5000.000000
4851.755643
4231.906127
2873.969903
747.044070
-1620.386958
-3610.265138
-4670.816912
-4815.030455
-4757.703332
-4844.141885
-4978.950197
-4910.874239
-4204.138302
-2875.761376
-1313.597277
96.291652
824.525260
833.034755
786.008599
1162.665711
1994.356861
2805.446077
2951.898961
2442.225009
1619.491222
686.134002
-66.284486
-569.688284
-1095.485489
-1885.077033
-3050.877822
-4230.114654
-4682.461483
-4225.188105
-3209.423146
-1988.086707
-889.018273
49.713364
942.762451
1750.268721
2542.547474
3225.546399
3379.165174
2884.270871
1945.091365
900.662845
142.869939
-303.206736
-623.432461
-957.989968
-1640.541025
-2691.239699
-3514.421354
-3698.943031
-3148.065210
-2143.049086
-1218.649230
-372.626299
541.024722
1438.104622
2409.082766
3369.759943
3965.424579
3972.590469
3221.067718
2031.082049
1108.921534
562.522393
201.540666
-88.677893
-480.114654
-837.513436
-1015.764959
-1069.509137
-744.356861
-21.945539
686.581870
1258.061627
1700.555357
2122.895020
2826.943748
3651.021139
4325.062702
4855.786456
4958.796130
4505.553565
3554.729488
1825.958438
-485.936940
-2723.934074
-4362.235758
-4894.750985
-4629.165174
-4495.700466
-4639.018273
-4826.675027
-4730.383375
-3915.263346
-2595.843784
-1183.267646
79.272662
693.747761
765.406664
1004.568255
1649.498388
2562.701541
3195.091365
2997.581512
2199.928341
1221.784307
190.791831
-571.031888
-1039.501971
-1534.396274
-2208.437836
-3139.555715
-3939.000358
-3965.424579
-3302.579721
-2360.713006
-1350.322465
-531.619491
160.336797
858.563239
1513.346471
2237.549265
2895.467574
2992.654962
2473.127911
1581.422429
592.977427
-125.403081
-613.131494
-1054.281619
-1496.327481
-2174.399857
-3036.993909
-3539.054102
-3328.108205
-2427.445360
-1194.016482
-171.085632
623.432461
1399.140093
2137.226800
2913.830168
3592.798280
3864.206378
3591.006808
2739.609459
1642.780365
847.814403
420.996059
165.711215
-71.211035
-431.297026
-796.757435
-995.610892
-989.340738
-605.069867
103.009674
792.278753
1310.014332
1669.652454
2075.868864
2821.121462
3716.409889
4403.439627
4721.426012
4524.811895
3831.959871
2632.568972
733.160158
-1516.481548
-3377.821569
-4414.636331
-4535.560731
-4295.503404
-4315.657470
-4516.302401
-4658.276603
-4483.160158
-3680.132569
-2384.002150
-931.565747
277.230383
856.771766
1128.179864
1643.228234
2406.395557
3080.437119
3229.129344
2682.282336
1768.631315
730.025081
-269.168757
-904.245790
-1229.398065
-1599.337155
-2252.328914
-3094.321032
-3618.774633
-3475.904694
-2898.602651
-2174.847725
-1416.159083
-700.017915
6.270154
718.380509
1473.934074
2303.833751
2858.742386
2753.045503
2073.629523
1116.535292
207.362952
-435.775708
-820.046578
-1021.139377
-1314.493013
-1970.171981
-2712.289502
-2962.199928
-2496.864923
-1597.993551
-724.202795
-39.412397
605.517736
1254.478681
1897.169473
2637.047653
3361.698316
3668.040129
3242.117521
2224.113221
1241.938373
711.214618
432.192762
182.282336
-63.149409
-313.059835
-560.283053
-805.266929
-822.285919
-356.055177
322.912934
808.849875
1139.376568
1546.488714
2182.461483
2995.790039
3735.220351
4323.719097
4645.288427
4369.401648
3497.850233
2142.153350
321.569330
-1675.922608
-3350.501612
-4194.733071
-4111.877463
-3840.021498
-4049.623791
-4511.375851
-4687.388033
-4294.159799
-3375.134360
-2201.271946
-948.136869
93.156575
578.197779
787.352204
1298.369760
2147.975636
2823.360803
2802.758868
2113.489789
1251.791473
437.567180
-300.071659
-781.082049
-1020.691508
-1348.978861
-2031.977786
-2876.657112
-3298.101039
-3030.275887
-2448.047295
-1863.579362
-1274.632748
-615.370835
78.376926
740.326048
1465.872447
2223.665353
2628.538158
2353.994984
1584.109638
783.321390
230.652096
-127.194554
-372.626299
-548.190613
-890.361877
-1539.770692
-2195.897528
-2369.222501
-1924.489430
-1225.815120
-665.084199
-195.270512
353.367968
948.136869
1542.010032
2153.797922
2689.000358
2857.398782
2404.604085
1571.569330
972.321748
761.823719
678.072375
526.692942
296.488714
79.272662
-161.232533
-475.188105
-572.823361
-241.400932
298.728054
789.591544
1166.696525
1620.834826
2349.068434
3177.624507
3857.936224
4305.356503
4340.290219
3818.075958
2730.652096
1114.743819
-764.510928
-2420.279470
-3416.786098
-3588.319599
-3243.461125
-3031.171623
-3240.773916
-3639.824436
-3890.182730
-3707.004658
-3015.496238
-1994.804729
-914.098889
-114.206378
300.967395
706.288069
1341.812970
2003.762092
2319.061268
2052.579721
1352.113938
558.043712
-179.595127
-683.446793
-823.181655
-849.605876
-1111.608742
-1710.856324
-2380.419205
-2697.061985
-2569.419563
-2237.549265
-1800.877822
-1258.957363
-670.458617
-28.663561
690.612684
1463.185238
2094.679326
2212.020781
1735.489072
995.610892
339.036188
-59.566464
-168.398424
-104.801147
-90.917234
-373.074167
-999.193837
-1596.202078
-1834.467933
-1746.237908
-1499.014690
-1160.426370
-659.261913
19.258330
750.179147
1481.995700
2173.056252
2571.658904
2431.924042
1828.645647
1155.499821
775.707632
680.311716
690.612684
771.676818
861.250448
766.750269
400.841992
-30.455034
-181.386600
-10.300967
274.543174
570.136152
991.580079
1646.363311
2466.857757
3322.285919
4075.600143
4508.688642
4338.050878
3533.231817
2330.257972
901.558581
-610.444285
-1890.899319
-2489.251164
-2326.227159
-2019.885346
-2315.030455
-3253.314224
-4256.986743
-4783.679685
-4666.786098
-3954.675743
-2764.242207
-1489.161591
-592.977427
-125.403081
293.801505
922.608384
1520.960229
1653.081333
1301.952705
773.468291
284.396274
-10.748836
27.319957
342.619133
534.306700
135.704049
-842.887854
-1809.835185
-2319.957005
-2402.812612
-2201.719814
-1810.283053
-1294.338947
-720.619850
-223.934074
317.538517
982.174848
1427.355786
1379.433895
902.902186
300.967395
-42.547474
-37.173056
188.552490
524.005733
554.460767
-25.528484
-906.037263
-1631.583662
-1869.849516
-1605.159441
-1156.395557
-662.844858
-119.132927
339.484056
776.155500
1312.253673
1775.797205
1943.299893
1651.737728
1082.049445
736.295235
796.309566
1109.369402
1537.979219
1825.510570
1710.408456
1187.746327
443.389466
-120.476532
-252.149767
-90.917234
281.261197
841.544249
1489.609459
2203.959154
2939.806521
3626.836259
4126.657112
4056.789681
3317.359369
2193.658187
847.366535
-592.529559
-1810.283053
-2390.272304
-2144.840559
-1627.104980
-1732.353995
-2646.452884
-3857.488355
-4762.182014
-4939.985668
-4311.178789
-3052.669294
-1613.668936
-583.572196
-95.843784
227.964887
653.439627
1071.748477
1217.305625
1023.826585
678.520244
363.668936
239.161591
502.060193
1030.096740
1301.504837
836.169832
-303.206736
-1529.469724
-2362.504479
-2714.080975
-2612.414905
-2148.871372
-1520.512361
-976.352562
-622.536725
-236.922250
293.801505
636.420638
526.245073
114.654246
-237.370118
-210.945898
158.097456
693.747761
1277.767825
1499.910426
1024.722322
38.516661
-1005.911860
-1594.858474
-1568.434253
-1186.402723
-588.946614
100.322465
610.892153
915.442494
1079.810104
1137.585095
1117.878896
927.982802
657.022573
623.880330
897.079900
1350.322465
1859.548549
2155.589394
2013.167324
1397.796489
472.500896
-303.206736
-545.503404
-281.261197
320.673594
1059.656037
1713.991401
2264.421354
2757.076317
3205.840201
3560.999642
3536.366894
2966.230742
2062.432820
988.892870
-188.104622
-1213.722680
-1781.619491
-1738.176281
-1443.926908
-1598.441419
-2457.900394
-3643.407381
-4592.439986
-4892.063776
-4372.984593
-3205.392332
-1815.209602
-745.700466
-246.775349
-69.867431
117.341455
339.036188
515.048370
608.204944
615.818703
624.328198
711.662487
1013.525618
1485.130777
1666.517377
1146.094590
11.644572
-1254.478681
-2169.025439
-2543.443210
-2437.298459
-1937.477607
-1293.891078
-851.845217
-685.686134
-587.603010
-382.927266
-122.715872
-25.528484
-90.469366
-92.260838
75.689717
438.910785
946.345396
1407.649588
1499.462558
980.831243
5.822286
-911.859549
-1327.033321
-1178.341096
-706.288069
-128.538158
322.465066
469.813687
385.166607
253.941240
235.578646
296.488714
312.611967
369.491222
588.946614
951.271946
1400.483698
1787.441777
1976.890004
1874.328198
1353.905410
631.046220
133.016840
-3.135077
233.787173
725.994267
1250.000000
1726.083841
2057.954138
2283.231817
2635.704049
3073.271229
3274.811895
3041.920459
2396.542458
1492.296668
418.756718
-698.226442
-1425.564314
-1455.123612
-1144.750985
-1231.189538
-2120.655679
-3482.622716
-4541.383017
-4796.667861
-4232.801863
-3099.695450
-1882.837693
-1093.694016
-848.262272
-869.312075
-764.510928
-356.503046
165.263346
574.614833
786.904335
833.482623
936.940165
1320.315299
1844.768900
2056.610534
1535.292010
394.123970
-786.456467
-1570.673594
-1864.027230
-1732.801863
-1353.905410
-1049.355070
-1055.625224
-1331.959871
-1533.948406
-1405.858115
-1099.516302
-879.165174
-748.387675
-588.050878
-326.495880
83.751344
560.283053
993.819420
1159.530634
846.918667
263.346471
-198.853458
-338.588320
-141.974203
161.680401
369.043354
425.474740
269.168757
45.682551
-30.902902
-6.718022
36.725188
61.805804
137.943389
404.424937
775.707632
1137.137227
1473.486206
1692.941598
1697.420279
1453.780007
1063.238982
780.634181
658.814045
669.115013
867.968470
1233.428879
1660.695091
2031.977786
2364.295951
2820.225726
3287.800072
3420.369043
3054.012899
2291.293443
1359.279828
322.912934
-713.006091
-1357.040487
-1395.557148
-1121.013973
-1089.663203
-1727.427445
-2867.251881
-4020.512361
-4695.897528
-4536.008599
-3629.075600
-2456.556790
-1550.071659
-1129.523468
-1020.691508
-966.947331
-836.617700
-531.619491
-71.211035
418.756718
839.304909
1239.251164
1793.264063
2360.713006
2504.478681
1966.589036
936.492297
-154.514511
-980.383375
-1404.962379
-1387.943389
-1077.570763
-862.146184
-1025.618058
-1461.393766
-1867.610176
-2004.657829
-1893.138660
-1709.064851
-1475.725546
-1148.781799
-752.418488
-231.547832
373.074167
828.556073
1005.463991
829.003941
456.377642
191.239699
183.178072
474.292368
879.613042
1070.404873
948.136869
597.903977
229.756360
53.744178
3.135077
-8.957363
40.308133
115.997850
239.609459
417.860982
607.309208
833.930491
1017.556431
1068.165532
1031.440344
925.743461
847.366535
850.053744
944.553923
1168.487997
1476.173415
1789.233250
2077.212469
2381.762809
2809.476890
3295.861698
3568.165532
3382.748119
2704.675743
1730.562522
639.555715
-395.915442
-1044.876388
-1140.272304
-908.276603
-851.845217
-1480.652096
-2736.922250
-4047.832318
-4864.295951
-4827.570763
-4049.623791
-3015.944106
-2117.968470
-1611.877463
-1481.995700
-1475.725546
-1389.286994
-1069.957005
-493.550699
135.256181
692.404156
1237.907560
1835.811537
2380.419205
2555.087782
2154.693658
1333.751344
430.401290
-240.953063
-507.434611
-425.474740
-240.953063
-266.481548
-665.084199
-1314.940881
-1949.570047
-2320.404873
-2353.099248
-2180.222143
-1949.122178
-1722.053028
-1443.031172
-1013.077750
-475.188105
7.165890
318.434253
419.652454
410.247223
424.579004
598.799713
1035.023289
1524.543174
1758.330348
1636.958080
1256.270154
867.520602
676.728771
620.745253
616.266571
579.989251
405.768542
193.031172
60.910068
21.049803
133.464708
329.630957
511.017556
662.844858
656.126836
530.723755
493.550699
550.877822
754.657829
1155.947689
1614.116804
2107.667503
2601.218201
3022.662128
3439.627374
3681.924042
3492.475815
2926.370477
2098.262272
1130.867073
241.400932
-344.858474
-445.628807
-289.770692
-517.287710
-1505.732712
-3034.306700
-4462.110355
-5182.282336
-5013.883913
-4196.076675
-3195.091365
-2493.729846
-2285.023289
-2385.793622
-2478.054461
-2315.478323
-1839.394482
-1103.099248
-266.481548
522.214260
1261.644572
1953.152992
2487.459692
2625.403081
2259.942673
1646.363311
1158.187030
992.027947
1095.037621
1226.710856
1132.210677
636.420638
-242.744536
-1199.838767
-1937.029738
-2291.741311
-2314.134719
-2259.942673
-2257.255464
-2320.852741
-2390.720172
-2241.132211
-1836.259405
-1336.886421
-831.243282
-442.045862
-141.974203
190.343963
571.927625
1077.122895
1609.190254
1896.273737
1932.998925
1825.958438
1703.242565
1732.353995
1788.785382
1698.316016
1424.668578
953.063418
469.365819
203.332139
136.599785
185.865281
306.341813
387.405948
381.583662
228.860623
-43.891078
-197.957721
-129.433895
111.071301
555.804371
1153.708348
1767.735579
2377.731996
2837.244715
3127.911143
3311.537083
3222.411322
2870.386958
2444.464350
1895.825869
1343.604443
959.781440
678.072375
392.332497
-240.057327
-1456.467216
-2869.043354
-3955.571480
-4427.176639
-4212.647796
-3652.364744
-3165.084199
-3001.164457
-3242.117521
-3628.627732
-3747.760659
-3434.252956
-2731.547832
-1827.749910
-983.518452
-250.806163
460.408456
1104.890720
1602.024364
1911.501254
2006.449301
2082.586886
2269.347904
2497.760659
2719.007524
2717.216052
2277.409531
1512.450735
570.136152
-269.616625
-762.719455
-1011.734145
-1158.187030
-1471.694733
-2186.492297
-2989.967753
-3539.949839
-3629.523468
-3192.404156
-2589.125761
-2026.603368
-1584.109638
-1424.668578
-1315.836618
-918.577571
-194.374776
746.148334
1561.268363
2050.340380
2339.663203
2517.018990
2639.734862
2726.621283
2659.441061
2400.573271
2040.487281
1698.316016
1500.806163
1402.723038
1265.227517
1039.949839
735.399498
353.367968
-51.952705
-386.958080
-573.719097
-558.043712
-372.626299
-74.793981
305.446077
732.264421
1221.784307
1748.925116
2183.805088
2433.715514
2446.703690
2283.679685
2019.885346
1630.687925
1298.817628
1271.945539
1368.685059
1204.765317
447.420279
-840.200645
-2080.347546
-2808.581154
-2907.112146
-2563.149409
-2236.205661
-2272.035113
-2731.099964
-3423.504120
-3933.178072
-3995.431745
-3621.909710
-3029.828019
-2507.613759
-2138.122537
-1734.145468
-1141.615908
-421.891795
207.362952
625.223934
940.075242
1318.075958
1852.830527
2477.158724
2998.925116
3161.053386
2843.067001
2195.001791
1581.870297
1250.000000
1153.260480
1086.080258
783.769258
17.018990
-1126.388391
-2259.942673
-3026.692942
-3213.006091
-3003.851666
-2737.370118
-2573.002508
-2591.365102
-2705.571480
-2697.957721
-2390.720172
-1694.285202
-760.480115
146.005016
912.307417
1469.903260
1858.204944
2157.828735
2352.651379
2460.587603
2527.767825
2582.855607
2679.595127
2710.498029
2586.438552
2337.423862
1983.608026
1641.436761
1303.744178
940.970978
625.671802
304.998209
11.196704
-122.268004
-102.561806
46.130419
326.495880
691.956288
1078.018631
1329.272662
1303.296310
1069.957005
807.506270
583.572196
438.462917
506.986743
775.259764
1027.409531
899.767109
211.393766
-736.295235
-1484.235041
-1743.998567
-1486.922250
-1048.907202
-832.139018
-996.954497
-1587.692583
-2349.068434
-2903.081333
-3093.873164
-2879.344321
-2465.066284
-2193.658187
-2117.520602
-2079.899678
-1943.747761
-1657.112146
-1327.033321
-1005.911860
-601.486922
-64.940881
562.522393
1209.691867
1714.887137
1926.280903
1879.254747
1715.782874
1605.159441
1741.759226
1993.461125
2128.269437
1992.565389
1293.891078
199.301326
-802.131852
-1521.408097
-1716.230742
-1527.230383
-1446.614117
-1563.507703
-1985.847367
-2596.291652
-2936.223576
-2865.012540
-2357.130061
-1535.292010
-790.039412
-243.640272
106.144751
309.029022
583.572196
923.504120
1258.061627
1631.135794
2005.553565
2358.921534
2581.512003
2613.310641
2527.319957
2377.284128
2235.309925
2129.613042
2018.989609
1870.745253
1591.723397
1202.078108
902.902186
776.603368
853.636689
1084.288785
1357.488355
1545.592977
1486.474382
1159.978502
674.937298
212.737370
-103.009674
-314.403440
-372.626299
-239.609459
-104.801147
-158.097456
-563.865998
-1249.552132
-1870.745253
-2136.778932
-1889.107847
-1291.203870
-791.830885
-690.612684
-1078.914368
-1726.083841
-2214.707990
-2320.404873
-1968.380509
-1398.692225
-1044.876388
-1069.509137
-1352.113938
-1622.626299
-1630.240057
-1403.618775
-1036.366894
-614.027230
-244.088140
74.346113
362.773200
632.837693
826.764601
918.129703
985.757793
1062.343246
1232.981010
1498.118954
1685.775708
1675.026872
1234.772483
386.510211
-391.884629
-856.771766
-934.252956
-704.944464
-626.567539
-882.300251
-1393.317807
-2075.420996
-2504.478681
-2418.487997
-1945.987101
-1244.177714
-654.335364
-383.375134
-317.986385
-301.863131
-112.862773
285.739878
726.890004
1120.118237
1426.012182
1638.301684
1756.986743
1811.178789
1887.316374
1958.527410
2016.750269
2080.795414
2096.022931
2021.676818
1810.730921
1480.204228
1257.165890
1257.165890
1402.723038
1677.714081
1969.724113
2148.871372
2055.266929
1587.244715
941.866714
440.702257
205.571480
145.557148
130.777499
95.843784
-15.227517
-340.827660
-925.743461
-1633.375134
-2178.878538
-2290.397707
-1980.025081
-1530.365460
-1254.030813
-1330.616267
-1719.365819
-2198.136869
-2510.300967
-2403.708348
-1877.463275
-1270.601935
-993.371551
-1130.867073
-1447.061985
-1638.749552
-1564.851308
-1233.428879
-731.368685
-232.891437
97.635256
248.566822
354.711573
512.809029
674.489430
851.845217
1094.141885
1341.365102
1543.353637
1673.235399
1708.169115
1619.043354
1237.011824
525.349337
-104.353278
-419.652454
-497.133644
-436.223576
-577.302042
-1060.551774
-1683.984235
-2316.821928
-2620.476532
-2358.921534
-1798.638481
-1213.722680
-837.513436
-850.501612
-986.653529
-946.793264
-597.456109
27.319957
608.652813
977.696166
1189.537800
1305.535650
1401.379434
1581.422429
1857.757076
2141.257614
2330.705840
2429.684701
2444.016482
2329.362236
2077.660337
1759.673952
1602.024364
1677.266213
1839.842350
2037.800072
2233.518452
2252.328914
1986.295235
1460.050161
897.527768
577.749910
411.142960
221.246865
63.149409
-34.933716
-205.123612
-626.567539
-1323.450376
-2040.039412
-2428.341096
-2350.412039
-1957.631673
-1591.275528
-1519.616625
-1802.669294
-2267.108563
-2619.132927
-2605.249015
-2128.269437
-1408.993192
-897.975636
-898.871372
-1306.879255
-1702.346829
-1688.462917
-1270.154067
-701.809387
-206.467216
41.203870
68.971695
70.763167
162.128269
383.823003
676.728771
956.198495
1237.459692
1439.000358
1510.659262
1521.408097
1491.400932
1356.592619
1001.881046
499.372985
167.950555
42.995342
-49.713364
-238.265855
-657.022573
-1229.398065
-1744.446435
-2082.139018
-2097.814403
-1783.410964
-1432.730204
-1229.845933
-1215.962021
-1337.782157
-1343.156575
-1065.926191
-551.325690
16.123253
418.308850
604.174131
719.276245
864.833393
1099.068434
1470.351129
1884.629165
2180.670011
2300.698674
2281.440344
2191.418846
2079.899678
1976.442135
1975.994267
2124.686492
2320.852741
2430.580437
2450.286636
2438.194196
2329.362236
2063.328556
1723.396632
1414.815478
1202.078108
957.542100
564.761734
163.919742
-172.429237
-528.036546
-960.677177
-1477.964887
-1999.731279
-2332.945181
-2411.322107
-2302.042279
-2166.338230
-2203.063418
-2461.931207
-2768.720889
-2930.401290
-2794.249373
-2333.393049
-1757.882479
-1391.974203
-1408.097456
-1661.590828
-1799.982085
-1587.692583
-1077.122895
-477.875314
-25.080616
144.661412
131.225367
166.159083
394.571838
786.008599
1161.769975
1430.938732
1581.870297
1606.503046
1584.109638
1606.503046
1662.038696
1617.251881
1309.566464
817.807238
399.050520
103.009674
-77.929058
-246.775349
-591.633823
-1088.767467
-1605.159441
-2016.750269
-2122.447152
-1929.863848
-1689.358653
-1515.585812
-1512.002866
-1621.730563
-1576.495880
-1272.393407
-776.155500
-245.879613
119.580795
326.495880
493.102831
672.250090
950.376209
1362.862773
1784.754568
2059.297743
2161.859549
2174.847725
2179.326406
2179.326406
2180.222143
2247.402365
2375.044787
2478.950197
2473.575779
2458.348262
2507.165890
2474.919384
2306.073092
2011.375851
1693.389466
1471.694733
1207.452526
800.788248
389.645288
21.049803
-324.256539
-679.863848
-1148.333930
-1653.081333
-2039.591544
-2269.795772
-2326.675027
-2303.385883
-2386.689359
-2616.893587
-2924.579004
-3156.574704
-3119.849516
-2766.033680
-2292.189180
-1945.091365
-1879.702616
-2017.646005
-2099.605876
-1931.207453
-1496.775349
-927.982802
-425.026872
-153.170906
-47.026155
69.419563
304.102472
651.200287
1054.281619
1417.502687
1638.749552
1747.133644
1839.394482
1948.674310
1994.804729
1812.522393
1447.509853
1170.727338
1053.833751
942.314583
724.202795
337.244715
-206.467216
-782.873522
-1261.196704
-1504.389108
-1487.817986
-1433.178072
-1540.666428
-1781.619491
-2028.394841
-2070.942315
-1811.626657
-1374.059477
-937.388033
-647.617341
-521.318524
-420.100322
-228.412755
115.102114
610.444285
1108.025797
1446.614117
1636.062343
1757.434611
1874.328198
1987.638839
2084.378359
2242.027947
2478.502329
2671.533501
2747.223217
2709.602293
2669.294160
2702.436403
2704.227875
2626.746686
2482.533142
2245.610892
1961.662487
1587.692583
1091.902544
685.686134
438.462917
192.135435
-209.154425
-815.567897
-1446.614117
-1868.953780
-2067.807238
-2142.601218
-2213.364386
-2408.634898
-2779.021856
-3224.650663
-3515.764959
-3462.020781
-3083.124328
-2655.410247
-2462.826944
-2537.620924
-2694.822644
-2705.571480
-2426.997492
-1924.489430
-1369.132927
-906.932999
-648.513078
-498.925116
-274.543174
77.481190
522.662128
973.665353
1347.635256
1631.583662
1847.456109
2047.205303
2249.193837
2330.257972
2214.707990
1973.307058
1778.932282
1712.199928
1612.325331
1342.260838
941.418846
448.316016
-60.910068
-488.624149
-809.297743
-1017.108563
-1193.120745
-1435.865281
-1731.906127
-1959.423146
-2040.039412
-1953.600860
-1732.801863
-1490.505195
-1290.756001
-1121.909710
-972.321748
-749.731279
-416.965245
-39.412397
351.128628
702.705124
1000.537442
1280.007166
1515.137943
1696.972411
1904.335364
2163.651021
2422.966679
2663.471874
2830.078825
2899.946256
2940.702257
2956.825511
2927.266213
2863.221068
2775.886779
2639.734862
2410.426370
2057.506270
1597.545683
1181.028305
869.759943
566.105339
147.796489
-410.695091
-1003.224651
-1490.505195
-1825.510570
-2036.456467
-2231.726980
-2525.976353
-2930.849158
-3369.312075
-3651.469008
-3633.106413
-3384.539592
-3109.548549
-3027.140810
-3162.844858
-3271.228950
-3158.814045
-2797.832318
-2276.961662
-1784.306700
-1430.938732
-1216.857757
-1043.084916
-738.086707
-236.474382
309.924758
740.326048
1041.293443
1331.959871
1691.597994
2047.653171
2246.058760
2249.641705
2216.051594
2237.549265
2292.637048
2328.914368
2228.591903
1921.802221
1483.339305
1015.764959
629.254747
378.448585
182.282336
-70.763167
-437.119312
-892.601218
-1301.056969
-1484.682909
-1490.953063
-1477.069151
-1514.242207
-1560.820494
-1534.844142
-1408.097456
-1213.722680
-970.082408
-717.036904
-497.581512
-264.242207
48.817628
408.007882
732.264421
1012.629882
1266.123253
1535.292010
1819.688284
2105.428162
2390.272304
2628.090290
2757.524185
2798.280186
2803.654604
2818.882121
2865.908277
2892.332497
2803.206736
2520.154067
2143.496954
1797.294876
1451.988535
1062.791114
628.359011
168.846292
-228.860623
-568.792547
-950.376209
-1366.893587
-1803.565030
-2288.606234
-2738.713723
-3079.093515
-3294.965962
-3371.999283
-3372.895020
-3422.160516
-3540.397707
-3629.971336
-3600.412039
-3385.435328
-3062.970262
-2753.493372
-2463.722680
-2236.653529
-2016.302401
-1675.026872
-1233.876747
-743.908993
-301.863131
24.184880
340.379792
711.214618
1125.492655
1532.156933
1796.847008
1893.138660
1976.890004
2143.944823
2363.848083
2488.803296
2432.371910
2248.298101
1986.743103
1704.138302
1508.867789
1405.858115
1279.111430
998.745969
528.932282
51.952705
-237.817986
-367.251881
-468.917951
-639.107847
-914.098889
-1195.807954
-1323.002508
-1256.718022
-1056.520960
-830.347546
-721.067718
-722.411322
-702.705124
-583.124328
-319.329989
55.087782
400.394124
689.269079
944.106055
1124.596919
1340.021498
1666.069509
1985.399498
2174.399857
2222.769617
2236.205661
2386.689359
2588.230025
2605.696883
2465.514153
2299.355070
2101.397349
1800.429953
1353.457542
873.342888
601.039054
472.500896
254.836976
-145.557148
-688.821211
-1252.239341
-1679.057685
-1970.171981
-2169.473307
-2290.845575
-2471.336439
-2794.697241
-3195.987101
-3508.599068
-3512.629882
-3188.821211
-2845.754210
-2713.185238
-2802.311000
-2947.868148
-2874.417771
-2494.625582
-1973.307058
-1480.204228
-1166.248656
-1039.501971
-906.932999
-624.328198
-170.637764
365.908277
729.129344
823.629523
880.060910
1048.011465
1321.658904
1596.649946
1739.519885
1770.422788
1734.593336
1655.768542
1643.676102
1746.237908
1780.723755
1646.363311
1386.599785
1103.994984
945.449660
894.392691
806.162666
640.003583
385.614475
73.450376
-135.256181
-197.509853
-180.938732
-116.445718
-89.573630
-163.919742
-231.995700
-212.737370
-141.974203
-29.559298
82.407739
222.590469
463.095665
672.250090
856.771766
1112.504479
1306.431387
1349.874597
1343.156575
1414.367610
1590.827660
1740.415622
1753.851666
1776.245073
1771.318524
1513.794339
1013.525618
571.031888
452.794697
614.027230
682.103189
338.140451
-334.109638
-1011.286277
-1413.919742
-1453.332139
-1314.045145
-1256.270154
-1424.668578
-1919.115013
-2607.488355
-3054.012899
-2945.180939
-2448.495163
-2039.591544
-2040.487281
-2305.177356
-2493.281978
-2472.680043
-2183.357220
-1677.714081
-1241.042637
-1060.999642
-1066.821928
-1070.404873
-871.103547
-500.716589
-124.059477
195.718381
343.514869
297.384450
313.507703
478.771050
682.551057
855.428162
925.295593
924.399857
927.087066
903.797922
896.184163
970.082408
1013.525618
1011.286277
992.027947
905.589394
788.695808
722.411322
673.593694
609.548549
542.368327
478.771050
446.076675
391.436761
281.709065
223.934074
309.476890
397.706915
455.929774
544.159799
588.498746
596.112504
618.505912
648.065210
754.657829
947.689000
1172.070942
1450.644930
1603.367968
1506.628449
1373.611609
1346.291652
1366.893587
1408.097456
1490.505195
1613.668936
1618.147617
1213.274812
518.183447
28.215693
31.798638
373.074167
575.062702
205.571480
-622.088857
-1435.865281
-1900.752418
-1935.686134
-1663.830168
-1401.827302
-1468.111788
-2004.209961
-2785.739878
-3199.122178
-2924.579004
-2350.859907
-1980.472949
-1992.565389
-2260.838409
-2469.097098
-2392.063776
-1982.712290
-1355.696883
-846.918667
-717.484772
-783.321390
-776.155500
-587.155142
-165.263346
313.955571
637.764242
762.271587
683.894661
592.977427
658.366177
787.800072
931.565747
1068.613400
1080.705840
971.426012
803.923325
644.482264
593.425296
653.887496
747.044070
760.032247
613.131494
358.294518
175.116446
139.286994
175.564314
222.590469
252.149767
197.061985
50.161233
-88.677893
-93.604443
76.137585
291.114296
418.756718
472.948764
481.906127
460.856324
533.858832
724.650663
947.689000
1141.168040
1271.945539
1421.085632
1614.116804
1704.586170
1698.763884
1719.365819
1750.716589
1773.557865
1750.716589
1731.458259
1792.368327
1743.998567
1365.997850
773.468291
320.673594
265.137943
462.647796
481.906127
61.805804
-636.868506
-1279.559298
-1652.633465
-1730.562522
-1637.405948
-1595.306342
-1825.958438
-2378.179864
-2982.801863
-3210.766750
-2930.849158
-2484.772483
-2281.440344
-2457.004658
-2797.384450
-2938.462917
-2706.915084
-2156.037263
-1531.709065
-1150.125403
-1090.111071
-1160.426370
-1106.682193
-773.020423
-214.080975
334.109638
678.520244
759.584378
678.072375
673.593694
846.022931
1114.295951
1370.476532
1470.351129
1387.943389
1217.753493
1060.551774
984.414188
1009.494805
1096.829094
1177.445360
1157.739162
941.866714
618.953780
374.865640
274.543174
277.230383
316.642780
329.630957
237.370118
25.080616
-207.810820
-304.102472
-207.810820
-8.061627
161.680401
228.860623
151.827302
20.601935
41.651738
252.597635
551.325690
826.316732
1017.556431
1141.615908
1227.606593
1254.926550
1356.592619
1586.348979
1794.159799
1873.432461
1795.951272
1694.733071
1688.462917
1693.389466
1508.867789
1142.511645
827.212469
771.676818
861.250448
736.743103
270.512361
-288.427087
-704.048728
-984.414188
-1170.727338
-1279.111430
-1392.869939
-1677.714081
-2204.407023
-2745.879613
-2908.007882
-2660.336797
-2329.362236
-2253.224651
-2532.246507
-2917.413114
-3069.688284
-2877.104980
-2394.303117
-1838.498746
-1504.389108
-1487.370118
-1621.730563
-1595.306342
-1205.661053
-590.738087
-45.234683
273.647438
343.514869
265.585812
255.732712
487.728413
943.658187
1387.943389
1559.924758
1443.031172
1231.637406
1097.724830
1121.461842
1285.829452
1475.725546
1546.040846
1421.085632
1140.272304
850.949480
714.349695
730.025081
766.750269
689.269079
480.114654
268.720889
124.059477
31.350770
-7.613759
30.902902
66.732354
35.829452
-46.130419
-104.801147
-68.075958
29.559298
159.441061
313.059835
457.273379
552.221426
679.863848
853.188821
996.954497
1097.724830
1188.642064
1315.836618
1414.367610
1372.268004
1310.462200
1420.637764
1593.067001
1578.735220
1269.258330
867.968470
731.816553
889.018273
1000.537442
802.131852
342.619133
-141.526335
-509.673952
-776.603368
-934.252956
-968.738803
-1024.722322
-1377.194554
-2017.198137
-2535.829452
-2584.199212
-2246.058760
-1991.669652
-2113.041920
-2479.398065
-2813.507703
-2907.112146
-2680.938732
-2212.468649
-1741.311358
-1535.739878
-1651.737728
-1807.147976
-1680.849158
-1230.741670
-684.342530
-276.334647
-81.512003
-45.234683
-61.357936
4.030813
285.739878
734.503762
1115.191688
1245.969187
1178.788965
1077.570763
1039.949839
1106.234325
1267.914726
1456.467216
1559.029022
1471.246865
1237.011824
1022.482981
948.136869
990.684343
1013.973486
936.940165
793.622358
616.714439
412.038696
254.836976
233.339305
333.661770
402.185597
292.010032
86.886421
-22.393407
4.478681
109.279828
229.756360
343.067001
403.529201
425.922608
491.311358
640.451451
816.015765
936.492297
1003.672519
1050.250806
1040.845575
959.333572
977.696166
1192.672877
1424.220709
1359.727696
919.921175
460.408456
392.780365
674.489430
901.558581
780.634181
359.638123
-100.770333
-475.188105
-731.816553
-802.579721
-687.029738
-659.709781
-1035.471157
-1752.955930
-2319.957005
-2299.802938
-1865.818703
-1554.998209
-1672.787531
-2102.740953
-2515.227517
-2673.324973
-2518.362594
-2105.428162
-1640.093157
-1413.024006
-1544.697241
-1768.631315
-1738.176281
-1357.040487
-825.420996
-438.462917
-268.720889
-223.934074
-246.327481
-229.756360
-24.632748
346.649946
713.901827
878.269437
811.984952
709.871014
708.079541
804.819061
997.402365
1209.691867
1321.658904
1280.455034
1100.412039
927.087066
918.577571
1036.814762
1138.928699
1126.836259
973.217485
743.013257
553.565030
439.358653
434.432103
574.614833
683.446793
597.903977
369.043354
181.386600
177.355786
308.133286
427.714081
503.851666
568.792547
592.529559
603.726263
688.373343
821.390183
932.909351
996.954497
1007.703332
996.058760
942.314583
880.060910
957.989968
1138.032963
1144.750985
825.420996
365.012540
145.109280
304.550340
555.804371
535.202436
187.208886
-279.469724
-637.316374
-819.598710
-854.980294
-762.719455
-684.342530
-868.864206
-1403.170906
-1981.368685
-2153.797922
-1821.927625
-1398.692225
-1325.241849
-1626.657112
-2026.155500
-2276.065926
-2278.753135
-2007.792906
-1572.465066
-1211.035471
-1169.831602
-1405.858115
-1565.299176
-1389.734862
-932.461483
-470.261555
-215.872447
-161.232533
-186.761018
-214.528843
-203.332139
-74.346113
202.436403
508.778216
667.323540
590.738087
442.045862
407.112146
502.060193
683.446793
876.925833
1026.065926
1076.227159
987.997134
833.034755
778.842709
875.134360
1017.556431
1056.968828
945.001791
774.364027
637.764242
563.865998
581.780724
680.311716
762.271587
739.878180
595.216768
443.837334
410.695091
506.986743
629.254747
687.925475
707.183805
713.901827
741.669652
841.992118
992.475815
1094.141885
1073.092082
942.314583
830.795414
813.328556
850.501612
932.909351
1028.753135
982.622716
676.728771
209.602293
-90.469366
8.957363
298.728054
360.085991
39.412397
-438.015048
-800.340380
-970.978144
-1029.648871
-987.997134
-870.207811
-873.342888
-1221.336439
-1786.546041
-2086.617700
-1858.652813
-1409.441061
-1232.981010
-1447.957721
-1782.963096
-1972.859190
-1994.356861
-1842.529559
-1484.235041
-1068.613400
-907.828735
-1094.589753
-1357.040487
-1320.763167
-939.179506
-459.960588
-155.858115
-100.770333
-182.282336
-282.156933
-307.685417
-191.687567
91.365102
421.891795
565.209602
416.517377
195.270512
158.545324
317.090649
531.619491
683.894661
773.020423
815.567897
770.781082
701.361519
738.534575
877.373701
985.757793
972.321748
869.759943
782.873522
766.750269
791.830885
798.101039
760.927983
706.735937
686.134002
688.373343
666.427804
652.543891
663.292727
657.918309
621.193121
590.738087
649.408814
807.506270
964.707990
1036.366894
1001.433178
902.454317
821.838051
854.532426
949.032605
974.113221
917.681834
883.643855
915.442494
849.158008
529.828019
107.040487
-100.770333
12.988176
208.258689
186.761018
-106.144751
-484.593336
-789.143676
-1018.004300
-1147.438194
-1083.840917
-876.030097
-811.984952
-1156.843425
-1742.207094
-2071.838051
-1927.624507
-1560.820494
-1342.260838
-1385.704049
-1558.581154
-1751.164457
-1877.911143
-1796.847008
-1466.768183
-1051.594411
-820.942315
-876.925833
-1043.532784
-1042.637048
-819.150842
-521.766392
-312.164099
-185.417413
-82.407739
-32.246507
-80.616267
-141.526335
-51.952705
167.950555
329.183088
329.630957
269.616625
296.040846
390.093157
439.806521
440.702257
498.477248
652.543891
813.328556
876.030097
834.826227
776.155500
760.032247
769.437478
773.020423
808.402006
881.404515
919.473307
846.470799
692.404156
597.456109
638.212110
708.079541
717.932641
709.423146
708.527410
677.176639
592.081691
539.681118
627.015407
800.788248
902.454317
901.110713
876.030097
878.269437
898.871372
886.331064
857.667503
843.335722
828.556073
805.714798
815.120029
797.653171
638.212110
303.206736
-26.424221
-102.113938
88.230025
270.064493
158.545324
-227.964887
-653.439627
-951.271946
-1121.461842
-1141.168040
-966.499463
-748.387675
-825.868864
-1340.917234
-1938.821211
-2119.759943
-1825.062702
-1443.479040
-1314.045145
-1421.533501
-1593.067001
-1730.114654
-1794.159799
-1703.242565
-1388.839126
-982.174848
-760.927983
-825.868864
-975.008957
-943.658187
-687.925475
-394.571838
-237.817986
-161.680401
-64.493013
12.540308
-1.791473
-51.952705
8.509495
172.877105
296.040846
319.329989
330.526693
428.161949
557.147976
613.579362
574.614833
554.012899
645.825869
802.579721
904.693658
888.570405
823.629523
773.468291
735.399498
693.747761
687.029738
752.866356
829.899678
785.560731
601.486922
443.389466
410.247223
475.188105
547.294876
588.050878
611.787890
580.437119
493.550699
410.695091
424.579004
544.607668
698.226442
803.027589
841.096381
820.494446
734.055894
638.212110
626.567539
715.693300
833.482623
876.030097
825.868864
759.584378
687.477607
521.766392
263.794339
87.782157
138.391258
306.789681
316.642780
60.910068
-274.991043
-495.790039
-609.100681
-713.901827
-808.849875
-795.861698
-727.337872
-833.034755
-1205.661053
-1606.503046
-1732.353995
-1581.422429
-1408.545324
-1401.827302
-1492.744536
-1534.396274
-1518.273020
-1514.690075
-1517.377284
-1425.116446
-1217.753493
-1030.544608
-969.634540
-953.511286
-855.428162
-653.439627
-493.550699
-474.292368
-476.979577
-359.190254
-150.931566
12.092440
68.075958
70.315299
113.758509
187.208886
254.389108
365.460408
544.607668
725.994267
797.205303
714.349695
607.757076
634.181297
795.861698
954.854891
999.641705
928.878538
833.482623
750.179147
687.477607
674.041562
706.288069
725.098531
658.366177
526.692942
433.536367
435.775708
458.616983
415.621641
309.476890
244.088140
262.898603
307.237549
322.017198
315.299176
310.820494
298.280186
267.825152
236.922250
275.886779
420.548191
572.375493
609.996417
540.576854
468.022214
465.335005
525.797205
598.351845
669.562881
749.283411
761.375851
618.953780
390.988893
240.953063
286.187746
450.555357
537.441777
425.922608
184.969545
-51.504837
-235.578646
-395.019706
-518.183447
-561.178789
-554.012899
-637.764242
-866.624866
-1110.265138
-1237.011824
-1236.563956
-1244.625582
-1337.334289
-1423.772841
-1406.753852
-1324.793981
-1276.424221
-1310.014332
-1353.457542
-1313.149409
-1221.336439
-1143.407381
-1076.675027
-968.738803
-831.691150
-745.252598
-734.951630
-713.453959
-576.854174
-349.785023
-156.753852
-51.952705
3.582945
74.793981
208.706557
374.865640
525.797205
658.814045
772.572555
823.181655
800.788248
778.842709
869.759943
1034.575421
1114.295951
1029.648871
882.748119
822.733787
854.084558
878.717306
808.849875
696.434970
596.560373
505.195271
387.853816
272.303834
216.768183
229.756360
208.706557
60.014332
-128.090290
-213.633106
-164.815478
-106.144751
-158.993192
-262.450735
-292.457900
-240.057327
-158.097456
-90.469366
-19.706198
65.836618
127.194554
147.796489
177.355786
263.794339
415.621641
595.216768
724.650663
779.738445
805.266929
864.833393
942.314583
956.198495
875.134360
798.996775
817.359369
906.037263
945.001791
869.312075
709.423146
536.098173
370.834826
202.884271
41.651738
-70.763167
-142.869939
-253.045503
-453.242565
-712.558223
-910.963812
-1012.629882
-1109.817270
-1271.049803
-1450.197062
-1568.434253
-1613.221068
-1622.178431
-1621.730563
-1599.337155
-1568.882121
-1568.882121
-1594.410606
-1592.171265
-1507.524185
-1342.708707
-1125.044787
-921.264780
-772.124686
-653.439627
-518.631315
-341.723397
-137.047653
58.670727
230.652096
407.560014
572.375493
692.404156
779.738445
864.833393
965.603726
1065.478323
1108.473665
1089.663203
1075.779291
1078.914368
1073.987818
1020.691508
916.338230
804.819061
706.735937
608.652813
491.759226
379.344321
262.450735
122.715872
-59.118595
-244.983877
-363.221068
-415.173773
-444.285202
-480.114654
-524.453601
-575.510570
-623.432461
-665.532067
-667.323540
-617.162307
-544.607668
-467.126478
-405.320674
-320.673594
-181.386600
26.424221
240.505195
384.270871
462.647796
528.932282
635.524901
768.093873
906.485131
1051.594411
1216.857757
1361.967037
1471.694733
1530.365460
1540.218560
1494.536009
1394.661412
1267.466858
1159.978502
1124.596919
1138.032963
1113.848083
982.174848
765.854532
529.380150
308.133286
77.033321
-142.422071
-321.121462
-471.605159
-641.795056
-857.667503
-1074.883554
-1248.656396
-1401.827302
-1573.808671
-1770.870656
-1928.072375
-1986.743103
-1932.103189
-1822.375493
-1724.292368
-1664.725905
-1640.988893
-1605.159441
-1525.886779
-1391.974203
-1185.954855
-939.179506
-718.828377
-557.147976
-405.768542
-190.791831
77.929058
322.912934
497.133644
599.695450
657.918309
711.214618
775.259764
857.667503
964.260122
1062.791114
1072.196345
967.843067
825.420996
730.025081
693.747761
644.482264
524.005733
379.344321
277.678252
196.166249
76.585453
-111.967037
-302.311000
-420.548191
-479.218918
-554.908635
-661.949122
-730.472949
-732.264421
-708.975278
-699.570047
-701.361519
-672.250090
-591.185955
-508.330348
-433.536367
-343.067001
-224.829810
-77.929058
78.376926
220.798997
347.993551
475.635973
594.321032
704.496596
821.838051
951.271946
1094.589753
1207.900394
1257.613759
1278.215693
1308.670727
1365.549982
1443.926908
1527.678252
1588.140451
1607.398782
1569.329989
1498.118954
1395.109280
1241.490505
1069.957005
927.982802
839.752777
761.823719
635.077033
442.941598
223.038338
-4.030813
-235.578646
-462.199928
-659.709781
-812.880688
-948.584737
-1129.075600
-1344.948047
-1499.462558
-1549.623791
-1548.280186
-1614.116804
-1750.716589
-1851.039054
-1823.271229
-1681.297026
-1526.334647
-1415.263346
-1321.211035
-1235.668219
-1147.886062
-1031.440344
-876.030097
-662.844858
-446.076675
-274.095306
-150.931566
-17.018990
165.711215
352.920100
485.041204
535.650305
522.662128
505.643139
513.704765
549.534217
586.707273
587.155142
523.109996
402.185597
270.512361
150.483698
55.535650
-16.571121
-81.064135
-176.907918
-291.114296
-387.405948
-459.960588
-514.600502
-578.197779
-633.285561
-661.501254
-661.053386
-657.470441
-649.856682
-601.934790
-502.060193
-387.405948
-293.353637
-206.467216
-89.573630
73.002508
221.246865
305.893945
336.796847
395.467574
535.650305
702.257255
833.482623
930.222143
1010.390541
1064.582587
1081.601576
1081.601576
1121.461842
1206.556790
1284.933716
1289.412397
1228.950197
1167.144393
1140.720172
1135.345754
1111.160874
1043.084916
960.677177
893.496954
846.022931
821.838051
819.598710
826.764601
776.155500
620.297384
390.093157
193.479040
106.592619
102.113938
87.334289
6.270154
-116.893587
-236.474382
-330.974561
-437.119312
-571.927625
-682.103189
-756.001433
-852.740953
-1002.776783
-1121.909710
-1144.303117
-1081.601576
-1048.907202
-1123.253314
-1250.895736
-1321.658904
-1283.590111
-1182.819778
-1058.760301
-928.430670
-801.236116
-712.110355
-684.790398
-695.091365
-660.605518
-545.503404
-412.486564
-330.526693
-297.832318
-252.597635
-174.668578
-95.843784
-55.983518
-73.898244
-128.538158
-187.656754
-221.694733
-224.829810
-213.633106
-206.915084
-209.154425
-227.069151
-264.690075
-286.187746
-273.199570
-245.431745
-244.536009
-295.145109
-339.036188
-322.912934
-253.493372
-172.877105
-123.163741
-101.218201
-85.542816
-53.744178
-4.478681
76.585453
213.185238
370.386958
497.581512
569.688284
608.204944
667.771408
759.584378
823.181655
820.942315
796.757435
801.683984
827.660337
831.243282
794.518094
753.762092
739.430312
724.202795
683.446793
632.389824
584.915801
549.534217
516.391974
469.813687
436.223576
448.763884
495.342171
522.214260
499.372985
455.481906
451.898961
468.917951
468.917951
477.875314
511.913293
578.197779
659.709781
712.558223
695.091365
606.413472
481.010391
368.147617
318.882121
335.453243
385.166607
402.185597
348.441419
235.130777
98.530992
-32.694375
-157.201720
-283.948406
-413.830168
-540.576854
-687.477607
-841.992118
-957.542100
-1021.139377
-1078.914368
-1178.341096
-1308.222859
-1409.441061
-1442.583303
-1417.502687
-1364.654246
-1300.161233
-1224.471516
-1146.094590
-1091.454676
-1043.980652
-973.217485
-856.771766
-721.067718
-634.629165
-602.830527
-548.638481
-430.849158
-299.175923
-215.872447
-192.135435
-182.730204
-165.263346
-147.796489
-128.538158
-86.438552
-23.289144
50.609101
106.144751
131.673235
144.661412
180.490863
227.964887
235.578646
185.417413
157.649588
206.019348
285.739878
310.372626
263.346471
210.498029
199.301326
238.713723
278.126120
309.029022
344.858474
378.896453
370.834826
314.851308
269.616625
298.280186
389.197420
454.586170
442.493730
384.270871
368.595485
393.676102
390.093157
361.877463
360.085991
387.405948
401.289860
361.429595
317.538517
336.348979
387.853816
419.652454
403.529201
394.571838
426.818345
494.446435
555.804371
595.664636
635.524901
690.612684
734.951630
745.252598
742.565389
755.105697
786.904335
796.309566
768.093873
755.553565
803.923325
866.624866
892.153350
823.629523
659.709781
442.493730
259.763526
178.251523
171.085632
154.962379
71.211035
-65.836618
-220.351129
-371.282694
-527.588678
-663.740595
-783.769258
-917.681834
-1093.694016
-1278.663561
-1386.599785
-1367.341455
-1293.443210
-1299.265496
-1420.189896
-1563.059835
-1585.901111
-1482.891437
-1342.260838
-1221.784307
-1093.246148
-970.530276
-906.037263
-884.091723
-818.702974
-646.273737
-436.223576
-297.832318
-253.493372
-227.517019
-143.317807
-24.184880
59.566464
77.481190
75.689717
102.113938
129.881763
117.789323
86.438552
95.395915
140.182730
164.815478
139.734862
104.353278
122.268004
155.858115
144.213544
88.677893
29.559298
20.601935
45.682551
51.056969
27.767825
16.123253
38.964529
74.346113
72.554640
50.161233
82.407739
167.950555
239.161591
247.671086
237.370118
267.377284
330.974561
369.043354
374.417771
391.884629
457.273379
543.711931
580.437119
576.854174
566.105339
584.020064
605.517736
604.621999
602.382659
631.046220
692.852024
727.337872
694.195629
622.984593
586.707273
615.818703
665.979936
707.183805
719.276245
711.662487
702.257255
661.949122
593.425296
517.287710
482.801863
489.519885
494.446435
463.543533
422.787531
402.185597
389.197420
370.834826
345.306342
330.974561
291.114296
180.490863
-3.135077
-183.178072
-269.168757
-245.879613
-207.362952
-244.536009
-354.263705
-462.647796
-538.785382
-616.714439
-718.380509
-817.359369
-877.373701
-927.982802
-1011.734145
-1100.412039
-1128.179864
-1091.006808
-1056.520960
-1101.307775
-1181.028305
-1192.225009
-1088.319599
-935.148692
-813.776424
-751.970620
-715.693300
-679.415980
-637.764242
-585.811537
-518.631315
-434.879971
-356.055177
-318.882121
-305.446077
-275.886779
-209.154425
-151.827302
-145.557148
-161.680401
-174.220709
-169.294160
-165.263346
-151.827302
-120.028664
-71.658904
-28.215693
-16.571121
-25.528484
-33.142243
-2.687209
37.173056
63.597277
89.573630
142.869939
217.216052
272.303834
291.562164
301.863131
338.140451
399.946256
453.242565
502.955930
557.595844
604.621999
644.034396
661.949122
682.551057
715.245432
740.326048
737.190971
706.288069
678.968112
655.678968
629.254747
583.572196
540.576854
520.422788
502.508062
461.304192
396.363311
367.251881
372.626299
356.503046
304.998209
236.474382
205.123612
238.713723
275.886779
278.573988
276.782515
272.303834
263.794339
241.400932
198.405589
182.282336
209.154425
236.922250
248.566822
236.026514
208.258689
192.135435
182.730204
182.282336
176.907918
180.490863
212.737370
258.867789
293.801505
303.206736
294.249373
236.922250
116.445718
-47.474024
-187.208886
-257.972053
-261.554998
-264.690075
-328.735220
-429.057685
-528.036546
-614.475099
-702.257255
-781.977786
-834.378359
-866.624866
-916.786098
-997.402365
-1076.675027
-1084.736654
-1020.243640
-976.352562
-1000.089574
-1048.459334
-1042.637048
-964.260122
-873.790756
-795.413830
-704.048728
-592.529559
-503.851666
-462.199928
-431.297026
-349.337155
-204.227875
-65.388750
-2.687209
11.196704
54.639914
146.452884
236.922250
289.322823
323.808671
352.472232
369.043354
362.773200
335.453243
320.225726
320.225726
317.538517
285.292010
242.296668
237.370118
266.033680
279.021856
247.223217
185.865281
147.796489
150.035829
161.680401
173.324973
192.583303
217.216052
230.204228
235.130777
222.590469
217.216052
244.536009
269.168757
256.628449
225.277678
200.197062
212.289502
244.536009
267.825152
275.438911
271.855966
275.438911
280.813329
280.365460
277.230383
298.728054
338.140451
375.761376
380.687925
357.846650
345.754210
355.607309
361.429595
349.337155
329.183088
331.422429
337.692583
317.538517
271.408097
225.277678
205.571480
193.479040
170.189896
140.182730
112.862773
90.469366
65.388750
27.319957
-8.061627
-18.362594
-13.436044
-7.165890
-31.350770
-82.855607
-115.549982
-125.403081
-128.538158
-113.310641
-70.763167
-5.822286
32.246507
-4.926550
-92.708707
-189.000358
-239.161591
-212.737370
-156.753852
-116.893587
-114.206378
-128.090290
-148.692225
-152.723038
-138.839126
-112.862773
-108.384092
-161.680401
-270.960229
-376.657112
-406.216410
-365.908277
-318.882121
-349.337155
-458.616983
-556.252239
-581.780724
-549.086349
-498.925116
-459.512719
-430.849158
-419.652454
-438.462917
-475.635973
-483.249731
-451.898961
-408.007882
-408.903619
-447.868148
-451.898961
-383.375134
-290.666428
-250.806163
-266.033680
-269.616625
-224.381942
-175.116446
-152.275170
-155.410247
-144.213544
-96.739520
-41.651738
-2.239341
32.694375
94.500179
161.232533
196.166249
198.853458
208.706557
248.566822
314.851308
359.190254
364.116804
362.773200
365.908277
381.135794
390.093157
386.062343
380.240057
379.344321
368.595485
359.190254
354.711573
353.367968
342.171265
309.924758
259.763526
215.424579
184.969545
185.417413
190.343963
181.834468
156.753852
127.642422
103.457542
76.585453
68.075958
78.824794
106.592619
137.495521
148.244357
140.182730
149.140093
178.699391
211.393766
229.756360
250.358295
277.230383
320.225726
360.533859
382.927266
415.621641
454.138302
476.531709
465.335005
425.026872
387.853816
384.718739
407.560014
419.652454
409.799355
385.166607
365.460408
356.055177
338.588320
317.538517
283.052669
244.536009
206.915084
167.950555
144.213544
139.734862
103.009674
1.343604
-150.931566
-313.059835
-416.965245
-448.763884
-468.917951
-498.925116
-540.576854
-595.664636
-654.335364
-717.484772
-760.032247
-774.811895
-784.217126
-830.347546
-905.141526
-957.989968
-946.793264
-892.153350
-855.428162
-847.814403
-837.065568
-794.965962
-733.160158
-667.771408
-592.977427
-508.778216
-436.671444
-388.301684
-348.441419
-297.832318
-223.038338
-144.661412
-97.635256
-84.647080
-53.296310
4.478681
68.971695
122.715872
154.962379
178.251523
179.147259
161.680401
141.526335
138.391258
163.919742
190.791831
167.950555
129.433895
110.623432
123.611609
140.182730
140.630598
146.452884
160.336797
181.386600
206.915084
225.277678
244.088140
275.886779
301.863131
304.550340
281.709065
284.396274
325.600143
363.668936
368.147617
365.012540
379.792189
403.977069
423.683268
421.891795
396.363311
358.294518
350.680760
358.294518
368.595485
378.448585
402.185597
416.517377
398.602651
374.417771
358.294518
373.074167
396.363311
395.467574
355.607309
287.531351
233.339305
218.111788
234.235041
242.744536
236.474382
221.246865
190.343963
137.943389
98.530992
95.843784
118.237191
127.642422
94.052311
35.381584
-18.362594
-47.026155
-51.952705
-56.879255
-61.805804
-59.566464
-65.388750
-107.040487
-179.147259
-239.609459
-270.960229
-287.531351
-304.102472
-318.434253
-320.673594
-305.446077
-307.237549
-337.244715
-365.908277
-360.981727
-328.735220
-325.152275
-358.294518
-365.012540
-334.109638
-308.133286
-327.391616
-371.282694
-388.301684
-375.761376
-374.417771
-390.541025
-412.038696
-412.486564
-397.706915
-423.683268
-472.948764
-488.624149
-459.960588
-434.432103
-442.045862
-451.451093
-414.725905
-344.410606
-302.758868
-293.353637
-287.531351
-267.377284
-229.756360
-200.644930
-178.699391
-127.642422
-47.474024
12.540308
30.455034
43.891078
90.021498
155.858115
206.915084
236.922250
267.377284
292.010032
315.747044
345.754210
389.197420
436.223576
489.519885
538.785382
541.472590
505.195271
450.107488
403.977069
402.185597
446.524543
489.967753
509.226084
494.446435
465.782874
434.879971
399.946256
369.939090
362.773200
359.638123
320.225726
256.180580
205.571480
214.080975
246.327481
249.014690
218.559656
165.711215
109.279828
48.817628
-15.227517
-56.879255
-65.836618
-68.075958
-87.782157
-132.121104
-164.815478
-172.429237
-169.742028
-179.147259
-175.116446
-123.611609
-51.504837
5.822286
13.436044
-15.227517
-13.883913
22.841276
57.774991
82.855607
104.353278
128.538158
147.796489
142.422071
128.538158
137.047653
160.784665
160.784665
118.237191
55.087782
25.528484
40.756001
47.026155
20.154067
-30.455034
-84.647080
-114.206378
-137.943389
-157.201720
-175.116446
-203.332139
-256.180580
-343.514869
-437.119312
-484.593336
-467.126478
-444.733071
-443.837334
-454.586170
-459.960588
-475.635973
-491.759226
-494.446435
-484.145468
-460.856324
-432.192762
-404.424937
-383.823003
-341.275528
-282.156933
-226.173415
-192.135435
-180.490863
-163.471874
-155.858115
-148.244357
-102.113938
-39.860265
14.331781
45.682551
56.431387
66.732354
66.284486
73.450376
121.820136
176.012182
220.798997
243.640272
233.787173
215.872447
241.848800
277.678252
277.678252
251.254031
221.694733
205.571480
183.178072
174.668578
187.208886
200.644930
185.865281
140.630598
85.990684
41.651738
40.756001
73.450376
107.040487
112.862773
120.028664
145.109280
135.256181
122.715872
132.121104
139.734862
125.403081
103.905410
129.881763
180.042995
217.663920
246.327481
264.242207
241.400932
210.945898
201.092798
195.718381
189.448226
195.718381
227.517019
246.775349
266.033680
309.029022
371.282694
381.583662
327.391616
271.855966
212.289502
143.317807
110.175564
126.298818
129.433895
113.758509
102.113938
65.388750
0.895736
-49.713364
-78.824794
-114.654246
-179.147259
-236.474382
-251.254031
-254.389108
-274.095306
-282.604801
-276.782515
-323.808671
-383.823003
-399.050520
-395.467574
-380.687925
-334.109638
-288.874955
-291.114296
-330.526693
-355.607309
-360.085991
-354.263705
-306.789681
-233.339305
-194.374776
-188.552490
-158.993192
-137.495521
-142.869939
-148.244357
-128.538158
-83.751344
-63.597277
-57.327123
-17.018990
45.682551
80.168398
66.732354
33.142243
-12.092440
-34.485847
-21.049803
-24.184880
-41.651738
-29.559298
4.030813
0.895736
-25.976353
-31.350770
-8.061627
12.988176
6.718022
-8.957363
-25.080616
-23.289144
-1.343604
14.331781
10.748836
8.509495
22.393407
34.485847
39.860265
55.535650
94.052311
133.016840
149.140093
143.317807
137.495521
132.121104
143.317807
178.251523
209.602293
244.983877
279.021856
287.083483
267.377284
254.836976
271.855966
277.678252
275.438911
282.604801
270.512361
208.258689
141.974203
113.758509
90.469366
68.971695
63.149409
75.241849
73.450376
25.080616
-20.601935
-35.381584
-60.910068
-98.083124
-133.016840
-164.815478
-163.919742
-131.673235
-103.457542
-127.194554
-170.189896
-168.846292
-165.263346
-196.166249
-213.185238
-165.711215
-114.206378
-121.372268
-169.294160
-199.301326
-195.718381
-167.054819
-110.175564
-39.412397
32.246507
102.113938
144.213544
117.789323
56.431387
28.215693
55.983518
78.376926
70.763167
68.971695
78.376926
72.554640
51.952705
43.443210
52.848441
73.450376
95.843784
83.303475
37.173056
-7.165890
-13.883913
-9.853099
-49.265496
-94.052311
-92.708707
-58.222859
-47.474024
-23.737012
17.914726
39.412397
-0.895736
-92.708707
-153.618775
-155.858115
-120.924400
-58.222859
0.000000
22.393407
25.976353
17.466858
2.687209
-16.123253
5.374418
72.106772
104.801147
103.457542
103.905410
104.353278
92.708707
54.639914
4.030813
-8.509495
13.436044
37.620924
73.002508
97.635256
69.419563
17.914726
-35.829452
-92.708707
-126.298818
-115.549982
-104.801147
-120.924400
-139.734862
-123.611609
-91.812970
-101.218201
-127.194554
-128.538158
-142.422071
-189.896095
-231.099964
-210.945898
-146.900752
-101.218201
-61.805804
-30.455034
-31.350770
-37.173056
-62.701541
-121.820136
-131.225367
-44.338947
78.376926
166.159083
188.552490
191.239699
178.251523
114.654246
66.284486
89.125761
158.545324
200.197062
187.656754
154.514511
123.611609
97.635256
115.549982
166.159083
174.220709
145.557148
93.604443
17.018990
-42.995342
-37.620924
26.424221
94.948047
96.739520
73.450376
57.327123
14.779649
-28.215693
-16.571121
17.914726
4.478681
-43.891078
-71.211035
-56.431387
-33.142243
12.988176
64.940881
64.045145
44.786815
41.203870
27.319957
15.227517
50.161233
133.016840
160.336797
97.187388
60.910068
75.241849
78.376926
69.867431
76.585453
88.230025
68.075958
10.748836
-38.068793
-40.756001
-12.540308
38.964529
34.933716
-46.578287
-118.685059
-137.495521
-143.765675
-174.668578
-180.042995
-129.433895
-101.666070
-141.526335
-186.313149
-197.957721
-213.633106
-255.284844
-300.519527
-333.213902
-334.557506
-298.280186
-244.088140
-231.995700
-234.682909
-226.173415
-227.069151
-248.566822
-264.690075
-244.088140
-159.888929
-65.388750
-29.111430
-6.270154
17.914726
29.111430
42.995342
62.253673
96.739520
140.630598
167.950555
181.834468
191.687567
214.976711
278.126120
332.318166
331.422429
299.623791
260.659262
261.554998
287.531351
310.820494
321.121462
294.697241
253.493372
211.393766
184.969545
206.915084
251.701899
258.867789
220.798997
146.900752
53.744178
9.405231
9.405231
8.509495
8.509495
-0.447868
5.374418
12.540308
-16.123253
-52.848441
-75.689717
-92.708707
-92.708707
-65.836618
-12.092440
19.706198
-17.466858
-77.481190
-133.912576
-166.159083
-128.986027
-76.137585
-60.910068
-60.462200
-61.805804
-57.327123
-51.504837
-47.921892
-34.485847
-51.952705
-125.403081
-171.981369
-133.016840
-83.303475
-45.682551
-32.694375
-38.516661
-53.744178
-71.211035
-41.203870
-20.601935
-76.137585
-138.839126
-186.313149
-217.663920
-192.583303
-138.391258
-94.948047
-95.395915
-154.066643
-191.239699
-184.073809
-181.386600
-152.275170
-102.561806
-107.040487
-159.441061
-169.742028
-134.360444
-90.469366
-64.045145
-56.431387
-32.694375
-16.571121
-6.270154
32.694375
35.381584
11.196704
27.767825
42.099606
64.045145
111.967037
157.649588
175.564314
128.538158
61.357936
86.886421
158.993192
222.142601
292.457900
325.600143
307.237549
277.230383
231.995700
206.467216
207.810820
216.768183
244.088140
249.910426
228.412755
214.528843
220.798997
195.270512
160.336797
154.962379
138.839126
113.310641
98.530992
94.500179
95.395915
90.021498
73.898244
58.222859
5.822286
-58.670727
-77.481190
-77.929058
-77.929058
-63.597277
-68.523827
-119.132927
-164.815478
-184.073809
-174.220709
-163.024006
-171.533501
-181.834468
-186.313149
-214.080975
-202.436403
-163.919742
-147.796489
-111.519169
-93.156575
-129.881763
-170.189896
-173.772841
-169.742028
-165.263346
-190.343963
-194.822644
-156.753852
-135.256181
-124.955213
-138.391258
-176.012182
-188.552490
-164.815478
-144.213544
-123.163741
-73.002508
-20.154067
-37.620924
-121.372268
-166.606951
-124.507345
-56.879255
-13.436044
18.362594
33.142243
63.149409
80.616267
67.180222
50.161233
70.315299
100.322465
103.009674
97.187388
139.734862
264.690075
345.754210
266.929416
137.943389
103.457542
110.175564
137.495521
192.135435
254.389108
313.507703
292.457900
189.896095
109.727696
77.033321
114.206378
195.270512
193.926908
163.471874
174.220709
177.355786
134.808312
83.303475
82.407739
112.414905
92.260838
36.277320
17.018990
-5.374418
-27.319957
-14.779649
-7.165890
-14.779649
-19.258330
-31.350770
-71.211035
-120.924400
-132.121104
-87.334289
-60.910068
-60.014332
-29.559298
-6.270154
-38.068793
-68.971695
-63.149409
-56.879255
-55.087782
-34.037979
-2.687209
18.810462
3.135077
-32.694375
-65.836618
-113.310641
-137.495521
-128.090290
-137.943389
-139.734862
-75.241849
-43.443210
-81.959871
-108.831960
-105.696883
-108.384092
-133.912576
-162.576138
-152.723038
-136.599785
-139.734862
-129.433895
-133.912576
-138.839126
-125.850949
-144.661412
-179.147259
-206.915084
-209.602293
-169.742028
-154.962379
-169.742028
-139.286994
-128.090290
-169.742028
-181.834468
-165.711215
-124.955213
-63.149409
-19.258330
9.853099
17.466858
22.393407
59.118595
79.272662
68.523827
110.175564
169.294160
179.595127
166.159083
177.803655
241.848800
295.592977
313.059835
335.005374
343.067001
302.311000
285.292010
261.107130
195.270512
182.282336
235.130777
258.867789
228.412755
176.012182
154.066643
121.820136
47.026155
8.509495
12.988176
3.582945
0.000000
12.092440
0.895736
-55.535650
-108.384092
-115.102114
-147.348621
-183.625941
-133.016840
-55.535650
-41.203870
-44.786815
-30.902902
-18.810462
-11.644572
-6.270154
0.895736
-11.196704
-43.443210
-23.289144
23.289144
44.786815
79.720530
125.850949
118.685059
52.400573
24.632748
36.725188
44.338947
42.099606
47.026155
61.805804
46.578287
17.914726
5.822286
-34.037979
-103.905410
-118.685059
-70.763167
-18.810462
-8.061627
-34.485847
-89.573630
-163.471874
-231.995700
-247.223217
-201.540666
-146.900752
-112.862773
-107.488355
-143.317807
-171.085632
-141.526335
-99.874597
-95.395915
-104.801147
-97.635256
-60.014332
-34.485847
-33.590111
-3.135077
16.571121
4.478681
-1.343604
22.393407
72.106772
98.083124
108.831960
104.801147
52.848441
35.829452
82.407739
103.905410
74.346113
36.725188
9.853099
13.883913
18.362594
16.571121
42.995342
60.910068
33.142243
8.957363
-14.331781
-38.964529
-34.485847
-39.412397
-63.149409
-68.523827
-30.455034
23.289144
42.547474
-8.061627
-38.516661
-38.964529
-51.504837
-32.694375
19.706198
59.566464
45.682551
0.447868
-8.957363
18.810462
47.921892
81.959871
124.507345
129.433895
113.310641
97.187388
80.168398
49.265496
32.246507
41.651738
56.431387
64.940881
81.064135
97.187388
75.689717
45.682551
47.474024
77.481190
91.812970
79.272662
56.431387
10.300967
-45.682551
-68.971695
-50.609101
-22.841276
-5.822286
5.374418
5.822286
-31.798638
-52.848441
-42.547474
-51.504837
-71.658904
-94.500179
-96.739520
-71.211035
-63.597277
-85.990684
-83.751344
-77.929058
-67.180222
-23.289144
13.883913
50.161233
71.211035
28.215693
-42.995342
-74.346113
-53.296310
7.613759
51.504837
46.578287
46.130419
54.639914
42.995342
30.455034
38.068793
64.493013
43.443210
-25.080616
-68.971695
-80.168398
-54.639914
-30.007166
-46.578287
-59.118595
-63.597277
-79.720530
-98.530992
-125.403081
-136.151917
-115.102114
-114.206378
-141.526335
-156.753852
-140.182730
-119.580795
-142.422071
-192.135435
-189.000358
-133.464708
-87.782157
-52.400573
-26.872089
0.895736
34.933716
21.497671
-6.718022
-7.613759
12.540308
29.559298
40.756001
57.327123
118.237191
195.718381
214.976711
184.073809
164.367610
170.637764
174.668578
158.545324
171.533501
241.400932
280.813329
241.400932
193.926908
190.343963
188.104622
162.128269
123.163741
123.163741
158.097456
166.606951
128.090290
67.628090
17.018990
-4.478681
-35.381584
-101.666070
-102.561806
-43.443210
-17.466858
-41.651738
-67.628090
-34.037979
6.270154
-31.350770
-89.125761
-77.033321
-54.639914
-64.940881
-75.241849
-93.604443
-76.137585
-35.381584
-27.767825
-16.571121
4.926550
46.578287
94.948047
48.369760
-38.964529
-61.805804
-61.357936
-68.971695
-78.376926
-53.296310
23.289144
61.805804
52.400573
29.559298
-16.571121
-60.910068
-71.658904
-91.812970
-128.090290
-139.734862
-112.414905
-84.647080
-92.260838
-103.905410
-103.457542
-116.445718
-150.931566
-164.367610
-154.962379
-127.194554
-79.272662
-51.952705
-77.033321
-148.244357
-180.490863
-159.888929
-163.919742
-160.336797
-99.874597
-37.620924
-10.748836
-9.405231
-30.455034
-31.350770
-9.853099
33.590111
58.670727
3.135077
3.135077
64.940881
55.535650
32.246507
60.462200
113.758509
163.024006
139.286994
89.573630
120.028664
151.379434
168.398424
172.877105
105.696883
94.948047
141.078466
100.770333
40.756001
44.338947
105.696883
160.784665
131.225367
107.488355
164.367610
171.085632
116.445718
60.014332
-1.791473
-5.822286
42.099606
51.056969
34.933716
17.914726
29.111430
81.959871
54.639914
7.165890
41.203870
51.952705
23.289144
-5.374418
-35.381584
0.895736
36.277320
-13.883913
-51.504837
-60.462200
-44.338947
15.227517
15.675385
-24.632748
-16.123253
-11.196704
-29.111430
-77.481190
-119.132927
-75.689717
-54.639914
-103.009674
-107.040487
-83.303475
-56.431387
-25.976353
-45.682551
-83.751344
-85.094948
-92.708707
-94.500179
-107.040487
-120.476532
-87.782157
-78.376926
-76.585453
-41.203870
-36.725188
-43.891078
-47.921892
-84.199212
-95.843784
-99.426729
-93.604443
-55.087782
-25.528484
-8.061627
22.841276
16.123253
7.165890
17.466858
-19.258330
-46.130419
-1.343604
57.327123
71.211035
61.805804
55.087782
43.891078
20.601935
27.767825
71.658904
108.831960
145.557148
166.159083
122.268004
39.412397
10.748836
38.068793
40.756001
24.632748
53.296310
107.936224
99.874597
58.670727
44.786815
57.327123
71.211035
55.983518
9.405231
-22.393407
-12.988176
0.447868
-14.779649
-38.964529
-21.049803
36.725188
37.620924
-9.405231
-14.779649
8.061627
-8.509495
-48.817628
-61.357936
-23.289144
33.590111
27.767825
-15.227517
-32.694375
-40.308133
-51.504837
-48.817628
-2.687209
49.265496
74.346113
74.346113
25.528484
-34.037979
-45.234683
-34.485847
-44.786815
-24.632748
19.706198
47.474024
50.609101
3.135077
-33.142243
-37.173056
-49.265496
-43.443210
-23.289144
-17.466858
-10.748836
-9.853099
-46.130419
-55.087782
-28.663561
-10.748836
-9.853099
-38.516661
-60.014332
-48.369760
-43.891078
-29.559298
4.030813
-8.957363
-18.362594
-29.111430
-54.192046
-33.590111
5.822286
23.737012
22.393407
-4.030813
-38.068793
-51.952705
-40.308133
16.123253
60.014332
59.118595
47.921892
22.393407
-5.822286
-8.509495
13.883913
48.817628
88.230025
79.272662
47.026155
36.277320
19.258330
18.362594
30.455034
38.516661
61.357936
77.481190
46.578287
17.914726
29.111430
33.142243
20.154067
4.030813
-15.227517
-17.914726
-25.528484
-42.547474
-34.485847
-4.030813
11.644572
-13.883913
-62.701541
-76.137585
-68.971695
-68.523827
-57.327123
-34.933716
-25.080616
-51.056969
-78.824794
-68.971695
-51.952705
-55.535650
-47.921892
-37.173056
-24.632748
-14.331781
-16.571121
-15.675385
-1.791473
-3.582945
-16.123253
-16.123253
4.926550
44.338947
43.443210
-0.447868
-2.239341
10.300967
8.061627
20.601935
30.902902
48.369760
62.253673
35.829452
11.196704
7.613759
20.601935
52.400573
37.173056
-6.270154
0.000000
5.822286
4.030813
22.393407
33.590111
69.867431
79.720530
24.632748
-12.988176
-18.810462
-8.061627
38.516661
48.817628
25.080616
29.559298
30.007166
14.331781
4.478681
6.270154
61.357936
104.353278
64.045145
38.516661
39.860265
21.049803
20.154067
26.424221
21.497671
40.308133
52.848441
49.265496
35.829452
16.571121
28.663561
45.234683
11.644572
-12.092440
1.343604
-9.405231
-31.350770
-47.026155
-60.014332
-54.192046
-35.829452
-11.196704
1.343604
-28.663561
-63.597277
-45.234683
-64.493013
-82.855607
-29.559298
-8.957363
-22.393407
-53.744178
-104.801147
-100.322465
-54.192046
-21.497671
21.049803
3.582945
-41.651738
-37.173056
-77.929058
-128.986027
-89.573630
-41.651738
-15.675385
-15.675385
-50.609101
-39.860265
-28.215693
-47.921892
-28.663561
-24.184880
-28.663561
16.571121
6.270154
-40.308133
-42.995342
-52.848441
-37.620924
-18.810462
-24.632748
32.246507
80.168398
51.952705
40.756001
23.737012
-1.791473
9.405231
-4.478681
-17.914726
8.061627
21.497671
49.713364
68.971695
36.725188
51.504837
68.971695
35.381584
12.540308
7.165890
16.571121
24.184880
8.957363
3.135077
30.902902
42.547474
50.161233
69.419563
44.338947
32.246507
62.701541
63.149409
50.609101
58.670727
69.867431
63.597277
39.412397
24.184880
42.547474
52.400573
62.253673
93.604443
85.990684
53.744178
53.296310
34.933716
4.926550
8.957363
29.559298
51.952705
28.215693
-9.853099
-8.509495
-21.945539
-49.713364
-21.945539
-7.613759
-28.215693
-37.620924
-58.222859
-79.272662
-85.542816
-74.793981
-37.173056
-31.350770
-53.744178
-23.289144
-26.424221
-60.462200
-60.462200
-73.002508
-71.658904
-45.682551
-44.338947
-17.914726
-0.895736
-8.957363
8.957363
4.478681
-7.165890
14.331781
10.300967
-20.154067
-25.528484
-24.632748
-4.926550
15.675385
8.061627
23.289144
40.308133
22.393407
6.718022
-3.135077
-6.718022
-3.135077
-25.976353
-44.338947
-30.902902
-30.902902
-41.203870
-57.774991
-81.959871
-67.180222
-45.234683
-41.203870
-32.246507
-25.528484
-16.123253
-25.976353
-65.836618
-76.137585
-58.670727
-51.504837
-51.056969
-32.246507
-0.895736
25.080616
40.308133
42.995342
49.713364
52.400573
44.786815
38.516661
24.184880
34.037979
52.848441
47.474024
38.068793
53.296310
89.125761
102.561806
107.488355
102.561806
81.959871
64.045145
24.632748
-7.613759
2.687209
32.246507
50.161233
35.829452
1.343604
-9.405231
-8.061627
-24.632748
-19.706198
6.270154
21.945539
19.258330
-16.123253
-45.234683
-31.350770
-15.675385
-25.080616
-44.786815
-47.921892
-24.632748
-7.613759
-18.362594
-2.239341
44.786815
59.118595
38.516661
6.270154
-11.196704
14.331781
26.872089
4.926550
-0.447868
16.123253
50.161233
61.357936
37.620924
36.277320
62.253673
61.357936
42.995342
24.184880
23.289144
43.891078
19.258330
-23.737012
-41.651738
-39.860265
-23.737012
-15.227517
-32.246507
-30.455034
-19.258330
-31.350770
-51.504837
-70.315299
-71.658904
-67.180222
-90.917234
-120.924400
-117.789323
-91.365102
-58.222859
-36.277320
-36.277320
-36.277320
-25.976353
-25.976353
-25.528484
-25.976353
-20.601935
-8.509495
-35.829452
-63.149409
-41.651738
7.613759
62.701541
87.782157
69.867431
45.682551
28.663561
16.123253
18.362594
24.632748
35.381584
46.578287
23.289144
-25.976353
-28.663561
10.300967
45.682551
45.682551
23.737012
17.466858
0.000000
-25.080616
-48.817628
-63.149409
-47.921892
-7.613759
3.135077
-14.331781
3.135077
40.308133
53.296310
18.362594
-17.018990
-1.343604
14.779649
17.466858
17.466858
21.945539
41.651738
49.713364
32.246507
10.748836
13.436044
58.670727
83.751344
56.879255
34.037979
38.964529
43.891078
37.620924
21.049803
24.184880
46.130419
47.474024
27.319957
15.675385
27.767825
57.774991
61.357936
15.227517
-21.945539
-23.289144
-7.613759
-14.779649
-34.485847
-31.350770
-16.123253
-23.289144
-39.860265
-37.620924
-18.362594
-4.030813
-19.258330
-51.952705
-62.701541
-58.670727
-44.786815
-42.995342
-57.774991
-57.774991
-37.620924
-25.528484
-24.184880
-2.239341
13.883913
17.466858
2.687209
-8.509495
-16.571121
-27.319957
-7.613759
8.509495
8.957363
7.165890
17.914726
26.872089
25.080616
12.540308
11.644572
12.988176
-1.343604
-12.540308
-30.007166
-34.933716
-25.976353
-8.957363
-15.227517
-30.455034
-36.277320
-21.945539
-8.061627
-18.362594
-12.988176
-7.613759
-12.092440
-28.215693
-38.964529
-30.455034
-12.988176
-8.509495
-12.540308
-26.872089
-19.258330
8.957363
19.706198
25.976353
25.976353
26.424221
20.154067
-9.405231
-34.037979
-17.466858
6.718022
31.350770
43.891078
44.338947
59.566464
47.474024
26.424221
19.706198
7.613759
15.227517
26.872089
7.165890
5.374418
33.590111
42.995342
49.713364
50.161233
41.651738
44.786815
21.049803
-1.343604
1.343604
-0.447868
20.154067
33.142243
12.540308
8.061627
8.061627
-14.331781
-25.528484
-33.590111
-25.080616
1.343604
-3.135077
-17.466858
-16.123253
-35.381584
-39.412397
-26.424221
-36.725188
-25.080616
-8.509495
-8.509495
-10.748836
-25.976353
-17.466858
14.331781
7.165890
-7.613759
-8.509495
-8.061627
7.613759
5.822286
-9.405231
0.895736
16.571121
17.914726
15.227517
7.613759
14.779649
38.516661
28.663561
0.447868
-5.822286
10.300967
24.184880
21.049803
-5.822286
-15.227517
-1.791473
-9.405231
-21.945539
-32.694375
-30.007166
-11.196704
-13.436044
-34.933716
-40.308133
-29.559298
-13.883913
-9.853099
-28.215693
-32.694375
-25.080616
-29.111430
-38.964529
-38.516661
-21.945539
11.196704
21.497671
0.895736
-14.779649
-14.779649
0.895736
10.300967
4.030813
16.123253
51.952705
61.805804
51.056969
31.350770
12.092440
8.957363
6.718022
-6.718022
11.644572
47.474024
73.898244
76.137585
35.829452
-0.447868
3.135077
6.718022
0.447868
-7.613759
-24.632748
-22.393407
-29.559298
-44.338947
-33.142243
-22.393407
-6.270154
4.030813
-12.988176
-18.810462
-9.853099
-8.957363
-9.405231
-24.632748
-34.037979
-25.528484
-25.080616
-30.455034
-33.142243
-14.779649
15.227517
32.694375
33.590111
41.203870
41.651738
29.559298
14.331781
-11.196704
-18.362594
-4.478681
8.509495
14.779649
20.601935
30.455034
47.474024
51.952705
42.995342
44.338947
31.798638
24.184880
15.675385
-2.239341
-16.571121
-10.748836
-8.061627
-8.509495
-11.644572
-5.822286
1.791473
-1.791473
-2.687209
0.447868
-5.822286
-8.957363
-11.644572
-28.663561
-37.620924
-46.130419
-55.983518
-65.388750
-66.732354
-42.547474
-5.374418
13.436044
21.049803
21.497671
6.270154
0.000000
-6.718022
-17.914726
-7.165890
0.447868
2.239341
15.675385
17.018990
29.559298
52.400573
