20.632525
-12.317926
-16.013303
-34.490192
-38.031595
-26.791488
-39.571336
-15.089459
18.630863
9.238444
-1.539741
-18.476888
-30.332892
-35.414036
-52.967080
-22.634188
26.791488
16.475226
11.702029
24.019955
10.624211
18.784837
17.245096
-33.412373
-32.950451
28.331229
36.491855
7.082807
18.014966
27.715333
-5.235118
2.463585
21.094448
-2.463585
10.316263
-18.784837
-92.230468
-64.823084
-6.620885
18.014966
15.089459
-31.102762
-28.793151
-51.581314
-150.894589
-137.652819
-51.427340
-24.943799
-17.553044
-21.402396
-18.014966
-29.870970
-109.783512
-127.952453
-65.285006
-44.960429
-19.708681
35.106088
64.053213
86.379454
56.354510
-30.486866
-46.654143
-4.619222
-14.473563
-40.187232
4.465248
77.294984
95.463924
59.433991
-0.769870
-31.718659
-44.190558
-97.619561
-55.276691
66.978721
74.985372
56.970406
68.980384
27.869307
-2.309611
-32.180581
-83.761894
-45.422351
34.490192
73.599606
98.081483
112.093124
110.245435
69.134358
-11.702029
-40.649155
2.001663
34.798140
53.736951
81.914206
89.458935
43.728636
-46.346195
-113.632864
-117.020294
-85.147661
-72.367813
-63.283343
-15.089459
13.241770
-5.235118
-38.185570
-76.063191
-78.526776
-56.200536
-44.806455
14.627537
82.376128
91.614572
77.448958
52.351184
35.414036
36.491855
32.796477
48.347858
107.473901
156.591630
145.659471
114.864657
98.081483
64.669110
25.405722
1.231793
-0.615896
30.332892
50.349521
36.029933
16.013303
-16.167277
-55.122717
-67.748591
-95.309950
-111.785175
-59.126043
-38.339544
-57.278354
-36.337881
-19.246759
-38.801466
-84.993687
-88.997013
-29.409048
-38.339544
-53.121054
5.235118
2.925507
-24.173929
-7.544729
-3.079481
7.852678
24.635851
13.087796
-4.927170
4.311274
57.586302
92.076494
72.367813
55.892588
74.061528
69.288332
8.160626
-16.167277
0.461922
-22.018292
-40.649155
-14.011640
9.238444
13.703692
14.011640
-8.930496
-30.024944
-15.243433
-32.334555
-64.823084
-44.190558
-18.014966
-5.235118
-8.930496
-40.341207
-50.811443
-55.738614
-95.463924
-111.477227
-61.897576
-22.634188
-18.322914
2.155637
-17.553044
-50.965417
-40.803129
-62.359499
-76.063191
-41.265051
-25.251748
-33.874296
-27.407385
5.389092
32.026607
27.869307
17.245096
20.478551
53.121054
67.594617
40.495181
40.957103
54.198873
39.263388
39.263388
49.117729
50.503495
54.506821
33.720321
-23.865981
-60.819758
-57.432328
-40.957103
-38.339544
-38.801466
1.231793
32.180581
-3.849352
-19.400733
-13.395744
-57.432328
-88.689065
-82.222154
-44.344532
22.942137
51.273366
9.084470
-30.486866
-39.417362
-65.900902
-87.149324
-68.826410
-17.091122
48.193884
52.659132
37.415699
82.992024
73.137684
3.233455
-13.703692
-11.856003
-1.693715
25.251748
32.334555
71.443969
128.722323
88.997013
15.397407
7.082807
5.851015
3.387430
0.000000
-16.013303
51.581314
104.240446
44.498506
44.960429
77.294984
38.647492
16.013303
-0.769870
-13.857666
28.485203
39.879284
40.649155
109.013642
114.402735
30.332892
4.465248
1.539741
3.849352
50.503495
35.875958
17.553044
47.731962
15.551381
-1.231793
16.629200
-20.786500
-36.183907
-45.884273
-71.136021
-31.256736
6.312937
-17.707018
-25.251748
-34.336218
-85.147661
-73.445632
-30.332892
-14.627537
56.508484
87.919194
33.412373
33.258399
17.245096
-39.417362
-23.712007
8.160626
19.862655
51.273366
74.369476
86.995350
103.778524
105.010316
76.525113
29.563022
0.000000
12.471900
31.564685
41.726973
71.136021
108.089798
79.758569
-22.634188
-81.298309
-68.980384
-83.761894
-103.470576
-70.674098
-46.192221
-19.246759
11.086133
0.461922
-16.475226
-43.728636
-93.000339
-131.955779
-145.351523
-94.386105
5.081144
31.564685
-14.319589
-17.245096
-22.326240
-79.450621
-89.766883
-52.197210
-45.268377
-27.253411
27.407385
81.606258
111.785175
103.162627
81.452283
42.188895
-29.255073
-32.026607
53.890925
88.535091
100.545068
120.099775
27.407385
-63.591291
-45.422351
-51.427340
-69.134358
-54.198873
-71.136021
-98.235457
-116.866320
-119.637853
-94.232131
-94.232131
-104.240446
-102.238783
-147.969082
-197.702707
-156.745604
-97.465587
-78.680750
-35.260062
-2.155637
-14.781511
-23.865981
-22.480214
-0.769870
27.099436
34.952114
56.354510
100.237120
114.248761
92.076494
95.002002
100.391094
53.736951
36.183907
54.814769
35.875958
32.950451
35.106088
3.079481
4.311274
2.463585
-46.346195
-72.829735
-76.833061
-74.523450
-71.751917
-107.011979
-108.551720
-53.121054
-86.533428
-139.500508
-104.240446
-91.768546
-90.536754
-55.276691
-38.185570
-25.405722
3.849352
40.803129
63.129369
59.741939
62.821421
38.339544
-2.309611
24.173929
95.771872
153.358174
165.060204
122.101438
60.973732
-9.854341
-73.291658
-68.518461
-5.389092
48.501832
53.429003
24.173929
-12.933822
-54.814769
-102.238783
-163.366489
-202.629877
-156.437656
-79.912543
-42.496844
-8.622548
-19.246759
-106.858005
-172.604933
-178.609922
-153.358174
-114.864657
-71.289995
0.000000
28.485203
-2.771533
21.710344
43.728636
-6.774859
-32.180581
3.387430
24.635851
40.187232
107.165953
135.189234
79.296646
45.268377
46.962092
33.258399
16.013303
29.563022
55.892588
32.796477
31.256736
115.942475
136.882949
72.829735
71.597943
76.833061
8.776522
-14.473563
37.107751
52.659132
48.347858
99.467250
122.563360
43.266714
-2.155637
56.200536
66.978721
25.405722
62.051551
107.935824
74.523450
70.674098
152.588304
194.469251
153.820097
120.715671
90.844702
47.116066
59.895914
110.399409
131.185908
103.932498
82.530102
75.601269
-9.392418
-55.892588
25.097774
48.501832
20.632525
62.205525
81.298309
62.667447
88.073168
113.170942
89.766883
22.326240
-12.933822
33.874296
62.513473
73.907554
152.742278
157.669448
47.885936
10.778185
11.394081
-34.490192
8.622548
118.560034
136.728975
105.010316
101.622887
73.137684
-11.086133
-82.838050
-84.223817
-73.291658
-92.384442
-58.202199
8.468574
40.649155
56.662458
0.461922
-95.002002
-102.084809
-70.520124
-73.137684
-72.521787
20.786500
181.689404
196.624888
113.016968
154.282019
193.083485
81.914206
-31.718659
-21.556370
59.741939
142.118067
226.803806
258.830413
102.392757
-283.158316
-857.481600
-1550.056970
-2165.029409
-2460.659625
-2371.816586
-2020.909679
-1569.149755
-1207.464663
-1117.081883
-1380.069596
-1942.074955
-2555.353678
-2811.566532
-2305.453762
-930.927232
972.654205
2816.801651
4150.986974
4815.539063
4876.050873
4536.076125
3966.064115
3319.219044
2768.607766
2364.117883
2059.403197
1767.006436
1461.829828
1227.635266
1005.758630
727.219536
502.417393
305.022634
77.448958
-99.159302
-201.398085
-200.474240
-84.993687
115.326579
453.299664
881.347581
1268.284421
1557.139778
1693.252856
1699.411819
1596.249192
1322.175346
959.104487
498.106119
-193.083485
-954.639239
-1561.297078
-1892.187356
-1868.937271
-1581.159733
-1170.972808
-815.600653
-695.962800
-804.976442
-1100.452684
-1468.912635
-1712.345641
-1775.167062
-1653.989468
-1425.953869
-1166.353586
-839.312660
-533.828103
-337.819111
-245.434669
-291.010994
-386.166969
-428.047917
-507.652511
-646.383149
-830.228190
-1162.196286
-1650.140116
-2227.080960
-2864.071690
-3420.533982
-3760.662704
-3844.424599
-3636.559603
-3314.599821
-3125.673637
-3047.300835
-2997.105287
-2948.141533
-2911.957626
-2940.134881
-2982.631725
-3042.373664
-3159.855880
-3226.372679
-3167.708558
-2921.965941
-2395.374619
-1652.449727
-867.797863
-138.422690
545.376159
1133.095187
1599.944569
1991.962554
2257.259877
2383.364641
2432.944292
2450.189388
2464.970899
2450.497336
2394.604749
2313.460413
2179.810920
2043.543867
1972.253872
1955.008777
2013.672897
2157.022757
2332.245250
2520.555538
2723.801312
2926.739137
3097.188433
3189.264928
3223.139223
3266.097989
3286.114618
3271.949004
3287.654359
3327.225695
3386.967635
3429.772426
3394.666338
3341.237336
3271.949004
3154.774736
3029.593816
2893.018816
2806.639362
2728.266560
2575.832230
2429.556863
2257.721800
2021.063653
1761.617344
1504.634620
1346.041327
1189.141749
949.712068
758.630247
541.064885
281.772550
60.511810
-192.159640
-384.165307
-524.127737
-718.596988
-885.966803
-1126.012380
-1421.488621
-1612.570443
-1852.308071
-2080.035722
-2149.785976
-2253.872448
-2367.351338
-2434.484033
-2575.216334
-2682.690235
-2741.046408
-2812.490377
-2789.086318
-2759.831244
-2781.541588
-2799.556555
-2942.598466
-3173.405598
-3387.891479
-3667.046469
-3918.178179
-4015.643766
-3962.368737
-3729.713916
-3365.411265
-2904.566871
-2373.510301
-1914.359622
-1591.168047
-1366.211930
-1204.693130
-1022.233856
-784.035968
-558.617929
-378.468266
-204.477566
36.953777
334.585656
638.992394
1004.372864
1358.051304
1497.705786
1383.303052
1096.295384
768.484587
498.722015
304.714686
247.128384
282.850368
299.941490
334.739630
396.021310
517.044930
730.299018
967.573061
1290.610661
1788.254858
2264.496659
2765.066363
3442.244326
4134.357774
4710.066825
5000.000000
4872.817418
4243.217442
3087.334093
1703.877067
475.625905
-454.685431
-985.588027
-1274.751332
-1674.929942
-2264.958581
-3056.385305
-3908.169864
-4280.941090
-3831.182829
-2671.912050
-1187.602008
60.973732
797.277738
1096.295384
989.437379
460.536446
-363.840729
-1311.089213
-1949.003788
-1996.427802
-1834.601053
-1926.215625
-2626.489699
-3976.534352
-4960.736612
-4589.505127
-3517.537647
-2581.375296
-1490.007083
-25.867644
1278.754658
1748.067625
1366.365904
919.225202
843.623934
767.868691
542.758599
452.837742
553.690758
635.604964
571.089828
414.960121
326.117082
448.988390
760.939858
1095.063591
1331.721738
1463.831491
1541.280448
1586.702799
1542.050319
1389.615989
1167.123456
892.433714
657.161334
560.619592
583.715702
726.911588
989.129431
1272.595695
1431.496936
1241.800881
605.733994
-217.719336
-897.822807
-1340.190312
-1570.843470
-1588.396514
-1334.647245
-823.607305
-240.353524
259.138361
625.904598
835.155360
935.238506
988.667508
1007.760293
1021.617960
1056.724048
1119.699443
1210.082222
1287.223232
1298.309365
1294.767961
1326.640594
1343.115819
1372.216919
1436.886028
1467.372894
1510.485634
1480.152742
1241.954855
1005.604656
820.373849
596.033628
455.609275
321.959782
138.422690
0.153974
-214.331907
-416.961784
-437.440335
-471.468605
-540.756937
-532.904259
-558.771903
-622.209220
-691.497552
-817.140394
-912.142395
-976.811505
-1081.359899
-1116.312013
-1054.260463
-976.811505
-873.956826
-778.030980
-744.464632
-743.848736
-762.787547
-774.489576
-759.092169
-756.320636
-758.168324
-766.174976
-808.055923
-843.315986
-848.397130
-848.551104
-847.011363
-853.632248
-842.084193
-755.704739
-629.599975
-487.789856
-300.711360
-93.308287
102.700705
271.764235
423.428695
594.801835
728.605303
767.714717
762.787547
735.688110
682.567056
628.676131
572.013673
526.129400
494.102793
445.293013
408.185262
383.857358
323.807471
248.206202
190.311951
110.091461
-1.693715
-88.535091
-132.417701
-158.901241
-179.841715
-178.455948
-134.419364
-69.442306
-22.480214
14.011640
58.202199
75.447295
33.104425
-25.713670
-33.566347
8.006652
45.422351
61.897576
68.056539
36.491855
-89.766883
-268.838728
-390.940166
-444.061220
-483.170634
-524.127737
-572.937517
-664.860038
-789.117113
-885.966803
-921.380839
-943.245158
-990.515197
-1009.146060
-988.513534
-993.286731
-1047.177655
-1120.315339
-1187.755982
-1268.438395
-1365.134111
-1405.167370
-1344.347612
-1217.626952
-1071.967481
-918.609306
-736.919903
-556.308318
-414.652173
-277.923198
-118.252086
39.263388
181.689404
315.646845
453.299664
573.245465
639.300342
667.015675
711.360207
773.103809
831.921904
911.526499
979.429064
992.824808
973.885998
924.460321
848.705078
742.001047
591.106458
460.998368
348.135374
225.572014
162.288671
198.318603
314.415053
447.140702
545.530133
633.757275
734.610292
839.928556
909.370862
913.836110
905.059588
910.294706
913.374188
900.132418
843.162012
755.088843
682.875004
629.599975
575.863025
492.101130
390.478243
327.194900
296.092138
272.996027
286.853694
357.219844
429.741632
457.149016
474.240138
527.515166
587.257106
604.810150
582.945832
543.374496
508.884304
480.091153
428.817787
370.923536
321.343886
245.742617
143.811782
45.114403
-30.948788
-59.433991
-56.200536
-50.195547
-46.500169
-51.581314
-36.645829
16.167277
62.667447
98.851353
148.277030
194.931174
235.272380
260.986050
250.361839
212.946140
152.896252
61.897576
-29.870970
-90.228805
-108.551720
-68.210513
15.705355
101.006990
138.114741
93.770209
-12.779848
-155.359837
-322.421704
-477.627568
-597.419395
-699.658178
-802.050935
-929.079543
-1107.535491
-1331.413790
-1582.853447
-1830.135805
-2024.143134
-2147.168417
-2210.913682
-2239.244911
-2236.935300
-2188.279494
-2091.429803
-1955.624673
-1788.100884
-1595.479321
-1393.311366
-1209.004404
-1049.333292
-889.816155
-717.211222
-515.043267
-283.928186
-82.222154
51.581314
152.896252
261.601946
400.024636
546.915899
651.156345
723.832107
798.201583
860.407107
909.370862
937.394143
942.629261
958.642565
979.737012
980.352909
968.650879
964.955501
972.808179
982.046623
976.041635
953.099498
918.609306
876.266437
839.620608
810.211560
779.878668
740.769254
696.732670
663.628245
634.065223
606.195917
595.109784
578.018662
544.298340
529.516829
537.215533
542.912574
544.298340
546.761925
544.298340
529.516829
508.576356
485.172297
464.539772
447.756598
420.811135
381.393773
336.125396
277.615250
224.340221
180.611585
124.872971
64.053213
8.622548
-43.574662
-89.304961
-133.803467
-179.225818
-215.255751
-252.055554
-280.232809
-281.926524
-268.530779
-253.595295
-241.739291
-231.423028
-216.949466
-202.783851
-183.999015
-161.980722
-144.581652
-121.485542
-96.233794
-79.450621
-62.975395
-55.122717
-58.048225
-67.440643
-91.152650
-121.331568
-157.053552
-205.709359
-259.446309
-321.497860
-383.087488
-428.663813
-480.091153
-536.291688
-569.396114
-586.487236
-597.419395
-607.581683
-626.212546
-632.833431
-628.368183
-635.604964
-647.153019
-674.252456
-715.517507
-720.906599
-665.475934
-589.258769
-568.934191
-604.810150
-591.260432
-493.948819
-392.325932
-342.284359
-318.110430
-264.681428
-177.686078
-100.699042
-62.205525
-40.341207
5.543067
73.137684
129.184245
165.522126
191.389770
228.189573
280.694731
317.802482
329.504511
332.583993
337.665137
348.905244
351.984726
336.125396
319.034275
321.651834
324.423367
318.726326
319.034275
317.340560
301.019308
279.770887
274.381794
281.156653
284.236135
279.308964
269.454624
249.745943
222.030610
195.393096
163.828411
125.334894
94.694054
70.058202
33.412373
-3.233455
-30.178918
-56.200536
-72.059865
-72.367813
-78.680750
-91.152650
-82.684076
-56.662458
-30.640840
-6.312937
20.940474
48.809780
87.919194
135.497182
167.985711
186.462600
208.326918
232.962769
250.977735
267.914883
279.616913
281.464601
277.153327
272.996027
263.141687
239.429680
204.631540
161.364826
122.717334
85.609583
45.884273
10.008315
-24.789825
-67.286669
-115.326579
-161.826748
-207.095125
-246.820435
-274.843716
-288.393435
-298.401749
-309.179934
-313.645182
-319.342223
-327.810797
-329.196563
-315.184923
-286.083823
-257.290672
-234.810458
-208.018970
-183.691066
-160.902904
-130.877960
-100.853016
-69.134358
-29.716996
6.928833
35.568010
62.205525
89.766883
121.947464
153.204200
173.836726
192.467588
214.947803
232.808795
244.202876
246.204539
246.512487
248.360176
236.966095
226.649832
220.336895
200.474240
181.689404
171.989037
156.283682
141.964093
127.490531
103.008653
74.831398
47.885936
31.718659
30.486866
36.337881
46.192221
48.809780
38.955440
30.178918
32.796477
38.955440
37.877621
37.415699
43.728636
50.041573
56.816432
66.362825
72.983710
70.366150
61.281680
55.276691
56.508484
58.972069
60.357836
59.895914
61.435654
60.665784
48.193884
30.024944
12.163952
-2.925507
-12.163952
-28.023281
-59.433991
-80.990361
-91.922520
-107.319927
-113.940812
-118.714009
-146.583315
-190.157977
-229.729314
-251.439658
-249.899917
-247.898254
-259.292335
-282.080498
-312.875312
-320.727989
-306.562375
-304.714686
-301.481231
-292.550734
-293.936501
-284.082161
-257.752594
-240.045576
-219.259077
-184.306963
-146.121393
-122.871308
-119.175931
-101.468913
-59.280017
-28.023281
-18.322914
-6.928833
19.092785
60.203862
95.155976
113.632864
125.026945
137.344871
150.124719
156.437656
158.131371
162.288671
172.758907
185.230807
194.469251
193.083485
162.288671
119.021957
121.331568
179.225818
217.565362
188.772211
138.576664
138.884612
183.229144
207.249099
202.937825
200.320266
209.096788
222.954454
214.177932
176.916207
145.813445
140.116404
157.053552
169.371478
152.896252
139.038586
145.505497
132.417701
99.621224
69.442306
53.582977
54.506821
40.803129
6.928833
-18.784837
-35.106088
-49.271703
-70.058202
-107.011979
-131.493856
-143.349860
-162.288671
-168.755582
-160.748930
-157.977397
-165.984048
-174.606596
-179.995689
-191.851692
-204.785514
-201.552059
-201.860007
-214.793829
-228.959443
-245.896591
-254.981061
-254.057217
-252.209528
-246.512487
-250.669787
-273.150002
-302.559049
-326.579004
-325.501186
-303.020971
-287.623564
-281.926524
-286.083823
-295.168294
-282.696394
-260.370154
-267.760909
-293.166631
-285.775875
-220.028947
-143.349860
-116.866320
-128.106427
-112.247098
-59.280017
-30.486866
-36.953777
-29.409048
25.405722
122.255412
189.696055
174.298648
167.677763
227.265728
276.537431
286.391772
286.545746
304.406738
359.375481
388.014658
360.915222
339.820774
321.805808
310.411727
353.986389
407.723339
421.888954
409.725002
389.554399
392.325932
401.410402
382.317618
380.008007
420.965109
456.379146
434.822776
360.607274
294.090475
258.830413
224.340221
207.249099
225.572014
264.681428
289.933175
242.201213
135.035260
61.897576
41.265051
36.337881
37.569673
28.177255
16.321252
6.620885
-44.190558
-117.482216
-161.826748
-186.154652
-196.932837
-197.856681
-201.398085
-188.310289
-162.596619
-162.596619
-187.540418
-213.869984
-232.038925
-230.499184
-198.318603
-155.667786
-127.028608
-126.874634
-159.209189
-196.008992
-201.090136
-169.217504
-132.417701
-107.165953
-93.000339
-108.705694
-142.887938
-147.661134
-127.028608
-112.555046
-100.853016
-102.238783
-102.238783
-84.993687
-94.848028
-116.250423
-80.066517
-31.410710
-28.485203
-46.962092
-48.193884
16.321252
89.766883
60.511810
17.860992
79.604595
157.977397
173.990700
157.361500
165.060204
212.638192
219.874973
167.061867
166.445970
228.035599
267.760909
263.449635
227.265728
195.239122
197.548733
194.007329
156.437656
123.179257
116.866320
135.035260
157.977397
159.055215
138.730638
102.238783
18.322914
-104.548394
-184.614911
-179.533767
-116.404397
-63.437317
-83.761894
-158.131371
-245.896591
-344.593970
-422.658824
-434.668802
-397.868999
-355.218181
-337.665137
-361.223170
-407.261417
-442.983402
-465.617590
-480.245127
-489.945493
-488.251778
-454.531457
-392.171958
-343.208204
-330.428356
-350.598959
-394.327595
-423.274721
-420.041265
-396.175284
-348.289348
-295.938164
-287.315616
-326.425030
-387.398762
-451.144027
-487.481908
-477.781542
-430.665476
-358.143689
-276.229483
-211.406399
-173.836726
-152.588304
-132.417701
-89.920857
-13.549718
75.447295
159.825085
231.115080
267.914883
260.986050
236.658147
229.113417
255.750932
303.328919
347.211530
394.789517
446.216857
461.614264
409.878976
349.983063
369.691744
453.299664
523.357867
577.094817
620.207557
618.821790
586.949158
568.626243
589.412743
643.149694
684.260770
714.901611
747.698088
711.360207
627.290364
590.028639
565.392788
529.208881
523.511841
545.068211
581.868013
564.776892
429.587657
260.216180
135.035260
43.112740
11.856003
45.114403
77.141009
47.577988
-78.834724
-265.297324
-412.650510
-483.940504
-497.644197
-462.846057
-423.428695
-430.357528
-478.859360
-546.761925
-612.508854
-651.464293
-662.858375
-642.379823
-582.483910
-503.341237
-431.127398
-381.701721
-365.072522
-374.464940
-374.464940
-327.040926
-222.184584
-84.993687
44.498506
130.723986
149.970745
113.170942
73.907554
88.997013
168.293659
265.143350
334.585656
358.913559
330.736304
269.146676
217.719336
201.244110
202.783851
195.547070
180.611585
171.835063
149.354849
98.081483
39.109414
-7.698704
-48.193884
-82.222154
-82.838050
-39.109414
6.620885
11.702029
-29.563022
-91.152650
-121.793490
-100.083146
-28.947125
80.682413
163.828411
168.755582
128.414375
102.238783
122.871308
187.078496
276.845379
367.074185
411.572691
386.166969
327.810797
273.303976
241.585317
250.207865
294.398423
352.754596
378.006344
309.949804
151.972408
-25.559696
-159.825085
-214.177932
-193.083485
-138.884612
-115.788501
-202.629877
-400.794506
-599.113109
-722.754288
-768.792535
-739.383488
-676.716041
-641.609953
-666.399778
-753.703076
-849.628922
-896.898962
-894.435377
-840.390478
-741.539125
-638.684446
-546.607951
-478.859360
-451.759924
-432.975087
-403.873988
-343.208204
-207.403073
-25.559696
133.033597
229.267391
250.669787
242.047239
245.280695
272.842053
371.231485
514.119422
609.121424
629.753949
572.475595
480.399101
430.973424
414.652173
419.271395
457.149016
467.773227
421.273058
343.516152
234.194562
142.579990
102.084809
85.763557
116.558372
178.455948
179.071844
111.939149
32.950451
-36.491855
-57.586302
-10.162289
72.059865
166.599945
225.572014
218.335232
202.629877
202.013981
201.860007
241.431343
322.883626
400.640532
440.519816
404.335910
340.744619
320.574015
299.479568
273.303976
296.708034
317.802482
263.911557
125.488868
-58.356173
-170.603270
-182.767222
-173.528778
-172.912881
-236.350199
-404.797832
-589.720691
-710.282388
-750.777569
-723.986081
-716.133403
-753.241154
-790.040957
-852.708404
-920.610969
-916.761617
-854.248145
-785.113787
-732.762603
-693.499215
-623.902935
-530.132726
-465.771564
-402.334247
-322.113756
-251.593632
-155.821760
-4.003326
163.058541
281.464601
308.410064
298.555723
335.201552
412.188587
523.357867
656.391464
739.075540
741.077203
679.487574
607.427709
605.272072
651.618267
685.954485
703.815477
677.485911
594.955809
512.887630
457.302990
438.210205
443.445324
440.057894
445.293013
441.443661
377.698396
300.865334
266.683091
263.911557
293.782527
345.055893
398.638869
435.438672
423.120746
387.090814
388.014658
430.203554
484.402427
531.364518
560.003695
540.756937
468.543097
403.258091
373.233148
366.612262
377.698396
368.459951
296.400086
136.421027
-80.682413
-213.254088
-206.787177
-175.068518
-203.553722
-321.959782
-525.205555
-742.155021
-894.743325
-938.010039
-895.667170
-883.503218
-953.407446
-1043.944200
-1125.704431
-1194.838789
-1212.853755
-1166.969482
-1079.974132
-1008.838112
-980.044960
-927.385828
-825.916916
-738.305669
-677.485911
-610.045268
-516.121085
-384.011332
-229.575340
-73.137684
40.803129
68.672436
65.900902
115.480553
219.567025
345.209867
449.450313
481.322945
441.597635
374.772888
332.737967
356.757922
412.342562
441.751609
431.897268
375.542759
284.852031
209.250762
175.222493
174.144674
184.922859
192.159640
212.022295
225.572014
183.537092
107.319927
66.054876
88.997013
156.591630
255.596957
367.844055
421.427032
382.779540
333.199889
361.993040
475.933853
601.884643
665.937856
667.939519
638.992394
589.104795
550.457303
539.679118
541.834755
564.776892
572.167647
479.937179
285.159979
76.987035
-35.106088
-20.170603
12.779848
-42.804792
-190.773874
-408.801158
-641.763927
-780.494565
-788.809165
-749.083854
-764.019339
-859.021341
-968.650879
-1056.724048
-1129.553783
-1140.331968
-1051.642903
-934.930558
-871.647215
-857.635574
-823.607305
-745.080528
-660.702738
-572.321621
-448.064546
-302.713023
-163.828411
-37.107751
68.210513
135.343208
164.752256
217.257414
341.052567
477.781542
562.775229
604.656176
609.429372
566.624580
513.041604
510.270071
574.015336
636.836757
621.901272
549.071536
465.925538
373.695070
291.472916
271.918209
312.413390
356.142026
359.529455
308.564038
218.643180
136.882949
101.160964
134.419364
228.035599
317.340560
366.920211
378.930188
350.137037
320.727989
364.302651
488.713701
596.495550
617.282050
594.647861
581.714039
574.939180
538.293351
474.856034
482.246790
575.863025
584.023650
428.355865
214.485881
45.422351
-15.089459
11.702029
18.938811
-32.334555
-196.470914
-486.096141
-711.822129
-777.877006
-776.183291
-762.479598
-803.898623
-922.920580
-1048.101500
-1175.284082
-1254.272780
-1202.845441
-1098.912943
-1028.854741
-995.134419
-993.748653
-975.579712
-918.917254
-837.464971
-713.053922
-574.785206
-452.991716
-326.425030
-225.879962
-175.684415
-132.879623
-65.438980
56.816432
208.788840
316.570689
388.322606
422.042928
387.090814
355.834078
389.092477
466.849383
551.997044
576.632895
528.439011
462.230160
395.097466
340.282696
336.587319
376.466603
421.581006
438.980076
413.728328
343.054230
252.517476
212.330244
254.365165
344.132048
425.122409
440.057894
404.489884
373.387122
356.911896
395.097466
509.962122
595.571706
587.257106
532.442337
472.546423
455.609275
454.069535
411.418717
428.355865
520.432359
501.647523
316.570689
80.836387
-75.755243
-68.518461
8.006652
22.480214
-31.256736
-207.403073
-496.412404
-703.199581
-732.146706
-648.230838
-578.018662
-637.760601
-776.029317
-904.135744
-1013.457334
-1040.248822
-944.630924
-818.372186
-752.471284
-766.636898
-797.585687
-765.559080
-679.641548
-564.007021
-433.590983
-322.113756
-226.649832
-130.416038
-53.736951
-11.086133
13.549718
63.283343
176.608259
308.871986
399.408740
437.286361
416.807810
355.218181
309.949804
339.512826
439.903920
523.819789
512.425708
421.273058
312.105441
243.433006
229.113417
257.290672
313.183260
341.976411
311.489545
249.745943
189.080159
159.363163
183.383118
232.654821
286.853694
340.744619
362.300989
351.830752
352.446648
382.163644
435.900594
515.043267
576.478921
572.629569
533.366181
497.798171
479.321282
480.091153
452.837742
431.897268
494.102793
493.948819
300.403412
50.041573
-122.409386
-144.581652
-53.275028
-47.116066
-152.742278
-332.276045
-640.840083
-886.890648
-886.120777
-778.800850
-710.282388
-784.805839
-1001.139408
-1169.279093
-1254.580729
-1271.055954
-1124.934561
-937.394143
-890.586025
-958.796539
-1047.023681
-1030.702430
-863.332615
-664.860038
-500.261756
-378.622240
-333.661811
-299.941490
-222.030610
-119.637853
-4.465248
98.543405
199.858344
305.330582
366.766237
390.786192
407.261417
402.026299
396.021310
429.433683
503.495211
568.318295
548.301666
450.066209
359.529455
324.731315
330.428356
362.762911
406.183599
420.965109
380.623903
307.178271
250.515813
242.971084
290.395097
356.603948
410.648847
446.370831
437.748283
420.041265
469.928864
549.687433
621.901272
701.043944
720.136729
671.172974
641.609953
641.148031
667.939519
684.414745
626.982416
615.588335
675.946171
580.944169
340.282696
151.972408
64.515136
110.861331
163.982385
64.361162
-99.467250
-349.675115
-662.704401
-767.868691
-684.414745
-616.358205
-651.156345
-853.786222
-1087.056940
-1207.618637
-1257.044314
-1187.140086
-1008.992086
-917.685462
-964.339605
-1073.815170
-1135.404798
-1035.321652
-823.607305
-611.431035
-458.688757
-415.422043
-408.493210
-343.208204
-235.118406
-84.377791
61.589628
169.063530
274.227820
329.658486
352.446648
407.569365
445.139039
466.695408
506.574693
553.228836
606.965787
613.278724
540.602962
473.008345
450.990053
444.369168
445.446987
436.824439
406.337573
367.536107
325.193237
300.711360
308.102116
315.184923
305.946479
288.701383
281.002679
301.635205
341.976411
391.094140
424.968435
440.211868
473.624242
507.806485
509.808148
499.337911
513.195578
549.533459
536.291688
447.756598
387.860684
440.519816
493.024975
381.547747
172.450959
16.321252
-40.803129
-13.241770
-15.859329
-104.856342
-263.603609
-527.361192
-750.007699
-767.714717
-687.032304
-666.245804
-786.345579
-1002.525175
-1157.885012
-1212.545807
-1201.305700
-1101.068580
-986.049949
-981.892649
-1068.580051
-1144.181320
-1111.230869
-933.544791
-722.292366
-586.179287
-527.207218
-511.193915
-457.610938
-335.817448
-195.393096
-50.811443
61.589628
116.404397
161.364826
225.725988
309.333908
390.786192
424.814461
424.044591
440.827765
477.627568
510.270071
518.584670
488.405752
452.529794
437.440335
422.966772
415.729991
408.801158
379.084162
358.913559
364.764574
372.925199
381.239799
375.388785
343.054230
328.118745
352.138700
412.496536
497.952145
550.303329
560.003695
573.553414
592.338250
625.904598
651.926216
647.768916
683.490900
721.984418
676.100145
590.182613
525.359529
560.927540
627.906261
512.425708
295.630216
146.583315
62.821421
67.286669
61.127706
-49.579651
-200.012318
-438.672128
-676.716041
-721.060573
-675.638223
-685.338589
-799.125427
-1002.833123
-1144.027346
-1183.136760
-1182.828812
-1106.765621
-1012.379515
-1015.305023
-1085.209251
-1138.638253
-1083.053614
-898.746651
-714.747636
-602.654513
-545.992055
-517.044930
-433.898931
-298.093801
-160.902904
-7.236781
94.078157
123.641179
171.219167
232.654821
324.731315
440.827765
480.399101
465.001694
462.384135
464.693746
488.559727
507.652511
487.481908
470.852708
450.220183
400.332584
372.155329
365.226496
339.820774
326.271056
334.585656
338.742956
333.969759
312.105441
284.544083
278.077172
308.102116
378.160318
454.839405
506.112771
526.899270
531.672466
563.083177
618.975764
644.073538
664.398115
711.668155
714.439688
651.156345
571.089828
549.071536
646.845071
670.865026
472.238475
258.984387
125.796816
76.525113
131.031934
93.924183
-58.048225
-255.135035
-551.843070
-731.068888
-685.800511
-630.215872
-668.247467
-857.327626
-1109.229206
-1230.098851
-1255.966495
-1226.403474
-1111.384843
-1043.020355
-1103.532165
-1205.770948
-1251.347273
-1142.025683
-910.756629
-727.219536
-647.306994
-631.755612
-610.815139
-492.563052
-321.651834
-154.897915
11.856003
99.313276
113.940812
147.815108
218.797155
342.284359
473.162319
526.129400
527.669141
517.506852
497.028300
495.180612
507.498537
519.508515
526.283374
485.788193
413.882302
370.307640
339.820774
309.949804
304.098790
315.184923
309.025960
262.217843
207.711021
184.614911
193.391433
242.047239
306.562375
348.751270
380.777877
388.630555
380.777877
426.354202
499.337911
535.983740
568.318295
602.654513
595.571706
543.528470
471.160657
489.483571
627.752287
622.979090
409.263080
219.413051
108.551720
116.404397
190.773874
123.949127
-15.859329
-213.408062
-512.579682
-646.999045
-588.796847
-540.295014
-576.940843
-787.115450
-1026.237182
-1113.848428
-1145.567087
-1107.689465
-985.742001
-947.402457
-1016.690789
-1116.158039
-1160.040649
-1035.629600
-813.598990
-653.158008
-575.709051
-565.546762
-540.756937
-423.428695
-277.769224
-109.783512
63.283343
134.881286
149.354849
174.144674
239.737628
384.165307
505.342900
546.300003
552.612940
530.594648
518.276722
530.594648
548.763588
591.106458
604.348228
547.223848
477.011671
427.278046
407.415391
407.877313
412.650510
427.432020
401.256428
328.426693
285.929849
263.603609
290.703046
388.168632
438.364179
440.981739
438.056231
421.734980
471.930527
548.147692
583.407754
604.810150
587.411080
580.174299
586.333261
545.838081
519.970437
549.841407
593.108121
518.122748
311.181597
153.666123
83.607920
100.391094
136.575001
33.258399
-142.426015
-360.915222
-603.424383
-680.873341
-626.366520
-606.349891
-702.583685
-924.922243
-1115.542143
-1177.131771
-1178.055615
-1127.244172
-1034.243833
-1011.301697
-1092.446032
-1172.204601
-1161.734364
-1016.228867
-798.971453
-654.697749
-600.036954
-576.478921
-521.048255
-406.183599
-264.989376
-91.460598
67.440643
132.263727
144.427678
174.760570
259.138361
378.622240
469.312968
509.962122
515.967111
505.650848
488.559727
481.938841
501.955471
532.750285
535.367844
476.241801
397.407077
361.377144
341.668463
329.658486
351.214855
361.685092
315.646845
245.280695
192.929511
174.452622
237.581991
333.353863
375.388785
378.160318
341.360515
334.277708
407.261417
473.778216
529.978752
541.834755
508.114434
516.429033
495.180612
443.599298
444.523142
501.493548
545.376159
404.181936
175.684415
59.280017
20.786500
71.136021
73.137684
-83.607920
-274.997690
-523.357867
-713.053922
-692.729344
-628.060235
-650.848397
-822.529486
-1078.896314
-1200.227882
-1194.684815
-1170.202938
-1097.835125
-1028.854741
-1067.964155
-1158.500908
-1194.838789
-1117.543806
-922.766606
-726.449666
-618.359868
-577.864688
-549.071536
-449.912235
-292.088812
-122.871308
51.119391
166.599945
214.331907
239.429680
299.941490
434.514828
564.776892
640.840083
659.470945
639.762264
648.692760
668.863363
685.338589
719.982755
735.996058
707.972777
628.984079
557.540110
547.993718
542.142703
527.207218
541.988729
534.905922
470.390786
410.186925
371.693407
372.463277
442.521479
494.102793
512.579682
512.425708
460.690420
482.708712
556.616266
587.565054
626.520494
608.505528
580.020325
600.960798
545.684107
485.634219
507.960459
566.470606
553.998707
350.598959
140.732301
61.281680
48.039910
80.066517
24.481877
-153.974071
-369.999692
-617.282050
-745.696425
-701.043944
-663.012349
-742.770917
-968.188957
-1211.314015
-1293.382194
-1271.363902
-1245.496258
-1188.063930
-1160.810520
-1240.569088
-1332.645582
-1339.728390
-1219.474640
-1008.838112
-846.703415
-784.805839
-768.176639
-713.515844
-575.709051
-422.812798
-280.694731
-116.712346
19.246759
71.751917
80.374465
148.277030
288.701383
409.878976
480.707049
511.039941
520.586333
520.586333
490.407415
496.874326
579.096480
638.222523
600.036954
491.485234
408.955132
396.945154
402.180273
417.731654
479.629230
489.175623
375.080836
276.383457
264.219505
311.951467
427.585995
505.034952
501.955471
469.928864
420.657161
461.614264
588.488898
673.020663
708.434700
676.254119
621.439350
639.300342
658.393127
658.393127
681.643211
703.507529
648.692760
466.079512
297.631879
242.663136
248.206202
269.454624
182.305300
-36.029933
-259.600283
-457.302990
-560.927540
-551.843070
-552.151018
-654.081853
-893.203585
-1128.629939
-1195.146737
-1172.512549
-1153.419764
-1137.252487
-1151.880023
-1216.087211
-1300.618976
-1304.468328
-1178.055615
-1002.679149
-854.864041
-791.272750
-788.963139
-720.136729
-561.697410
-388.630555
-234.040588
-120.715671
-42.958766
23.250085
89.150987
209.404736
353.216518
437.286361
471.776553
457.149016
455.147353
525.359529
569.396114
561.851384
554.152681
541.680781
513.041604
455.609275
419.887291
434.514828
413.728328
352.600622
334.277708
361.377144
354.602285
303.328919
263.295661
256.058880
310.873649
406.491547
459.150679
484.864349
485.788193
473.778216
525.975426
632.063560
725.987744
742.616943
718.289040
731.376836
734.918240
711.206233
703.661503
759.554091
806.362209
650.232501
414.806147
304.868660
281.002679
323.807471
280.848705
68.980384
-140.270378
-365.688418
-562.005358
-588.026976
-570.935854
-645.459305
-869.799526
-1157.115142
-1270.286084
-1244.572414
-1229.790903
-1223.631940
-1235.487944
-1293.536169
-1380.531518
-1409.016722
-1295.691805
-1097.835125
-933.082869
-877.498229
-893.357559
-845.317649
-688.264096
-491.947156
-327.502849
-207.864996
-109.629538
-29.563022
45.576325
148.123056
279.924861
408.955132
471.314631
466.541434
492.255104
561.389462
606.349891
601.268746
585.409417
618.975764
638.838420
570.627906
501.493548
487.943830
480.399101
458.688757
452.375820
484.864349
478.705386
380.623903
285.159979
279.770887
359.837403
462.230160
500.107782
478.397438
437.902257
400.178610
449.912235
576.632895
662.396452
669.479260
613.894620
554.922551
561.851384
587.873002
607.273735
673.482586
673.482586
473.624242
251.747606
172.143011
215.101777
312.105441
252.055554
27.407385
-188.772211
-414.806147
-539.525144
-488.405752
-464.231823
-542.142703
-771.410095
-1068.426077
-1161.734364
-1107.843439
-1071.505558
-1058.417762
-1094.447695
-1170.048964
-1253.348936
-1279.062606
-1157.731038
-966.033320
-837.618945
-807.440027
-817.756290
-771.564069
-625.904598
-434.668802
-283.004342
-177.224155
-93.154313
-44.036584
12.471900
119.945801
271.302313
410.186925
445.908909
416.037939
432.513165
489.021649
546.453977
581.098143
580.790195
580.328273
559.079851
485.788193
434.052905
455.763249
474.086164
434.514828
392.633880
387.552736
389.708373
353.216518
281.156653
271.918209
336.433345
388.476581
428.971761
438.826102
418.963447
419.887291
445.908909
529.054907
642.841745
674.714378
618.205894
556.308318
565.238814
625.596650
650.386475
648.846734
653.311982
574.631232
361.993040
197.240785
195.701044
266.683091
287.469590
122.409386
-149.508823
-352.600622
-499.491886
-542.142703
-496.104456
-528.285037
-693.961137
-982.354571
-1216.703107
-1219.166692
-1116.927909
-1073.969144
-1108.767284
-1195.608660
-1299.079235
-1351.584393
-1275.059280
-1081.821821
-893.665507
-829.458319
-856.249808
-853.324300
-748.160010
-526.745296
-316.570689
-185.538755
-101.930835
-92.384442
-39.879284
107.627875
262.217843
429.895606
507.652511
461.614264
432.667139
456.225172
556.000370
668.247467
667.323623
608.813476
553.844733
505.804822
478.089490
479.783205
514.273396
507.344563
415.576017
322.267730
304.560712
350.906907
374.156992
322.421704
279.770887
300.403412
314.415053
339.204878
398.022973
428.509839
453.145690
484.864349
526.437348
603.578357
621.439350
588.488898
601.730669
649.924553
711.822129
717.057248
663.628245
646.537123
601.114772
459.766575
336.433345
309.333908
325.347212
291.472916
137.652819
-75.601269
-241.893265
-380.315955
-460.998368
-463.923875
-526.591322
-683.182952
-909.370862
-1128.783913
-1153.419764
-1076.586703
-1078.896314
-1136.482616
-1230.252825
-1305.546146
-1323.407138
-1268.130447
-1110.153050
-962.799865
-910.602655
-917.839436
-914.452006
-791.734672
-572.321621
-380.315955
-265.759246
-221.414714
-168.447633
-70.982047
41.726973
198.010655
357.835740
413.574354
383.241462
374.310966
432.359191
538.139377
620.515505
614.664490
560.927540
524.897607
509.192252
508.730330
512.733656
511.963785
482.400764
403.566039
344.901919
356.142026
393.403751
401.872325
358.143689
304.406738
292.550734
323.961445
381.393773
422.504850
438.056231
457.918886
475.933853
505.958797
575.247128
623.287038
585.409417
546.761925
584.947495
647.922890
675.176300
629.446001
574.169310
537.985403
402.642195
274.689742
266.375142
282.542420
274.689742
118.098112
-146.275367
-297.631879
-376.620577
-422.504850
-426.354202
-506.266745
-679.333600
-917.531488
-1101.838450
-1079.512210
-974.039972
-972.808179
-1077.510547
-1205.770948
-1276.291073
-1238.875373
-1122.009054
-986.203923
-883.657192
-869.337604
-894.435377
-849.628922
-698.580359
-471.314631
-296.862008
-234.810458
-198.626551
-165.984048
-86.841376
69.134358
230.345210
355.680103
384.165307
335.663474
321.805808
376.158655
487.481908
579.712376
580.790195
518.738644
452.529794
416.345887
411.726665
441.905583
469.774890
433.283035
358.605611
282.542420
252.979398
298.709697
359.529455
376.004681
323.345549
266.529116
274.997690
322.267730
397.868999
477.627568
509.500200
496.412404
484.710375
531.210544
610.507191
640.532134
629.599975
630.369846
640.378160
654.543775
639.762264
590.182613
581.406091
539.833092
378.160318
262.987713
236.658147
224.956117
182.305300
-5.389092
-197.394759
-297.169957
-428.971761
-486.558064
-505.804822
-626.212546
-761.555754
-944.938872
-1087.364888
-1038.401133
-990.207249
-1036.861393
-1111.692791
-1177.901641
-1170.664860
-1115.850091
-1053.028670
-944.630924
-844.701752
-809.595664
-777.569057
-695.962800
-556.616266
-398.946817
-288.239460
-218.951129
-150.432667
-60.357836
45.422351
128.876297
218.335232
304.406738
328.888615
348.905244
389.400425
429.895606
475.163982
475.625905
449.758261
450.528131
457.764912
450.220183
413.728328
373.849044
358.605611
353.678441
339.204878
307.178271
297.169957
318.110430
315.954793
301.173282
306.562375
313.491208
334.739630
365.534444
387.552736
442.983402
497.182275
505.958797
526.745296
562.775229
593.262095
615.742309
607.119761
613.586672
641.455979
644.381486
608.505528
559.079851
545.684107
461.614264
293.320605
210.020633
179.995689
171.219167
125.642842
-77.910880
-272.688079
-397.561051
-510.270071
-516.275059
-534.136051
-652.388138
-805.438364
-1005.758630
-1109.075232
-1036.861393
-982.046623
-1012.225541
-1077.048625
-1149.570412
-1163.120131
-1099.220891
-985.588027
-848.243156
-758.322299
-740.153358
-727.527484
-659.162997
-496.258430
-296.400086
-180.611585
-140.116404
-105.318264
-45.576325
66.978721
188.464263
289.779201
365.226496
357.989715
332.583993
367.690081
433.129061
511.501863
532.904259
465.925538
424.814461
421.734980
404.489884
399.100791
403.412065
399.100791
363.840729
306.100453
277.769224
288.085486
331.044252
360.607274
344.593970
328.426693
311.797493
320.420041
368.459951
425.276383
498.722015
523.819789
491.485234
495.796508
532.904259
584.947495
622.209220
611.892957
592.492224
569.858036
564.776892
549.225510
517.198904
523.049918
434.514828
237.428017
117.636190
96.079820
130.416038
107.781850
-83.145998
-295.784190
-443.599298
-542.296677
-540.141040
-534.905922
-623.441013
-770.486250
-968.496905
-1097.373202
-1028.084871
-925.538139
-931.081206
-997.905953
-1077.202599
-1099.066917
-1047.947526
-942.475287
-787.731346
-684.106796
-670.557078
-676.100145
-645.305331
-501.031626
-293.782527
-159.979060
-115.326579
-118.560034
-78.218828
32.796477
140.116404
247.282358
325.963108
310.719675
269.608598
289.933175
369.383796
459.612601
483.016660
418.193576
360.761248
370.307640
390.478243
382.933514
372.617251
372.463277
357.065870
310.411727
280.540757
299.787516
334.123734
350.444985
347.365504
339.974748
341.514489
349.675115
377.698396
420.041265
469.620916
519.046593
520.894281
513.965448
538.139377
551.073199
557.232162
560.773566
564.468943
568.472269
545.068211
511.655837
448.526468
405.875651
417.115758
307.178271
145.505497
90.228805
51.273366
32.796477
-36.799803
-216.487543
-347.365504
-464.231823
-553.382810
-535.983740
-571.551751
-665.014012
-783.266098
-953.561420
-991.900964
-900.902288
-869.645552
-905.675484
-956.178979
-982.662520
-975.425738
-923.382502
-800.511194
-683.798848
-644.073538
-636.528809
-622.671142
-544.144366
-369.999692
-218.643180
-156.591630
-137.806793
-131.339882
-69.288332
33.720321
133.341545
252.979398
271.148339
199.858344
207.249099
258.060543
345.671789
435.130724
415.729991
359.683429
313.183260
311.643519
368.767899
383.703384
396.637206
397.868999
325.501186
291.626890
313.491208
356.757922
412.188587
411.880639
387.244788
375.850707
378.160318
420.349213
459.150679
475.625905
506.882641
523.511841
504.573030
510.885967
547.531796
565.238814
557.694084
526.745296
508.884304
495.950482
461.306316
454.839405
420.657161
360.145352
339.820774
214.639855
45.268377
1.231793
-9.546392
-0.615896
-55.892588
-251.747606
-417.577680
-539.987066
-595.263758
-521.356204
-511.193915
-618.667816
-767.406769
-946.016691
-991.900964
-858.713393
-751.393465
-766.021002
-851.322637
-932.005050
-934.468635
-848.243156
-701.351892
-562.313306
-533.366181
-569.858036
-572.783543
-515.043267
-353.678441
-174.144674
-94.078157
-91.152650
-131.031934
-104.086472
14.627537
124.257075
241.431343
277.615250
202.783851
172.758907
194.623225
278.693068
403.104117
422.042928
361.069196
282.542420
246.358513
311.335571
367.228159
395.097466
411.264743
346.287685
274.535768
269.608598
325.655160
406.799495
428.201891
396.175284
350.906907
333.507837
380.161981
432.051243
456.841068
464.385797
447.448650
436.054568
445.600961
481.014997
521.510178
500.569704
449.142364
423.428695
414.652173
417.885628
422.966772
381.393773
298.401749
259.754257
236.812121
131.801805
24.943799
-15.397407
-34.182244
-61.897576
-155.205863
-291.318942
-395.867336
-466.079512
-486.096141
-487.789856
-536.291688
-616.204231
-731.068888
-827.918579
-805.746312
-711.514181
-689.033967
-767.252795
-830.998060
-833.615619
-800.049272
-717.519170
-624.980753
-571.705725
-559.387799
-567.394451
-545.530133
-453.145690
-294.706371
-181.073507
-168.447633
-177.378130
-159.209189
-81.914206
25.559696
125.180920
215.101777
206.325255
150.278693
159.363163
211.868321
334.893604
429.279709
394.481569
335.663474
294.706371
315.492871
386.474918
420.811135
451.913898
435.900594
360.299326
334.431682
344.593970
391.402088
446.986727
425.276383
368.767899
329.966434
334.123734
374.926862
386.320944
385.551073
384.935177
335.047578
315.338897
341.976411
357.681766
393.403751
388.938503
329.504511
294.244449
272.534105
288.547409
316.724664
297.785853
272.226157
225.264066
169.987374
101.314939
8.160626
-4.773196
24.789825
24.789825
-41.265051
-208.942814
-317.340560
-348.751270
-370.153666
-334.123734
-347.827426
-449.912235
-571.089828
-687.340252
-695.038955
-604.810150
-560.465618
-611.585009
-711.206233
-766.482924
-751.393465
-697.656515
-625.596650
-556.000370
-545.222185
-587.719028
-590.490561
-523.819789
-401.102454
-284.236135
-251.285683
-249.899917
-247.436332
-215.101777
-116.250423
-22.326240
82.068180
162.442645
124.103101
75.293321
111.015305
223.570351
353.216518
402.180273
378.160318
327.348874
310.411727
366.304314
447.294676
509.192252
515.813137
459.612601
384.473255
352.292674
411.572691
498.414067
512.271733
458.688757
384.627229
326.886952
321.959782
368.305977
407.877313
396.637206
343.670126
285.313953
254.981061
264.373480
315.184923
334.893604
286.545746
230.499184
186.154652
170.141348
198.934499
234.040588
238.659810
179.841715
112.093124
63.591291
-3.079481
-14.627537
26.791488
34.028270
-12.009978
-134.727312
-252.363502
-293.166631
-291.164968
-252.825424
-256.212854
-347.673452
-461.460290
-560.619592
-597.573369
-536.599637
-462.076186
-492.101130
-609.891294
-697.502541
-709.512518
-654.235827
-569.088166
-518.584670
-524.281711
-572.629569
-596.033628
-542.450651
-440.365842
-319.804145
-260.986050
-274.073846
-275.767561
-245.126721
-152.280356
-39.725310
21.402396
85.455609
105.318264
79.758569
129.030271
207.095125
290.703046
369.075848
364.456626
338.435008
338.742956
355.526129
422.504850
478.859360
481.476919
455.147353
398.484895
358.759585
371.847381
418.039602
449.758261
416.345887
351.830752
305.638530
284.390109
302.866997
327.810797
312.259416
274.073846
239.121732
222.800480
221.106766
242.509161
273.303976
254.673113
198.934499
171.373141
178.917870
212.484218
234.810458
239.583654
223.878299
157.977397
127.182582
139.192560
97.003665
60.665784
58.818095
40.803129
17.553044
-43.112740
-135.035260
-202.937825
-242.355187
-245.126721
-252.363502
-316.724664
-387.090814
-470.698734
-556.770240
-549.071536
-501.185600
-527.515166
-608.197580
-680.565393
-695.192930
-675.176300
-639.300342
-568.164321
-541.834755
-579.866351
-596.649524
-565.392788
-478.089490
-358.297663
-272.380131
-260.062206
-268.222831
-210.328581
-142.118067
-63.283343
45.422351
105.318264
137.652819
136.267053
145.351523
242.817110
316.262741
367.690081
402.334247
359.529455
347.673452
371.385459
401.718351
451.451975
451.144027
414.190250
354.602285
311.951467
330.890278
338.281033
338.588982
317.340560
255.135035
223.724325
214.023958
218.797155
216.179595
185.076833
173.990700
171.835063
171.219167
173.374804
180.457611
216.179595
214.947803
199.858344
223.262403
232.962769
252.363502
264.681428
259.446309
297.631879
301.327256
254.827087
249.130047
225.264066
159.517137
138.422690
143.657808
145.197549
128.568349
13.241770
-130.262064
-183.845040
-187.540418
-169.063530
-193.699381
-306.870323
-419.579343
-525.513504
-594.493887
-546.915899
-498.106119
-552.612940
-661.626582
-753.395128
-764.943184
-711.822129
-638.222523
-585.717365
-598.805161
-636.682783
-632.833431
-572.167647
-460.536446
-338.127059
-266.837065
-263.295661
-261.601946
-191.543744
-97.773535
-5.851015
96.849691
164.906230
178.455948
172.296985
199.088474
283.774212
365.072522
408.185262
423.890617
378.622240
328.426693
348.135374
396.483232
435.746620
438.518154
379.392110
291.472916
224.340221
231.115080
282.696394
289.163305
243.740954
171.527115
107.319927
90.074831
118.560034
163.674437
163.212515
109.937487
81.760232
79.604595
96.695716
168.909556
238.197887
229.267391
188.926185
189.850029
222.338558
269.454624
324.577341
348.905244
348.289348
313.337234
275.151664
311.797493
321.959782
280.694731
261.909894
204.477566
154.897915
157.669448
101.468913
9.546392
-58.972069
-111.631201
-143.349860
-202.475903
-279.154990
-343.516152
-437.132387
-517.506852
-527.823115
-526.283374
-564.468943
-635.450990
-704.431374
-725.679796
-697.810489
-652.234164
-621.747298
-629.907924
-623.902935
-590.336587
-555.384473
-474.856034
-381.855696
-322.575678
-294.090475
-275.613587
-194.931174
-94.232131
-20.786500
52.197210
73.907554
104.240446
158.285345
176.608259
253.287346
320.420041
326.425030
341.822437
309.025960
297.169957
337.819111
343.054230
356.142026
339.974748
280.848705
262.371817
247.282358
233.116743
231.423028
209.404736
183.537092
154.589967
139.808456
149.508823
147.045238
140.424353
135.959104
122.563360
126.720660
155.205863
179.379792
200.012318
220.798817
227.727651
236.042250
262.679765
297.323931
329.658486
335.047578
322.729652
333.045915
363.532781
366.612262
345.209867
341.206541
319.496197
262.525791
209.558710
173.066856
174.144674
171.373141
98.235457
-4.003326
-107.473901
-180.765559
-188.926185
-204.015644
-260.986050
-341.822437
-446.832753
-543.682444
-571.705725
-530.286700
-520.278385
-586.949158
-661.318634
-696.424722
-690.419733
-647.153019
-579.866351
-541.064885
-550.303329
-555.538447
-541.834755
-484.248453
-372.925199
-278.539094
-227.573677
-226.495858
-211.714347
-123.641179
-64.053213
0.769870
101.468913
123.025283
117.328242
128.260401
148.738952
216.487543
272.072183
294.552397
277.307301
222.800480
227.111754
248.976072
247.282358
279.001016
279.924861
228.497521
177.994026
162.596619
187.386444
192.467588
182.151326
163.982385
120.561697
105.472238
134.881286
159.055215
161.826748
164.752256
160.287008
136.575001
150.894589
212.792166
253.287346
258.368491
270.224494
276.383457
255.750932
286.083823
345.671789
350.598959
356.142026
362.454963
350.291011
339.204878
311.335571
331.198226
344.439996
277.923198
230.807132
174.914544
124.565023
144.735627
120.715671
25.251748
-81.914206
-153.050226
-179.071844
-221.876636
-248.822098
-271.918209
-374.156992
-478.705386
-505.342900
-494.102793
-488.251778
-519.046593
-573.707388
-618.975764
-626.982416
-588.796847
-545.992055
-539.833092
-538.601300
-517.198904
-518.430696
-498.106119
-399.408740
-321.189912
-303.482893
-286.699720
-252.209528
-190.157977
-130.723986
-89.766883
-38.647492
-2.617559
34.028270
86.379454
92.384442
99.621224
159.517137
199.396422
210.328581
214.331907
218.643180
221.106766
199.858344
220.028947
274.073846
269.146676
235.272380
203.707696
181.535429
201.552059
227.419703
237.120069
213.869984
169.679426
174.298648
184.152989
190.619900
224.956117
221.568688
193.699381
174.914544
175.068518
235.272380
281.002679
274.535768
278.231146
253.749269
242.047239
301.019308
330.582330
338.588982
350.291011
317.956456
312.105441
321.189912
304.868660
333.661811
316.724664
226.033936
189.696055
173.374804
166.291996
172.604933
112.247098
21.864318
-62.359499
-129.800142
-127.644505
-132.417701
-186.616574
-243.740954
-340.282696
-431.743294
-438.518154
-413.266406
-424.044591
-493.024975
-573.399440
-597.573369
-597.573369
-582.021987
-535.367844
-535.983740
-568.472269
-578.480584
-574.015336
-517.044930
-434.360854
-386.012995
-369.999692
-377.698396
-334.585656
-245.588643
-194.931174
-143.811782
-99.159302
-73.599606
-42.188895
-24.327903
36.183907
111.631201
137.036923
159.363163
158.439319
164.598282
207.249099
228.959443
256.674776
273.150002
263.757583
266.837065
256.828750
253.749269
276.383457
284.852031
272.226157
239.737628
227.881625
250.823761
251.285683
238.505836
246.666461
237.274043
209.866658
209.404736
221.568688
232.962769
244.048902
252.209528
260.678102
253.441320
252.517476
275.767561
276.229483
281.464601
317.494534
319.958119
296.092138
296.708034
322.421704
316.570689
286.853694
294.398423
282.388446
211.560373
155.667786
155.205863
176.916207
157.053552
92.076494
-7.852678
-111.631201
-139.654482
-117.174268
-133.957442
-198.626551
-288.239460
-383.241462
-460.228498
-468.697071
-422.350876
-443.907246
-540.910911
-618.205894
-645.459305
-632.679457
-593.416069
-561.081514
-571.551751
-609.121424
-620.207557
-585.101469
-513.041604
-426.816124
-375.388785
-382.625566
-395.251440
-328.118745
-219.720999
-151.664460
-109.475564
-82.684076
-64.361162
-15.705355
53.736951
116.558372
162.134697
175.530441
175.530441
186.924522
228.959443
292.242786
311.489545
281.464601
263.295661
274.381794
291.780864
300.403412
296.246112
278.847042
251.131709
243.433006
237.120069
223.724325
227.573677
222.492532
198.934499
177.840052
184.152989
205.709359
197.086811
184.922859
181.227481
179.687741
208.172944
234.502510
254.673113
257.752594
240.661473
258.368491
281.772550
298.093801
332.583993
329.658486
302.866997
295.476242
309.487882
330.274382
316.108767
293.628553
266.529116
213.562036
170.757244
150.586641
149.662797
129.800142
64.207188
-21.864318
-105.934161
-145.043575
-152.126382
-179.533767
-237.428017
-329.812460
-410.032950
-460.690420
-486.404090
-466.541434
-485.480245
-561.543436
-624.364857
-653.773904
-636.528809
-600.190928
-576.324947
-575.093154
-597.111446
-603.116435
-570.165984
-505.034952
-430.357528
-379.700059
-360.299326
-356.296000
-315.184923
-227.111754
-141.348197
-83.607920
-57.278354
-32.796477
0.153974
55.584640
126.874634
159.517137
185.230807
211.868321
215.871647
243.279032
271.764235
282.850368
293.628553
287.161642
300.557386
311.797493
284.698057
275.151664
277.923198
269.608598
268.222831
256.520802
233.424691
210.482555
196.624888
206.479229
210.328581
206.941151
202.321929
173.374804
149.354849
171.681089
208.172944
214.485881
192.929511
180.919533
188.002340
196.932837
226.957780
252.055554
237.428017
218.643180
219.874973
231.884951
241.893265
251.747606
260.986050
242.817110
205.863333
196.932837
206.017307
184.306963
137.960767
105.780187
87.149324
70.212176
55.276691
1.693715
-76.987035
-125.950790
-146.121393
-151.818434
-181.535429
-245.742617
-302.866997
-364.764574
-410.648847
-400.948480
-398.022973
-437.440335
-495.180612
-541.218859
-547.377822
-525.513504
-498.568041
-492.101130
-513.195578
-527.669141
-514.273396
-462.230160
-404.643858
-371.231485
-343.824100
-340.744619
-331.198226
-260.524128
-178.917870
-111.323253
-77.756906
-87.919194
-64.669110
-9.700366
57.124380
151.202537
190.157977
171.989037
159.979060
175.838389
248.514150
323.807471
347.519478
334.123734
281.310627
261.140024
308.410064
347.673452
366.920211
351.214855
300.711360
256.982724
228.343547
260.524128
303.790842
272.842053
223.878299
174.298648
135.189234
148.738952
170.141348
168.909556
138.114741
82.530102
62.513473
68.210513
80.374465
111.631201
105.934161
67.594617
51.427340
61.743602
93.770209
124.565023
133.495519
125.796816
111.323253
117.328242
146.275367
175.222493
183.999015
172.912881
167.369815
163.366489
151.202537
133.033597
125.026945
141.502171
140.886275
95.925846
35.414036
-21.402396
-48.193884
-44.344532
-50.195547
-89.920857
-168.293659
-248.052228
-305.022634
-329.812460
-314.876975
-321.651834
-388.938503
-469.158994
-515.813137
-521.664152
-506.112771
-492.101130
-497.952145
-524.435685
-544.298340
-533.520155
-490.253441
-433.129061
-385.551073
-373.695070
-376.774551
-339.974748
-264.681428
-176.300311
-108.705694
-78.372802
-56.046562
-16.629200
60.511810
134.265390
168.293659
228.651495
266.067194
254.211191
296.092138
354.910233
382.933514
389.092477
371.693407
376.158655
372.309303
366.150340
395.559388
363.840729
310.565701
302.559049
262.679765
210.020633
197.086811
197.548733
156.129708
73.137684
47.885936
48.193884
-1.847689
-26.175592
-21.248422
-55.584640
-88.073168
-84.839713
-75.755243
-82.068180
-70.058202
-33.412373
-37.723647
-52.197210
-9.238444
42.650818
61.127706
75.755243
116.558372
154.743941
172.296985
209.558710
250.207865
259.292335
285.467927
318.264404
318.418378
320.574015
336.587319
317.340560
276.075509
271.302313
289.163305
279.462938
214.947803
119.483879
65.285006
47.116066
22.788162
-7.390755
-86.379454
-189.388107
-258.676439
-316.724664
-337.049241
-340.898593
-403.720014
-498.260093
-575.093154
-595.109784
-569.858036
-556.616266
-560.619592
-590.644535
-631.601638
-626.982416
-575.555077
-506.266745
-447.448650
-416.653835
-407.569365
-389.554399
-324.885289
-221.722662
-132.109753
-82.530102
-53.582977
-21.094448
27.407385
106.242109
198.626551
258.214517
268.376805
268.222831
293.782527
325.501186
373.079173
417.577680
404.489884
365.688418
336.587319
331.198226
342.284359
326.271056
295.938164
251.439658
179.379792
136.728975
124.718997
105.626213
67.594617
15.397407
-32.026607
-80.682413
-104.240446
-91.768546
-99.005328
-128.568349
-152.588304
-158.131371
-145.967419
-129.184245
-103.008653
-75.293321
-63.437317
-50.349521
-15.089459
34.028270
78.680750
123.949127
160.748930
186.308626
228.651495
280.540757
329.504511
357.065870
367.998029
395.867336
425.892280
444.215194
459.920549
464.231823
436.516491
376.774551
347.057556
363.224833
359.991377
321.189912
237.120069
129.954116
61.897576
32.334555
24.635851
-21.710344
-130.570012
-227.727651
-307.332245
-369.229822
-375.234810
-383.549410
-456.071198
-558.002032
-619.129739
-619.129739
-602.038617
-592.338250
-594.493887
-619.283713
-647.460968
-624.518831
-554.614603
-493.640871
-442.367505
-405.259754
-391.402088
-357.065870
-272.226157
-164.906230
-93.154313
-50.195547
-8.622548
20.016629
72.059865
151.202537
223.262403
274.227820
278.847042
279.770887
295.168294
307.486219
348.905244
372.309303
347.519478
321.189912
289.779201
265.759246
254.981061
237.428017
214.639855
167.985711
113.170942
67.440643
32.488529
15.243433
-2.309611
-36.183907
-88.381117
-134.419364
-141.964093
-135.189234
-131.801805
-131.339882
-140.732301
-149.970745
-141.810119
-107.935824
-65.438980
-29.563022
-9.238444
10.162289
44.344532
86.071506
146.275367
201.090136
223.878299
257.444646
296.708034
329.504511
376.466603
414.190250
444.523142
452.991716
441.443661
457.918886
475.471931
484.864349
488.405752
456.533120
391.402088
318.418378
300.557386
323.037600
297.631879
232.808795
124.565023
0.923844
-56.046562
-61.743602
-65.746928
-129.338219
-248.668124
-351.214855
-428.663813
-458.072861
-433.129061
-444.523142
-530.132726
-623.133064
-657.777230
-644.997382
-612.508854
-576.786869
-573.553414
-608.967450
-628.214209
-578.788532
-497.490223
-435.284698
-373.387122
-346.133711
-343.362178
-288.855357
-197.856681
-98.697379
-35.721984
-7.852678
38.493518
59.280017
95.771872
196.162966
254.519139
269.146676
269.608598
261.909894
274.689742
291.780864
324.423367
342.900256
297.785853
258.830413
239.275706
207.557047
196.932837
193.853355
161.518800
94.694054
33.412373
15.397407
0.000000
-25.713670
-41.265051
-75.447295
-125.950790
-150.894589
-144.735627
-136.267053
-134.419364
-123.025283
-119.637853
-137.036923
-120.561697
-69.442306
-39.109414
-10.008315
26.021618
54.506821
80.682413
109.937487
173.528778
224.956117
240.199550
288.701383
327.348874
339.666800
380.931851
412.034613
434.976750
458.534783
469.005020
478.089490
451.451975
434.822776
459.150679
451.144027
427.739969
404.335910
341.514489
260.986050
213.100114
216.641518
209.250762
146.121393
55.738614
-53.582977
-138.114741
-153.666123
-148.584978
-186.462600
-281.618575
-377.698396
-444.677116
-485.788193
-469.466942
-446.370831
-489.021649
-571.243803
-623.594987
-612.816802
-568.934191
-523.973763
-495.642534
-512.579682
-540.756937
-513.965448
-441.751609
-363.532781
-298.555723
-262.063868
-256.674776
-242.355187
-175.838389
-74.831398
-7.544729
16.783174
37.569673
52.043236
67.440643
122.409386
188.464263
210.944477
201.552059
183.999015
172.758907
175.992363
198.010655
222.030610
199.088474
138.576664
108.551720
103.316601
88.535091
82.376128
71.289995
27.561359
-24.173929
-45.730299
-45.114403
-48.039910
-56.354510
-67.902565
-95.002002
-116.404397
-98.389431
-69.134358
-61.281680
-58.510147
-37.723647
-22.634188
-15.551381
23.250085
69.596280
90.074831
110.707357
137.960767
166.599945
201.398085
241.123395
278.385120
292.396760
293.012657
321.805808
348.597296
362.916885
390.324269
396.945154
383.241462
379.084162
384.165307
394.481569
383.703384
353.678441
336.587319
310.103779
300.095464
301.943153
263.911557
208.018970
143.041912
105.164290
119.021957
109.013642
66.824747
-4.311274
-100.083146
-137.344871
-127.952453
-125.796816
-148.431004
-227.419703
-308.564038
-345.055893
-351.522804
-323.961445
-320.881963
-378.468266
-451.759924
-486.866012
-467.465279
-430.203554
-409.417054
-420.965109
-462.076186
-487.327934
-462.230160
-406.645521
-357.527792
-334.277708
-337.357189
-352.446648
-340.590645
-275.613587
-191.851692
-152.126382
-152.434330
-147.045238
-134.727312
-94.232131
-25.251748
21.710344
43.112740
43.420688
37.107751
57.278354
94.386105
137.344871
165.368152
149.200875
129.954116
136.575001
147.661134
163.366489
177.378130
173.682752
151.202537
124.411049
114.402735
124.257075
136.267053
135.651156
108.705694
74.061528
59.126043
68.210513
84.531765
87.457272
74.215502
53.275028
36.645829
40.649155
67.286669
91.768546
98.697379
84.377791
69.288332
78.218828
111.477227
151.048563
174.298648
172.143011
164.136359
172.296985
197.702707
237.735965
271.456287
283.004342
279.616913
266.837065
280.386783
315.184923
335.509500
344.286022
326.271056
298.247775
294.398423
299.479568
312.567364
308.871986
264.989376
215.717673
167.369815
148.584978
170.757244
157.053552
101.006990
16.783174
-68.980384
-94.694054
-92.846365
-103.624550
-146.737289
-240.969421
-327.656823
-368.613925
-374.926862
-359.221507
-381.393773
-455.763249
-529.054907
-563.699073
-545.376159
-506.574693
-497.798171
-520.124411
-552.458966
-567.702399
-536.291688
-474.856034
-419.425369
-394.173621
-395.867336
-391.556062
-345.363841
-269.300650
-199.550396
-151.972408
-131.647831
-114.402735
-72.829735
-15.551381
37.107751
89.150987
129.492194
141.964093
150.278693
171.527115
199.858344
227.573677
246.666461
262.833739
257.752594
230.961106
228.343547
233.578665
229.421365
230.345210
216.025621
178.301974
142.426015
135.035260
145.813445
129.954116
103.162627
80.836387
40.341207
15.859329
27.869307
39.879284
27.715333
2.925507
-8.622548
-19.092785
-24.173929
3.387430
29.870970
20.632525
18.630863
39.571336
53.582977
69.596280
105.626213
135.497182
142.579990
161.210852
197.394759
217.565362
221.722662
252.363502
294.244449
300.095464
307.948142
333.661811
332.891941
327.656823
343.362178
353.062544
340.436670
329.504511
326.732978
303.636868
278.231146
268.838728
238.505836
177.840052
126.104764
119.021957
110.091461
52.351184
-5.697041
-75.755243
-154.589967
-179.687741
-184.614911
-219.105103
-282.542420
-356.449974
-412.188587
-449.912235
-455.455301
-438.056231
-475.625905
-549.071536
-576.478921
-569.396114
-552.612940
-525.975426
-512.425708
-521.818126
-535.059896
-512.887630
-452.067872
-398.484895
-355.372155
-315.492871
-308.102116
-285.775875
-209.096788
-138.576664
-89.150987
-49.271703
-18.938811
12.933822
36.029933
81.606258
143.503834
165.060204
180.611585
197.702707
191.235796
201.706033
226.803806
238.505836
233.270717
219.720999
210.020633
191.851692
177.378130
183.229144
176.146337
142.272041
114.094786
99.929172
85.455609
74.985372
73.291658
61.897576
37.415699
21.556370
18.476888
14.473563
16.013303
32.950451
33.104425
18.630863
25.867644
40.649155
51.735288
67.132695
86.841376
101.006990
101.314939
114.402735
142.733964
160.440982
180.149663
201.398085
205.401410
206.941151
222.954454
246.050565
258.522465
265.759246
268.838728
259.600283
254.519139
264.835402
275.305639
273.150002
258.060543
236.350199
224.648169
216.949466
210.174607
203.399747
177.994026
148.892926
133.033597
105.010316
77.602932
52.043236
15.705355
0.153974
-16.937148
-55.738614
-93.308287
-142.426015
-181.381455
-193.699381
-210.636529
-231.884951
-275.767561
-334.893604
-365.534444
-372.771225
-375.388785
-380.161981
-411.264743
-453.607612
-473.008345
-467.619253
-450.682105
-436.670465
-434.976750
-444.215194
-451.759924
-435.900594
-391.248114
-350.906907
-328.272719
-308.564038
-294.706371
-266.837065
-216.641518
-163.058541
-115.326579
-86.995350
-62.667447
-28.793151
5.543067
52.197210
101.468913
128.722323
152.126382
170.295322
181.381455
207.557047
239.583654
260.986050
268.376805
261.755920
256.058880
257.598620
262.525791
274.381794
272.996027
248.052228
223.108429
204.477566
192.005666
188.464263
184.768885
165.984048
131.647831
99.159302
81.606258
73.907554
71.905891
66.362825
45.114403
19.708681
1.385767
-2.309611
8.314600
14.165615
12.009978
3.541404
-7.544729
0.769870
19.092785
37.415699
56.200536
60.665784
61.743602
75.447295
91.306624
117.174268
146.429341
157.823423
162.442645
169.833400
182.613248
200.474240
216.025621
230.037262
238.505836
227.419703
218.335232
222.800480
218.489206
214.177932
212.946140
199.550396
177.840052
151.972408
130.416038
107.473901
74.985372
54.352847
40.187232
2.463585
-40.957103
-79.604595
-122.563360
-156.745604
-176.300311
-195.393096
-234.810458
-291.780864
-333.661811
-356.757922
-374.156992
-377.852370
-386.628892
-426.200228
-470.852708
-482.092816
-464.693746
-444.523142
-434.206880
-429.895606
-441.289687
-447.910572
-412.342562
-356.911896
-315.338897
-289.317279
-269.300650
-251.285683
-217.719336
-156.129708
-88.997013
-47.116066
-23.558033
6.158963
40.803129
76.833061
135.497182
190.311951
206.479229
212.638192
230.345210
252.363502
277.153327
302.405075
319.034275
309.333908
286.699720
284.390109
286.391772
280.232809
280.232809
266.221168
225.418040
190.157977
176.916207
162.442645
138.730638
119.791827
92.538417
54.198873
24.019955
11.240107
-1.231793
-24.481877
-44.190558
-56.662458
-75.755243
-86.995350
-76.525113
-74.985372
-86.841376
-84.223817
-73.445632
-69.750254
-53.890925
-29.255073
-10.778185
-0.307948
15.397407
42.496844
65.746928
86.841376
119.175931
135.959104
143.503834
165.830074
194.315277
212.638192
217.257414
228.343547
236.504173
236.350199
245.742617
253.287346
244.510824
233.116743
223.724325
213.254088
195.239122
175.376467
162.750593
144.735627
117.790164
88.843039
57.740277
13.241770
-22.018292
-28.639177
-42.804792
-80.220491
-126.874634
-180.149663
-214.485881
-222.800480
-220.490869
-233.886613
-284.082161
-330.120408
-346.749607
-353.832415
-343.054230
-326.886952
-345.979737
-383.087488
-391.710036
-363.686755
-330.890278
-310.565701
-302.097127
-302.713023
-299.017645
-271.148339
-218.335232
-180.303637
-159.825085
-134.573338
-122.717334
-107.165953
-59.126043
-7.390755
22.172266
32.950451
45.884273
66.054876
84.531765
113.940812
151.510486
159.055215
152.588304
156.437656
157.207526
160.287008
175.530441
185.692729
171.373141
149.354849
142.579990
143.195886
132.879623
124.103101
122.101438
99.005328
73.599606
70.520124
67.902565
56.508484
46.962092
35.568010
15.397407
0.307948
5.543067
10.932159
1.077818
-7.082807
-9.084470
-16.783174
-20.632525
-9.392418
-0.307948
-3.387430
-3.233455
6.928833
10.624211
16.629200
30.024944
41.419025
44.806455
52.351184
68.672436
79.142672
84.377791
98.235457
111.477227
115.942475
123.333231
133.495519
138.268716
145.967419
159.825085
160.748930
155.051889
157.207526
160.133034
156.129708
151.510486
153.666123
154.589967
138.884612
125.026945
113.478890
94.848028
89.612909
88.381117
80.682413
63.129369
36.183907
6.774859
-16.013303
-22.942137
-10.316263
-19.708681
-57.740277
-90.998676
-118.098112
-129.338219
-118.252086
-113.632864
-133.957442
-172.758907
-206.325255
-212.484218
-202.937825
-190.619900
-189.850029
-221.106766
-255.135035
-257.752594
-243.279032
-225.879962
-214.177932
-223.416377
-243.586980
-249.899917
-231.269054
-200.474240
-185.230807
-182.305300
-184.152989
-188.772211
-170.757244
-136.421027
-110.553383
-96.695716
-96.079820
-90.998676
-75.293321
-51.735288
-17.091122
3.541404
7.698704
13.549718
21.556370
40.957103
66.362825
84.223817
96.079820
99.159302
102.084809
115.480553
126.566686
138.576664
149.508823
148.123056
146.121393
146.429341
147.815108
153.204200
156.437656
154.435993
147.969082
136.882949
128.414375
124.257075
117.636190
113.478890
105.010316
86.071506
70.212176
61.435654
54.968743
45.114403
31.718659
17.860992
1.539741
-8.314600
-6.158963
-4.927170
-13.087796
-24.173929
-30.794814
-28.485203
-21.248422
-8.314600
1.385767
-0.307948
3.695378
17.553044
33.258399
50.503495
69.442306
85.455609
93.000339
105.934161
127.182582
142.887938
155.359837
170.603270
182.151326
188.156314
195.085148
204.169618
207.557047
205.401410
205.863333
203.245773
191.697718
180.611585
176.608259
161.518800
135.805130
111.631201
83.453946
52.967080
38.493518
24.481877
-10.932159
-57.740277
-103.162627
-132.725649
-153.358174
-169.525452
-190.311951
-238.505836
-288.547409
-312.413390
-318.110430
-321.497860
-331.814123
-355.218181
-388.784529
-406.029625
-389.092477
-365.534444
-354.448311
-353.062544
-353.832415
-349.059218
-323.961445
-276.537431
-235.272380
-215.563699
-202.321929
-179.379792
-149.970745
-104.856342
-48.655806
-12.317926
-0.461922
12.779848
36.645829
70.828073
111.631201
148.892926
158.747267
147.045238
149.970745
173.682752
195.855018
208.480892
211.714347
193.853355
170.449296
167.831737
181.381455
184.152989
167.677763
141.194223
113.016968
90.998676
91.768546
101.776861
84.223817
51.889262
25.405722
8.622548
0.153974
6.466911
11.240107
-9.084470
-37.877621
-47.577988
-43.728636
-36.645829
-25.405722
-20.786500
-31.872633
-43.266714
-32.796477
-11.702029
2.155637
13.549718
26.175592
26.329566
30.948788
54.968743
78.064854
91.460598
104.856342
116.712346
123.487205
129.646168
146.737289
169.833400
176.300311
175.838389
179.687741
176.762233
177.070181
189.388107
198.318603
189.696055
170.757244
161.518800
155.513811
149.662797
150.278693
142.426015
114.710683
87.303298
78.680750
73.753580
59.587965
43.266714
22.326240
-5.081144
-24.943799
-30.486866
-36.645829
-64.361162
-90.536754
-99.775198
-115.788501
-129.338219
-134.419364
-154.743941
-182.921196
-195.085148
-191.081822
-192.775537
-213.562036
-228.035599
-237.274043
-250.977735
-245.588643
-230.653158
-239.429680
-261.601946
-266.067194
-257.290672
-249.130047
-237.120069
-224.494195
-228.805469
-240.199550
-224.802143
-193.853355
-178.148000
-167.523789
-153.666123
-147.969082
-138.884612
-105.472238
-71.905891
-58.664121
-49.579651
-29.563022
-12.779848
2.925507
34.182244
62.205525
68.980384
75.447295
97.157639
118.714009
129.954116
147.507160
163.366489
159.363163
160.287008
176.146337
186.154652
188.002340
191.235796
192.159640
181.843378
171.681089
175.530441
174.914544
162.750593
154.897915
145.813445
128.722323
116.250423
112.093124
99.467250
82.530102
69.904228
57.124380
43.420688
30.332892
22.634188
12.779848
-0.153974
-5.081144
-8.622548
-17.245096
-19.246759
-18.938811
-19.400733
-17.245096
-12.009978
-5.389092
-0.923844
7.236781
17.553044
26.175592
38.185570
51.581314
64.515136
77.910880
90.536754
100.853016
107.319927
119.791827
136.421027
145.351523
147.969082
148.892926
147.969082
149.200875
154.128045
155.051889
145.505497
131.493856
119.021957
104.394420
93.770209
81.760232
67.594617
43.420688
12.009978
-11.548055
-31.718659
-50.965417
-68.980384
-93.770209
-129.184245
-159.825085
-179.225818
-195.855018
-208.788840
-225.110091
-251.747606
-278.847042
-295.630216
-299.325594
-298.401749
-300.403412
-308.718012
-320.112093
-327.964771
-320.420041
-301.173282
-283.774212
-274.381794
-269.300650
-260.986050
-247.590306
-217.257414
-179.225818
-152.896252
-138.114741
-123.179257
-100.699042
-68.210513
-30.486866
3.695378
25.097774
37.723647
56.970406
83.915869
114.864657
143.195886
161.980722
166.138022
166.907893
180.611585
201.244110
215.717673
222.030610
221.722662
212.176270
203.553722
205.555384
210.944477
207.864996
196.470914
179.687741
161.056878
147.815108
146.275367
142.887938
127.028608
105.472238
86.379454
72.983710
65.746928
63.745265
54.352847
36.645829
18.322914
9.238444
7.082807
5.081144
3.695378
-1.077818
-12.009978
-17.091122
-14.011640
-11.548055
-9.084470
-4.619222
-2.155637
-2.617559
-1.539741
2.309611
11.240107
19.862655
28.639177
33.412373
33.104425
33.104425
39.109414
45.422351
53.736951
60.357836
56.970406
51.581314
51.427340
56.662458
62.513473
63.437317
56.816432
47.577988
39.725310
38.493518
39.263388
34.798140
24.943799
11.240107
-1.231793
-6.466911
-9.084470
-15.243433
-29.101099
-43.728636
-54.352847
-63.283343
-68.518461
-75.909217
-88.535091
-99.929172
-108.551720
-115.018631
-120.099775
-125.026945
-133.957442
-145.351523
-149.200875
-148.738952
-150.586641
-152.896252
-156.129708
-160.594956
-160.133034
-155.513811
-151.510486
-148.584978
-146.275367
-139.654482
-133.803467
-127.028608
-115.172605
-104.086472
-97.465587
-86.533428
-71.136021
-61.281680
-50.041573
-36.337881
-20.940474
-7.698704
5.851015
21.402396
33.412373
40.957103
57.432328
74.677424
82.684076
93.924183
101.776861
103.316601
110.399409
121.793490
129.492194
132.879623
131.339882
130.877960
127.798479
122.871308
125.950790
123.333231
113.170942
104.548394
98.081483
88.381117
79.604595
73.291658
61.435654
47.731962
36.491855
30.024944
17.399070
6.928833
0.153974
-11.702029
-22.788162
-28.177255
-30.486866
-37.107751
-44.344532
-45.730299
-46.346195
-48.501832
-44.960429
-38.031595
-38.339544
-36.799803
-26.329566
-16.321252
-8.622548
3.541404
13.395744
21.248422
31.102762
45.730299
60.357836
66.978721
76.833061
90.690728
100.237120
106.704031
115.788501
120.561697
122.563360
128.568349
134.419364
134.881286
128.722323
123.179257
118.098112
111.477227
108.705694
102.546731
87.457272
68.826410
54.198873
41.572999
30.178918
20.016629
3.233455
-20.478551
-41.572999
-54.198873
-65.746928
-79.296646
-92.076494
-106.550057
-123.795153
-136.267053
-141.656145
-144.581652
-151.356512
-157.977397
-162.904567
-166.599945
-163.828411
-159.209189
-155.975734
-152.588304
-148.584978
-143.811782
-135.189234
-126.258738
-114.710683
-104.394420
-98.851353
-89.150987
-78.680750
-68.364487
-59.895914
-51.119391
-43.882610
-36.029933
-27.869307
-19.092785
-13.857666
-10.470237
-4.927170
-0.769870
2.617559
4.311274
6.928833
7.390755
7.236781
7.236781
9.238444
9.854341
9.700366
8.622548
5.851015
4.619222
6.312937
7.544729
7.082807
7.544729
9.392418
9.854341
9.546392
11.548055
16.013303
17.399070
20.632525
27.253411
30.640840
33.412373
39.879284
46.808118
51.735288
57.432328
64.361162
68.980384
75.139347
84.069843
90.690728
94.232131
99.005328
107.627875
112.862994
114.710683
121.485542
123.641179
123.179257
125.488868
129.338219
130.262064
125.334894
124.565023
121.639516
113.786838
111.169279
109.475564
102.854679
92.692391
82.992024
74.215502
63.745265
55.738614
50.965417
39.725310
25.097774
13.857666
3.849352
-6.158963
-15.397407
-22.172266
-36.029933
-49.887599
-55.430665
-60.357836
-68.056539
-76.525113
-82.992024
-89.766883
-96.079820
-95.771872
-94.078157
-101.160964
-107.627875
-109.013642
-109.167616
-107.319927
-102.084809
-98.697379
-102.546731
-105.472238
-99.467250
-94.540079
-92.538417
-87.457272
-84.839713
-84.839713
-82.222154
-76.371139
-69.904228
-67.594617
-65.900902
-62.051551
-60.049888
-56.354510
-50.503495
-49.425677
-49.887599
-44.036584
-39.109414
-37.877621
-35.568010
-32.334555
-31.102762
-28.177255
-21.556370
-18.168940
-19.708681
-18.168940
-12.933822
-7.852678
-0.769870
6.620885
10.008315
9.392418
11.240107
19.708681
28.947125
38.647492
44.036584
42.496844
41.726973
49.117729
60.203862
69.442306
72.983710
72.675761
70.674098
71.443969
80.374465
89.304961
90.844702
87.457272
84.069843
82.222154
83.145998
87.303298
90.228805
84.223817
75.755243
71.289995
70.212176
67.286669
65.438980
64.515136
56.354510
48.193884
43.112740
38.801466
35.106088
30.640840
24.943799
17.707018
13.395744
10.316263
6.774859
2.155637
-0.461922
-3.079481
-7.236781
-13.857666
-17.553044
-16.629200
-18.784837
-19.554707
-21.402396
-27.407385
-31.872633
-31.410710
-30.178918
-31.102762
-33.412373
-36.799803
-42.342869
-44.190558
-42.188895
-40.957103
-42.804792
-48.347858
-51.735288
-54.044899
-52.043236
-47.424014
-47.577988
-53.121054
-57.586302
-57.740277
-53.275028
-49.425677
-46.500169
-46.654143
-48.501832
-48.809780
-44.960429
-36.029933
-30.178918
-26.637514
-24.635851
-24.173929
-19.400733
-12.163952
-5.851015
1.231793
5.851015
8.006652
10.470237
13.087796
21.094448
28.639177
32.026607
34.336218
33.720321
31.718659
32.796477
37.569673
40.957103
41.572999
37.415699
30.178918
24.635851
26.021618
29.409048
26.791488
21.710344
13.703692
6.466911
4.927170
4.773196
5.081144
0.461922
-6.312937
-13.087796
-14.627537
-12.471900
-10.778185
-10.316263
-15.089459
-17.399070
-15.859329
-13.241770
-8.622548
-4.927170
-5.081144
-4.003326
-0.153974
3.695378
8.930496
13.549718
14.781511
14.473563
17.399070
22.480214
27.561359
29.563022
28.023281
25.405722
24.327903
27.253411
31.102762
29.409048
24.789825
19.708681
15.397407
13.395744
11.702029
9.238444
2.771533
-3.695378
-8.622548
-11.548055
-15.397407
-19.246759
-25.405722
-30.948788
-33.412373
-34.490192
-37.877621
-42.496844
-44.190558
-44.806455
-42.804792
-41.111077
-40.033258
-41.419025
-41.572999
-39.725310
-34.336218
-28.639177
-24.943799
-22.634188
-20.478551
-15.551381
-8.314600
0.923844
5.235118
6.928833
10.470237
15.243433
23.865981
30.948788
34.182244
37.107751
38.647492
40.957103
45.884273
49.271703
51.273366
50.195547
47.270040
46.500169
46.346195
46.654143
45.422351
40.649155
34.644166
30.486866
25.405722
19.554707
15.397407
10.008315
3.387430
-3.695378
-9.238444
-14.011640
-19.400733
-24.327903
-28.947125
-32.334555
-38.031595
-41.265051
-43.266714
-45.730299
-46.654143
-46.500169
-46.500169
-46.808118
-44.960429
-41.726973
-36.491855
-31.718659
-27.715333
-25.867644
-21.248422
-12.163952
-4.619222
1.539741
8.160626
14.319589
18.168940
24.481877
34.028270
41.572999
43.728636
45.268377
47.731962
49.733625
53.582977
58.202199
57.894251
53.582977
50.503495
49.117729
46.808118
43.266714
39.571336
34.182244
25.713670
19.092785
12.471900
5.543067
-1.231793
-8.006652
-14.627537
-21.248422
-28.177255
-34.952114
-41.726973
-48.039910
-51.273366
-51.273366
-53.582977
-61.127706
-63.745265
-63.745265
-63.129369
-59.280017
-55.738614
-57.740277
-58.356173
-55.738614
-49.887599
-40.495181
-34.798140
-31.872633
-32.026607
-28.947125
-19.554707
-10.162289
-3.387430
-2.463585
-0.615896
4.003326
8.622548
16.167277
21.402396
22.942137
24.789825
26.329566
29.101099
33.258399
35.875958
34.952114
32.488529
31.718659
32.334555
34.644166
33.720321
32.180581
28.947125
24.481877
21.864318
23.096111
24.327903
20.632525
19.246759
17.245096
14.935485
14.627537
14.473563
12.163952
10.008315
9.546392
10.162289
8.930496
7.236781
7.390755
7.236781
7.390755
7.390755
6.928833
4.773196
5.081144
4.619222
6.466911
5.543067
4.773196
3.387430
-0.153974
2.155637
2.309611
2.617559
0.923844
-2.155637
-2.617559
-0.769870
0.769870
2.309611
-1.539741
-4.773196
-2.771533
-2.001663
0.307948
2.617559
0.923844
-2.155637
-2.463585
0.769870
5.081144
3.695378
1.231793
-0.461922
-1.539741
0.307948
3.695378
3.233455
-0.461922
-3.849352
-5.081144
-4.773196
-2.617559
-3.387430
-8.622548
-13.241770
-16.321252
-17.399070
-16.937148
-19.400733
-22.788162
-26.175592
-29.409048
-29.409048
-30.178918
-32.488529
-35.414036
-37.569673
-38.955440
-40.957103
-42.034921
-41.880947
-41.880947
-42.188895
-40.495181
-39.109414
-38.955440
-35.106088
-32.488529
-31.102762
-27.253411
-22.634188
-20.170603
-16.475226
-9.546392
-5.389092
1.693715
7.082807
12.471900
18.014966
22.326240
30.794814
36.183907
41.572999
47.424014
51.427340
54.968743
59.126043
64.823084
66.362825
68.672436
71.443969
71.443969
71.597943
71.597943
69.904228
68.364487
65.592954
61.281680
56.662458
52.197210
47.885936
45.114403
37.877621
29.716996
23.558033
14.627537
7.082807
3.387430
-1.231793
-9.238444
-18.476888
-26.945462
-32.334555
-36.491855
-37.877621
-41.572999
-48.655806
-53.890925
-55.892588
-57.124380
-55.276691
-54.198873
-54.198873
-56.046562
-55.738614
-51.119391
-46.500169
-40.341207
-36.645829
-34.182244
-29.409048
-22.172266
-15.705355
-10.470237
-6.774859
-2.463585
1.539741
6.004989
13.241770
17.245096
18.476888
21.094448
23.250085
25.559696
28.639177
29.870970
29.409048
25.867644
22.942137
22.172266
22.172266
18.784837
14.319589
8.468574
3.387430
-0.769870
-4.003326
-8.314600
-13.087796
-17.707018
-26.791488
-31.102762
-33.258399
-34.952114
-36.953777
-40.341207
-45.422351
-47.116066
-47.116066
-45.730299
-42.188895
-42.034921
-44.498506
-41.726973
-38.647492
-33.104425
-24.481877
-18.322914
-15.397407
-11.856003
-4.773196
2.309611
12.625874
22.634188
29.255073
32.488529
38.339544
45.576325
54.506821
61.127706
64.207188
66.208850
68.672436
70.674098
74.523450
76.679087
76.679087
72.829735
69.442306
68.210513
64.823084
61.435654
57.740277
49.887599
39.725310
32.026607
27.099436
20.170603
11.394081
2.309611
-7.544729
-16.013303
-22.018292
-26.791488
-34.182244
-42.496844
-46.962092
-50.195547
-54.660795
-56.200536
-58.202199
-59.433991
-59.433991
-58.356173
-54.660795
-52.043236
-49.733625
-47.116066
-43.266714
-38.801466
-32.642503
-26.021618
-22.634188
-18.938811
-12.933822
-3.541404
1.693715
5.851015
9.084470
12.625874
15.859329
19.554707
22.326240
24.635851
26.483540
24.943799
24.173929
22.172266
22.480214
20.170603
17.091122
15.243433
12.471900
9.084470
5.543067
2.309611
-1.385767
-4.465248
-6.620885
-8.776522
-13.395744
-16.783174
-19.092785
-19.862655
-19.862655
-20.016629
-19.862655
-22.326240
-21.864318
-19.862655
-18.322914
-16.475226
-14.781511
-14.627537
-12.317926
-9.546392
-5.697041
-1.231793
0.615896
4.311274
4.927170
5.851015
10.162289
14.473563
14.781511
16.013303
17.707018
17.245096
17.860992
20.324577
22.172266
22.480214
21.556370
19.708681
19.708681
20.016629
22.018292
22.634188
20.324577
18.322914
16.629200
14.781511
16.629200
17.707018
16.629200
13.857666
11.086133
10.008315
9.700366
10.008315
9.700366
7.544729
4.619222
2.001663
3.849352
4.311274
2.155637
0.769870
-1.231793
-4.311274
-5.081144
-4.927170
-5.081144
-6.620885
-8.314600
-11.086133
-14.011640
-14.781511
-14.935485
-14.781511
-16.937148
-17.399070
-17.399070
-19.708681
-19.862655
-19.862655
-19.862655
-20.016629
-19.862655
-20.016629
-19.554707
-20.170603
-17.245096
-15.089459
-14.011640
-12.317926
-11.240107
-9.546392
-8.776522
-5.543067
-2.925507
-0.307948
-0.153974
1.385767
3.695378
6.466911
10.162289
9.854341
10.008315
9.854341
10.932159
12.779848
14.473563
15.397407
13.857666
12.317926
12.625874
12.317926
14.473563
15.089459
12.779848
10.008315
7.390755
7.698704
7.390755
5.389092
4.619222
1.847689
-1.539741
-3.695378
-5.389092
-4.773196
-6.466911
-9.700366
-11.702029
-13.241770
-15.243433
-13.395744
-14.319589
-15.089459
-15.397407
-17.860992
-17.091122
-17.707018
-15.705355
-12.933822
-16.167277
-17.091122
-13.857666
-12.625874
-11.086133
-6.466911
-4.773196
-4.927170
-4.773196
-1.539741
2.771533
4.619222
7.544729
10.162289
9.854341
12.625874
17.091122
19.400733
20.324577
19.708681
20.478551
22.326240
24.019955
26.637514
25.559696
22.788162
22.326240
22.788162
21.094448
19.862655
18.168940
14.627537
13.087796
11.394081
9.084470
6.774859
3.695378
0.000000
-2.617559
-4.619222
-6.158963
-10.008315
-12.779848
-14.935485
-14.781511
-15.397407
-17.399070
-17.399070
-17.553044
-17.553044
-17.399070
-17.553044
-14.781511
-12.317926
-12.163952
-9.854341
-8.006652
-6.312937
-4.003326
-0.769870
2.617559
4.157300
6.158963
7.698704
9.854341
12.009978
13.703692
15.089459
15.551381
17.553044
17.399070
17.553044
17.399070
15.397407
14.935485
13.549718
10.778185
10.008315
8.160626
5.697041
3.387430
0.923844
-0.461922
-2.617559
-4.927170
-7.082807
-9.854341
-12.779848
-14.935485
-14.935485
-17.091122
-17.553044
-18.014966
-20.324577
-19.708681
-20.324577
-19.554707
-18.476888
-20.016629
-18.322914
-16.629200
-13.703692
-12.163952
-12.779848
-10.624211
-9.854341
-9.700366
-6.466911
-4.619222
-3.079481
-2.001663
0.153974
-0.153974
0.769870
2.463585
3.541404
5.389092
4.773196
7.390755
7.544729
7.544729
7.544729
7.390755
7.544729
7.698704
9.854341
10.008315
10.008315
10.316263
9.392418
7.236781
8.006652
9.700366
7.698704
7.236781
8.622548
10.470237
9.238444
7.390755
7.698704
7.390755
7.544729
7.390755
7.544729
7.390755
7.698704
6.928833
4.927170
5.081144
5.081144
4.311274
2.309611
2.617559
2.155637
0.307948
-0.153974
0.153974
0.000000
0.307948
-1.385767
-2.771533
-2.309611
-2.463585
-2.463585
-2.925507
-5.081144
-4.927170
-4.927170
-7.082807
-7.698704
-7.390755
-7.698704
-7.390755
-7.698704
-9.854341
-10.162289
-10.008315
-10.008315
-9.854341
-10.316263
-8.930496
-7.236781
-7.852678
-6.928833
-4.927170
-5.235118
-3.233455
-2.309611
-0.461922
0.153974
0.615896
4.311274
5.081144
4.927170
6.620885
8.314600
10.162289
10.008315
10.008315
10.008315
10.008315
11.856003
12.779848
12.317926
10.470237
9.700366
7.698704
7.544729
6.312937
3.695378
0.615896
-1.693715
-4.003326
-5.543067
-7.698704
-10.008315
-13.549718
-17.399070
-17.399070
-19.092785
-20.940474
-22.480214
-24.481877
-25.251748
-24.943799
-25.097774
-25.251748
-23.404059
-22.480214
-21.556370
-19.554707
-17.399070
-12.471900
-9.700366
-6.312937
-2.001663
-0.615896
4.003326
8.622548
12.625874
17.091122
20.170603
23.712007
27.099436
30.640840
33.258399
35.106088
37.107751
37.723647
37.723647
35.568010
36.799803
36.491855
34.182244
32.950451
30.486866
25.867644
22.172266
19.554707
15.859329
10.316263
5.697041
2.617559
-2.771533
-7.698704
-11.702029
-15.243433
-18.476888
-22.172266
-24.943799
-25.713670
-27.561359
-27.715333
-27.407385
-29.101099
-28.331229
-27.561359
-27.099436
-24.943799
-23.404059
-20.478551
-16.321252
-13.549718
-10.316263
-6.466911
-4.619222
-0.461922
4.773196
6.928833
10.624211
13.087796
14.935485
16.783174
19.400733
20.170603
20.016629
20.170603
20.016629
20.324577
19.708681
17.707018
