30.293675
3.473160
-2.701347
20.067148
33.959789
43.993362
52.483310
47.659476
37.818855
31.644348
9.068807
-19.874194
-25.276888
-11.770154
-3.666114
-2.894300
10.226527
4.823834
-24.312121
-32.416162
-14.664454
-3.666114
-4.437927
-21.031914
-36.275229
-41.677922
-49.010149
-52.097403
-43.993362
-34.731602
-31.258442
-29.714815
-27.978235
-10.998341
4.052020
-0.192953
5.595647
29.328908
37.432949
48.431289
64.060510
52.097403
39.941342
41.292016
23.733261
18.523521
45.344036
51.325589
45.922896
57.114190
48.045383
9.840621
-29.521862
-57.114190
-70.813877
-76.023617
-50.939683
-11.770154
-6.174507
-4.244974
-21.224868
-75.251804
-93.582372
-101.107552
-124.647860
-85.478331
-20.453054
8.682900
37.239995
41.677922
4.823834
-33.959789
-49.396056
-48.431289
-18.909428
52.290356
110.562266
110.369313
103.615946
93.582372
36.082275
8.104040
29.328908
36.661135
61.745070
85.671285
77.953151
77.567244
61.359163
13.892641
-12.349014
-27.206421
-53.255123
-67.340717
-60.201443
-30.872535
-14.278547
-27.399375
-35.503415
-60.587350
-97.248485
-114.421333
-130.243507
-110.176359
-57.307143
-39.748389
-13.892641
36.082275
31.644348
11.384247
6.753367
-29.521862
-49.396056
-26.241655
2.315440
72.936364
165.361016
177.517076
130.050554
75.251804
12.156061
-54.219890
-73.129317
-6.946320
63.674603
100.721646
135.067341
112.877706
30.872535
-42.449736
-117.508586
-153.783815
-95.125999
-45.151082
-12.734921
64.639370
88.951492
18.716474
-54.605796
-130.243507
-191.988577
-173.272103
-117.894493
-49.396056
43.800409
115.386100
110.562266
58.464863
-3.280207
-74.479991
-119.052213
-95.704859
-9.261761
104.001852
197.391271
230.386293
193.532204
100.914599
-22.575541
-114.614286
-125.033767
-53.641030
57.307143
128.121020
158.993555
150.310655
60.008490
-45.922896
-122.911280
-186.585884
-163.045576
-61.938023
24.698028
98.599159
118.666306
52.290356
-44.186316
-155.713349
-216.686605
-177.902983
-123.876047
-37.239995
87.986725
130.629414
102.844132
48.045383
-44.572222
-115.386100
-137.382781
-109.018639
-16.979894
86.057191
169.798943
187.936557
117.508586
37.818855
-41.292016
-122.911280
-110.755219
-41.099062
18.330568
111.912939
173.272103
143.171381
84.127658
2.122487
-86.443098
-99.756879
-49.781963
15.050361
83.355845
133.909621
139.505268
79.689731
-11.384247
-66.761857
-95.511905
-92.810558
-32.995022
28.364142
55.570563
70.427971
44.186316
-7.139274
-38.397715
-61.745070
-63.481650
-21.417821
24.312121
38.976575
41.292016
28.750048
-15.629221
-62.516883
-77.567244
-75.251804
-67.726624
-34.152742
-0.964767
3.859067
5.788600
-15.822174
-66.568904
-78.724964
-70.427971
-60.587350
-19.874194
17.172848
26.241655
21.610775
3.280207
-5.016787
-3.087254
-16.208081
-20.453054
-5.402694
9.840621
13.892641
-13.120827
-46.308803
-38.590669
-16.786941
-6.753367
30.293675
61.552117
10.998341
-63.095743
-84.706518
-87.214911
-45.151082
19.295334
43.221549
72.357504
61.166210
-38.011809
-74.287037
-62.709837
-64.446417
-5.981554
26.434608
43.028596
101.107552
51.325589
-29.714815
-21.803728
-59.236677
-64.639370
9.261761
41.484969
105.931386
153.012002
96.476672
77.760198
68.691390
8.682900
13.506734
43.607456
75.637711
132.944854
109.211593
63.288697
64.639370
38.204762
15.436268
32.995022
49.781963
73.322271
74.287037
54.219890
58.078957
31.451395
-27.592328
-41.484969
-41.677922
-38.204762
-3.666114
-2.508393
-19.874194
-15.822174
-53.833983
-103.230039
-114.035426
-141.820708
-161.308995
-156.678115
-139.891174
-73.515224
-11.577201
-16.208081
-39.555435
-65.411184
-94.161232
-101.686412
-102.265272
-46.308803
37.239995
30.293675
14.278547
47.080616
27.013468
0.385907
10.805387
10.612434
22.382588
28.943002
25.083935
52.869216
60.780303
32.030255
8.875854
-12.541967
3.087254
33.573882
8.104040
-8.682900
16.208081
-3.087254
-54.412843
-65.604137
-60.008490
-64.253464
-51.518543
-21.610775
11.963107
43.414502
17.558754
-41.099062
-57.500096
-51.518543
-26.048701
35.310462
85.092425
97.248485
60.394397
-5.788600
-21.610775
2.508393
12.734921
23.733261
33.380928
44.765176
56.342376
53.255123
71.971597
75.251804
15.243314
-30.293675
-27.399375
-2.122487
53.062170
99.949832
100.335739
65.025277
-8.875854
-64.446417
-66.568904
-31.451395
54.798750
110.562266
96.862579
111.912939
104.773666
37.239995
34.731602
61.938023
51.518543
63.867557
75.637711
82.198124
101.879366
88.565585
53.448076
-0.192953
-61.552117
-55.377610
-25.662795
-2.894300
68.112530
91.652838
21.224868
-23.540308
-55.763516
-93.775325
-89.723305
-80.654498
-53.255123
6.367460
28.943002
36.275229
32.030255
-42.256782
-108.053873
-117.508586
-102.651179
-13.506734
91.266932
84.706518
44.572222
18.909428
-52.869216
-107.282059
-72.550457
-4.244974
44.186316
54.219890
37.047042
15.436268
-11.191294
-24.890981
-30.293675
-59.043723
-59.236677
-31.065488
-33.573882
-9.454714
8.296994
-54.798750
-112.105893
-129.857600
-142.592521
-99.756879
-36.854089
-11.577201
7.718134
-28.943002
-109.211593
-153.012002
-200.478524
-206.845985
-137.961641
-109.983406
-84.899471
-22.961448
-57.886003
-116.157913
-129.664647
-211.476865
-275.923282
-264.153128
-243.121213
-173.465056
-86.636051
-67.147764
-76.988384
-132.365994
-212.055725
-242.542353
-253.347741
-211.669818
-112.105893
-48.238336
11.191294
52.097403
27.592328
21.803728
25.276888
15.243314
70.235017
138.540501
174.622776
244.085980
290.394783
284.027322
276.888048
274.958515
286.149809
304.673330
315.478717
361.015706
416.779223
428.549377
441.477251
465.017559
424.497357
350.017366
317.794157
324.740478
362.559333
426.040983
469.455486
454.019218
383.398294
265.117894
112.298846
11.963107
56.921236
168.448269
213.213445
236.753753
214.950025
47.466523
-105.545479
-144.136148
-169.220083
-146.451588
-54.412843
34.345695
131.208274
175.780496
121.174700
50.746729
-45.344036
-146.065681
-163.238529
-106.510246
10.998341
131.208274
186.778837
197.391271
141.434801
22.768495
-86.443098
-161.116042
-167.097596
-103.422992
-55.763516
-56.149423
-115.579053
-270.134681
-497.240767
-710.454212
-848.801760
-908.617296
-936.209625
-944.699572
-961.293559
-1052.560491
-1178.751978
-1278.508857
-1363.215375
-1433.064485
-1447.150079
-1406.629877
-1326.361286
-1191.679852
-1040.790337
-943.348898
-908.810250
-900.127349
-865.202794
-762.551615
-579.631845
-316.829391
-38.976575
169.991896
316.443484
401.921815
441.091344
520.202215
645.043029
788.021456
956.276772
1090.958206
1182.418091
1252.846062
1259.985336
1192.065758
1088.063906
962.451279
848.029946
810.018138
854.011500
913.634083
923.860611
880.446108
768.533169
587.157025
436.653417
388.029175
391.695288
429.321190
503.608228
562.651951
564.195578
531.393509
495.118280
440.705437
407.903369
453.633311
543.356616
657.777949
793.617103
874.850461
863.466214
791.108710
685.756184
597.962413
570.563038
580.789565
638.289662
709.103539
696.561571
649.095049
647.358469
640.412148
587.735885
464.052792
259.908154
68.884344
-36.082275
-27.013468
125.998534
308.339444
362.752286
277.852815
86.829005
-155.713349
-355.227106
-481.997453
-540.848223
-569.984178
-669.934010
-851.889013
-1025.547023
-1177.594258
-1361.285841
-1593.215760
-1823.987960
-2009.609077
-2133.871030
-2160.305638
-2099.139428
-2031.026898
-2009.223170
-2025.045344
-2030.062131
-1951.530120
-1782.695944
-1549.801258
-1265.580983
-958.978119
-629.413808
-300.042450
-0.771813
286.149809
503.415274
590.823139
649.288002
726.662293
737.853587
670.705823
559.757651
341.527419
-78.532011
-631.922201
-1129.355922
-1494.616602
-1709.759580
-1626.596689
-1188.399645
-600.277853
-84.899471
238.104426
323.582758
288.465249
401.342955
922.702890
1926.446185
3193.184888
4323.312623
4979.353992
4956.199591
4289.738741
3191.062401
1912.360591
713.734419
-217.651372
-814.841971
-1057.577278
-964.959673
-653.725929
-278.624629
4.630880
179.060703
301.779030
251.611160
-108.439779
-699.455872
-1301.856211
-1652.066530
-1568.324779
-1072.241732
-291.938409
525.604909
1073.785359
1293.945124
1296.839424
1171.805657
1033.458110
934.473044
842.627253
739.397214
589.665419
367.383167
98.792112
-221.124532
-596.225833
-977.308687
-1345.270714
-1636.244356
-1765.716050
-1707.058233
-1473.391734
-1146.914676
-864.816887
-707.945819
-652.761162
-675.336704
-749.430788
-811.561764
-816.192645
-770.655655
-684.984371
-574.808011
-464.824605
-380.696947
-340.755605
-298.112916
-154.169722
128.121020
502.643461
892.988075
1213.676533
1407.980550
1475.900127
1407.015784
1213.869486
1002.971481
854.590360
758.885501
684.791417
606.066453
528.499209
489.329680
454.791032
360.050940
245.050747
152.240188
89.530352
93.582372
175.973450
317.022344
493.574654
660.865203
824.682592
1012.812102
1175.857678
1250.144715
1199.976846
1060.471578
912.862270
683.826651
276.116235
-162.466716
-554.740864
-1055.454791
-1670.783005
-2280.901478
-2892.756531
-3557.673754
-4258.480299
-4856.828619
-5155.713349
-5187.550650
-5131.787134
-4994.404353
-4701.115270
-4270.829313
-3803.110408
-3382.279165
-2937.521707
-2344.769035
-1629.876896
-877.165901
-84.899471
790.722803
1723.845174
2608.922163
3357.774090
3986.994945
4498.707213
4831.165824
4982.248292
5000.000000
4924.362289
4782.734535
4583.220777
4323.698530
4022.112453
3694.477675
3367.807664
3089.568942
2856.095396
2619.920503
2347.663335
2010.187937
1579.516073
1045.035310
427.970517
-222.861112
-855.169220
-1397.368116
-1774.398950
-1958.090534
-1981.051982
-1919.692818
-1834.407440
-1714.197507
-1542.661984
-1333.693513
-1099.255200
-848.029946
-571.527805
-277.466909
-1.736580
266.661521
531.393509
730.521360
839.539999
884.498128
872.920928
834.909119
794.003010
745.185814
733.415660
829.313472
1029.020183
1245.706788
1237.602748
599.120133
-803.843631
-2432.948713
-3358.352950
-3108.671323
-2089.684714
-1037.510130
-300.042450
87.793771
84.320611
-245.629607
-662.794736
-974.028480
-1137.845869
-1159.842550
-1060.278625
-878.902481
-658.742716
-435.881604
-218.809092
-16.979894
157.642882
295.025663
375.487207
364.488867
224.404739
-79.303824
-507.274341
-905.144136
-1181.453325
-1356.269054
-1491.722302
-1632.578243
-1783.274804
-1936.479759
-2077.142747
-2166.287192
-2156.253618
-2013.275190
-1728.090148
-1345.077760
-915.756570
-439.933624
82.198124
609.925520
1085.169606
1436.923552
1623.509435
1664.608498
1570.254313
1389.071123
1206.730213
1055.454791
946.629105
863.852121
774.128816
682.090071
583.490912
469.648439
359.279126
238.490333
123.683093
71.585691
62.130977
86.250145
164.975109
250.646394
320.109597
413.499016
524.447189
626.133601
739.590167
855.748080
936.016671
944.120712
851.117200
656.813183
371.242234
64.639370
-192.953344
-407.131556
-569.405318
-654.111836
-708.138772
-766.410682
-815.227878
-862.115540
-912.476363
-942.577085
-935.244858
-893.952842
-816.964458
-715.663952
-588.893606
-429.321190
-232.508779
-15.050361
187.936557
344.228765
435.688650
479.296106
495.118280
476.015899
434.530930
394.589588
346.544206
288.465249
234.824220
203.758731
209.161425
233.087639
249.295720
262.995408
272.643075
271.678308
275.730328
274.572608
232.508779
160.344229
93.196465
45.344036
32.223208
73.708177
162.659669
299.270636
487.593100
693.088411
865.781654
990.622467
1087.099139
1166.788870
1208.080886
1184.154671
1121.058928
1040.018524
946.050245
841.855439
719.523019
577.509358
431.250724
302.164937
199.127851
129.664647
94.354185
104.966619
156.099255
203.179871
235.210126
262.802454
259.329294
219.387952
168.448269
101.107552
26.820515
-32.609115
-110.948173
-215.335932
-321.460271
-420.638290
-528.306256
-632.115155
-721.838459
-800.949330
-867.904141
-919.615637
-961.293559
-1000.848995
-1028.055416
-1029.791996
-1019.951376
-1011.654382
-993.323814
-967.275113
-929.263304
-885.462895
-851.889013
-815.999691
-773.742909
-732.257940
-686.913904
-635.009455
-586.771119
-532.551229
-486.821287
-460.965539
-422.760776
-366.418400
-316.250531
-283.641416
-253.926601
-206.074171
-159.186509
-140.084128
-128.506927
-107.860919
-105.352526
-129.471694
-166.132829
-219.002045
-277.081002
-328.599545
-385.520781
-442.249064
-481.032686
-515.378382
-547.215683
-551.653610
-522.710609
-464.245745
-368.540887
-243.121213
-102.458226
38.397715
163.817389
291.552503
428.935283
557.056304
661.637016
746.343534
815.806738
872.149114
904.565276
888.936055
846.486320
813.491298
781.075136
739.397214
697.526338
661.251109
656.234323
677.266237
672.635357
656.234323
667.811523
695.982711
741.712654
779.531509
784.934203
790.143943
797.476170
773.742909
747.308301
739.976074
727.434106
706.981052
670.512870
631.536295
607.417127
581.947285
550.688843
513.834755
467.718906
431.636630
412.341296
391.888241
376.259021
369.312700
344.807626
302.164937
247.559140
195.847644
158.414695
125.419674
78.724964
16.401034
-45.151082
-104.580712
-167.290549
-234.052406
-297.534056
-363.717053
-437.039324
-510.168641
-583.105005
-650.638676
-702.157218
-747.115348
-801.335237
-862.694400
-918.264964
-947.593872
-956.662679
-968.818740
-981.360707
-991.780188
-1007.023502
-1013.198009
-1012.040289
-1014.548682
-997.954695
-951.067032
-909.775016
-874.657508
-833.558446
-790.529850
-741.519701
-702.929032
-690.001158
-666.460850
-624.589974
-569.791224
-493.381700
-416.972176
-358.700266
-307.953537
-262.802454
-222.089299
-175.394590
-126.577394
-60.201443
16.015128
87.793771
168.255316
238.876240
269.362868
303.515610
344.035812
372.207000
411.569482
462.895072
519.430402
576.544592
611.276193
627.098368
657.584996
696.947478
720.873693
731.872033
739.397214
753.482808
767.375449
773.742909
782.232856
793.424150
790.915757
769.497935
740.940841
722.417319
718.172346
698.491105
661.444063
637.324895
623.046347
601.435573
561.494231
500.520974
456.527612
449.774245
444.950411
419.866476
400.957049
392.467101
372.014047
335.738818
295.411569
270.520588
250.839347
228.070852
212.634585
202.601011
190.830857
163.431482
130.629414
99.178019
58.078957
7.525180
-44.379269
-94.933045
-149.152935
-207.424845
-271.871262
-334.388145
-390.537568
-465.210512
-539.690503
-608.574847
-669.741057
-711.033072
-736.695867
-763.902288
-798.247984
-831.821865
-852.081967
-851.889013
-854.011500
-856.519893
-839.539999
-812.333578
-801.335237
-804.036584
-790.915757
-749.623741
-708.910585
-686.527998
-656.041369
-610.504380
-564.774438
-532.358276
-513.448848
-493.188747
-455.369892
-411.955389
-395.168448
-391.695288
-364.102960
-331.686798
-311.619650
-277.852815
-241.577587
-222.282252
-211.476865
-205.688265
-183.498630
-143.750241
-119.824027
-100.142785
-63.095743
-26.627561
-1.736580
19.874194
52.483310
94.161232
116.350866
124.069000
146.451588
175.201636
196.233551
212.634585
237.332613
274.379655
310.461930
334.774052
366.997260
426.426890
487.593100
550.688843
637.131941
717.593486
771.427469
811.561764
846.486320
881.989735
925.597191
962.065373
981.360707
996.604021
1005.865782
1005.479875
997.954695
977.887547
956.855632
939.296878
904.565276
867.325281
836.838652
799.791610
760.815035
717.786439
663.180643
617.257747
582.912052
537.568016
487.593100
444.950411
407.324509
356.191873
304.094470
268.976961
227.106086
172.114383
119.245167
82.198124
49.203103
9.454714
-28.557095
-60.201443
-93.582372
-149.924748
-216.493652
-268.398101
-295.025663
-315.671671
-344.614672
-372.014047
-403.272489
-445.722224
-485.663567
-515.378382
-540.269363
-563.616717
-589.858372
-617.643654
-640.798055
-660.479296
-679.967584
-706.402192
-742.098561
-764.674102
-774.128816
-789.565083
-808.474511
-814.649018
-801.914097
-792.266430
-808.860418
-835.680932
-828.734612
-798.633890
-774.707676
-740.554934
-698.298152
-664.338363
-637.131941
-599.506039
-547.794543
-496.468954
-447.651758
-375.101301
-270.713541
-176.552310
-128.699880
-98.213252
-38.976575
43.414502
109.790453
139.698221
166.518736
227.877899
296.376336
337.668352
354.841199
375.101301
405.587929
424.497357
423.532590
421.603056
430.285957
444.178598
459.036005
455.948752
433.180257
404.430209
389.186895
381.082854
365.260680
339.597885
306.988770
273.221935
254.119554
256.820901
244.857793
208.582565
180.218423
181.183190
191.795624
193.532204
181.762050
172.886196
168.062363
159.958322
152.240188
148.574075
144.136148
140.855941
147.609308
158.607649
164.203296
157.064022
144.522055
127.156254
114.228380
109.597499
99.370972
72.936364
43.028596
36.661135
36.661135
16.593988
-17.751708
-53.255123
-84.899471
-109.018639
-128.699880
-150.696562
-176.166403
-200.285571
-222.668159
-242.542353
-263.960174
-281.711882
-288.079342
-282.483695
-276.309188
-286.342762
-295.218616
-285.763902
-282.483695
-298.112916
-299.463590
-257.978621
-254.698414
-363.138193
-411.762436
-244.857793
-54.219890
-83.548798
-223.825879
-231.929919
-105.931386
-35.503415
-82.584031
-97.055532
-18.137614
62.323930
87.407865
72.164551
68.884344
106.703199
147.802261
159.572415
165.553969
205.302358
264.539034
295.411569
282.097789
273.221935
301.007216
312.970324
284.992089
268.205148
283.834369
304.866283
307.953537
287.500482
288.079342
314.899857
299.270636
247.173234
214.950025
203.179871
193.339251
175.201636
150.696562
145.872728
153.204955
145.100915
125.033767
107.860919
87.600818
77.181338
84.706518
96.862579
117.701540
122.718327
109.211593
116.736773
131.208274
110.948173
78.532011
83.355845
110.755219
118.859260
109.018639
110.176359
119.438120
109.211593
83.548798
74.094084
77.953151
68.691390
37.625902
3.859067
-23.154401
-49.589009
-81.426311
-104.001852
-110.755219
-127.156254
-167.290549
-200.864431
-213.792305
-234.824220
-258.364527
-276.695095
-291.938409
-306.602863
-336.124725
-364.102960
-366.225447
-350.017366
-380.503994
-535.638483
-758.692548
-787.249643
-523.096515
-295.604523
-405.973836
-661.637016
-687.685718
-458.264192
-249.102767
-234.052406
-290.201829
-236.560800
-80.268591
37.625902
34.731602
-24.312121
-7.911087
51.711496
60.587350
78.724964
124.069000
16.401034
-230.579246
-256.627947
58.850770
381.468761
386.678501
208.003705
170.763709
231.351059
174.622776
126.770347
262.802454
409.061089
379.732181
297.727010
341.141512
414.270829
316.057577
112.684753
43.607456
176.552310
384.556014
505.923668
455.562845
341.334465
353.876433
425.462123
350.789179
201.443291
231.544013
415.235596
483.734033
353.683479
273.221935
381.082854
442.634971
283.834369
110.755219
126.770347
211.476865
207.424845
169.605989
200.671478
222.282252
102.072319
-92.424652
-172.307336
-153.976768
-165.361016
-172.886196
-132.173041
-122.525373
-216.107745
-367.190213
-452.282638
-443.599738
-452.475591
-492.416934
-489.329680
-487.207193
-526.955582
-553.969050
-564.774438
-593.910392
-634.430595
-670.126963
-657.777949
-595.454019
-526.762629
-466.175279
-434.723884
-459.421912
-493.767607
-474.665226
-428.935283
-366.804307
-275.537375
-197.005364
-159.572415
-135.646201
-102.265272
-45.344036
8.875854
15.822174
30.872535
106.510246
162.273762
168.255316
193.532204
225.562459
206.074171
153.204955
133.716667
170.184849
204.723498
189.866090
189.480184
232.508779
262.223594
279.010535
310.461930
330.722031
345.000579
365.646587
371.628140
380.696947
407.517462
454.983985
530.428742
565.546251
495.311234
419.673523
432.022537
516.922008
588.121792
556.863350
503.222321
574.808011
653.340022
584.069772
495.504187
487.593100
492.223980
481.418593
476.015899
502.064601
544.128430
531.200556
489.136727
445.336318
343.456952
214.757072
136.225061
74.287037
21.610775
4.630880
-39.941342
-143.557288
-255.663181
-361.401613
-474.472273
-583.876819
-671.284683
-714.313279
-721.838459
-744.221047
-806.544977
-901.092116
-1003.164435
-1064.137692
-1080.152819
-1094.817273
-1090.186393
-1035.194690
-981.553660
-957.048586
-925.790144
-881.796782
-833.558446
-769.883842
-683.054837
-544.707290
-389.572801
-288.465249
-213.020492
-180.218423
-275.537375
-350.596226
-228.263806
-22.768495
139.505268
256.049087
295.218616
237.332613
88.179678
-16.979894
107.282059
307.181723
364.874773
374.136534
383.398294
301.200170
185.042257
131.015320
154.362675
224.404739
255.277274
295.797476
420.831243
480.453826
420.445336
374.522440
361.208660
384.170108
513.834755
723.189133
902.635743
920.773357
765.831822
672.056497
725.311620
770.269749
829.120519
992.166094
1133.022035
1114.884421
964.959673
817.350365
771.427469
747.115348
700.420638
707.174005
724.153900
700.227685
697.912245
692.316598
556.863350
273.221935
-28.171188
-199.899664
-217.844325
-157.256975
-92.617605
-121.367653
-328.213638
-664.917223
-996.025161
-1189.750318
-1196.310732
-1069.926292
-939.103925
-951.067032
-1138.424729
-1378.844595
-1541.504264
-1574.499286
-1500.405202
-1380.002315
-1259.599429
-1165.631150
-1125.689808
-1113.533748
-1073.013545
-1021.687956
-944.699572
-796.511404
-590.437232
-380.311041
-226.913132
-185.814070
-210.126191
-214.757072
-157.835835
8.489947
233.280593
402.114769
486.242427
495.697140
426.233937
352.911666
345.772392
410.218809
534.480763
630.378574
622.081581
541.812990
419.480570
302.936750
252.575927
255.470227
332.072705
460.965539
513.062941
449.967198
355.998919
298.884730
306.602863
350.210319
422.567823
573.650291
719.715973
717.786439
618.608420
551.846564
566.511018
645.235982
743.835141
872.342068
1033.844017
1093.273646
991.008374
838.575233
722.610273
670.512870
665.110176
705.823332
837.417512
965.538533
914.405897
700.227685
401.150002
59.043723
-207.617798
-287.307529
-145.100915
71.971597
75.830664
-220.352719
-676.494424
-1132.057269
-1396.017443
-1350.673407
-1125.110948
-938.139158
-946.050245
-1189.364412
-1530.312970
-1793.501331
-1886.118936
-1753.752943
-1497.317949
-1302.049165
-1217.728553
-1220.815807
-1267.124609
-1278.701810
-1235.673214
-1108.902867
-874.078648
-626.326554
-429.514143
-289.237062
-229.421526
-216.300698
-194.496971
-115.964960
101.107552
406.359742
637.517848
734.187473
700.613592
571.720758
470.034346
488.364913
640.991008
858.063520
965.152626
901.092116
739.976074
541.234130
411.762436
443.406784
601.821480
773.935862
822.367152
714.506232
569.212364
453.440358
371.435187
409.061089
591.787906
788.021456
855.941033
788.986223
690.387064
631.150388
602.786246
633.079921
763.709335
930.421024
1039.246710
1075.136032
1019.179562
847.451086
652.954116
559.757651
618.608420
781.653996
921.738124
935.244858
811.368811
508.432061
42.642689
-318.180064
-353.490526
-145.486821
61.938023
28.171188
-291.359549
-765.445915
-1275.035696
-1583.761047
-1480.531008
-1176.822444
-1026.125883
-1131.671362
-1440.396712
-1783.467757
-1989.927835
-2017.713117
-1834.600394
-1553.274418
-1404.121483
-1391.965423
-1425.539305
-1480.338054
-1450.816193
-1296.646471
-1095.010227
-857.098754
-614.363447
-426.812797
-288.851156
-246.594373
-267.626288
-206.460078
-23.926215
275.730328
612.048007
792.073477
764.867055
625.747694
488.364913
502.643461
702.929032
962.837186
1140.161309
1110.639447
888.743102
651.989349
523.868329
550.495890
711.997839
870.219581
935.823718
878.130668
703.121985
541.812990
463.666885
456.720565
574.229151
753.868715
854.590360
848.415853
750.395554
634.237641
601.821480
629.413808
745.378767
964.573766
1098.483387
1083.818933
1001.041948
850.538340
700.999498
642.920542
665.881990
814.070158
958.592212
882.375642
677.459190
415.428549
60.394397
-206.845985
-266.661521
-162.659669
-6.946320
-86.443098
-455.562845
-876.201135
-1291.629684
-1563.500945
-1485.933701
-1263.844402
-1171.419751
-1313.626365
-1683.903832
-2023.115811
-2158.376105
-2145.062324
-1925.288465
-1621.193995
-1510.245823
-1560.799599
-1658.048084
-1714.197507
-1596.495967
-1373.055995
-1115.656234
-809.246324
-606.838267
-530.621696
-463.473932
-407.131556
-302.743797
-87.214911
168.255316
445.336318
647.937329
673.021263
638.675568
605.101686
588.893606
707.174005
936.595531
1137.845869
1204.414773
1064.523598
840.697719
706.016285
666.267896
743.449234
910.932736
1031.721530
1051.981631
944.120712
744.028094
605.873500
581.947285
656.620229
815.806738
942.384132
975.572107
919.422684
755.798248
639.833288
682.668931
792.845290
957.820399
1124.339135
1168.911357
1107.166287
939.489831
758.113688
747.694208
823.331918
904.758229
984.062054
931.578744
794.581870
582.719099
185.235210
-125.612627
-168.641223
-115.000193
-27.785282
-85.478331
-410.411762
-815.420831
-1265.002122
-1578.358353
-1473.391734
-1270.790723
-1261.528962
-1406.629877
-1759.734496
-2115.540462
-2262.185004
-2276.270598
-2064.407826
-1758.962683
-1702.813260
-1778.065064
-1868.560182
-1956.353954
-1816.655733
-1516.420330
-1222.938294
-914.598850
-750.202601
-710.261259
-614.363447
-538.532783
-408.868136
-123.490140
153.012002
409.446996
608.767800
627.291321
606.838267
612.048007
646.779609
831.821865
1069.540385
1189.364412
1172.963377
1020.530236
853.625593
786.670783
798.440937
907.845483
1032.107436
1019.565469
911.318643
795.160730
734.959287
767.375449
774.707676
746.150581
763.709335
764.095242
784.548296
859.028287
865.202794
823.717825
783.390576
769.112029
904.951183
1090.186393
1155.211670
1170.840891
1100.219967
936.402578
892.795122
960.714699
1061.050438
1136.109289
991.587234
776.251302
679.967584
455.948752
194.496971
123.490140
82.776985
57.500096
-63.481650
-393.431868
-663.566550
-936.402578
-1280.631343
-1341.990507
-1262.879636
-1342.183460
-1507.737429
-1801.026512
-2072.318913
-2141.589164
-2211.052368
-2177.864392
-1947.478100
-1877.436036
-1947.285146
-1992.436229
-2027.360784
-1879.365569
-1630.069849
-1441.168525
-1178.944931
-987.728167
-948.365685
-842.820206
-715.470999
-527.727396
-209.933238
42.063829
249.102767
427.391657
429.514143
431.829584
560.143557
716.242812
918.457917
1075.907845
1107.745147
1081.503492
969.590553
874.078648
926.754911
1003.357388
1057.577278
1062.401111
942.384132
806.930884
733.994520
767.954309
916.914290
947.593872
815.613785
708.910585
647.551422
665.881990
771.041562
840.697719
884.112222
833.172539
681.318257
729.749547
947.400918
1084.976653
1153.668043
1082.082352
919.036777
870.026628
866.746421
963.030139
1134.179755
1040.983290
843.977926
708.910585
412.534249
192.953344
189.094277
182.919770
212.248678
52.869216
-373.171767
-666.653803
-943.734805
-1210.589280
-1132.057269
-1050.245051
-1211.747000
-1479.180334
-1892.486397
-2138.694864
-2085.632694
-2067.109173
-1978.350635
-1855.439355
-1968.895921
-2089.684714
-2115.733416
-2067.688033
-1796.974492
-1526.839810
-1380.774129
-1211.939953
-1128.391155
-1060.471578
-881.603828
-715.856906
-488.750820
-194.111064
7.525180
203.372824
381.275808
432.794350
481.418593
571.913711
705.051519
921.352217
1094.431366
1158.491877
1127.426388
996.218114
915.563617
977.887547
1089.607533
1176.243584
1157.913017
1013.969822
865.202794
793.038243
858.256474
1033.844017
1078.223286
915.177710
734.573380
640.605102
675.529657
838.189326
980.395940
1005.093968
878.323621
654.883649
638.675568
877.744761
1075.907845
1154.246903
1101.763594
909.003203
759.464362
735.924054
849.573573
1040.983290
1012.619149
790.143943
612.433913
361.401613
128.892834
109.211593
133.137807
118.087446
-49.203103
-412.534249
-683.247791
-897.233049
-1147.686489
-1183.768765
-1148.458303
-1272.913210
-1479.952148
-1768.803303
-1985.682862
-2017.713117
-2053.988346
-2041.060472
-1923.551885
-1913.518311
-1963.493227
-1982.595608
-1970.246594
-1820.707753
-1625.631922
-1474.742407
-1266.159843
-1086.906186
-972.484853
-846.486320
-748.466021
-590.630186
-315.285764
-58.078957
169.605989
338.633119
382.626481
420.445336
519.623355
670.319917
881.024968
1045.035310
1067.417898
1013.969822
950.102265
947.593872
1042.719870
1143.634469
1181.839231
1138.424729
1015.127542
906.108903
903.986416
1024.196349
1175.085864
1157.720063
950.295219
770.655655
726.469340
808.860418
979.624127
1087.485046
1061.436345
895.303516
670.898777
699.841778
967.853973
1124.339135
1136.302242
1036.545363
847.836993
759.850268
740.940841
804.422491
964.380813
851.889013
574.036198
472.156832
316.250531
165.553969
155.327442
51.132636
-41.677922
-191.795624
-553.390190
-731.486127
-834.909119
-1092.694786
-1152.317370
-1182.418091
-1379.423455
-1532.242504
-1786.362058
-1998.996643
-1959.055300
-1999.768456
-2013.275190
-1883.610543
-1906.764944
-1953.266700
-1957.704627
-1981.244935
-1795.430865
-1551.730791
-1404.893297
-1208.273839
-1078.416239
-1006.637595
-869.640721
-753.482808
-562.651951
-279.010535
-97.055532
47.466523
187.743604
269.362868
378.767414
502.257554
618.801374
772.006329
878.902481
910.546830
929.456257
946.050245
987.535214
1044.649404
1076.679659
1084.397793
1056.419558
1000.463088
953.189519
953.768379
1040.790337
1163.894570
1167.753637
1001.813761
835.873886
818.508085
914.019990
1047.350751
1155.211670
1144.599236
990.815421
800.949330
797.283217
1030.949716
1238.760468
1259.985336
1119.129395
903.021649
777.216069
789.179176
918.650870
1074.364219
966.696253
679.002817
498.205534
313.742137
164.203296
148.188168
80.075638
-4.437927
-152.047235
-475.051133
-682.090071
-826.998032
-1077.258519
-1164.280477
-1197.275499
-1349.708640
-1491.722302
-1710.917300
-1875.313549
-1859.877282
-1922.201212
-1966.194574
-1888.434377
-1892.486397
-1909.466291
-1905.800178
-1896.731370
-1720.179061
-1517.963956
-1389.071123
-1223.710107
-1114.498514
-1030.177903
-906.108903
-790.529850
-550.495890
-245.436653
-93.196465
-16.979894
63.867557
126.384440
244.857793
439.354764
664.917223
817.929225
788.793270
702.929032
701.578358
786.477830
907.266623
1003.164435
1042.333964
985.605681
845.521553
765.831822
814.456065
922.124030
1036.931270
1083.240073
1015.899356
854.011500
712.962606
757.727781
937.560298
1073.592405
1116.621001
1045.228264
867.711187
740.169027
830.085285
1102.921314
1318.064292
1284.683364
1053.525258
845.907460
772.006329
830.085285
1027.476556
1148.844209
947.593872
636.360128
425.076217
262.802454
247.366187
295.990430
198.934898
43.221549
-225.176552
-568.826458
-701.385405
-773.935862
-911.125690
-971.520086
-1124.917995
-1382.124802
-1593.794620
-1794.273145
-1824.373866
-1735.229422
-1799.868792
-1877.050129
-1911.588778
-1985.682862
-1947.864006
-1849.843708
-1738.895535
-1561.957319
-1473.777641
-1418.978891
-1291.050824
-1168.911357
-964.380813
-755.026435
-671.091730
-519.623355
-315.864624
-173.850963
2.508393
172.886196
299.463590
416.393316
490.101493
577.123452
707.559912
815.806738
874.078648
873.306834
881.024968
928.684444
939.682785
956.276772
987.342261
963.994906
934.473044
904.372323
878.130668
929.649211
981.746614
967.853973
897.040096
774.514722
745.571721
839.154093
898.583722
934.280091
942.384132
843.013159
750.395554
774.900629
899.162582
1054.875931
1057.384324
874.271601
743.835141
737.660634
773.357002
873.499788
898.583722
720.294833
549.145217
421.217150
256.242041
231.158106
242.156447
100.335739
-40.327249
-240.805773
-499.363254
-611.469147
-745.764674
-916.528383
-947.979778
-1040.597384
-1239.339328
-1407.208737
-1600.547987
-1681.974299
-1655.153784
-1705.321653
-1717.091807
-1709.952533
-1780.573457
-1795.623818
-1758.383823
-1673.677305
-1515.262610
-1401.034230
-1291.436731
-1171.226797
-1096.167947
-952.417705
-796.511404
-701.192452
-508.046154
-293.674989
-170.377803
-35.696369
93.968278
192.374484
297.341103
417.358083
585.420445
729.556593
762.358662
755.798248
768.726122
841.469533
947.786825
997.375835
1025.547023
1012.233242
917.107243
874.657508
933.894184
1018.021842
1090.572300
1084.204839
996.989928
885.076988
790.915757
831.821865
981.553660
1052.174584
1034.036970
960.907653
817.929225
746.922394
833.944352
1009.917802
1129.162968
1024.389303
795.932544
671.863543
668.583337
756.377108
905.530043
882.375642
614.363447
363.331147
238.876240
194.304017
218.809092
170.956663
-3.666114
-192.374484
-426.619843
-619.573187
-649.095049
-722.417319
-905.915950
-1062.015205
-1218.114460
-1353.953614
-1463.165207
-1584.725813
-1613.861768
-1612.125188
-1701.269633
-1756.068383
-1758.576776
-1756.840196
-1703.778026
-1648.207463
-1572.955659
-1460.077953
-1378.458689
-1276.000463
-1160.421410
-1056.419558
-855.748080
-676.880330
-610.504380
-490.101493
-344.807626
-235.017173
-63.095743
112.105893
218.037279
291.359549
350.789179
438.004091
572.492571
700.806545
775.093582
764.288195
743.063327
786.863736
839.347046
893.373982
944.506618
940.261645
902.828696
865.588701
860.764867
940.068691
1047.543704
1077.644426
999.691275
874.078648
834.523212
926.369004
1037.896037
1103.500174
1110.832401
1007.216455
872.535021
889.707869
1051.788677
1173.928144
1131.285455
970.362366
845.714506
802.300004
835.487979
939.489831
906.880716
691.351831
535.059623
365.067727
158.028789
146.065681
139.119361
6.753367
-114.614286
-363.524100
-648.130282
-753.868715
-863.466214
-959.942886
-1003.936248
-1179.523791
-1390.614749
-1590.707367
-1758.383823
-1687.376992
-1606.143634
-1707.637093
-1753.559989
-1789.063404
-1858.333655
-1796.588585
-1673.291398
-1522.015977
-1376.722109
-1348.165014
-1313.047505
-1218.693320
-1062.401111
-809.246324
-669.548103
-610.504380
-412.534249
-261.644734
-208.582565
-37.818855
149.924748
238.490333
323.582758
441.091344
563.616717
646.972562
678.038050
705.051519
753.868715
830.085285
883.147455
863.273261
835.487979
831.435959
828.734612
849.959480
903.021649
947.207965
932.157604
893.181029
883.340408
851.503107
815.613785
874.078648
968.625786
978.080500
949.330452
921.931077
867.904141
856.326940
958.206306
1075.136032
1072.048779
961.293559
852.660827
823.524872
854.011500
934.858951
975.765060
793.810057
548.566357
467.140046
386.678501
302.550843
309.304210
179.060703
-34.731602
-173.272103
-366.611353
-522.131749
-594.682206
-756.763015
-905.144136
-1012.426195
-1164.473430
-1288.156524
-1467.024274
-1618.878555
-1573.920426
-1585.497627
-1690.657199
-1698.761240
-1736.001235
-1766.873770
-1685.833365
-1596.495967
-1467.796087
-1328.676726
-1278.315903
-1241.847721
-1168.332497
-972.484853
-689.808204
-584.069772
-555.898584
-406.166789
-288.465249
-186.007024
33.766835
224.597692
287.886389
306.988770
351.946899
460.772585
618.994327
742.291514
746.922394
695.982711
711.611932
757.148921
789.565083
840.890673
865.202794
829.699379
764.867055
732.836800
790.529850
874.078648
922.895844
917.686104
820.823525
728.591826
767.761355
857.098754
920.580404
959.364026
911.511596
784.162390
734.187473
865.781654
1047.736657
1089.414580
991.973141
847.065180
713.927372
717.593486
893.373982
1007.602362
875.429321
649.288002
449.774245
246.980280
192.181531
286.535716
254.891367
86.250145
-143.750241
-436.846371
-611.276193
-651.603442
-706.402192
-772.199282
-908.810250
-1147.879443
-1385.405009
-1566.009339
-1566.781152
-1437.695365
-1466.059507
-1608.073168
-1702.041446
-1776.714390
-1765.716050
-1628.140316
-1468.567900
-1351.445221
-1320.186779
-1323.081079
-1273.492070
-1134.758615
-876.779995
-671.091730
-626.133601
-530.428742
-377.223787
-293.674989
-158.221742
69.849110
231.929919
279.396442
329.757265
435.109790
518.658588
596.997646
703.121985
754.833481
786.670783
841.083626
831.243005
803.071817
830.085285
858.642380
870.605488
867.904141
853.818547
859.993054
870.798441
896.268282
918.264964
861.922587
797.669124
809.246324
833.751399
848.029946
900.899163
896.847142
789.950990
763.516382
864.045074
925.983097
905.337089
846.293366
764.481148
695.789758
687.106858
774.900629
793.038243
610.311427
468.490719
364.681820
145.872728
93.968278
151.854282
43.414502
-79.689731
-273.800795
-581.561378
-716.628719
-782.232856
-867.518234
-896.075329
-1036.738317
-1231.814147
-1414.540964
-1626.403736
-1595.338247
-1439.624899
-1498.668622
-1581.445606
-1641.261143
-1739.088488
-1684.096785
-1531.084784
-1376.143249
-1229.305754
-1209.817466
-1217.728553
-1161.772084
-1009.724849
-670.898777
-455.176938
-518.851542
-458.843052
-265.503801
-166.711689
4.823834
260.679968
386.099641
358.700266
332.844518
433.373210
613.398680
762.551615
810.982904
770.655655
758.692548
798.055030
812.719484
847.258133
911.125690
903.793463
803.843631
732.643847
815.227878
925.983097
922.702890
901.285069
856.326940
742.484467
739.590167
865.781654
930.806931
927.912631
929.842164
862.308494
733.222707
774.128816
984.640914
1064.716552
946.436152
810.018138
745.378767
756.955968
840.697719
941.419365
869.254814
611.469147
443.792691
343.842859
242.735307
311.426697
310.461930
50.939683
-155.713349
-331.107938
-546.829777
-614.363447
-669.741057
-787.056690
-905.144136
-1112.954888
-1303.785745
-1428.047698
-1532.628410
-1483.618261
-1461.428627
-1609.037935
-1664.801451
-1664.801451
-1708.794813
-1629.298036
-1481.302821
-1378.072782
-1310.346158
-1277.158183
-1195.538919
-1080.538726
-920.773357
-672.056497
-557.056304
-549.531123
-400.571142
-246.980280
-147.030448
85.092425
306.988770
339.983792
321.074364
388.029175
515.957242
642.341682
755.412341
823.331918
807.123837
773.742909
772.971096
783.969436
820.823525
875.622275
866.360514
785.513063
743.835141
776.830162
813.684251
830.664145
826.226219
754.833481
665.496083
647.358469
714.506232
784.162390
786.477830
742.677421
646.779609
562.266044
667.232663
830.085285
802.685911
700.034732
615.135260
513.834755
508.625014
632.308108
717.786439
603.943966
368.540887
218.037279
114.035426
62.516883
134.681434
82.391078
-132.751901
-315.092811
-531.972369
-705.051519
-709.103539
-730.907267
-829.313472
-990.815421
-1206.344306
-1344.305947
-1449.851426
-1509.088102
-1437.502412
-1472.812874
-1621.001042
-1671.940725
-1696.059893
-1671.168911
-1547.485818
-1446.957126
-1359.742214
-1305.329371
-1278.315903
-1181.067418
-1059.120905
-837.803419
-575.772778
-528.306256
-499.942114
-328.985451
-213.020492
-58.078957
210.705052
359.086173
377.416741
399.027515
488.171960
647.165515
789.565083
890.286729
920.387450
879.095435
886.234708
951.067032
993.902674
1030.563810
1034.036970
976.343920
910.546830
915.756570
995.446301
1046.000077
1052.946398
1017.442982
899.548489
842.241346
916.721337
991.008374
1018.600702
1000.077181
939.296878
863.466214
822.946012
937.946205
1077.837379
1000.848995
862.308494
776.830162
705.437425
776.058349
914.984757
887.585382
699.069965
477.945433
330.529078
257.785667
242.156447
269.362868
150.889515
-118.473353
-319.337784
-467.525952
-574.422105
-599.120133
-695.789758
-878.130668
-1046.771891
-1206.151353
-1323.659939
-1399.876510
-1430.941998
-1407.980550
-1495.581368
-1646.277930
-1665.187358
-1646.277930
-1631.613476
-1529.927064
-1419.750704
-1383.861382
-1348.357967
-1253.617875
-1159.649597
-1045.807124
-825.454405
-672.635357
-660.093389
-565.932158
-392.853008
-264.924941
-109.211593
60.973257
155.520395
181.569097
213.213445
338.247212
470.806159
566.511018
660.865203
654.304789
600.277853
645.043029
697.719291
722.417319
759.850268
753.868715
703.121985
647.551422
660.672249
756.763015
812.526531
798.440937
745.764674
636.746035
602.400340
717.207579
796.125497
802.107051
806.737931
738.625400
636.360128
670.126963
811.947671
880.253155
831.821865
752.325088
673.793077
626.905414
680.932351
797.283217
787.056690
610.697333
448.423571
327.441825
229.421526
232.315826
228.842666
94.933045
-79.689731
-264.924941
-443.213831
-542.198896
-601.049666
-699.455872
-860.186007
-1027.476556
-1131.092502
-1234.129587
-1354.532474
-1384.826149
-1390.035889
-1464.322927
-1523.366650
-1537.838151
-1550.573071
-1516.420330
-1414.348011
-1323.659939
-1265.773936
-1172.770424
-1095.396133
-1062.787018
-921.738124
-701.964265
-564.195578
-487.593100
-426.812797
-322.617991
-154.555628
13.699687
185.621117
276.888048
267.433335
319.530737
396.519122
499.170301
695.982711
766.989542
683.440744
649.095049
663.180643
730.135453
811.368811
822.560105
813.105391
742.677421
664.338363
733.415660
839.925906
891.251495
895.496469
772.199282
661.829970
720.680739
837.031606
925.211284
948.172732
882.182688
769.497935
714.313279
829.699379
985.026821
1009.724849
948.944545
811.561764
684.791417
731.293173
881.217922
954.540192
813.491298
556.863350
407.710416
314.128044
296.376336
380.118087
277.852815
20.453054
-185.235210
-390.344615
-489.908540
-468.490719
-550.688843
-746.343534
-988.885887
-1159.263690
-1192.837572
-1283.332690
-1371.705322
-1362.057654
-1481.881681
-1631.999383
-1632.578243
-1609.809748
-1546.328098
-1469.339714
-1459.885000
-1406.436924
-1317.099525
-1205.186586
-1078.609192
-1004.708062
-854.011500
-678.038050
-640.026242
-538.725736
-328.406591
-187.743604
-48.431289
87.793771
159.186509
234.631266
327.634778
446.494038
559.371744
633.272875
708.910585
718.558253
670.319917
725.118666
810.211091
800.756377
780.303323
796.125497
783.776483
728.784780
721.066646
769.304982
792.652337
795.353683
783.969436
701.192452
620.152047
657.392043
748.466021
779.917416
775.865396
747.694208
666.267896
631.536295
710.840119
798.055030
824.682592
790.336897
696.368618
620.730907
631.729248
731.293173
773.164049
631.150388
479.874966
386.678501
239.262146
184.077490
228.842666
158.993555
7.718134
-198.741944
-422.374870
-523.096515
-565.353298
-641.569868
-765.445915
-950.681125
-1087.292093
-1201.134566
-1355.497241
-1371.319415
-1326.554239
-1422.452051
-1543.240844
-1595.145294
-1593.215760
-1529.734110
-1458.341373
-1372.863042
-1299.154864
-1266.159843
-1180.488558
-1078.802146
-966.696253
-771.813376
-644.464169
-604.908733
-485.470613
-329.564311
-178.288890
-24.312121
84.127658
176.166403
253.347741
320.109597
430.478910
534.866669
635.009455
719.523019
706.402192
695.789758
760.815035
807.509744
816.578551
817.350365
808.667464
794.388917
771.427469
784.162390
834.523212
854.783313
852.853780
805.001351
706.595145
700.806545
784.355343
831.243005
850.924247
821.981245
718.365299
666.267896
719.908926
813.298344
865.009841
818.315131
710.647166
605.487593
588.121792
717.207579
816.771505
687.492764
463.088025
335.159958
261.258828
236.367846
261.258828
184.849303
-3.473160
-207.038938
-390.923475
-469.262532
-474.472273
-550.109983
-720.680739
-938.139158
-1074.364219
-1112.954888
-1205.572493
-1277.544090
-1269.825956
-1354.918381
-1493.458882
-1535.715664
-1514.490796
-1448.307799
-1379.809362
-1355.883147
-1321.923359
-1274.070930
-1185.312391
-1052.753444
-955.504959
-801.914097
-648.516189
-657.777949
-597.190599
-376.066067
-203.372824
-63.481650
68.305484
125.612627
164.010342
229.614479
384.170108
572.299618
641.569868
665.110176
665.689036
629.606761
708.138772
846.293366
886.041755
860.186007
805.580211
754.833481
756.184155
808.474511
883.726315
891.444449
847.065180
841.662486
788.407363
713.927372
778.566743
861.922587
856.519893
841.276579
810.018138
748.658974
716.242812
771.620422
866.939374
853.046733
755.991201
690.387064
620.345001
620.537954
745.378767
760.043222
568.826458
384.748968
302.743797
233.473546
199.899664
191.216764
84.320611
-109.018639
-295.025663
-427.970517
-509.975688
-586.192259
-668.390383
-802.107051
-1002.585575
-1112.761934
-1139.196542
-1263.265542
-1369.582835
-1366.495581
-1432.485625
-1527.997530
-1530.312970
-1514.876703
-1489.985721
-1434.029252
-1386.562729
-1330.220353
-1259.213522
-1151.352603
-1039.246710
-983.676147
-833.558446
-608.767800
-557.249257
-554.162004
-415.428549
-249.681627
-87.214911
85.285378
193.918111
219.002045
225.176552
306.409910
460.193725
611.276193
727.241153
708.717632
569.212364
564.967391
724.539806
820.823525
822.367152
795.160730
706.981052
615.135260
643.692355
763.130475
862.115540
875.622275
791.880523
643.885309
554.933817
663.373596
858.063520
886.041755
803.071817
754.254621
631.729248
562.651951
750.588508
909.582063
881.603828
798.055030
629.413808
537.182109
656.813183
796.318450
846.100413
683.826651
411.183576
340.176745
295.411569
248.523907
356.384826
244.471887
-70.235017
-216.107745
-345.386486
-425.462123
-388.415081
-500.906881
-711.804886
-915.756570
-1063.558831
-1053.525258
-1120.673021
-1243.584301
-1221.973527
-1343.534133
-1523.752557
-1486.319608
-1451.202099
-1412.611431
-1325.782426
-1344.498900
-1324.238799
-1237.988654
-1143.441516
-1008.181222
-929.263304
-787.635550
-607.417127
-630.764481
-585.420445
-341.527419
-178.095936
-64.832324
47.080616
110.562266
179.639563
249.681627
396.133215
567.475784
611.083240
640.219195
646.393702
604.715780
713.348512
848.801760
820.244665
775.479489
763.709335
733.415660
715.856906
750.395554
818.122178
813.298344
765.252962
774.321769
740.554934
674.178984
699.262918
758.692548
756.377108
740.169027
753.482808
685.177324
587.349979
679.195770
792.266430
738.818354
708.524679
660.479296
557.056304
563.423764
651.989349
736.309960
660.672249
432.987304
333.616332
265.889708
166.711689
239.648053
208.775518
-20.838961
-157.064022
-318.758924
-499.942114
-524.061282
-545.479103
-639.254428
-831.050052
-1044.263497
-1106.394474
-1199.012079
-1315.748852
-1252.653108
-1292.015591
-1470.111527
-1517.192143
-1535.136804
-1523.752557
-1412.611431
-1332.149886
-1314.012272
-1332.728746
-1281.403157
-1123.953228
-1017.635936
-874.850461
-667.618570
-624.975881
-651.989349
-554.740864
-369.698607
-155.327442
24.698028
126.577394
139.698221
118.859260
234.245359
427.584610
551.846564
662.794736
683.826651
576.737545
568.440551
703.893798
828.155752
863.659167
821.209432
749.816694
682.475977
684.791417
795.739590
871.570254
859.028287
837.224559
759.657315
666.653803
679.581677
778.566743
852.853780
843.013159
789.179176
712.383746
636.938988
693.860225
831.243005
856.519893
799.212750
711.226026
604.329873
589.472466
691.544784
807.895651
767.761355
537.182109
363.524100
325.319338
325.512291
372.978814
311.619650
75.444757
-103.615946
-202.215104
-293.289083
-323.003898
-368.347933
-523.675375
-754.254621
-942.191178
-952.224752
-930.421024
-1053.911164
-1182.611045
-1250.530622
-1336.587813
-1370.933508
-1352.602941
-1344.884807
-1321.344499
-1313.819318
-1319.993825
-1275.614556
-1172.963377
-1039.246710
-953.189519
-916.721337
-800.563424
-631.536295
-569.984178
-533.130089
-392.081195
-227.299039
-88.951492
39.362482
113.263613
150.889515
211.669818
305.831050
444.371551
560.143557
607.803033
607.417127
552.811330
565.353298
716.242812
803.071817
758.499595
709.296492
664.724270
620.345001
647.551422
731.679080
776.637209
738.239494
665.881990
626.133601
593.910392
599.506039
705.437425
752.710994
662.022923
610.697333
607.995987
577.509358
634.237641
740.361980
730.521360
643.692355
566.125111
531.972369
582.719099
663.373596
706.788099
639.447382
426.426890
302.550843
350.596226
355.998919
333.230425
273.221935
37.432949
-172.307336
-222.475205
-244.664840
-275.730328
-372.207000
-565.932158
-782.039903
-955.890866
-953.961332
-878.516575
-994.867441
-1165.631150
-1263.844402
-1369.389882
-1390.228843
-1314.398179
-1285.841084
-1305.329371
-1350.094547
-1372.284182
-1306.872998
-1185.505345
-1034.229923
-939.875738
-936.402578
-868.868907
-717.979393
-589.279512
-501.292787
-407.131556
-257.399761
-137.961641
-65.218230
60.587350
154.555628
205.688265
302.743797
390.344615
487.593100
593.524486
602.786246
582.719099
605.294640
679.002817
795.353683
800.563424
721.645506
720.294833
697.912245
656.234323
708.138772
764.481148
767.954309
713.155559
635.974221
646.972562
677.652144
659.321576
686.142091
681.511211
617.064794
631.343341
642.920542
619.380234
682.861884
711.997839
632.501061
579.438892
570.755991
599.891946
649.866862
652.954116
642.727588
580.403658
428.549377
375.873114
394.589588
340.369699
286.921622
187.164744
14.471501
-80.654498
-143.557288
-239.455100
-334.002238
-460.386679
-572.492571
-688.457531
-838.189326
-881.989735
-912.476363
-1055.068884
-1140.547216
-1176.822444
-1254.968549
-1280.631343
-1286.998804
-1313.047505
-1290.857871
-1261.721916
-1231.235287
-1176.243584
-1111.025354
-1005.479875
-918.650870
-868.290047
-740.747887
-589.279512
-511.712268
-455.755798
-374.908347
-248.909814
-99.178019
33.766835
131.787134
177.902983
211.476865
280.940069
377.030834
502.257554
616.292980
627.098368
572.106665
558.792884
629.220854
715.856906
740.747887
720.873693
669.162197
603.751013
585.999305
622.660441
681.897117
722.996180
690.001158
613.591634
559.178791
553.776097
587.735885
637.131941
665.881990
644.271215
597.769459
558.406977
558.792884
621.309767
682.475977
667.039710
607.803033
554.162004
551.460657
613.012774
662.022923
675.336704
624.011114
452.475591
329.757265
352.332806
371.628140
340.176745
233.473546
58.271910
-74.672944
-174.043916
-222.475205
-247.752094
-381.468761
-546.636823
-682.283024
-821.402385
-855.748080
-855.362173
-975.958013
-1111.797167
-1197.082545
-1240.497048
-1243.970208
-1276.000463
-1270.404816
-1241.075908
-1289.314244
-1281.210203
-1182.996951
-1095.010227
-986.956354
-912.669317
-881.024968
-788.407363
-669.741057
-553.390190
-472.928646
-411.569482
-238.104426
-81.812218
-57.307143
25.276888
141.627754
179.446610
239.455100
357.156640
481.611546
539.883456
506.309574
481.804500
514.606568
587.157025
678.231004
670.126963
578.088218
544.707290
556.091537
549.724077
565.739204
624.975881
621.116814
522.131749
478.524293
534.866669
572.878478
563.423764
532.358276
519.623355
526.183769
543.549570
583.297959
565.160344
549.145217
621.502721
601.435573
533.901903
593.138579
624.782927
613.591634
636.553081
612.240960
601.242620
541.427083
415.042643
427.391657
451.510825
381.275808
306.988770
127.349207
-20.067148
3.087254
-52.290356
-165.168062
-262.223594
-445.529271
-574.808011
-655.076602
-728.591826
-715.278046
-816.771505
-1026.897696
-1129.548875
-1181.260371
-1158.298923
-1103.114267
-1185.891251
-1248.794042
-1241.847721
-1258.441709
-1184.347625
-1063.558831
-970.941226
-896.847142
-906.687763
-877.551808
-720.873693
-559.371744
-421.024196
-355.034153
-350.403272
-248.716860
-104.580712
2.122487
137.189827
237.911473
251.611160
251.418207
299.849496
438.389997
566.896924
572.492571
531.393509
506.116621
516.536102
580.403658
622.853394
601.435573
574.229151
540.462316
477.752479
453.826265
525.026049
589.858372
551.653610
469.648439
434.530930
454.405125
483.734033
501.099834
529.271022
521.745842
470.034346
468.876626
486.628333
524.833095
637.517848
665.110176
564.388531
521.552889
537.182109
586.578165
671.670590
703.700845
685.563231
588.314745
414.849689
380.889901
471.770926
497.047814
444.757458
251.997067
-5.595647
-72.164551
-25.855748
-25.662795
-95.897812
-312.777370
-558.021071
-691.930691
-748.658974
-686.527998
-655.076602
-839.347046
-1076.679659
-1226.797360
-1243.584301
-1111.025354
-1034.229923
-1101.956547
-1182.996951
-1268.089376
-1278.122950
-1144.213329
-978.273453
-846.872226
-814.456065
-886.234708
-868.097094
-708.524679
-513.255895
-355.420059
-324.933431
-323.196851
-210.319145
-104.966619
-20.453054
121.174700
210.512098
222.475205
246.015513
307.374677
407.131556
475.051133
469.841392
475.629993
501.485741
530.621696
564.002624
523.096515
465.017559
511.905221
549.338170
490.101493
456.720565
478.331339
487.400147
464.245745
457.106472
497.240767
500.328021
435.495697
422.181916
472.156832
507.274341
554.162004
570.948945
517.500868
513.834755
573.650291
588.700652
588.893606
632.115155
656.041369
628.449041
596.611739
616.292980
654.304789
604.329873
508.432061
473.121599
454.019218
410.990622
355.613013
231.158106
88.565585
25.469841
-21.803728
-102.651179
-210.319145
-343.263999
-475.822946
-604.136920
-687.106858
-685.177324
-738.625400
-896.654189
-1029.599043
-1104.464940
-1108.709914
-1080.345772
-1108.902867
-1156.369390
-1188.206692
-1210.975186
-1161.965037
-1081.696446
-1006.058735
-907.459576
-878.130668
-879.481341
-782.811716
-640.605102
-507.081388
-416.007409
-386.099641
-310.847837
-203.951684
-131.401227
-15.629221
103.230039
164.589202
201.829198
204.530545
246.980280
371.821094
462.702119
475.244086
448.423571
434.530930
471.385019
502.450507
503.029367
524.254235
525.219002
479.682013
439.547717
434.530930
474.858179
517.886775
509.782735
473.121599
449.002431
454.598078
482.383360
492.995794
518.465635
561.494231
541.427083
494.925327
510.747501
558.985837
627.098368
667.039710
607.803033
552.811330
568.633504
601.049666
660.865203
693.667271
662.022923
624.589974
504.572994
396.905028
469.069579
507.660248
420.059430
312.777370
125.998534
8.875854
33.187975
-13.313781
-108.439779
-240.612820
-424.690310
-522.710609
-602.593293
-666.846756
-635.588315
-750.588508
-972.870760
-1048.315517
-1072.434685
-1060.278625
-1037.510130
-1127.619342
-1187.434878
-1186.663065
-1191.872805
-1118.936441
-1051.788677
-991.201328
-893.952842
-919.808590
-919.036777
-746.150581
-595.646973
-511.326361
-474.472273
-445.336318
-314.320997
-180.218423
-90.881025
0.000000
37.047042
76.795431
151.082468
221.124532
352.332806
450.160151
416.779223
372.399954
394.782542
499.556207
603.365106
570.948945
492.223980
467.911859
472.542739
518.465635
552.425424
538.725736
519.430402
458.264192
411.183576
457.492378
518.851542
559.371744
531.972369
428.549377
413.691969
499.942114
550.302937
564.388531
545.865010
517.307915
530.235789
536.603249
548.566357
598.927179
617.064794
598.155366
602.207386
593.910392
589.858372
597.769459
514.413615
437.039324
481.611546
499.749161
408.482229
269.362868
127.542160
78.146104
89.723305
37.239995
-72.936364
-237.911473
-407.903369
-483.348126
-524.061282
-550.302937
-568.826458
-726.083433
-962.258326
-1061.243391
-1025.739976
-980.395940
-998.340601
-1100.991780
-1205.572493
-1228.340987
-1183.189905
-1103.114267
-1023.231583
-981.360707
-974.607340
-982.711380
-956.469726
-802.300004
-596.418786
-514.413615
-501.292787
-463.473932
-416.007409
-287.886389
-96.669625
2.122487
54.991703
103.230039
99.756879
153.397908
306.988770
458.650098
514.027708
444.371551
381.854668
426.426890
503.415274
589.472466
634.430595
566.125111
481.225640
462.316212
467.140046
499.170301
567.861691
569.598271
467.332999
395.168448
420.252383
480.067920
518.079728
508.046154
463.666885
421.603056
422.374870
482.962220
523.096515
522.131749
552.811330
541.427083
484.312893
521.938795
578.088218
587.349979
605.294640
597.962413
593.331532
596.611739
553.583144
510.940455
452.475591
429.321190
495.890094
442.249064
288.658202
183.112723
42.063829
-36.854089
4.437927
-16.015128
-122.332420
-321.074364
-547.022730
-621.888627
-624.397021
-608.767800
-620.923861
-843.013159
-1078.223286
-1107.166287
-1086.520279
-1044.842357
-999.498321
-1082.082352
-1201.327519
-1258.827615
-1214.448346
-1068.189712
-957.048586
-905.530043
-906.301856
-961.872419
-902.056883
-693.281365
-509.782735
-406.166789
-368.154980
-389.572801
-377.995601
-228.649712
21.417821
196.233551
215.335932
162.659669
120.981747
191.602670
404.044302
591.980859
609.346660
501.292787
408.096322
425.848030
530.042836
662.215876
714.120326
605.487593
458.457145
420.638290
468.490719
541.620036
599.506039
553.197237
424.304403
355.420059
381.468761
434.530930
489.522633
497.240767
413.884923
342.492185
356.963686
412.727203
477.752479
493.381700
472.156832
469.262532
458.650098
465.982325
504.958901
509.589781
536.217343
595.454019
569.598271
518.272682
495.504187
424.304403
390.537568
462.509165
495.697140
410.604716
224.790646
56.921236
27.206421
67.147764
76.409524
0.578860
-231.158106
-464.052792
-521.938795
-527.148535
-525.797862
-528.113302
-683.247791
-931.385791
-1066.646085
-1033.844017
-930.806931
-924.632424
-1027.476556
-1133.600895
-1220.815807
-1198.433219
-1043.684637
-933.894184
-913.827037
-921.738124
-963.608999
-949.523405
-799.212750
-582.333192
-447.458804
-457.106472
-454.598078
-383.012388
-312.970324
-150.696562
43.028596
95.704859
102.265272
123.876047
151.082468
248.523907
389.379848
499.556207
503.801181
424.497357
426.233937
484.119940
516.536102
597.383553
639.640335
551.074750
476.401806
480.067920
498.398487
525.219002
557.442210
537.953923
435.495697
375.101301
431.057770
468.297766
453.440358
464.631652
432.215490
361.594566
365.453633
419.673523
442.634971
440.319531
472.349786
467.140046
388.993941
395.168448
475.244086
476.015899
464.824605
491.645120
474.665226
432.022537
424.304403
432.215490
384.363061
323.196851
341.334465
328.213638
231.736966
173.850963
95.511905
-42.256782
-82.969938
-45.344036
-84.706518
-240.033960
-423.339636
-525.026049
-564.774438
-560.143557
-523.482422
-624.011114
-847.451086
-961.486513
-969.011693
-935.244858
-863.659167
-877.744761
-993.709721
-1093.466600
-1098.869293
-983.676147
-861.343727
-831.050052
-828.734612
-843.784973
-839.154093
-719.330066
-559.371744
-451.896731
-389.572801
-367.576120
-331.300891
-237.718520
-133.909621
-15.050361
99.756879
150.310655
172.114383
209.740285
261.258828
340.948559
428.163470
489.908540
509.010921
481.997453
476.787713
509.589781
537.182109
581.947285
622.274534
574.808011
492.802840
469.455486
492.416934
507.467294
494.732374
472.542739
429.707097
372.014047
370.277467
398.641608
385.713734
369.505654
352.139853
301.200170
285.185042
309.497164
334.581098
349.824412
322.039131
312.391464
328.599545
296.762243
298.305870
348.087832
345.193532
353.490526
377.030834
366.804307
369.119747
359.472080
323.582758
299.270636
281.325975
309.304210
332.072705
246.787327
131.594181
48.624243
10.805387
42.449736
46.308803
-46.115849
-193.146297
-357.542546
-430.285957
-391.695288
-369.698607
-418.708756
-563.037857
-769.690889
-868.675954
-829.506425
-769.112029
-759.271408
-856.133987
-982.904334
-1043.105777
-1038.860803
-935.437811
-817.350365
-808.088604
-860.957820
-905.530043
-881.024968
-735.731100
-564.581484
-449.581291
-424.304403
-470.613206
-443.020878
-311.619650
-168.062363
-4.052020
123.876047
115.772006
88.372631
153.783815
283.062555
426.426890
525.219002
549.145217
509.203875
465.210512
526.376722
642.920542
685.370277
687.299811
656.234323
555.512677
496.468954
558.021071
626.712461
601.242620
511.712268
429.128237
359.086173
326.670011
381.275808
412.727203
312.970324
209.547331
175.008683
145.100915
137.768688
188.515417
198.548991
115.579053
66.761857
110.948173
138.926408
132.751901
172.307336
183.691583
147.609308
171.149616
242.156447
283.062555
286.342762
284.413229
302.164937
279.975302
257.978621
339.019025
386.099641
339.790839
311.619650
241.770540
143.943195
164.589202
215.721838
184.463397
69.270250
-88.179678
-185.428163
-225.176552
-246.208467
-227.491992
-309.111257
-524.640142
-677.073284
-725.697526
-713.927372
-671.091730
-725.697526
-863.659167
-974.800293
-1031.142670
-979.238220
-892.023309
-878.516575
-889.321962
-924.053564
-964.380813
-885.076988
-724.925713
-604.329873
-546.250917
-532.165322
-501.099834
-405.009069
-276.116235
-128.892834
-2.508393
61.745070
106.896153
165.553969
243.121213
345.579439
459.614865
539.111643
554.162004
549.724077
578.281172
615.328214
646.200749
683.826651
690.965924
643.885309
576.930498
543.742523
535.831436
520.202215
496.854860
433.566164
319.916644
245.822560
228.456759
214.371165
198.934898
153.204955
70.042064
-10.805387
-54.991703
-28.171188
25.083935
13.506734
-35.503415
-73.322271
-82.969938
-19.488288
74.287037
102.651179
88.372631
94.354185
141.434801
226.141319
316.443484
378.960367
390.730521
368.733840
384.748968
449.388338
502.643461
536.410296
552.618377
522.710609
465.210512
410.990622
361.208660
360.243893
383.784201
346.351252
228.649712
49.589009
-98.792112
-132.173041
-130.050554
-170.377803
-277.466909
-471.577972
-669.355150
-765.831822
-756.570061
-721.259599
-765.638869
-913.055223
-1054.104118
-1113.919654
-1084.011886
-998.533555
-944.120712
-958.399259
-1003.357388
-1027.669510
-970.941226
-828.541659
-673.793077
-573.071431
-557.828117
-552.425424
-450.160151
-277.852815
-127.349207
-10.805387
77.953151
123.683093
180.604330
296.569290
426.233937
513.255895
556.863350
575.386871
591.980859
627.677228
678.423957
699.455872
674.371937
648.516189
639.640335
607.995987
548.759310
509.010921
475.437039
404.623162
326.091151
274.379655
215.335932
152.047235
95.511905
29.714815
-33.573882
-68.691390
-91.652838
-125.033767
-173.079149
-194.111064
-173.658009
-150.889515
-133.137807
-120.209933
-119.245167
-95.897812
-25.855748
63.288697
157.256975
207.424845
199.127851
228.456759
322.617991
449.967198
567.668738
612.819820
588.893606
561.301277
597.769459
683.054837
749.044881
773.357002
749.816694
655.848416
532.358276
477.752479
516.922008
539.883456
451.703778
299.077683
118.666306
-49.203103
-97.634392
-89.337398
-165.168062
-314.899857
-508.239108
-703.700845
-811.561764
-812.912438
-768.726122
-835.873886
-1035.387643
-1167.367730
-1191.486898
-1170.840891
-1083.625979
-1024.196349
-1055.840698
-1094.817273
-1102.921314
-1020.337282
-859.028287
-712.190792
-596.997646
-563.037857
-573.071431
-451.896731
-247.945047
-83.548798
49.396056
124.454907
158.607649
218.809092
320.109597
478.910200
617.450700
641.376915
610.890287
589.665419
611.276193
695.403851
753.675761
717.786439
631.150388
546.250917
507.853201
492.802840
454.212171
405.780882
324.740478
198.548991
94.933045
54.412843
29.907768
-17.944661
-88.565585
-171.921429
-237.718520
-265.503801
-264.539034
-267.626288
-279.396442
-276.116235
-263.574268
-249.874580
-204.916451
-137.575734
-81.426311
-28.943002
27.206421
104.580712
208.196658
296.183383
353.490526
415.235596
493.960560
594.682206
671.284683
713.927372
768.147262
794.774823
799.019797
833.558446
860.764867
860.378960
859.993054
816.964458
718.172346
604.908733
542.584803
533.901903
469.069579
353.876433
222.861112
24.312121
-151.661328
-205.109405
-244.664840
-347.508972
-498.977347
-688.264578
-860.957820
-952.417705
-940.068691
-923.860611
-1036.159457
-1177.015398
-1233.164821
-1261.336009
-1241.268861
-1139.582449
-1074.557172
-1093.080693
-1107.552194
-1053.911164
-946.243198
-795.160730
-627.677228
-531.972369
-515.571335
-448.616525
-280.554162
-101.493459
38.011809
163.624436
248.523907
264.731988
323.968664
461.544399
575.965731
648.323235
678.231004
648.709142
630.571528
654.883649
682.090071
674.757844
613.205727
546.829777
491.259214
405.973836
348.473739
315.285764
237.525566
140.855941
42.256782
-54.605796
-113.649520
-153.783815
-204.916451
-264.346081
-322.425038
-356.577779
-373.171767
-376.644927
-364.488867
-351.753946
-333.037472
-305.445143
-258.750434
-179.253656
-98.020299
-29.714815
22.382588
85.864238
210.126191
331.107938
399.992282
467.718906
524.061282
604.908733
728.591826
804.615444
845.714506
876.779995
881.603828
918.072010
950.102265
947.786825
951.838845
893.373982
816.771505
811.175858
771.041562
668.004477
534.673716
382.626481
319.144831
292.517269
178.095936
22.575541
-165.168062
-337.475398
-406.166789
-460.965539
-548.952263
-655.462509
-829.699379
-984.255007
-1036.738317
-1035.966503
-1002.778528
-1042.719870
-1177.208351
-1241.654768
-1212.711766
-1144.213329
-1040.790337
-972.677807
-961.486513
-955.890866
-908.231390
-773.742909
-600.084899
-459.228958
-365.260680
-332.265658
-298.498823
-158.607649
39.362482
174.429823
244.664840
295.218616
317.408251
340.369699
445.722224
577.702312
626.133601
609.925520
558.021071
493.574654
485.856520
550.495890
585.613399
501.485741
358.314360
266.468568
209.547331
175.973450
200.092618
165.361016
5.788600
-143.364335
-206.460078
-213.792305
-184.849303
-174.236870
-245.050747
-373.171767
-428.163470
-358.700266
-286.342762
-256.242041
-220.931579
-230.965153
-258.557481
-190.251997
-58.850770
48.431289
124.840813
186.199977
218.616139
246.787327
356.963686
515.764288
594.682206
638.289662
697.333385
708.138772
733.801567
827.769845
903.600509
919.615637
898.390769
870.026628
842.048393
811.368811
833.558446
846.679273
743.642187
644.078262
598.541273
503.029367
390.730521
307.181723
227.684946
149.152935
51.518543
-58.657817
-199.320804
-360.629800
-430.864817
-451.896731
-536.024389
-618.608420
-712.190792
-855.748080
-943.541852
-928.298537
-875.815228
-882.375642
-983.676147
-1061.436345
-1060.857485
-1022.266816
-920.194497
-836.838652
-838.382279
-838.768186
-806.159071
-739.590167
-613.591634
-482.190406
-396.519122
-367.576120
-362.559333
-278.045769
-126.963300
-24.698028
48.817196
98.792112
104.001852
129.471694
184.656350
261.644734
349.438506
370.470420
331.879751
302.936750
290.587736
311.812604
348.087832
338.247212
296.569290
238.683286
180.990237
153.590862
138.926408
133.716667
128.313974
69.077297
-16.786941
-56.342376
-57.114190
-48.238336
-44.186316
-46.887663
-74.094084
-128.506927
-136.225061
-75.830664
-26.820515
-3.280207
14.278547
0.578860
-10.419481
50.360823
164.203296
231.544013
240.033960
262.223594
287.886389
313.935090
391.309381
488.750820
531.779416
538.146876
558.021071
575.386871
582.912052
629.220854
703.121985
705.823332
660.093389
653.340022
648.516189
634.623548
649.866862
644.464169
595.646973
520.395168
460.386679
446.494038
424.111450
378.188554
307.953537
163.238529
72.550457
79.882684
48.624243
-30.872535
-148.767028
-289.430016
-367.383167
-402.114769
-426.619843
-456.141705
-569.598271
-701.771312
-777.987883
-823.138965
-794.581870
-774.321769
-865.395747
-951.067032
-984.062054
-976.536873
-921.545170
-888.357195
-873.885694
-865.974607
-887.971289
-847.451086
-746.150581
-659.514529
-574.036198
-535.831436
-533.130089
-456.334658
-341.334465
-227.684946
-130.436460
-82.198124
-30.872535
25.469841
74.094084
177.324123
285.377996
327.055918
345.772392
346.737159
357.735500
405.780882
449.002431
479.489060
477.945433
428.935283
392.081195
376.259021
355.227106
357.156640
345.193532
283.255509
210.319145
165.746922
141.820708
115.193146
86.829005
53.641030
6.753367
-42.642689
-64.253464
-67.533670
-74.672944
-83.355845
-70.427971
-65.025277
-78.724964
-62.709837
-25.469841
8.682900
61.745070
109.211593
130.629414
158.028789
204.723498
277.081002
350.982133
399.606375
443.020878
481.804500
504.380041
553.004284
619.187281
661.058156
686.142091
693.474318
694.824991
703.700845
709.296492
714.313279
700.613592
653.532976
617.064794
578.088218
532.551229
499.749161
445.336318
356.384826
234.631266
122.332420
79.689731
52.483310
-33.380928
-160.923089
-310.847837
-444.371551
-502.064601
-521.745842
-572.492571
-673.407170
-811.561764
-926.176051
-978.659360
-973.063713
-934.087138
-958.013352
-1069.540385
-1133.986802
-1109.867634
-1051.595724
-977.887547
-928.105584
-917.107243
-908.038436
-869.447768
-776.444256
-642.727588
-530.621696
-449.388338
-403.658395
-374.329487
-266.854475
-108.632733
12.541967
95.704859
145.679775
177.710030
224.211786
297.148150
405.973836
495.697140
502.836414
476.594759
463.859839
478.331339
534.866669
566.896924
527.534442
465.789372
412.727203
385.134874
377.223787
352.332806
318.373017
271.871262
185.235210
121.560607
105.352526
83.741751
54.026936
11.384247
-35.889322
-64.446417
-78.724964
-81.233358
-79.882684
-89.337398
-81.812218
-66.761857
-70.813877
-50.553776
-2.315440
38.976575
67.533670
98.599159
144.329101
186.778837
229.421526
282.483695
323.968664
358.700266
409.061089
448.037664
481.225640
524.640142
557.249257
567.861691
558.792884
569.598271
612.819820
622.853394
604.522826
588.893606
542.005943
509.782735
516.150195
491.645120
446.879944
389.186895
306.988770
251.804114
221.317485
188.129510
131.787134
7.332227
-116.350866
-141.820708
-162.659669
-220.738625
-294.253849
-424.690310
-545.865010
-580.210705
-582.140238
-588.121792
-645.235982
-769.497935
-862.694400
-903.986416
-882.375642
-804.422491
-803.843631
-891.637402
-943.348898
-942.384132
-881.796782
-779.724463
-716.242812
-699.455872
-712.383746
-707.752865
-609.539613
-472.735693
-371.628140
-298.884730
-282.290742
-273.800795
-186.585884
-63.481650
54.798750
131.980087
152.433142
174.429823
205.109405
252.382974
351.753946
427.970517
431.636630
419.673523
397.869795
396.519122
429.321190
456.527612
470.227299
441.091344
373.943580
336.703585
321.074364
307.760583
315.671671
298.498823
235.788986
169.413036
129.664647
128.313974
127.542160
110.369313
82.776985
32.995022
-11.384247
-8.682900
15.629221
23.154401
13.699687
-5.788600
-25.276888
-24.312121
13.699687
66.375950
89.723305
80.461544
74.865897
90.688072
129.857600
184.077490
232.508779
249.295720
249.681627
260.294061
288.465249
325.898198
373.364720
410.604716
413.691969
397.676842
392.274148
416.007409
449.388338
462.702119
455.948752
434.530930
402.114769
383.012388
380.311041
374.908347
352.332806
302.743797
244.085980
206.074171
176.359356
143.557288
87.600818
-3.859067
-72.936364
-101.686412
-144.329101
-202.793964
-285.763902
-382.433528
-450.353105
-492.802840
-520.202215
-549.531123
-633.658781
-734.573380
-788.021456
-806.544977
-787.828503
-772.199282
-823.524872
-883.919268
-898.390769
-880.832015
-819.665805
-763.902288
-738.046540
-720.101879
-713.734419
-669.162197
-557.249257
-456.334658
-385.520781
-325.126384
-287.693436
-217.651372
-107.667966
-10.419481
80.654498
153.397908
201.250338
258.364527
313.163277
378.381507
455.948752
493.188747
507.853201
531.200556
538.532783
549.917030
567.089878
562.844904
553.969050
526.376722
475.629993
443.985644
423.918497
394.782542
361.787520
301.586076
231.736966
189.094277
153.397908
114.228380
76.023617
22.189635
-24.505075
-59.429630
-92.231698
-104.001852
-117.701540
-149.538842
-166.518736
-158.993555
-153.783815
-149.538842
-142.206614
-130.629414
-100.142785
-66.568904
-35.889322
-9.068807
9.454714
56.535330
113.456566
144.522055
184.849303
232.701733
262.416548
299.270636
344.614672
377.609694
405.780882
422.953730
447.458804
473.121599
476.208853
487.014240
489.329680
465.982325
460.772585
455.948752
422.953730
391.309381
357.735500
320.688458
273.993748
212.634585
170.377803
135.260294
70.042064
1.736580
-76.602478
-165.168062
-200.671478
-219.002045
-284.799136
-372.978814
-466.175279
-535.831436
-555.512677
-564.967391
-576.544592
-628.063134
-721.645506
-770.655655
-754.254621
-718.944159
-679.002817
-689.615251
-743.449234
-750.974414
-699.069965
-619.959094
-551.074750
-514.992475
-489.908540
-462.316212
-425.269170
-334.581098
-221.703392
-147.223401
-95.897812
-68.112530
-38.976575
38.397715
138.926408
214.757072
259.715201
280.361209
287.307529
300.428356
339.983792
413.499016
454.019218
428.935283
388.608035
363.910007
365.453633
391.695288
401.150002
360.243893
298.112916
251.611160
227.299039
209.354378
195.075831
173.850963
118.087446
49.010149
16.593988
15.050361
1.929533
-22.189635
-48.817196
-83.355845
-112.105893
-110.562266
-93.582372
-99.178019
-104.580712
-99.949832
-107.667966
-101.107552
-64.446417
-28.171188
-18.523521
-15.822174
4.630880
32.223208
63.481650
107.667966
140.084128
148.188168
164.203296
199.899664
227.106086
249.488674
282.676649
300.621310
300.042450
310.461930
334.967005
350.789179
352.718713
347.123066
344.421719
335.545865
333.037472
337.668352
318.758924
287.886389
273.028982
253.347741
222.861112
205.688265
188.129510
148.959981
101.686412
68.691390
47.273569
16.015128
-29.907768
-79.689731
-119.438120
-139.505268
-157.256975
-194.882877
-254.891367
-308.532397
-332.458612
-341.527419
-348.280786
-361.401613
-404.623162
-461.930305
-488.557867
-476.015899
-442.056111
-431.250724
-465.017559
-503.608228
-508.625014
-475.244086
-424.111450
-395.747308
-393.817775
-393.817775
-391.309381
-362.559333
-298.112916
-248.716860
-224.211786
-209.740285
-198.548991
-166.904642
-117.894493
-68.884344
-35.310462
-16.979894
3.859067
30.679582
48.624243
69.077297
106.896153
136.418014
144.907961
153.397908
163.238529
167.290549
172.886196
191.795624
208.389611
206.460078
202.022151
198.741944
183.305677
179.253656
194.304017
203.951684
189.094277
167.483502
164.203296
153.397908
134.295527
137.189827
141.820708
124.454907
105.352526
91.459885
79.689731
69.656157
62.709837
63.481650
50.553776
31.258442
32.609115
26.627561
6.560414
8.104040
18.716474
15.822174
11.577201
12.349014
20.067148
26.048701
28.171188
46.694709
62.709837
69.463204
89.530352
109.790453
118.666306
142.399568
167.869409
180.797283
202.022151
228.263806
253.733647
268.012195
271.871262
294.639756
318.951877
328.020685
345.386486
354.069386
342.685139
339.597885
334.388145
327.441825
331.493845
319.723691
298.498823
266.275615
220.931579
186.971790
145.100915
103.037086
85.671285
42.835642
-35.503415
-102.844132
-170.763709
-228.456759
-254.312507
-293.289083
-355.227106
-436.267511
-517.693822
-559.178791
-581.175472
-597.190599
-601.435573
-655.462509
-728.205920
-741.133794
-723.382086
-695.982711
-663.566550
-652.375256
-658.549763
-656.041369
-615.714120
-528.885116
-455.562845
-404.623162
-356.770733
-334.195192
-290.394783
-181.955003
-77.953151
-13.506734
32.995022
67.919577
109.983406
170.763709
253.154787
334.002238
360.822753
351.560993
362.559333
384.556014
420.831243
468.104812
472.542739
432.022537
395.747308
375.873114
372.592907
371.628140
359.857986
320.302551
247.173234
184.077490
159.765369
148.381121
126.577394
87.793771
25.083935
-34.152742
-68.498437
-82.005171
-86.829005
-101.300506
-130.436460
-168.062363
-196.233551
-185.042257
-158.028789
-147.416355
-141.820708
-139.505268
-134.874387
-110.369313
-69.077297
-30.679582
2.508393
32.995022
63.674603
90.302165
127.928067
183.884537
225.176552
247.945047
282.097789
316.636437
333.037472
352.525759
385.134874
410.990622
420.638290
427.391657
429.321190
418.322850
414.849689
425.269170
413.691969
378.767414
351.368039
331.879751
302.550843
277.852815
254.891367
210.512098
144.715008
98.213252
78.917918
50.746729
10.612434
-38.590669
-108.825686
-178.867750
-205.109405
-203.179871
-230.193339
-287.886389
-346.544206
-405.009069
-439.547717
-432.987304
-416.586269
-437.811137
-493.381700
-537.760969
-547.987497
-532.937136
-502.836414
-480.453826
-502.450507
-533.515996
-524.640142
-486.628333
-439.354764
-396.519122
-377.609694
-377.030834
-375.487207
-338.633119
-264.346081
-203.565778
-174.236870
-154.169722
-143.364335
-118.859260
-60.394397
-2.122487
40.906109
62.130977
65.797090
78.724964
105.159572
145.293868
190.830857
205.109405
191.602670
182.726817
192.760391
214.178212
230.000386
231.351059
226.527226
206.460078
185.428163
188.515417
197.391271
192.181531
179.060703
157.642882
136.418014
126.963300
127.928067
128.699880
115.193146
96.669625
85.864238
73.322271
62.323930
69.463204
74.865897
61.552117
52.097403
50.939683
52.097403
52.097403
55.763516
60.973257
59.815537
60.201443
69.077297
78.917918
88.565585
100.335739
108.246826
113.649520
124.261953
140.662988
157.642882
168.834176
175.780496
190.059044
197.584224
208.196658
226.141319
238.297380
246.787327
246.594373
245.822560
252.575927
263.960174
268.784008
267.047428
261.065874
250.646394
243.314167
230.000386
222.861112
211.090958
190.251997
173.850963
149.152935
118.473353
93.775325
68.112530
34.924555
7.332227
-26.434608
-77.760198
-134.102574
-170.763709
-183.884537
-214.371165
-266.082661
-323.968664
-386.485548
-425.655077
-435.302744
-443.020878
-476.208853
-534.094856
-586.192259
-611.662100
-609.539613
-584.069772
-570.755991
-603.943966
-639.447382
-632.886968
-595.068113
-544.900243
-500.135067
-472.928646
-464.438699
-445.915178
-391.695288
-314.899857
-241.191680
-179.446610
-132.751901
-105.931386
-60.780303
16.786941
97.055532
161.694902
208.582565
237.525566
262.223594
295.990430
350.403272
407.324509
432.408444
429.707097
420.252383
415.042643
427.391657
447.265851
450.546058
424.111450
381.275808
351.946899
335.159958
319.530737
299.077683
267.433335
219.194999
172.307336
140.470034
118.280400
95.318952
64.832324
29.521862
-6.560414
-37.625902
-51.904450
-59.236677
-70.235017
-82.776985
-97.441439
-105.738432
-108.632733
-99.370972
-81.233358
-67.340717
-61.938023
-58.078957
-44.572222
-18.137614
16.786941
44.958129
65.797090
78.724964
95.704859
125.998534
156.678115
186.778837
210.512098
222.475205
229.421526
238.683286
255.856134
271.871262
275.537375
271.871262
271.871262
259.329294
244.471887
238.297380
224.211786
202.793964
179.060703
151.082468
119.438120
90.688072
64.060510
33.766835
-2.701347
-34.538649
-64.639370
-100.142785
-135.067341
-164.396249
-197.005364
-226.334272
-247.752094
-263.960174
-285.763902
-323.968664
-350.017366
-356.577779
-358.314360
-357.349593
-364.681820
-390.344615
-409.061089
-405.587929
-388.415081
-364.102960
-352.525759
-357.156640
-363.717053
-354.648246
-321.846178
-276.309188
-249.295720
-239.069193
-228.263806
-209.354378
-173.272103
-124.069000
-78.917918
-48.431289
-32.802068
-21.224868
10.805387
61.166210
110.948173
144.522055
152.819048
154.555628
169.220083
198.548991
240.612820
267.626288
271.099448
257.206807
240.419866
244.085980
270.520588
285.956856
273.414888
240.805773
204.723498
189.094277
188.129510
190.637904
175.394590
137.768688
93.003512
60.780303
46.115849
41.099062
32.223208
1.157720
-35.117509
-62.323930
-73.901131
-74.865897
-83.355845
-94.354185
-108.439779
-122.525373
-127.349207
-122.911280
-110.562266
-98.213252
-93.775325
-94.354185
-86.443098
-68.691390
-43.607456
-21.031914
-3.280207
16.208081
31.837302
49.974916
79.496778
110.562266
131.980087
146.644541
157.449929
175.008683
201.443291
222.089299
235.788986
238.876240
242.156447
250.260487
257.592714
263.574268
264.539034
254.312507
238.683286
227.491992
221.703392
214.564118
196.619457
169.605989
144.329101
123.297187
103.230039
79.110871
47.080616
16.208081
-10.805387
-37.432949
-60.394397
-84.320611
-113.070660
-141.241848
-172.307336
-191.795624
-203.372824
-219.966812
-242.735307
-264.153128
-273.607842
-277.081002
-282.483695
-289.430016
-290.973643
-294.832709
-291.359549
-282.676649
-276.309188
-268.398101
-256.242041
-245.436653
-234.824220
-214.757072
-197.198317
-181.762050
-168.641223
-151.275422
-127.928067
-109.790453
-93.582372
-78.146104
-62.902790
-47.273569
-34.924555
-20.453054
-4.823834
6.753367
16.015128
23.154401
28.943002
35.503415
40.906109
39.748389
40.713156
41.292016
40.327249
36.082275
30.293675
26.241655
22.961448
21.996681
17.944661
11.577201
1.929533
-3.087254
-6.367460
-7.718134
-4.244974
-3.473160
-6.367460
-12.156061
-11.577201
0.385907
12.349014
20.838961
28.750048
35.310462
41.292016
58.657817
79.689731
97.248485
115.579053
130.436460
140.084128
155.520395
177.517076
199.706711
215.335932
224.983599
237.139660
250.067534
259.715201
267.433335
275.344422
279.782349
279.203489
280.361209
280.361209
274.765562
265.696755
254.698414
239.455100
226.913132
217.265465
201.443291
178.288890
153.204955
129.085787
107.282059
86.829005
66.375950
42.642689
11.384247
-16.015128
-38.590669
-57.886003
-73.515224
-89.337398
-114.421333
-143.364335
-165.361016
-176.359356
-183.305677
-193.725157
-203.758731
-214.178212
-230.000386
-241.384633
-242.542353
-240.612820
-236.946706
-231.929919
-233.087639
-241.577587
-240.612820
-231.736966
-217.651372
-202.215104
-191.602670
-191.216764
-193.339251
-184.077490
-165.553969
-147.995215
-139.698221
-135.839154
-133.137807
-126.191487
-116.350866
-104.001852
-94.161232
-89.530352
-84.899471
-80.847451
-78.339058
-77.374291
-70.813877
-63.095743
-54.412843
-45.151082
-46.887663
-54.219890
-51.518543
-38.783622
-23.540308
-14.278547
-16.979894
-18.523521
-14.085594
-4.437927
16.786941
26.627561
27.978235
36.661135
44.958129
52.676263
73.515224
93.196465
97.441439
101.300506
111.334079
128.313974
139.698221
146.065681
157.256975
160.151275
165.553969
179.446610
185.428163
187.357697
191.988577
194.496971
192.181531
189.673137
190.637904
194.496971
189.287230
182.533863
181.376143
172.114383
158.993555
156.678115
153.976768
143.750241
132.365994
116.543820
101.879366
94.740092
91.845792
86.443098
67.147764
44.379269
32.609115
22.382588
12.349014
11.384247
5.788600
-18.137614
-38.976575
-47.273569
-45.729942
-44.186316
-47.466523
-60.201443
-83.548798
-97.441439
-87.600818
-77.953151
-78.339058
-81.619264
-95.897812
-112.684753
-114.228380
-97.248485
-83.162891
-87.214911
-101.879366
-111.334079
-111.334079
-101.300506
-87.793771
-86.829005
-96.862579
-105.352526
-107.667966
-102.844132
-89.723305
-84.127658
-88.758538
-98.020299
-100.142785
-86.829005
-79.689731
-77.953151
-74.287037
-76.988384
-76.602478
-65.797090
-55.956470
-50.746729
-46.887663
-42.642689
-41.099062
-34.731602
-22.575541
-13.506734
-10.805387
-9.454714
-1.350673
5.595647
10.612434
16.015128
18.909428
18.523521
23.926215
26.048701
26.820515
29.907768
29.907768
28.943002
25.855748
26.820515
30.100722
29.135955
23.733261
21.803728
22.961448
19.488288
18.716474
16.786941
14.471501
14.664454
17.172848
17.365801
14.085594
15.822174
17.172848
17.944661
22.575541
30.293675
33.959789
33.187975
36.854089
41.870876
48.045383
56.342376
62.709837
63.288697
65.604137
71.199784
76.216571
78.532011
78.339058
81.619264
85.478331
83.162891
77.760198
75.444757
72.743411
69.463204
64.639370
61.359163
54.412843
43.993362
34.538649
27.978235
21.224868
14.085594
3.666114
-9.647667
-20.838961
-29.135955
-34.538649
-38.397715
-42.835642
-55.763516
-63.481650
-70.620924
-74.479991
-69.077297
-66.761857
-68.112530
-72.743411
-75.444757
-70.235017
-61.359163
-53.641030
-44.958129
-44.765176
-42.835642
-34.924555
-25.083935
-11.577201
3.473160
11.384247
13.892641
17.944661
25.083935
37.239995
48.431289
53.641030
58.464863
59.815537
56.342376
55.763516
58.078957
62.130977
63.288697
55.377610
44.379269
32.030255
26.048701
27.592328
25.469841
11.963107
-4.244974
-18.523521
-30.679582
-37.047042
-41.099062
-48.624243
-63.867557
-81.619264
-91.073978
-93.582372
-92.810558
-93.389418
-97.827345
-105.931386
-107.860919
-104.194806
-97.441439
-89.916258
-82.584031
-78.724964
-75.830664
-65.411184
-50.167869
-37.432949
-27.399375
-16.979894
-6.367460
6.946320
21.610775
35.503415
45.151082
55.956470
65.990044
76.216571
83.934705
90.302165
95.511905
97.441439
101.107552
104.194806
104.387759
100.914599
95.318952
90.495118
84.899471
81.619264
75.058851
61.938023
48.624243
41.099062
31.065488
17.944661
11.963107
-0.578860
-15.822174
-26.627561
-36.854089
-46.501756
-52.869216
-60.201443
-65.797090
-72.550457
-77.760198
-79.496778
-82.584031
-79.689731
-78.146104
-78.339058
-78.339058
-76.602478
-69.270250
-58.657817
-50.939683
-44.186316
-37.625902
-34.731602
-23.540308
-11.770154
-2.122487
8.875854
16.015128
21.031914
26.048701
34.345695
45.151082
52.869216
57.693050
60.201443
63.095743
63.481650
64.832324
71.971597
75.058851
73.322271
70.235017
65.604137
61.745070
59.429630
60.008490
57.886003
47.852429
39.555435
37.432949
33.766835
29.328908
24.312121
16.015128
7.332227
1.350673
-1.350673
-5.402694
-13.120827
-20.067148
-25.276888
-29.521862
-30.293675
-29.328908
-33.380928
-41.677922
-38.976575
-37.047042
-37.432949
-37.239995
-37.432949
-37.047042
-37.432949
-31.644348
-26.241655
-23.540308
-20.646008
-18.716474
-16.979894
-13.313781
-7.332227
-2.122487
-0.192953
2.894300
6.367460
7.911087
10.226527
13.120827
15.243314
15.050361
14.664454
15.243314
13.506734
10.805387
11.384247
10.612434
7.139274
3.666114
-0.192953
-4.630880
-6.946320
-10.033574
-11.384247
-14.278547
-20.453054
-22.382588
-26.627561
-30.100722
-29.328908
-31.065488
-34.538649
-38.011809
-41.099062
-40.713156
-41.099062
-40.520202
-37.047042
-42.449736
-44.765176
-44.379269
-40.134296
-37.818855
-35.889322
-34.152742
-37.239995
-37.432949
-34.924555
-29.328908
-25.469841
-22.768495
-25.855748
-26.434608
-21.610775
-13.892641
-6.367460
-1.543627
0.578860
-0.578860
1.350673
9.261761
22.768495
31.451395
34.924555
37.047042
39.169529
49.203103
62.323930
73.515224
77.760198
78.339058
78.917918
85.092425
94.933045
105.545479
108.632733
105.738432
104.001852
104.580712
104.001852
105.738432
106.510246
99.756879
92.424652
84.899471
79.496778
71.971597
64.446417
56.535330
45.344036
31.451395
18.137614
7.718134
-2.508393
-12.734921
-23.154401
-33.380928
-47.080616
-57.693050
-65.218230
-71.585691
-77.374291
-84.513565
-92.810558
-96.862579
-96.862579
-97.055532
-96.862579
-96.862579
-97.055532
-96.476672
-91.652838
-81.812218
-72.164551
-65.797090
-59.815537
-57.500096
-47.852429
-35.310462
-23.154401
-11.384247
-7.911087
-3.666114
1.929533
10.998341
18.523521
27.785282
33.380928
33.380928
33.766835
33.187975
37.047042
40.906109
41.292016
35.117509
25.662795
21.224868
17.172848
15.050361
11.191294
4.437927
-3.280207
-14.085594
-20.646008
-25.469841
-30.872535
-35.696369
-42.835642
-53.448076
-61.166210
-63.288697
-66.761857
-64.253464
-63.867557
-69.849110
-74.094084
-71.971597
-67.726624
-61.552117
-57.500096
-52.676263
-48.238336
-44.379269
-34.924555
-24.698028
-14.664454
-3.280207
10.612434
19.102381
29.521862
41.292016
57.114190
68.112530
76.409524
89.723305
99.178019
106.896153
113.263613
122.718327
129.278740
133.716667
134.295527
134.295527
134.102574
134.488481
132.558947
125.419674
118.666306
112.105893
100.914599
86.443098
75.058851
65.411184
53.255123
39.555435
23.733261
6.946320
-9.454714
-23.540308
-35.889322
-47.852429
-60.973257
-76.023617
-91.652838
-102.651179
-105.931386
-111.334079
-115.964960
-122.332420
-130.243507
-130.243507
-126.384440
-120.016980
-111.719986
-108.053873
-103.808899
-98.020299
-86.250145
-73.322271
-59.236677
-44.379269
-32.030255
-21.417821
-11.384247
0.964767
17.172848
30.486628
41.292016
50.360823
54.412843
58.850770
67.340717
75.444757
78.724964
77.567244
75.251804
71.392737
63.288697
63.481650
62.516883
56.342376
46.308803
35.696369
23.733261
14.278547
7.332227
-1.350673
-11.577201
-21.996681
-32.030255
-42.642689
-49.974916
-54.605796
-57.693050
-64.446417
-70.235017
-70.813877
-70.813877
-67.919577
-65.411184
-62.902790
-60.394397
-55.956470
-49.203103
-42.063829
-35.696369
-27.785282
-18.137614
-10.998341
-0.964767
6.560414
14.278547
19.681241
29.135955
38.976575
45.536989
51.711496
52.869216
58.078957
62.709837
63.867557
66.761857
67.340717
66.954810
67.340717
64.832324
61.166210
59.043723
55.763516
51.518543
46.115849
41.099062
35.889322
30.872535
24.312121
18.523521
14.664454
10.805387
4.244974
-1.929533
-7.139274
-10.998341
-11.963107
-16.786941
-19.488288
-21.803728
-24.698028
-29.521862
-29.907768
-29.521862
-29.907768
-29.907768
-29.714815
-29.714815
-29.907768
-29.907768
-29.714815
-30.100722
-27.592328
-25.662795
-26.241655
-26.048701
-26.241655
-22.575541
-22.575541
-21.996681
-18.909428
-17.944661
-14.664454
-15.436268
-13.892641
-10.805387
-8.296994
-7.139274
-7.525180
-3.666114
-3.473160
0.964767
1.929533
0.771813
3.666114
5.209740
8.104040
10.612434
11.384247
10.998341
11.384247
10.805387
13.120827
15.822174
15.822174
14.664454
12.156061
10.612434
12.734921
14.857407
15.243314
13.313781
10.998341
7.911087
6.174507
6.946320
7.911087
4.823834
0.771813
-1.736580
-3.859067
-3.859067
-3.666114
-3.859067
-8.489947
-12.541967
-15.050361
-14.857407
-14.857407
-15.243314
-14.664454
-15.629221
-18.716474
-18.716474
-15.243314
-15.050361
-14.664454
-15.243314
-13.892641
-11.384247
-9.840621
-7.332227
-5.402694
-3.087254
-1.350673
1.736580
3.473160
6.946320
10.226527
12.541967
17.172848
19.681241
22.189635
23.540308
27.399375
29.907768
29.714815
29.521862
32.030255
33.959789
33.380928
33.573882
29.714815
30.486628
33.959789
30.486628
26.048701
22.382588
16.593988
15.050361
12.541967
10.226527
5.788600
0.578860
-5.016787
-11.577201
-15.822174
-18.137614
-21.996681
-28.943002
-32.995022
-36.661135
-37.432949
-37.047042
-37.432949
-39.748389
-42.642689
-44.572222
-41.677922
-38.011809
-34.731602
-31.258442
-27.785282
-25.469841
-22.575541
-17.944661
-10.805387
-6.174507
0.385907
5.209740
7.911087
12.734921
18.716474
26.048701
32.223208
34.152742
37.239995
37.047042
39.362482
44.379269
44.765176
44.572222
45.151082
42.835642
40.713156
41.099062
37.625902
37.047042
32.030255
24.890981
20.260101
14.664454
10.998341
6.367460
-0.578860
-5.595647
-10.805387
-15.822174
-21.031914
-26.241655
-30.293675
-34.345695
-39.941342
-44.379269
-45.344036
-48.431289
-48.431289
-50.360823
-52.869216
-50.360823
-48.238336
-48.238336
-45.729942
-43.221549
-40.713156
-38.011809
-33.766835
-28.750048
-22.382588
-17.558754
-13.506734
-7.718134
-3.859067
0.385907
5.595647
10.805387
15.050361
18.909428
23.540308
25.662795
28.943002
33.380928
33.380928
36.275229
37.432949
37.047042
37.239995
37.239995
37.432949
36.468182
32.609115
30.100722
28.557095
26.048701
25.662795
20.453054
13.313781
10.998341
7.911087
4.823834
2.122487
-0.192953
-3.859067
-7.718134
-7.332227
-11.191294
-10.998341
-11.770154
-14.664454
-15.243314
-12.734921
-10.805387
-11.191294
-10.805387
-11.384247
-8.104040
-7.332227
-5.402694
-1.350673
0.192953
-0.192953
2.508393
4.823834
8.104040
11.191294
11.191294
14.664454
14.857407
14.664454
14.857407
14.664454
15.436268
18.909428
17.751708
11.577201
6.946320
8.296994
10.805387
7.911087
6.753367
2.315440
-3.087254
-3.666114
-4.052020
-3.473160
-5.016787
-8.682900
-11.963107
-15.436268
-12.156061
-9.647667
-11.191294
-14.278547
-15.436268
-14.664454
-15.436268
-12.927874
-10.805387
-11.191294
-11.191294
-11.191294
-10.998341
-11.384247
-10.998341
-11.384247
-10.998341
-11.384247
-10.805387
-13.313781
-15.050361
-14.857407
-14.664454
-16.786941
-18.909428
-18.523521
-22.382588
-22.189635
-22.575541
-21.996681
-24.698028
-26.434608
-22.961448
-23.347355
-22.382588
-18.909428
-18.909428
-17.365801
-13.699687
-9.068807
-4.437927
-2.508393
2.894300
7.718134
13.120827
16.208081
21.224868
27.785282
33.959789
37.047042
39.748389
45.536989
48.431289
51.132636
53.448076
56.149423
55.763516
56.342376
53.255123
52.290356
50.553776
45.344036
42.256782
36.082275
33.380928
30.679582
21.996681
13.699687
7.332227
2.122487
-1.350673
-5.981554
-13.313781
-21.224868
-27.399375
-32.416162
-35.503415
-39.169529
-42.256782
-46.308803
-48.624243
-48.624243
-48.045383
-45.151082
-43.800409
-41.099062
-39.941342
-34.345695
-30.293675
-26.241655
-19.102381
-14.085594
-7.911087
-1.736580
3.473160
8.296994
14.857407
22.382588
25.083935
28.750048
32.030255
38.011809
40.713156
43.607456
44.958129
41.292016
40.906109
41.099062
40.713156
38.011809
33.766835
28.750048
23.154401
19.102381
17.172848
10.998341
3.859067
-6.367460
-12.349014
-14.664454
-19.874194
-26.434608
-30.679582
-34.345695
-40.520202
-43.993362
-46.694709
-48.624243
-48.817196
-51.518543
-52.676263
-50.360823
-48.431289
-47.659476
-44.572222
-43.414502
-38.011809
-33.766835
-33.380928
-27.785282
-21.224868
-15.629221
-8.104040
-3.087254
0.000000
3.473160
7.525180
13.120827
20.260101
22.382588
24.119168
27.978235
30.100722
29.521862
32.030255
33.959789
33.380928
33.766835
31.258442
29.135955
30.100722
28.557095
26.048701
24.698028
20.646008
17.751708
12.541967
11.191294
8.489947
6.174507
2.894300
-1.543627
-5.595647
-7.718134
-7.332227
-7.332227
-8.875854
-11.770154
-10.805387
-11.577201
-9.454714
-7.139274
-7.718134
-7.525180
-4.437927
-3.666114
-1.736580
4.244974
7.525180
7.332227
9.647667
11.577201
13.699687
16.401034
21.031914
22.768495
21.996681
22.768495
21.803728
23.347355
25.469841
22.382588
22.382588
20.646008
16.593988
14.664454
11.384247
11.577201
9.647667
5.595647
2.701347
-2.315440
-3.859067
-6.174507
-9.068807
-11.191294
-14.085594
-18.137614
-21.031914
-23.733261
-26.048701
-27.785282
-30.100722
-29.714815
-29.907768
-29.907768
-29.714815
-29.907768
-29.521862
-30.293675
-27.978235
-26.241655
-24.119168
-21.996681
-22.189635
-18.523521
-15.436268
-14.664454
-15.050361
-11.191294
-11.384247
-10.612434
-7.718134
-5.209740
-3.280207
-4.244974
-0.578860
0.000000
0.771813
4.052020
3.666114
3.859067
3.473160
3.859067
3.666114
3.859067
6.946320
7.525180
7.332227
7.525180
7.332227
10.612434
11.384247
12.156061
16.208081
15.436268
15.050361
18.716474
18.137614
20.646008
22.768495
21.996681
23.540308
26.241655
25.662795
27.206421
30.293675
29.521862
30.486628
28.171188
25.855748
26.048701
26.241655
25.662795
22.575541
20.453054
16.593988
14.085594
11.577201
10.419481
6.946320
2.508393
-3.087254
-7.139274
-9.068807
-13.313781
-15.050361
-19.102381
-24.119168
-27.978235
-29.907768
-31.837302
-35.889322
-37.625902
-36.661135
-38.590669
-39.169529
-36.854089
-37.239995
-33.380928
-33.959789
-31.837302
-29.328908
-26.627561
-21.803728
-18.137614
-14.664454
-10.612434
-6.174507
-4.052020
0.385907
6.753367
11.384247
15.822174
18.137614
19.681241
22.768495
21.996681
25.276888
30.293675
28.750048
26.048701
25.855748
26.434608
23.733261
22.189635
21.224868
16.979894
14.278547
8.489947
2.894300
0.578860
-2.315440
-7.139274
-10.612434
-16.015128
-19.488288
-23.347355
-26.048701
-26.241655
-29.714815
-32.995022
-33.573882
-33.766835
-33.380928
-30.679582
-28.171188
-24.505075
-21.031914
-17.944661
-14.085594
-11.191294
-6.560414
0.385907
5.402694
10.612434
17.365801
22.768495
27.785282
32.802068
36.082275
41.870876
45.151082
44.572222
47.273569
49.010149
44.765176
44.765176
43.414502
41.099062
39.362482
35.117509
32.609115
26.627561
19.874194
15.629221
6.946320
-1.157720
-4.244974
-10.612434
-17.751708
-24.505075
-30.486628
-33.959789
-38.590669
-41.484969
-43.993362
-48.045383
-48.431289
-52.097403
-51.325589
-48.431289
-45.922896
-42.256782
-40.134296
-35.503415
-30.679582
-27.206421
-21.610775
-15.243314
-9.261761
-1.157720
4.630880
10.998341
16.786941
23.347355
28.557095
33.380928
38.011809
40.520202
41.870876
45.536989
48.431289
48.431289
48.431289
48.624243
47.080616
43.221549
40.713156
38.011809
34.152742
31.258442
26.434608
20.067148
16.786941
11.770154
6.560414
-0.385907
-5.595647
-8.875854
-13.892641
-18.523521
-21.417821
-25.662795
-30.100722
-29.521862
-31.451395
-33.766835
-33.573882
-33.573882
-33.380928
-32.416162
-31.451395
-28.557095
-26.241655
-25.662795
-22.768495
-20.260101
-17.944661
-14.664454
-11.384247
-11.384247
-7.911087
-4.437927
-3.473160
-0.385907
0.000000
0.192953
3.859067
3.473160
4.244974
1.929533
-0.385907
0.192953
0.000000
0.000000
-2.315440
-6.560414
-7.332227
-7.718134
-11.384247
-10.998341
-13.120827
-15.436268
-14.471501
-17.558754
-18.716474
-18.716474
-18.330568
-15.050361
-14.857407
-15.243314
-11.963107
-11.191294
-10.419481
-7.332227
-5.016787
-1.157720
2.315440
4.244974
8.875854
11.770154
14.664454
18.137614
20.067148
25.276888
26.241655
25.662795
27.785282
30.486628
33.187975
33.766835
33.573882
33.573882
33.573882
36.854089
34.538649
32.802068
30.100722
29.521862
29.907768
29.521862
26.048701
22.768495
20.453054
18.330568
16.786941
12.349014
11.191294
10.805387
7.525180
7.718134
6.753367
3.859067
1.543627
-0.385907
0.385907
-0.192953
0.578860
-2.315440
-3.859067
-3.666114
-2.701347
0.385907
-0.385907
0.385907
-2.894300
-7.525180
-5.402694
-3.087254
-6.560414
-7.718134
-7.332227
-7.332227
-7.911087
-10.612434
-13.313781
-15.050361
-17.558754
-19.102381
-21.803728
-22.768495
-24.505075
-29.135955
-33.380928
-33.573882
-33.573882
-33.573882
-37.625902
-41.484969
-40.520202
-41.292016
-40.327249
-39.941342
-40.906109
-41.484969
-38.397715
-37.239995
-36.082275
-30.293675
-26.241655
-22.768495
-21.803728
-17.751708
-12.349014
-7.525180
-1.736580
2.701347
6.367460
10.998341
14.471501
20.067148
24.698028
30.486628
33.380928
34.924555
37.432949
38.783622
43.221549
44.765176
44.958129
44.765176
44.765176
44.572222
44.958129
42.642689
40.713156
38.590669
32.030255
30.100722
27.978235
22.961448
20.067148
15.436268
8.875854
4.630880
1.157720
-2.315440
-4.823834
-7.525180
-12.541967
-18.716474
-18.330568
-18.716474
-18.330568
-20.838961
-22.768495
-22.382588
-22.382588
-22.189635
-19.102381
-18.716474
-17.558754
-14.471501
-14.664454
-9.454714
-5.981554
-3.280207
-0.771813
3.280207
4.630880
9.068807
10.805387
13.120827
15.050361
15.822174
19.102381
18.330568
18.716474
18.523521
18.716474
18.716474
15.822174
14.471501
11.384247
11.384247
10.033574
5.981554
2.894300
-1.736580
-4.630880
-6.753367
-10.033574
-14.471501
-18.137614
-18.523521
-20.838961
-22.575541
-25.276888
-26.048701
-28.171188
-30.293675
-29.714815
-29.907768
-26.241655
-26.241655
-25.469841
-22.575541
-20.067148
-16.593988
-13.120827
-10.419481
-7.911087
-5.402694
-1.929533
1.736580
4.052020
7.718134
12.156061
14.664454
17.365801
21.031914
22.575541
25.083935
26.627561
25.469841
27.013468
29.328908
26.434608
29.521862
29.328908
25.855748
25.083935
20.838961
19.102381
16.979894
13.506734
10.805387
8.489947
3.666114
0.192953
-0.771813
-4.823834
-7.139274
-9.840621
-13.506734
-16.979894
-20.646008
-22.575541
-21.996681
-24.505075
-26.241655
-26.048701
-26.048701
-26.241655
-26.048701
-26.434608
-23.540308
-22.189635
-19.681241
-15.822174
-14.471501
-11.770154
-9.261761
-6.946320
-3.859067
-0.385907
0.771813
4.052020
4.437927
8.875854
10.805387
12.734921
15.243314
18.330568
18.523521
19.295334
21.224868
18.137614
20.838961
22.768495
19.488288
18.523521
18.716474
18.909428
15.822174
15.050361
14.278547
10.998341
8.682900
6.753367
7.718134
6.560414
3.859067
2.701347
-1.157720
-3.666114
-3.859067
-3.666114
-4.630880
-7.718134
-7.332227
-7.718134
-7.139274
-7.718134
-7.332227
-7.911087
-5.981554
-5.595647
-7.718134
-7.525180
-5.209740
-3.087254
-4.052020
-3.280207
-4.244974
-1.736580
0.192953
-0.192953
0.000000
3.280207
3.666114
4.052020
1.157720
1.350673
4.823834
1.929533
-0.192953
0.000000
0.000000
0.000000
0.000000
0.192953
-3.087254
-3.859067
-3.859067
-3.473160
-5.595647
-7.718134
-7.332227
-7.525180
-7.525180
-7.139274
-8.875854
-9.454714
-6.753367
-8.104040
-10.805387
-7.911087
-7.332227
-7.525180
-7.525180
-6.560414
-3.473160
-3.859067
-3.473160
-4.052020
-1.929533
0.578860
-0.578860
2.508393
3.859067
3.666114
3.666114
3.859067
3.280207
5.595647
7.332227
5.981554
8.296994
5.402694
3.666114
3.666114
5.788600
7.718134
7.139274
3.666114
4.437927
7.718134
7.332227
