-17.061281
-35.515320
-50.835655
-6.963788
59.888579
75.208914
21.587744
0.348189
37.256267
69.637883
45.264624
32.033426
123.955432
177.228412
155.988858
153.899721
111.768802
80.431755
17.757660
-90.877437
-46.309192
50.835655
82.520891
117.688022
108.983287
79.735376
40.041783
-43.175487
-139.972145
-225.626741
-205.431755
-114.902507
-78.690808
-74.164345
-86.350975
-51.880223
-53.969359
-204.387187
-254.526462
-180.710306
-174.442897
-154.596100
-37.256267
62.674095
11.142061
-88.788301
-59.540390
18.802228
40.389972
12.186630
35.515320
159.122563
189.415042
122.214485
121.169916
147.980501
139.275766
96.796657
77.298050
132.311978
188.370474
200.905292
169.220056
138.231198
120.125348
40.041783
-40.041783
-31.337047
-13.927577
-55.710306
-81.128134
-57.103064
-24.373259
-9.052925
-50.487465
-127.437326
-155.640669
-166.434540
-190.111421
-131.267409
-69.637883
-76.253482
-32.729805
-3.481894
-49.094708
-66.504178
-54.665738
-52.228412
-25.417827
-8.356546
5.919220
56.058496
84.261838
79.387187
97.493036
113.161560
82.172702
79.038997
105.849582
113.509749
124.303621
117.339833
78.690808
79.387187
71.727019
21.587744
-13.231198
-20.891365
12.186630
52.924791
65.807799
68.245125
56.058496
38.300836
7.311978
-58.495822
-77.646240
-53.621170
-28.899721
5.919220
49.791086
109.679666
86.350975
-26.462396
-71.727019
-63.718663
-86.002786
-105.153203
-82.172702
-11.838440
35.863510
35.515320
53.621170
54.665738
5.222841
-35.863510
-63.022284
-110.027855
-86.002786
3.481894
-11.142061
-55.710306
-13.579387
-6.615599
-13.231198
-6.615599
-14.623955
16.016713
21.587744
-16.364903
-10.793872
-3.481894
-39.345404
-46.657382
-25.766017
24.373259
119.080780
132.660167
36.559889
-24.373259
-57.799443
-104.456825
-114.206128
-82.520891
-3.133705
64.066852
63.022284
45.264624
17.409471
-4.526462
-41.434540
-149.025070
-208.217270
-135.097493
-60.933148
-74.164345
-36.559889
66.155989
42.827298
-67.548747
-106.197772
-87.047354
-87.743733
-116.295265
-105.849582
-5.919220
69.986072
92.618384
113.509749
58.147632
-33.077994
-59.888579
-82.520891
-95.403900
18.454039
136.490251
102.715877
27.158774
5.571031
11.490251
35.515320
44.220056
64.066852
111.768802
87.743733
59.192201
80.779944
66.504178
37.604457
5.571031
-64.415042
-64.415042
23.328691
61.281337
86.350975
120.821727
86.002786
-2.785515
-65.807799
-61.629526
-11.142061
0.000000
-38.997214
-15.320334
38.997214
49.791086
66.504178
43.523677
-71.378830
-141.364903
-164.345404
-196.030641
-112.116992
48.746518
120.125348
108.983287
29.944290
-12.883008
59.192201
29.247911
-82.172702
-78.690808
-59.192201
-41.434540
56.058496
150.069638
203.342618
170.961003
22.980501
-54.665738
1.740947
34.470752
28.551532
33.426184
49.791086
98.537604
111.768802
77.298050
94.011142
95.055710
-6.267409
-110.376045
-111.420613
-11.490251
51.880223
3.481894
-18.454039
-12.186630
-51.880223
-68.593315
-84.610028
-141.016713
-146.935933
-109.331476
-84.610028
-21.935933
59.192201
105.849582
53.969359
-87.743733
-168.175487
-123.259053
-118.036212
-128.481894
21.239554
164.693593
143.802228
100.974930
60.236769
-4.526462
-28.899721
-61.977716
-53.621170
67.896936
167.827298
222.841226
231.197772
119.777159
61.629526
73.119777
-27.506964
-60.933148
72.075209
111.420613
105.501393
139.623955
118.384401
103.064067
68.245125
-13.231198
-38.997214
-55.710306
-76.949861
-7.311978
15.668524
-30.292479
-7.311978
-35.167131
-163.997214
-177.576602
-100.974930
-81.476323
-70.682451
-44.568245
-42.827298
-71.727019
-98.885794
-92.618384
-67.896936
-68.245125
-21.935933
91.225627
118.036212
112.465181
161.908078
105.849582
-8.704735
-14.275766
-32.381616
-70.334262
-11.142061
80.779944
121.169916
61.281337
-1.740947
27.158774
-0.696379
-123.259053
-140.668524
-77.646240
-95.403900
-90.529248
-24.721448
-72.771588
-140.668524
-119.777159
-154.596100
-207.172702
-185.933148
-130.222841
-118.036212
-155.640669
-86.699164
50.139276
80.083565
61.281337
53.969359
48.398329
22.632312
6.267409
93.662953
159.818942
181.058496
230.501393
180.362117
121.518106
168.871866
139.275766
44.916435
-25.417827
-36.211699
-0.696379
-7.311978
65.807799
149.373259
80.083565
-19.150418
-80.431755
-112.116992
-122.910864
-128.133705
-107.938719
-121.169916
-105.153203
-6.615599
45.264624
73.467967
118.384401
125.000000
62.674095
-21.587744
16.364903
145.543175
204.387187
244.777159
311.629526
280.988858
173.746518
135.097493
103.760446
45.264624
89.832869
104.456825
26.810585
49.791086
110.027855
138.231198
141.713092
65.111421
56.058496
43.175487
-110.724234
-157.033426
-88.440111
-86.350975
-84.958217
-50.835655
-58.147632
-97.841226
-123.955432
-145.543175
-173.050139
-141.364903
-95.752089
-88.440111
-67.548747
-7.660167
43.523677
26.462396
5.571031
2.089136
-73.467967
-190.111421
-213.440111
-134.401114
-76.601671
-76.253482
-89.832869
-171.657382
-278.551532
-326.949861
-372.562674
-381.267409
-327.646240
-246.518106
-188.370474
-213.091922
-203.690808
-153.203343
-253.830084
-334.958217
-285.863510
-293.523677
-272.980501
-177.228412
-74.512535
8.008357
7.311978
-14.275766
-17.061281
-51.880223
-13.231198
105.849582
152.158774
198.119777
332.520891
380.919220
310.584958
319.289694
356.894150
311.281337
267.757660
278.551532
374.651811
452.994429
450.905292
496.169916
481.894150
345.752089
306.754875
317.200557
343.662953
428.969359
446.030641
398.676880
349.930362
337.743733
348.189415
282.381616
190.111421
102.019499
36.559889
62.325905
92.966574
150.069638
175.139276
72.075209
-1.392758
-117.688022
-229.456825
-89.832869
50.139276
60.236769
111.768802
153.899721
165.389972
159.470752
112.116992
115.598886
145.891365
139.275766
195.682451
320.334262
323.467967
224.582173
137.883008
21.587744
-36.211699
-26.114206
-122.214485
-228.412256
-297.701950
-409.470752
-470.055710
-577.298050
-755.571031
-869.777159
-1076.253482
-1350.278552
-1466.922006
-1523.328691
-1592.270195
-1611.768802
-1654.247911
-1721.796657
-1767.061281
-1798.398329
-1770.194986
-1696.030641
-1638.231198
-1550.487465
-1400.069638
-1225.974930
-1002.089136
-778.203343
-597.841226
-425.139276
-252.437326
-64.415042
170.612813
437.325905
717.270195
947.075209
1103.412256
1299.791086
1478.064067
1565.459610
1689.415042
1830.431755
1843.662953
1827.298050
1857.242340
1861.768802
1844.011142
1770.543175
1637.883008
1494.080780
1354.805014
1269.498607
1245.821727
1219.011142
1175.139276
1115.250696
974.930362
777.506964
664.345404
565.459610
420.961003
405.988858
439.066852
436.281337
438.022284
357.590529
278.899721
176.532033
34.122563
118.732591
214.832869
238.161560
417.130919
525.417827
518.454039
523.328691
523.676880
609.679666
659.818942
694.289694
802.228412
839.832869
926.532033
861.420613
498.607242
119.080780
-310.236769
-554.665738
-492.339833
-487.465181
-490.598886
-654.596100
-1082.869081
-1413.997214
-1773.676880
-2190.459610
-2463.091922
-2696.727019
-2872.214485
-3018.105850
-3063.022284
-2958.217270
-3054.665738
-3262.186630
-3420.612813
-3645.891365
-3704.038997
-3438.370474
-2983.286908
-2453.690808
-2042.130919
-1738.857939
-1446.727019
-1246.518106
-1020.194986
-656.337047
-277.158774
110.724234
620.125348
1152.855153
1613.509749
2006.963788
2237.813370
2310.584958
2330.779944
2398.676880
2569.289694
2736.768802
2847.493036
2924.442897
2834.261838
2574.164345
2324.512535
2075.208914
1779.596100
1549.791086
1396.935933
1198.816156
994.777159
836.002786
621.518106
369.080780
119.428969
-52.228412
-67.896936
-35.515320
35.515320
153.551532
168.871866
172.353760
249.303621
321.030641
434.888579
582.869081
732.590529
853.412256
883.704735
939.066852
1083.217270
1205.431755
1316.155989
1463.440111
1574.860724
1672.005571
1833.217270
1861.420613
1839.832869
1949.164345
1643.454039
897.632312
266.016713
-229.456825
-407.381616
-336.002786
-454.038997
-575.557103
-984.331476
-1853.412256
-2403.551532
-2718.314763
-3058.495822
-3168.175487
-3223.189415
-3212.743733
-3203.690808
-3395.194986
-3508.356546
-3673.746518
-4011.838440
-4149.025070
-4053.621170
-3744.428969
-3243.036212
-2786.211699
-2397.980501
-2101.323120
-1927.576602
-1689.415042
-1293.871866
-786.559889
-225.278552
314.415042
753.830084
1087.047354
1366.643454
1552.228412
1665.389972
1777.158774
1859.331476
1949.860724
2126.392758
2283.077994
2337.047354
2324.512535
2198.467967
1968.662953
1744.080780
1567.548747
1483.983287
1440.111421
1291.782730
1128.481894
966.922006
719.011142
486.768802
330.431755
198.467967
91.922006
18.454039
28.899721
88.788301
159.470752
204.038997
181.058496
229.456825
318.245125
469.011142
828.690808
1231.197772
1639.623955
2042.479109
2231.545961
2320.682451
2337.743733
2199.860724
2077.994429
2036.211699
2029.247911
2037.604457
2169.916435
2456.128134
2763.927577
3160.515320
3327.298050
3031.685237
2741.991643
2561.629526
2648.676880
3079.038997
3143.454039
2673.398329
1699.164345
71.030641
-1564.066852
-2861.072423
-3921.309192
-4423.050139
-4365.598886
-3995.821727
-3472.144847
-3111.072423
-3012.883008
-3075.557103
-3441.155989
-4123.955432
-4809.540390
-5395.891365
-5849.233983
-6048.050139
-6164.693593
-6277.855153
-6355.153203
-6303.969359
-5655.640669
-4360.376045
-2811.281337
-1345.403900
-384.052925
1.044568
14.972145
-117.688022
-25.069638
338.440111
922.701950
1781.337047
2840.529248
3944.637883
4721.448468
4956.824513
4696.030641
3976.323120
3028.899721
2126.740947
1467.966574
1250.696379
1332.172702
1571.727019
1907.033426
2117.688022
2213.091922
2305.710306
2451.253482
2630.571031
2733.635097
2707.869081
2336.699164
1486.072423
359.331476
-845.055710
-1749.651811
-2201.601671
-2286.908078
-1886.142061
-1318.593315
-838.091922
-371.866295
-106.894150
-6.267409
-10.445682
-167.479109
-190.459610
-96.100279
77.298050
285.515320
268.105850
226.671309
188.718663
208.565460
311.281337
-184.888579
-1251.044568
-2511.490251
-3663.300836
-4059.192201
-4137.186630
-4260.445682
-4179.317549
-4365.250696
-4560.933148
-4430.710306
-4148.328691
-3393.105850
-2515.320334
-1744.428969
-862.813370
-268.802228
96.796657
285.515320
49.791086
-442.896936
-1138.927577
-1586.350975
-1322.423398
-561.281337
404.944290
1111.420613
1311.281337
1131.963788
758.008357
569.289694
639.623955
874.303621
1213.788301
1446.727019
1556.058496
1435.933148
974.930362
392.757660
-166.434540
-430.362117
-205.431755
352.367688
1245.125348
2349.582173
3285.515320
3728.064067
3552.228412
3042.827298
2482.242340
1951.253482
1508.008357
1144.846797
998.955432
1248.259053
1827.298050
2506.267409
3079.735376
3466.573816
3816.155989
4195.682451
4382.311978
4426.183844
4551.183844
4635.097493
4520.543175
4084.610028
3319.986072
2681.406685
2371.169916
2136.838440
1925.835655
1554.317549
892.757660
372.562674
201.949861
57.103064
-330.779944
-888.579387
-1193.245125
-1045.612813
-811.977716
-685.584958
-449.860724
-69.637883
393.105850
845.752089
1066.155989
1079.038997
1090.181058
1115.947075
1019.846797
671.657382
110.376045
-327.298050
-424.442897
-360.724234
-393.802228
-566.504178
-744.777159
-718.314763
-560.584958
-547.353760
-669.568245
-830.083565
-962.047354
-988.857939
-1006.615599
-1156.685237
-1377.785515
-1579.735376
-1763.579387
-2008.704735
-2361.072423
-2688.370474
-2865.947075
-2905.640669
-2891.713092
-2920.961003
-3028.551532
-3145.194986
-3234.331476
-3405.292479
-3727.367688
-4149.025070
-4601.671309
-4971.448468
-5229.108635
-5429.665738
-5531.337047
-5493.732591
-5275.417827
-4885.445682
-4466.573816
-4100.974930
-3748.259053
-3439.763231
-3184.192201
-2977.367688
-2876.392758
-2869.428969
-2883.008357
-2869.777159
-2853.760446
-2825.557103
-2732.242340
-2547.353760
-2238.857939
-1768.454039
-1208.217270
-621.518106
-27.855153
531.337047
1000.696379
1253.830084
1287.952646
1211.699164
1060.584958
919.916435
839.832869
827.298050
1038.649025
1529.944290
2166.434540
2791.086351
3243.036212
3505.571031
3654.247911
3672.005571
3644.498607
3672.353760
3722.841226
3800.139276
3926.880223
4099.930362
4305.362117
4503.481894
4646.239554
4709.610028
4765.320334
4824.512535
4855.849582
4907.729805
4958.217270
4987.116992
5000.000000
4998.259053
4997.562674
4990.598886
4920.264624
4739.554318
4510.097493
4280.292479
4044.568245
3829.735376
3620.821727
3329.038997
2986.768802
2638.579387
2241.643454
1828.690808
1397.284123
905.988858
399.721448
-110.724234
-594.359331
-1003.133705
-1384.749304
-1723.885794
-1992.688022
-2244.080780
-2442.896936
-2587.743733
-2706.128134
-2780.292479
-2860.724234
-2951.253482
-2989.206128
-3026.810585
-3089.484680
-3111.768802
-3106.545961
-3075.208914
-2993.036212
-2906.685237
-2834.261838
-2723.189415
-2603.064067
-2493.384401
-2368.036212
-2247.562674
-2128.481894
-2000.000000
-1926.532033
-1900.069638
-1870.821727
-1852.019499
-1843.662953
-1877.437326
-1957.869081
-2020.543175
-2030.292479
-2021.587744
-2061.281337
-2141.364903
-2185.236769
-2164.345404
-2078.342618
-1977.019499
-1892.061281
-1815.807799
-1740.250696
-1605.153203
-1390.668524
-1166.086351
-931.406685
-668.175487
-406.685237
-137.186630
128.830084
392.757660
653.551532
883.008357
1085.654596
1274.721448
1466.922006
1649.373259
1806.754875
1954.735376
2061.629526
2098.885794
2156.337047
2227.019499
2276.462396
2334.261838
2326.949861
2275.069638
2258.008357
2233.983287
2212.395543
2196.378830
2129.526462
2032.033426
1943.245125
1851.671309
1757.660167
1672.701950
1593.662953
1512.186630
1433.147632
1333.913649
1229.456825
1157.033426
1085.306407
1000.000000
872.910864
707.869081
556.754875
413.649025
272.632312
111.072423
-95.055710
-281.337047
-456.824513
-652.855153
-827.994429
-996.866295
-1154.944290
-1267.409471
-1366.643454
-1446.030641
-1497.910864
-1525.417827
-1536.908078
-1573.119777
-1605.153203
-1604.805014
-1548.746518
-1461.699164
-1438.022284
-1465.181058
-1499.651811
-1537.256267
-1529.596100
-1523.328691
-1579.387187
-1668.175487
-1746.518106
-1750.348189
-1698.467967
-1654.944290
-1621.866295
-1581.128134
-1512.534819
-1432.103064
-1356.545961
-1238.161560
-1111.072423
-1002.089136
-866.643454
-727.715877
-614.554318
-517.061281
-406.685237
-258.008357
-132.311978
-42.130919
95.752089
313.370474
565.807799
797.005571
980.153203
1113.161560
1230.153203
1375.000000
1530.292479
1675.487465
1812.674095
1926.183844
2009.401114
2057.451253
2081.128134
2110.724234
2140.320334
2173.746518
2177.228412
2094.359331
2003.133705
1942.548747
1868.732591
1771.239554
1629.874652
1469.359331
1315.807799
1145.891365
1026.462396
962.743733
867.688022
751.044568
622.214485
488.509749
384.749304
318.593315
296.657382
257.660167
189.763231
152.855153
134.401114
148.328691
197.075209
191.155989
153.551532
108.286908
67.548747
76.601671
83.913649
79.735376
78.342618
21.239554
-59.888579
-99.233983
-139.623955
-191.852368
-230.501393
-266.364903
-322.423398
-384.052925
-450.208914
-514.275766
-558.147632
-641.364903
-752.089136
-819.986072
-871.866295
-918.871866
-951.253482
-1015.668524
-1061.629526
-1088.440111
-1183.147632
-1269.498607
-1305.013928
-1349.233983
-1381.963788
-1406.337047
-1440.111421
-1442.548747
-1454.735376
-1475.974930
-1461.699164
-1453.342618
-1438.370474
-1400.069638
-1387.883008
-1351.671309
-1245.125348
-1134.749304
-1065.111421
-1041.782730
-998.955432
-870.125348
-709.610028
-568.941504
-458.565460
-368.384401
-259.401114
-131.615599
-6.267409
120.821727
248.259053
336.002786
394.498607
463.788301
558.495822
675.487465
738.857939
729.456825
740.947075
762.883008
752.089136
746.518106
746.518106
769.846797
792.827298
685.933148
545.264624
603.064067
777.158774
819.289694
695.682451
547.353760
563.718663
722.493036
793.175487
754.526462
741.643454
771.239554
860.724234
969.707521
964.832869
903.551532
920.264624
1005.571031
1112.465181
1153.551532
1096.448468
1089.832869
1177.228412
1230.501393
1229.108635
1194.986072
1127.785515
1069.637883
977.367688
865.947075
809.540390
773.676880
735.724234
667.827298
528.899721
348.189415
168.871866
21.587744
-113.857939
-274.721448
-386.490251
-422.353760
-455.779944
-542.827298
-718.662953
-918.523677
-1059.888579
-1136.838440
-1181.406685
-1221.796657
-1250.348189
-1269.498607
-1298.398329
-1346.100279
-1427.924791
-1502.785515
-1534.122563
-1559.540390
-1569.637883
-1550.835655
-1498.955432
-1415.389972
-1351.323120
-1321.727019
-1282.729805
-1235.027855
-1191.852368
-1131.963788
-1038.997214
-967.618384
-916.086351
-814.763231
-699.164345
-622.910864
-586.002786
-537.604457
-405.640669
-238.857939
-179.317549
-153.899721
3.830084
187.674095
271.239554
326.601671
407.729805
536.908078
683.147632
753.481894
840.529248
829.387187
490.947075
261.490251
567.548747
1119.777159
1396.587744
1147.980501
711.699164
650.766017
876.392758
984.679666
933.495822
886.490251
964.484680
1120.125348
1103.064067
830.431755
585.654596
572.075209
705.083565
807.103064
749.303621
639.972145
717.618384
817.896936
623.607242
307.103064
312.325905
729.108635
1071.030641
931.754875
558.147632
403.203343
526.810585
621.518106
525.069638
365.598886
332.520891
427.924791
508.008357
441.155989
239.902507
41.434540
-77.646240
-128.133705
-181.058496
-253.481894
-322.423398
-350.974930
-425.487465
-616.991643
-788.300836
-860.027855
-941.155989
-1063.022284
-1123.607242
-1114.554318
-1114.206128
-1156.337047
-1170.612813
-1085.654596
-1042.827298
-1174.442897
-1347.144847
-1471.796657
-1550.487465
-1463.440111
-1190.111421
-899.721448
-758.704735
-867.688022
-1092.966574
-1100.278552
-873.607242
-761.838440
-844.011142
-821.727019
-496.866295
-63.370474
98.537604
-74.860724
-261.490251
-314.763231
-289.693593
-166.782730
69.637883
343.314763
567.896936
635.793872
551.532033
459.958217
391.364903
376.044568
527.506964
769.150418
933.495822
1003.830084
1006.963788
1035.515320
1065.111421
952.646240
884.749304
959.958217
977.019499
985.027855
1086.002786
1163.300836
1155.292479
1051.183844
965.181058
946.378830
830.083565
731.894150
892.061281
1143.105850
1159.122563
920.961003
735.724234
769.846797
802.228412
710.306407
685.236769
835.654596
942.548747
856.894150
712.395543
596.100279
396.587744
69.289694
-176.183844
-165.389972
-98.189415
-160.515320
-246.169916
-331.824513
-544.568245
-891.016713
-1211.699164
-1350.626741
-1359.679666
-1385.097493
-1385.445682
-1363.161560
-1451.949861
-1642.409471
-1808.844011
-1903.203343
-1942.548747
-1950.557103
-1868.732591
-1662.256267
-1479.108635
-1365.250696
-1236.768802
-1131.615599
-1060.236769
-979.456825
-824.860724
-561.629526
-343.662953
-238.161560
-88.788301
103.760446
194.637883
168.175487
139.275766
221.796657
393.105850
542.130919
633.356546
651.114206
587.743733
475.278552
355.501393
271.239554
249.303621
286.908078
324.860724
306.058496
229.108635
129.178273
41.434540
-66.155989
-136.838440
-41.782730
153.899721
327.298050
415.041783
377.785515
342.270195
378.830084
412.256267
501.044568
709.958217
951.601671
1139.972145
1195.334262
1140.320334
1141.713092
1238.509749
1344.359331
1442.896936
1571.727019
1684.888579
1736.420613
1704.387187
1610.724234
1509.749304
1396.239554
1288.300836
1319.986072
1505.919220
1647.284123
1614.554318
1318.593315
755.919220
141.016713
-257.311978
-307.103064
-54.665738
179.665738
117.339833
-287.256267
-968.662953
-1659.470752
-2051.532033
-2072.075209
-1868.036212
-1703.342618
-1754.526462
-1951.253482
-2212.395543
-2480.849582
-2660.515320
-2729.805014
-2696.030641
-2556.406685
-2340.877437
-2067.896936
-1797.701950
-1640.320334
-1584.958217
-1563.022284
-1499.303621
-1291.434540
-890.320334
-410.863510
-66.155989
20.543175
-75.208914
-98.537604
78.342618
378.830084
701.253482
917.479109
937.674095
844.011142
770.891365
781.337047
861.768802
884.052925
807.103064
747.214485
668.871866
540.041783
443.593315
375.348189
261.142061
88.440111
-75.208914
-37.604457
243.036212
478.412256
426.532033
170.961003
-32.033426
-18.105850
182.799443
478.412256
782.033426
975.626741
991.643454
888.927577
824.164345
922.005571
1191.155989
1550.487465
1829.387187
1878.830084
1805.362117
1819.986072
1940.807799
1987.116992
1868.732591
1718.662953
1699.512535
1855.153203
2019.150418
2053.969359
1955.431755
1623.607242
1035.167131
434.192201
68.593315
90.529248
383.008357
509.401114
227.367688
-409.818942
-1225.626741
-1806.058496
-1962.395543
-1896.935933
-1777.506964
-1776.462396
-2005.222841
-2347.841226
-2675.487465
-2906.337047
-2938.370474
-2827.994429
-2705.431755
-2558.495822
-2387.186630
-2234.679666
-2037.256267
-1823.816156
-1697.423398
-1590.877437
-1407.729805
-1103.064067
-687.674095
-303.621170
-72.771588
27.506964
68.245125
151.114206
368.384401
697.075209
979.805014
1101.323120
1090.181058
995.473538
910.167131
908.426184
950.208914
1012.883008
1027.506964
899.373259
680.710306
463.091922
266.364903
131.963788
99.930362
164.345404
270.194986
342.618384
294.220056
125.000000
-70.334262
-196.030641
-132.311978
139.972145
473.537604
700.905292
734.679666
598.537604
481.197772
511.490251
699.512535
1010.097493
1353.064067
1639.623955
1782.033426
1678.272981
1394.498607
1171.657382
1148.676880
1304.665738
1553.621170
1787.256267
1888.927577
1709.958217
1129.178273
356.197772
-207.172702
-350.974930
-89.484680
307.799443
387.534819
-80.779944
-975.278552
-1907.033426
-2404.596100
-2385.445682
-2144.498607
-1932.103064
-1931.754875
-2258.356546
-2774.025070
-3239.902507
-3443.941504
-3280.292479
-2969.011142
-2705.083565
-2471.448468
-2303.272981
-2213.440111
-2144.150418
-2072.771588
-1936.977716
-1657.033426
-1227.019499
-687.674095
-199.860724
47.701950
102.367688
142.757660
282.381616
590.877437
1019.498607
1439.066852
1734.331476
1809.540390
1710.654596
1607.938719
1601.323120
1696.727019
1862.116992
1977.715877
1934.192201
1732.590529
1468.314763
1271.239554
1202.646240
1256.267409
1398.328691
1544.220056
1548.746518
1342.270195
1047.005571
797.701950
698.816156
816.155989
1090.877437
1369.777159
1455.083565
1300.835655
1090.529248
1019.498607
1100.626741
1305.710306
1605.849582
1886.142061
1978.064067
1778.203343
1419.220056
1176.880223
1151.114206
1231.197772
1359.331476
1552.924791
1614.554318
1216.573816
397.980501
-414.693593
-763.579387
-531.685237
-90.181058
77.298050
-280.292479
-1169.220056
-2185.584958
-2727.019499
-2677.228412
-2344.359331
-2077.298050
-2127.437326
-2494.777159
-3010.097493
-3500.000000
-3667.130919
-3364.206128
-2916.434540
-2642.409471
-2537.952646
-2486.768802
-2386.142061
-2244.428969
-2109.679666
-1928.621170
-1677.576602
-1356.894150
-924.791086
-436.977716
-114.902507
-80.083565
-193.941504
-201.601671
37.604457
456.476323
922.353760
1254.178273
1279.596100
1014.275766
701.601671
621.169916
833.913649
1136.490251
1308.147632
1267.409471
994.777159
623.607242
403.551532
458.565460
708.913649
960.654596
1070.682451
1013.927577
824.512535
563.370474
409.122563
526.810585
840.529248
1139.275766
1322.423398
1365.598886
1260.793872
1132.311978
1117.339833
1268.454039
1631.963788
2034.122563
2197.423398
2089.832869
1778.203343
1414.345404
1245.125348
1254.178273
1364.902507
1654.596100
1759.749304
1289.693593
418.871866
-464.484680
-846.796657
-568.245125
-213.440111
-206.476323
-637.186630
-1569.637883
-2516.016713
-2911.211699
-2827.646240
-2540.389972
-2396.587744
-2638.579387
-3024.025070
-3416.782730
-3769.846797
-3723.189415
-3299.094708
-2896.239554
-2642.757660
-2533.077994
-2436.629526
-2221.100279
-1983.286908
-1716.573816
-1369.428969
-1007.311978
-605.849582
-127.437326
331.476323
607.938719
656.337047
738.509749
1012.534819
1369.080780
1752.785515
2051.532033
2147.284123
2048.398329
1822.423398
1716.922006
1889.623955
2095.403900
2187.674095
2157.033426
1902.158774
1519.846797
1245.821727
1139.623955
1227.715877
1380.919220
1430.710306
1435.236769
1332.520891
1031.685237
771.935933
723.537604
849.233983
1137.883008
1409.122563
1533.426184
1471.100279
1203.342618
1020.194986
1175.139276
1562.674095
2011.838440
2288.300836
2176.183844
1817.896936
1449.860724
1285.515320
1423.746518
1553.969359
1575.557103
1619.428969
1371.518106
694.289694
-87.395543
-660.863510
-683.147632
-378.481894
-377.089136
-716.573816
-1431.058496
-2477.715877
-3163.649025
-3217.966574
-3006.963788
-2853.760446
-3088.788301
-3612.465181
-4041.782730
-4457.172702
-4694.637883
-4372.910864
-3819.289694
-3472.493036
-3388.231198
-3485.724234
-3444.986072
-3182.799443
-2842.966574
-2332.520891
-1733.635097
-1309.888579
-1018.454039
-729.805014
-458.217270
-235.027855
0.696379
416.086351
954.735376
1375.348189
1618.732591
1700.208914
1646.935933
1562.674095
1575.208914
1841.922006
2235.027855
2376.392758
2211.002786
1932.451253
1582.869081
1311.977716
1280.988858
1411.559889
1575.905292
1575.208914
1357.590529
1197.771588
1124.651811
958.913649
838.440111
880.222841
1043.871866
1272.284123
1397.632312
1394.846797
1351.671309
1237.465181
1242.688022
1513.231198
1907.381616
2261.490251
2301.880223
2014.275766
1754.874652
1637.534819
1709.610028
1884.401114
1873.259053
1853.412256
1767.061281
1252.089136
592.966574
69.289694
-182.451253
1.392758
95.055710
-203.690808
-721.100279
-1628.481894
-2524.025070
-2758.008357
-2600.974930
-2412.604457
-2480.501393
-3069.289694
-3714.484680
-4130.571031
-4385.793872
-4152.158774
-3596.100279
-3324.860724
-3368.384401
-3566.504178
-3669.568245
-3399.025070
-2949.860724
-2447.423398
-1907.729805
-1606.545961
-1519.498607
-1371.169916
-1032.033426
-537.604457
-49.094708
382.660167
735.724234
916.086351
1020.543175
1206.476323
1432.103064
1631.963788
1762.883008
1880.222841
2051.532033
2135.445682
2068.245125
1990.598886
1887.186630
1727.715877
1675.139276
1728.760446
1796.657382
1812.325905
1705.083565
1613.857939
1625.696379
1553.272981
1414.693593
1384.749304
1432.799443
1529.596100
1667.479109
1739.206128
1760.097493
1724.233983
1642.409471
1733.983287
2034.122563
2310.236769
2346.448468
2152.506964
1887.534819
1737.116992
1752.089136
1749.303621
1692.200557
1747.910864
1665.041783
1179.317549
538.997214
-22.980501
-215.181058
-59.192201
-119.428969
-461.350975
-982.242340
-1861.768802
-2613.161560
-2796.657382
-2697.075209
-2587.743733
-2827.646240
-3451.949861
-3941.155989
-4264.623955
-4483.983287
-4269.498607
-3842.618384
-3641.364903
-3713.440111
-3931.406685
-3948.119777
-3629.526462
-3194.637883
-2692.200557
-2209.261838
-1963.091922
-1863.161560
-1676.880223
-1262.883008
-782.033426
-429.317549
-78.342618
275.766017
491.991643
661.908078
838.440111
1012.534819
1189.763231
1283.774373
1441.155989
1707.869081
1756.615599
1597.841226
1503.133705
1459.958217
1447.075209
1452.994429
1458.565460
1480.849582
1381.963788
1170.612813
1138.231198
1322.771588
1447.423398
1373.955432
1210.306407
1150.417827
1238.161560
1413.997214
1656.337047
1838.788301
1817.896936
1668.871866
1594.011142
1816.852368
2272.632312
2487.813370
2368.036212
2200.905292
2044.916435
1985.376045
1958.565460
1834.958217
1926.183844
2012.534819
1567.548747
961.699164
519.150418
332.520891
494.777159
448.119777
38.300836
-440.111421
-1220.055710
-1936.977716
-2039.345404
-1905.292479
-1863.857939
-2127.437326
-2761.142061
-3239.206128
-3487.465181
-3690.111421
-3511.490251
-3094.359331
-2934.192201
-3052.924791
-3297.005571
-3315.111421
-2936.629526
-2506.615599
-2128.830084
-1743.036212
-1534.122563
-1457.520891
-1301.880223
-963.788301
-493.732591
-119.777159
112.465181
330.431755
521.239554
690.807799
882.311978
1091.573816
1281.685237
1358.635097
1416.086351
1569.637883
1655.292479
1597.841226
1489.554318
1397.284123
1372.562674
1385.793872
1405.988858
1433.844011
1338.440111
1126.740947
1029.944290
1152.855153
1338.788301
1327.298050
1129.874652
970.055710
959.261838
1095.752089
1312.325905
1485.376045
1497.562674
1329.387187
1190.807799
1358.286908
1740.947075
1937.325905
1788.300836
1543.175487
1387.883008
1350.626741
1330.431755
1236.420613
1305.013928
1368.384401
946.727019
325.208914
-120.821727
-308.147632
-141.364903
-97.144847
-435.933148
-879.526462
-1580.779944
-2280.988858
-2374.651811
-2175.835655
-2105.153203
-2326.601671
-2943.593315
-3468.314763
-3633.008357
-3693.593315
-3477.715877
-3049.791086
-2927.228412
-3133.008357
-3401.810585
-3418.871866
-2977.019499
-2389.275766
-1942.200557
-1619.777159
-1481.197772
-1464.136490
-1375.696379
-1035.863510
-493.732591
-33.077994
256.615599
428.272981
503.133705
627.437326
816.155989
1026.114206
1274.025070
1427.228412
1479.805014
1554.317549
1582.520891
1550.487465
1547.353760
1544.916435
1528.551532
1495.125348
1463.440111
1443.245125
1370.125348
1263.927577
1211.002786
1291.086351
1458.913649
1426.532033
1229.108635
1134.401114
1131.615599
1266.713092
1497.562674
1595.055710
1600.626741
1520.891365
1381.963788
1494.428969
1824.164345
1986.420613
1887.186630
1676.183844
1539.345404
1535.515320
1464.832869
1256.267409
1231.894150
1366.643454
1130.919220
548.050139
6.963788
-282.381616
-195.682451
-120.125348
-366.991643
-728.412256
-1347.841226
-2116.991643
-2417.130919
-2279.944290
-2087.743733
-2175.835655
-2715.181058
-3260.097493
-3508.704735
-3619.428969
-3450.905292
-2999.303621
-2718.314763
-2834.261838
-3201.601671
-3362.465181
-2973.537604
-2341.225627
-1833.913649
-1519.150418
-1419.568245
-1403.551532
-1310.584958
-1013.579387
-461.002786
46.309192
309.540390
417.827298
441.504178
580.083565
880.222841
1164.693593
1392.757660
1488.161560
1440.111421
1424.442897
1457.520891
1550.835655
1691.852368
1707.172702
1569.289694
1412.256267
1369.777159
1456.824513
1492.688022
1421.657382
1358.635097
1338.788301
1410.515320
1451.949861
1368.732591
1318.593315
1303.272981
1321.727019
1479.456825
1620.125348
1661.211699
1649.373259
1536.211699
1548.398329
1834.610028
2008.008357
1881.615599
1705.083565
1576.949861
1523.676880
1487.813370
1280.988858
1230.501393
1439.763231
1196.727019
514.275766
-50.139276
-370.473538
-271.587744
-98.885794
-342.618384
-693.941504
-1306.406685
-2186.977716
-2474.582173
-2219.011142
-1995.125348
-2077.994429
-2687.325905
-3299.094708
-3491.643454
-3593.314763
-3444.289694
-2977.715877
-2731.545961
-2891.016713
-3269.150418
-3422.005571
-2954.735376
-2265.320334
-1784.470752
-1545.961003
-1558.147632
-1572.423398
-1395.891365
-1014.623955
-454.735376
-12.186630
216.225627
365.947075
416.086351
541.434540
808.147632
1021.239554
1219.011142
1384.401114
1472.841226
1583.913649
1565.807799
1488.161560
1585.306407
1676.532033
1677.576602
1660.167131
1609.679666
1612.465181
1541.434540
1358.983287
1398.676880
1608.983287
1743.384401
1706.824513
1482.590529
1321.378830
1349.582173
1450.905292
1673.050139
1885.097493
1832.172702
1600.974930
1386.838440
1425.139276
1819.289694
2119.777159
1971.100279
1625.696379
1329.735376
1193.245125
1209.958217
1146.935933
1115.947075
1214.484680
858.983287
86.350975
-444.289694
-629.178273
-451.253482
-279.596100
-651.810585
-1176.183844
-1790.389972
-2563.022284
-2736.420613
-2391.713092
-2220.752089
-2410.167131
-3090.877437
-3751.044568
-3834.261838
-3731.197772
-3517.061281
-3107.938719
-2978.412256
-3216.225627
-3510.097493
-3541.434540
-3010.793872
-2283.077994
-1852.367688
-1700.557103
-1719.359331
-1677.924791
-1391.713092
-922.005571
-343.314763
86.002786
207.520891
188.370474
152.855153
344.011142
832.172702
1219.359331
1364.554318
1351.323120
1214.832869
1177.228412
1260.793872
1420.961003
1716.225627
1835.654596
1588.788301
1285.863510
1197.771588
1317.200557
1434.888579
1418.523677
1395.891365
1414.345404
1399.721448
1338.091922
1258.704735
1293.175487
1364.902507
1396.587744
1523.328691
1655.988858
1669.568245
1616.991643
1537.256267
1629.178273
1934.888579
2099.233983
1933.844011
1658.077994
1529.944290
1526.810585
1510.445682
1389.972145
1258.704735
1288.997214
1093.662953
429.665738
-92.966574
-268.802228
-250.000000
-138.927577
-403.203343
-936.977716
-1456.476323
-2135.097493
-2452.994429
-2127.785515
-1871.169916
-2031.685237
-2584.610028
-3219.359331
-3332.520891
-3074.164345
-2810.236769
-2433.495822
-2201.601671
-2400.417827
-2711.699164
-2763.927577
-2270.543175
-1435.584958
-907.033426
-802.576602
-883.008357
-888.579387
-612.465181
-99.930362
519.150418
977.019499
1048.050139
931.406685
947.771588
1226.671309
1635.097493
1867.339833
1872.910864
1810.236769
1770.543175
1781.337047
1809.540390
1827.646240
1799.094708
1721.796657
1628.133705
1497.910864
1389.623955
1351.323120
1251.740947
1080.083565
952.994429
920.961003
1027.158774
1083.217270
861.420613
602.019499
515.668524
561.281337
777.506964
996.866295
1021.935933
910.863510
692.548747
620.821727
960.306407
1342.618384
1385.793872
1129.874652
828.342618
809.192201
923.746518
910.863510
824.512535
742.339833
706.476323
450.208914
-88.440111
-441.852368
-537.256267
-487.465181
-447.075209
-779.596100
-1277.855153
-1776.462396
-2330.083565
-2480.153203
-2251.392758
-2207.172702
-2506.615599
-3102.715877
-3616.295265
-3631.963788
-3443.245125
-3271.935933
-3045.612813
-3041.086351
-3326.949861
-3548.746518
-3441.504178
-2872.214485
-2182.451253
-1905.292479
-1950.557103
-2020.891365
-1918.175487
-1500.000000
-923.398329
-380.919220
-37.256267
-13.231198
-54.665738
47.353760
328.690808
801.880223
1152.506964
1214.484680
1174.791086
1123.607242
1179.317549
1362.116992
1494.080780
1619.428969
1690.459610
1514.972145
1290.738162
1267.409471
1407.033426
1537.952646
1443.941504
1250.000000
1243.732591
1321.030641
1370.821727
1380.919220
1302.228412
1251.392758
1231.894150
1275.766017
1517.757660
1668.523677
1595.752089
1530.640669
1510.097493
1680.362117
1948.467967
1932.103064
1769.498607
1708.913649
1694.289694
1715.181058
1688.022284
1488.857939
1417.479109
1507.660167
1197.075209
685.236769
406.337047
227.715877
322.423398
339.832869
-155.988858
-594.011142
-1079.387187
-1636.142061
-1602.367688
-1411.211699
-1513.927577
-1854.456825
-2542.130919
-2978.412256
-2841.922006
-2676.183844
-2555.710306
-2462.395543
-2646.587744
-2917.130919
-3005.222841
-2809.540390
-2265.668524
-1784.122563
-1701.949861
-1797.701950
-1829.038997
-1587.395543
-1067.548747
-577.646240
-215.877437
-89.136490
-114.902507
22.284123
264.623955
633.704735
1072.075209
1190.459610
1097.493036
1052.924791
1114.554318
1396.587744
1595.752089
1554.317549
1526.114206
1471.100279
1348.885794
1305.710306
1384.401114
1516.016713
1485.724234
1236.420613
1022.284123
1060.584958
1243.732591
1312.325905
1220.403900
1046.657382
868.384401
825.557103
971.448468
1167.479109
1284.122563
1229.456825
1083.913649
1079.387187
1253.133705
1449.860724
1505.222841
1330.431755
1175.487465
1205.083565
1219.707521
1194.637883
1100.974930
1035.167131
1078.342618
734.679666
157.729805
-65.807799
-93.662953
41.434540
20.194986
-500.348189
-992.339833
-1451.949861
-1885.097493
-1782.729805
-1548.398329
-1698.816156
-2198.119777
-2895.543175
-3233.286908
-2991.643454
-2722.841226
-2653.551532
-2673.398329
-2915.041783
-3203.342618
-3203.690808
-2897.980501
-2331.824513
-1893.105850
-1922.353760
-2100.278552
-2065.111421
-1701.253482
-1160.167131
-705.779944
-373.955432
-276.462396
-330.083565
-228.412256
38.997214
570.334262
1065.111421
1074.512535
957.172702
897.632312
950.208914
1299.442897
1578.690808
1693.245125
1706.824513
1454.387187
1223.537604
1245.473538
1428.272981
1640.668524
1610.027855
1340.877437
1088.440111
998.259053
1148.328691
1325.208914
1314.066852
1168.871866
922.353760
774.721448
928.969359
1130.919220
1264.972145
1331.824513
1131.615599
1022.284123
1206.128134
1280.988858
1344.707521
1316.852368
1150.766017
1232.590529
1223.537604
997.562674
921.309192
968.662953
1037.256267
768.802228
197.075209
-129.526462
-156.685237
-2.437326
-25.417827
-439.415042
-928.272981
-1485.027855
-1876.044568
-1765.320334
-1546.309192
-1639.972145
-2128.481894
-2790.738162
-3090.529248
-2888.579387
-2657.729805
-2594.707521
-2607.590529
-2841.573816
-3097.144847
-3058.495822
-2759.401114
-2219.011142
-1812.674095
-1891.016713
-2076.253482
-1978.760446
-1532.729805
-973.189415
-567.896936
-298.398329
-197.075209
-143.105850
-51.880223
116.991643
650.417827
1155.292479
1203.690808
1151.114206
1081.824513
1122.562674
1372.214485
1536.559889
1737.116992
1918.871866
1736.072423
1417.479109
1303.969359
1470.055710
1737.465181
1792.130919
1620.473538
1422.353760
1329.735376
1334.610028
1419.568245
1501.044568
1435.584958
1276.462396
1188.370474
1259.749304
1423.398329
1532.729805
1542.827298
1443.593315
1407.381616
1526.810585
1623.607242
1619.428969
1530.988858
1500.348189
1495.821727
1380.571031
1237.465181
1172.005571
1317.200557
1237.813370
622.214485
168.523677
32.033426
109.679666
314.415042
-20.194986
-610.376045
-1089.832869
-1628.830084
-1721.796657
-1451.949861
-1465.529248
-1818.941504
-2493.036212
-3088.440111
-3064.763231
-2773.676880
-2655.640669
-2647.632312
-2837.395543
-3152.158774
-3216.922006
-3068.593315
-2658.774373
-2126.392758
-2012.883008
-2166.434540
-2202.646240
-1974.930362
-1397.980501
-878.481894
-600.278552
-440.459610
-485.724234
-444.289694
-145.543175
273.328691
775.766017
991.991643
850.626741
792.827298
860.027855
1084.958217
1431.058496
1571.727019
1559.540390
1496.169916
1313.022284
1246.169916
1377.785515
1513.927577
1577.994429
1463.788301
1187.674095
1065.807799
1191.155989
1337.047354
1377.785515
1271.587744
1077.298050
1003.481894
1108.286908
1251.392758
1396.587744
1456.128134
1308.495822
1245.473538
1395.543175
1510.793872
1597.841226
1534.470752
1386.490251
1397.632312
1299.791086
1167.827298
1213.440111
1313.022284
1304.665738
828.342618
186.977716
-42.479109
62.325905
323.467967
236.768802
-349.233983
-949.164345
-1495.473538
-1727.367688
-1489.206128
-1337.047354
-1566.852368
-2180.013928
-2898.328691
-3097.493036
-2789.345404
-2538.649025
-2503.830084
-2659.470752
-3019.150418
-3216.573816
-3090.529248
-2727.367688
-2154.247911
-1881.963788
-2075.557103
-2225.278552
-2097.841226
-1600.974930
-982.938719
-665.041783
-521.935933
-486.420613
-477.367688
-282.381616
47.701950
493.384401
867.339833
907.381616
821.727019
815.807799
911.908078
1131.963788
1312.325905
1426.532033
1526.114206
1416.086351
1186.629526
1123.259053
1246.169916
1429.317549
1461.699164
1291.434540
1131.267409
1089.136490
1127.437326
1212.395543
1247.910864
1199.164345
1137.883008
1111.768802
1189.763231
1374.303621
1464.484680
1457.520891
1459.261838
1402.855153
1445.334262
1546.309192
1500.348189
1592.270195
1645.194986
1440.807799
1316.852368
1169.568245
1202.298050
1473.189415
1131.963788
512.883008
202.298050
34.122563
286.908078
399.721448
-140.668524
-662.952646
-1206.824513
-1633.356546
-1464.136490
-1306.406685
-1470.055710
-1882.311978
-2597.144847
-2964.136490
-2760.445682
-2580.083565
-2434.540390
-2455.083565
-2823.119777
-3057.451253
-3026.810585
-2733.635097
-2116.295265
-1754.874652
-1837.047354
-1972.841226
-1970.752089
-1556.754875
-899.721448
-480.153203
-278.551532
-266.016713
-340.181058
-181.406685
218.314763
708.913649
1080.431755
1083.913649
868.036212
793.175487
963.788301
1304.665738
1573.816156
1604.456825
1503.830084
1298.746518
1107.938719
1151.810585
1327.298050
1482.590529
1439.763231
1144.150418
925.487465
943.593315
1095.752089
1212.743733
1149.025070
996.169916
894.846797
918.871866
1056.058496
1268.105850
1388.231198
1255.571031
1152.855153
1180.710306
1291.086351
1495.125348
1443.941504
1341.922006
1391.364903
1255.222841
1161.211699
1142.757660
1194.289694
1305.362117
859.331476
270.194986
96.100279
104.108635
346.796657
265.668524
-350.974930
-875.696379
-1341.922006
-1564.415042
-1355.501393
-1288.997214
-1565.807799
-2111.072423
-2771.239554
-2954.387187
-2680.362117
-2503.133705
-2447.423398
-2564.415042
-2943.593315
-3118.732591
-2995.125348
-2669.568245
-2084.261838
-1786.211699
-1904.247911
-2025.417827
-1941.852368
-1449.860724
-823.119777
-478.064067
-338.091922
-334.261838
-308.844011
-89.832869
280.640669
734.679666
1051.183844
1068.245125
905.292479
846.448468
1033.426184
1317.896936
1516.364903
1553.969359
1525.766017
1412.952646
1203.342618
1164.693593
1310.236769
1438.718663
1427.924791
1175.487465
953.690808
1012.883008
1128.481894
1140.668524
1069.986072
986.768802
965.529248
993.384401
1042.479109
1158.077994
1256.963788
1225.278552
1198.467967
1238.161560
1293.175487
1339.484680
1300.487465
1294.568245
1303.969359
1203.690808
1092.618384
1018.105850
1181.058496
1209.610028
629.874652
149.025070
-18.454039
29.944290
358.286908
133.704735
-526.114206
-1014.623955
-1515.668524
-1602.715877
-1336.699164
-1380.919220
-1659.818942
-2243.732591
-2886.490251
-2910.863510
-2638.231198
-2511.490251
-2443.941504
-2627.089136
-2989.206128
-3089.136490
-2931.754875
-2506.267409
-1929.317549
-1758.356546
-1911.211699
-2027.855153
-1888.579387
-1291.434540
-684.888579
-373.955432
-225.974930
-339.136490
-386.490251
-81.128134
365.598886
916.086351
1211.350975
1043.175487
840.181058
798.050139
1044.220056
1522.284123
1748.607242
1720.752089
1562.674095
1270.194986
1169.220056
1342.270195
1591.573816
1730.501393
1534.470752
1155.292479
975.278552
1105.501393
1372.214485
1480.153203
1331.476323
1097.493036
997.562674
1036.908078
1225.278552
1520.543175
1521.935933
1340.529248
1281.337047
1185.236769
1340.877437
1542.479109
1419.220056
1436.629526
1309.192201
997.214485
1005.571031
1021.239554
1179.317549
1175.139276
457.869081
-41.086351
-97.493036
-9.749304
221.796657
-70.682451
-759.749304
-1278.203343
-1653.899721
-1637.186630
-1382.660167
-1449.164345
-1876.740947
-2523.328691
-3017.757660
-2911.559889
-2569.986072
-2481.894150
-2489.902507
-2712.395543
-3062.674095
-3032.381616
-2777.855153
-2340.877437
-1835.654596
-1797.005571
-1946.727019
-1951.253482
-1720.403900
-1078.342618
-530.292479
-335.306407
-293.523677
-370.473538
-260.793872
120.821727
557.451253
939.763231
1067.896936
913.997214
772.284123
851.323120
1191.504178
1545.961003
1601.671309
1473.189415
1347.144847
1188.370474
1155.988858
1335.654596
1487.813370
1534.122563
1348.189415
1016.016713
964.832869
1172.353760
1356.894150
1393.802228
1255.919220
1086.699164
1039.345404
1112.116992
1268.105850
1486.072423
1544.916435
1409.122563
1360.376045
1358.983287
1403.899721
1527.855153
1511.490251
1467.270195
1371.169916
1133.356546
1015.320334
1068.941504
1240.598886
1075.557103
438.022284
4.874652
-138.579387
-16.364903
174.442897
-200.208914
-817.896936
-1353.412256
-1751.392758
-1672.701950
-1479.805014
-1570.334262
-1957.869081
-2627.785515
-3057.103064
-2931.406685
-2652.506964
-2535.515320
-2568.593315
-2790.738162
-3075.557103
-3043.175487
-2739.206128
-2300.835655
-1887.534819
-1842.618384
-1965.529248
-1962.047354
-1646.239554
-1006.963788
-540.389972
-326.253482
-295.612813
-400.069638
-212.395543
195.334262
616.295265
997.214485
1013.579387
855.501393
801.532033
892.757660
1253.481894
1563.370474
1542.827298
1410.167131
1278.899721
1172.701950
1228.760446
1380.919220
1465.877437
1442.896936
1253.830084
1003.481894
995.821727
1194.289694
1366.991643
1340.181058
1123.259053
987.465181
1016.364903
1151.462396
1368.036212
1478.064067
1416.086351
1316.155989
1271.935933
1351.323120
1535.863510
1625.000000
1532.381616
1408.426184
1269.150418
1184.540390
1209.610028
1213.788301
1267.409471
1034.122563
390.320334
42.479109
15.320334
136.142061
284.818942
-138.231198
-863.857939
-1338.091922
-1591.922006
-1512.883008
-1366.643454
-1535.515320
-1972.841226
-2572.423398
-2958.565460
-2839.136490
-2540.041783
-2427.576602
-2494.080780
-2748.607242
-3049.791086
-3014.275766
-2689.066852
-2253.830084
-1846.796657
-1796.657382
-1928.969359
-1930.710306
-1647.632312
-1025.417827
-517.409471
-314.415042
-265.668524
-371.518106
-274.373259
147.980501
617.339833
993.384401
1059.540390
871.518106
751.392758
849.582173
1199.860724
1572.075209
1640.320334
1462.047354
1235.027855
1081.824513
1150.417827
1385.445682
1534.470752
1480.849582
1233.286908
946.727019
874.651811
1069.289694
1316.852368
1356.197772
1153.899721
909.122563
822.075209
961.699164
1204.387187
1415.041783
1430.362117
1281.685237
1202.994429
1159.122563
1221.796657
1444.986072
1529.596100
1493.384401
1363.161560
1081.824513
962.047354
1038.300836
1208.565460
1246.518106
773.328691
180.013928
-101.671309
-100.626741
150.766017
146.935933
-403.203343
-1029.944290
-1475.974930
-1639.972145
-1495.821727
-1417.827298
-1649.721448
-2138.231198
-2705.779944
-2902.506964
-2659.122563
-2440.807799
-2357.938719
-2461.699164
-2808.495822
-2986.072423
-2802.576602
-2411.559889
-1939.415042
-1680.013928
-1795.612813
-1950.208914
-1771.587744
-1288.649025
-710.306407
-329.735376
-281.685237
-337.047354
-367.688022
-193.941504
363.509749
865.250696
1016.016713
943.941504
715.877437
665.738162
970.055710
1347.144847
1580.083565
1520.891365
1267.409471
1061.629526
1005.571031
1205.431755
1500.696379
1551.183844
1337.395543
1017.061281
799.442897
904.596100
1211.699164
1387.186630
1318.593315
1047.353760
809.192201
848.537604
1041.782730
1291.086351
1465.877437
1337.743733
1174.442897
1169.568245
1167.479109
1306.406685
1465.529248
1424.791086
1369.777159
1222.493036
995.125348
989.902507
1095.752089
1174.442897
1040.389972
482.938719
4.526462
-88.788301
-9.401114
162.952646
-17.409471
-658.774373
-1197.075209
-1519.846797
-1556.754875
-1336.002786
-1375.696379
-1745.125348
-2295.264624
-2770.543175
-2706.128134
-2386.490251
-2245.473538
-2273.676880
-2562.325905
-2900.069638
-2861.420613
-2525.417827
-2085.306407
-1704.387187
-1677.924791
-1869.080780
-1866.643454
-1557.103064
-988.509749
-475.278552
-332.869081
-332.172702
-368.732591
-341.225627
94.011142
610.027855
852.019499
917.827298
762.883008
643.454039
821.727019
1116.295265
1402.506964
1451.253482
1239.902507
1101.671309
1045.612813
1108.286908
1360.027855
1455.431755
1289.345404
1083.217270
891.016713
851.671309
1081.476323
1311.977716
1316.852368
1093.662953
814.415042
782.033426
968.662953
1191.852368
1407.033426
1364.206128
1134.749304
1096.100279
1159.818942
1283.426184
1470.403900
1465.529248
1355.501393
1240.947075
1091.573816
1071.727019
1076.601671
1121.518106
1180.710306
789.693593
209.261838
-23.328691
-41.782730
133.704735
219.359331
-255.222841
-907.729805
-1368.732591
-1550.139276
-1359.331476
-1233.286908
-1447.423398
-1902.506964
-2527.506964
-2790.738162
-2501.392758
-2230.153203
-2184.540390
-2337.395543
-2703.690808
-2906.685237
-2704.387187
-2288.997214
-1856.545961
-1669.916435
-1802.924791
-1924.094708
-1836.002786
-1384.749304
-722.144847
-418.523677
-385.097493
-438.022284
-581.824513
-309.540390
271.935933
716.573816
943.593315
758.008357
518.454039
562.325905
797.005571
1289.345404
1569.637883
1368.036212
1112.465181
922.353760
946.727019
1260.097493
1513.231198
1511.142061
1228.064067
887.883008
772.980501
894.150418
1229.456825
1496.169916
1317.548747
923.746518
700.905292
737.116992
1080.083565
1437.325905
1457.869081
1264.275766
1006.963788
951.949861
1194.289694
1361.072423
1464.832869
1458.913649
1187.674095
1055.013928
1050.487465
1005.571031
1098.885794
1154.944290
1008.008357
637.186630
170.961003
-40.389972
33.426184
190.111421
157.729805
-306.754875
-967.966574
-1374.651811
-1417.827298
-1277.158774
-1191.155989
-1404.944290
-1963.788301
-2500.696379
-2659.122563
-2401.462396
-2100.626741
-2108.635097
-2320.334262
-2657.033426
-2836.699164
-2547.005571
-2120.473538
-1808.844011
-1659.470752
-1782.381616
-1880.571031
-1696.727019
-1270.891365
-739.206128
-435.584958
-427.228412
-423.746518
-412.952646
-250.000000
274.721448
683.844011
778.203343
813.370474
670.264624
620.473538
905.988858
1206.476323
1427.228412
1384.401114
1127.437326
1041.086351
1041.086351
1175.835655
1434.888579
1403.203343
1159.818942
947.075209
803.621170
881.615599
1131.267409
1285.515320
1191.504178
881.615599
667.130919
775.766017
992.339833
1193.941504
1301.532033
1099.930362
927.576602
985.376045
1071.727019
1261.838440
1370.473538
1274.025070
1168.175487
1016.016713
998.607242
1107.242340
1073.119777
1072.771588
1011.838440
664.693593
279.247911
78.690808
113.161560
262.186630
233.983287
-175.139276
-795.961003
-1212.047354
-1277.506964
-1134.052925
-1071.727019
-1290.041783
-1752.437326
-2292.827298
-2494.777159
-2271.935933
-2053.272981
-2035.167131
-2254.874652
-2591.922006
-2711.699164
-2534.818942
-2194.637883
-1866.991643
-1761.490251
-1845.403900
-1912.952646
-1806.754875
-1413.300836
-877.785515
-586.699164
-538.300836
-522.284123
-518.105850
-283.426184
168.523677
500.696379
738.509749
787.256267
630.222841
628.481894
801.183844
1086.350975
1398.328691
1426.532033
1249.651811
1083.913649
980.501393
1097.493036
1334.610028
1419.220056
1307.103064
1071.030641
848.537604
795.264624
952.298050
1168.523677
1189.415042
994.777159
742.339833
593.314763
703.690808
925.139276
1064.763231
1087.743733
922.005571
810.933148
833.913649
853.064067
1091.225627
1254.874652
1112.465181
1051.532033
955.083565
855.153203
959.610028
1001.740947
1062.325905
1026.810585
596.100279
212.743733
120.821727
200.557103
423.398329
323.467967
-302.924791
-820.682451
-1056.754875
-1114.206128
-903.551532
-866.991643
-1220.752089
-1683.844011
-2172.353760
-2280.988858
-1968.662953
-1824.512535
-1876.044568
-2123.259053
-2490.598886
-2507.311978
-2266.016713
-1988.161560
-1700.905292
-1666.434540
-1813.022284
-1891.016713
-1722.144847
-1249.651811
-797.005571
-597.841226
-577.994429
-565.807799
-468.314763
-257.660167
122.910864
465.877437
609.679666
674.791086
578.690808
544.916435
810.584958
1094.011142
1303.272981
1309.888579
1095.752089
975.278552
974.233983
1112.465181
1350.278552
1367.688022
1185.933148
971.100279
810.584958
823.816156
959.958217
1103.412256
1087.047354
885.097493
678.621170
577.994429
653.203343
851.323120
985.724234
960.654596
803.272981
683.844011
732.938719
893.454039
1041.782730
1085.654596
1022.284123
889.623955
834.958217
925.835655
960.306407
969.359331
1018.802228
891.364903
632.660167
375.348189
200.905292
252.089136
376.392758
273.328691
-104.805014
-599.233983
-914.345404
-925.835655
-844.707521
-883.356546
-1097.493036
-1534.470752
-1978.064067
-2091.225627
-1932.799443
-1792.479109
-1823.119777
-2066.852368
-2333.913649
-2387.186630
-2244.080780
-1985.724234
-1779.944290
-1723.885794
-1740.947075
-1777.855153
-1668.523677
-1309.192201
-927.228412
-681.406685
-576.949861
-536.559889
-393.105850
-194.986072
17.061281
331.824513
570.334262
670.961003
725.278552
695.334262
754.526462
980.153203
1151.810585
1235.376045
1219.707521
1105.849582
1030.640669
1005.222841
1082.520891
1208.565460
1194.986072
1029.247911
807.799443
700.208914
735.724234
812.674095
888.927577
831.824513
641.364903
480.153203
387.186630
486.420613
701.601671
797.701950
804.317549
690.111421
566.504178
625.696379
746.518106
927.228412
1076.949861
1055.362117
965.877437
874.303621
889.275766
1005.222841
1050.835655
1102.367688
1077.994429
794.568245
441.852368
267.061281
326.601671
503.133705
508.008357
121.518106
-437.325905
-811.281337
-912.604457
-796.309192
-711.350975
-903.203343
-1316.504178
-1838.440111
-2138.927577
-1982.242340
-1731.545961
-1710.654596
-1928.621170
-2284.470752
-2485.027855
-2395.891365
-2104.805014
-1781.337047
-1635.097493
-1704.735376
-1856.545961
-1849.233983
-1487.116992
-946.727019
-604.108635
-532.033426
-554.665738
-496.866295
-296.309192
-27.506964
314.415042
646.935933
757.660167
723.885794
676.532033
713.091922
941.852368
1169.220056
1260.097493
1241.643454
1120.125348
1002.785515
939.066852
996.866295
1154.944290
1188.022284
1037.952646
777.158774
568.245125
542.479109
617.688022
726.323120
750.000000
607.938719
389.275766
232.242340
299.442897
484.331476
651.810585
724.582173
601.323120
522.284123
535.167131
619.080780
901.810585
1055.710306
1060.584958
1058.495822
906.337047
934.888579
1108.286908
1112.116992
1171.657382
1192.896936
1004.874652
756.267409
512.883008
465.877437
621.866295
654.596100
396.239554
-78.690808
-547.701950
-758.008357
-673.050139
-593.662953
-730.153203
-1087.395543
-1615.947075
-1988.857939
-1972.841226
-1752.089136
-1636.490251
-1853.412256
-2219.707521
-2447.771588
-2449.164345
-2183.844011
-1863.509749
-1729.108635
-1761.490251
-1858.635097
-1853.064067
-1603.064067
-1153.551532
-770.891365
-638.231198
-641.713092
-567.896936
-300.835655
-15.320334
205.083565
454.387187
585.306407
623.259053
707.520891
773.328691
880.919220
1024.025070
1079.038997
1085.654596
1093.314763
1068.245125
999.651811
920.961003
894.846797
935.933148
936.629526
805.013928
628.133705
504.526462
446.030641
487.465181
561.977716
530.988858
409.122563
281.685237
201.949861
265.320334
451.601671
573.119777
620.821727
600.626741
512.883008
571.378830
756.963788
927.576602
1080.779944
1115.250696
1061.281337
1058.147632
1115.250696
1179.317549
1187.325905
1187.674095
1210.654596
1143.454039
914.693593
612.813370
505.222841
562.674095
556.406685
431.754875
19.498607
-481.894150
-701.949861
-749.651811
-727.019499
-778.551532
-1094.707521
-1528.551532
-1914.345404
-2026.462396
-1852.715877
-1751.044568
-1866.991643
-2112.465181
-2363.509749
-2422.701950
-2226.323120
-1920.612813
-1683.844011
-1634.052925
-1731.197772
-1789.345404
-1628.830084
-1185.584958
-695.682451
-522.632312
-529.944290
-485.376045
-339.484680
-29.596100
256.267409
452.994429
632.311978
624.303621
625.000000
748.955432
850.974930
1038.300836
1096.100279
967.270195
950.208914
944.289694
910.863510
902.158774
830.083565
807.103064
778.551532
628.830084
497.214485
415.041783
382.311978
401.462396
372.910864
324.164345
298.746518
251.740947
195.334262
206.476323
342.618384
462.395543
526.114206
564.415042
531.337047
630.919220
811.977716
888.231198
1035.863510
1137.186630
1107.590529
1142.757660
1156.337047
1247.214485
1363.161560
1258.008357
1193.941504
1183.844011
1073.816156
961.350975
756.615599
575.208914
556.406685
500.348189
292.479109
-62.325905
-407.381616
-605.501393
-704.735376
-764.972145
-903.899721
-1181.406685
-1545.612813
-1828.690808
-1884.052925
-1816.155989
-1776.114206
-1889.972145
-2103.064067
-2229.108635
-2233.983287
-2084.610028
-1875.000000
-1738.161560
-1632.311978
-1630.222841
-1645.543175
-1458.913649
-1113.857939
-778.203343
-612.813370
-575.208914
-459.610028
-251.044568
-4.526462
204.387187
357.938719
491.991643
548.398329
619.080780
727.019499
817.896936
917.479109
917.479109
847.493036
863.161560
902.506964
891.713092
791.086351
677.924791
661.559889
652.506964
610.724234
557.103064
448.816156
314.066852
237.465181
252.089136
318.593315
366.643454
344.707521
236.768802
115.947075
170.961003
401.114206
550.487465
595.752089
621.169916
575.208914
578.690808
751.392758
986.072423
1150.069638
1162.952646
1123.955432
1102.019499
1119.777159
1281.685237
1378.481894
1252.089136
1167.479109
1157.381616
1087.047354
946.727019
738.161560
602.715877
555.013928
464.832869
324.860724
-6.615599
-440.111421
-608.286908
-620.821727
-709.261838
-830.431755
-1088.440111
-1505.222841
-1772.284123
-1787.604457
-1692.548747
-1655.292479
-1808.844011
-2023.676880
-2162.952646
-2194.986072
-1983.286908
-1740.250696
-1692.548747
-1670.264624
-1684.540390
-1697.423398
-1481.545961
-1113.509749
-810.236769
-707.172702
-731.545961
-631.963788
-408.077994
-136.838440
130.919220
217.618384
195.682451
325.557103
528.203343
650.417827
734.679666
766.016713
725.278552
716.225627
815.459610
929.665738
920.961003
808.147632
701.601671
659.122563
695.682451
764.972145
718.314763
542.827298
420.612813
424.442897
444.986072
446.030641
466.922006
438.370474
334.261838
263.231198
306.406685
412.604457
505.222841
562.325905
537.256267
502.785515
619.777159
755.919220
802.576602
891.364903
940.807799
978.064067
1049.442897
1045.264624
1134.401114
1235.027855
1128.830084
1071.378830
1098.885794
1089.832869
1100.278552
923.050139
596.796657
498.607242
548.050139
513.579387
361.072423
25.069638
-332.172702
-508.356546
-620.473538
-650.766017
-688.718663
-970.403900
-1325.208914
-1592.618384
-1683.844011
-1558.495822
-1514.275766
-1683.844011
-1914.345404
-2096.796657
-2099.233983
-1953.342618
-1808.495822
-1676.532033
-1666.434540
-1762.186630
-1765.668524
-1615.598886
-1314.066852
-1000.348189
-907.033426
-928.621170
-825.905292
-611.072423
-316.852368
-75.208914
-19.498607
29.596100
139.275766
293.871866
534.818942
693.941504
745.473538
736.768802
675.487465
761.142061
932.799443
1009.052925
997.562674
861.072423
777.855153
848.189415
882.311978
875.696379
796.657382
652.506964
593.662953
573.816156
567.200557
601.671309
572.423398
462.743733
373.955432
328.690808
389.623955
527.158774
513.927577
434.540390
444.289694
483.286908
605.153203
747.910864
763.579387
766.713092
774.025070
820.334262
966.225627
1088.091922
1144.498607
1086.350975
913.649025
864.206128
1032.381616
1173.746518
1088.788301
800.835655
481.545961
376.392758
490.250696
564.763231
432.451253
36.908078
-393.454039
-574.512535
-610.724234
-546.657382
-530.988858
-873.259053
-1332.172702
-1610.724234
-1669.568245
-1518.802228
-1469.359331
-1625.696379
-1873.259053
-2142.061281
-2158.774373
-1954.387187
-1801.880223
-1697.423398
-1715.877437
-1872.562674
-1855.849582
-1606.545961
-1273.676880
-1018.454039
-966.573816
-971.796657
-861.768802
-643.105850
-291.434540
3.830084
53.969359
86.002786
172.005571
304.317549
581.824513
790.041783
839.136490
821.727019
770.194986
855.501393
1005.571031
1061.281337
1068.245125
982.590529
879.526462
887.186630
893.454039
870.821727
818.245125
695.682451
582.869081
516.364903
488.509749
498.955432
461.350975
352.019499
270.194986
251.392758
273.676880
346.448468
361.768802
282.381616
311.281337
416.782730
509.749304
644.150418
672.353760
610.027855
654.596100
764.275766
897.632312
1035.167131
1061.629526
1027.855153
1000.348189
940.459610
945.334262
1066.155989
1110.376045
1037.952646
887.883008
567.896936
384.401114
488.161560
525.766017
440.807799
184.192201
-282.381616
-586.350975
-651.462396
-615.598886
-582.520891
-819.986072
-1258.704735
-1588.091922
-1731.197772
-1672.701950
-1537.952646
-1603.760446
-1842.270195
-2055.013928
-2173.398329
-2113.857939
-1886.838440
-1694.637883
-1626.740947
-1698.816156
-1812.325905
-1714.136490
-1411.908078
-1061.629526
-805.362117
-787.604457
-817.200557
-680.013928
-419.916435
-69.289694
200.208914
265.320334
269.150418
306.406685
476.323120
784.470752
1002.785515
1043.523677
956.128134
854.108635
928.621170
1116.643454
1222.144847
1209.958217
1080.431755
923.050139
858.635097
882.660167
933.844011
902.506964
753.133705
587.047354
447.075209
412.256267
472.841226
455.431755
354.108635
238.857939
169.220056
181.754875
191.155989
212.743733
244.080780
206.824513
218.662953
277.506964
341.922006
454.387187
504.526462
501.044568
535.515320
595.752089
712.047354
833.913649
864.902507
852.715877
854.805014
807.451253
777.506964
887.534819
950.208914
894.150418
733.286908
442.200557
324.860724
416.782730
444.986072
411.908078
127.437326
-336.002786
-521.239554
-536.559889
-499.651811
-450.208914
-705.083565
-1147.284123
-1455.431755
-1544.220056
-1390.668524
-1262.883008
-1412.952646
-1685.584958
-1931.406685
-2035.863510
-1853.760446
-1616.991643
-1558.844011
-1598.189415
-1719.707521
-1774.721448
-1581.128134
-1295.961003
-1022.980501
-911.211699
-983.286908
-922.353760
-715.181058
-437.325905
-81.128134
100.974930
40.041783
17.757660
157.381616
454.038997
800.139276
959.958217
911.211699
791.434540
746.518106
940.807799
1237.116992
1332.869081
1255.571031
1080.083565
898.676880
939.415042
1117.339833
1184.888579
1074.512535
831.824513
618.732591
535.863510
577.298050
660.515320
621.866295
434.540390
202.646240
81.824513
129.178273
211.350975
232.242340
133.704735
-27.158774
-57.103064
18.802228
129.178273
196.030641
147.632312
143.802228
171.309192
212.743733
340.181058
426.183844
475.626741
551.183844
564.763231
580.779944
570.682451
555.362117
699.860724
834.610028
849.233983
758.008357
519.150418
346.100279
427.576602
576.253482
615.947075
434.540390
54.317549
-241.643454
-317.200557
-269.150418
-189.415042
-332.869081
-736.072423
-1083.565460
-1268.454039
-1266.364903
-1144.498607
-1186.629526
-1430.013928
-1728.760446
-1945.334262
-1909.122563
-1728.064067
-1595.752089
-1598.885794
-1750.348189
-1867.688022
-1778.551532
-1535.515320
-1244.428969
-1061.281337
-1032.033426
-1028.203343
-915.041783
-628.133705
-255.222841
21.239554
152.855153
194.289694
240.250696
473.189415
795.612813
1013.231198
1185.933148
1238.857939
1176.183844
1229.456825
1341.573816
1454.735376
1555.013928
1488.161560
1365.598886
1247.910864
1147.284123
1175.139276
1135.445682
935.584958
750.348189
561.977716
381.615599
284.470752
218.662953
103.760446
-114.902507
-299.094708
-408.774373
-486.072423
-496.866295
-492.688022
-555.362117
-658.774373
-672.701950
-591.922006
-511.142061
-381.963788
-251.044568
-215.529248
-169.916435
-63.022284
146.239554
389.972145
520.543175
659.470752
803.969359
856.545961
1022.980501
1178.621170
1144.498607
1244.428969
1427.228412
1462.047354
1461.350975
1308.495822
1073.467967
1063.718663
1095.055710
1105.153203
1026.114206
595.055710
188.370474
30.292479
-89.832869
-80.431755
-183.147632
-631.615599
-1074.512535
-1373.607242
-1502.089136
-1451.601671
-1510.445682
-1729.805014
-2008.356546
-2293.175487
-2366.295265
-2215.529248
-2077.298050
-2002.089136
-2037.256267
-2175.139276
-2128.830084
-1870.125348
-1543.175487
-1210.654596
-1064.415042
-1028.899721
-879.178273
-635.097493
-252.785515
160.515320
414.345404
558.844011
634.401114
733.635097
980.501393
1278.551532
1529.247911
1659.818942
1616.295265
1500.348189
1474.582173
1564.066852
1661.908078
1682.451253
1558.844011
1301.880223
1049.094708
905.292479
858.286908
800.835655
622.214485
353.760446
30.988858
-239.554318
-342.270195
-364.902507
-441.852368
-612.465181
-830.083565
-1014.275766
-1103.412256
-1044.916435
-892.061281
-823.816156
-866.991643
-926.183844
-895.891365
-732.590529
-464.832869
-161.559889
-13.579387
12.186630
145.194986
342.966574
560.584958
902.506964
1155.988858
1239.902507
1330.083565
1403.899721
1533.774373
1690.807799
1727.715877
1809.888579
1879.874652
1780.292479
1734.331476
1589.832869
1292.130919
1248.955432
1295.264624
1143.105850
903.899721
509.749304
87.395543
-117.688022
-223.537604
-293.175487
-482.590529
-954.735376
-1383.356546
-1610.724234
-1767.061281
-1736.072423
-1722.493036
-1993.732591
-2287.256267
-2461.699164
-2488.161560
-2328.342618
-2152.506964
-2035.167131
-2049.442897
-2162.604457
-2051.183844
-1738.509749
-1426.532033
-1083.565460
-894.150418
-872.562674
-724.233983
-423.398329
-27.855153
336.350975
521.587744
673.050139
755.571031
814.415042
1101.671309
1350.974930
1447.075209
1565.111421
1519.846797
1416.434540
1417.130919
1403.899721
1456.476323
1414.693593
1232.242340
1085.306407
840.529248
633.704735
592.966574
467.270195
282.033426
79.735376
-194.637883
-405.292479
-546.309192
-624.651811
-680.710306
-835.306407
-964.484680
-1027.158774
-1090.877437
-1077.646240
-999.303621
-941.852368
-880.222841
-814.763231
-731.894150
-592.270195
-412.604457
-184.888579
32.033426
172.353760
360.027855
579.387187
743.384401
965.181058
1186.977716
1337.395543
1510.445682
1644.846797
1751.044568
1879.526462
1922.701950
1932.799443
1939.415042
1877.437326
1892.061281
1915.738162
1771.935933
1595.403900
1342.966574
1026.114206
902.506964
854.805014
703.342618
438.022284
-29.247911
-475.974930
-679.665738
-776.810585
-825.557103
-1001.740947
-1453.342618
-1857.590529
-2075.557103
-2143.454039
-2009.749304
-1974.930362
-2183.495822
-2426.183844
-2588.440111
-2513.231198
-2230.153203
-2008.356546
-1884.401114
-1888.927577
-1941.504178
-1760.097493
-1401.462396
-1030.988858
-705.431755
-558.495822
-511.142061
-334.261838
-36.211699
323.467967
649.721448
819.637883
914.345404
986.768802
1050.835655
1227.367688
1417.479109
1496.169916
1526.114206
1455.431755
1313.022284
1259.401114
1244.080780
1195.334262
1125.348189
965.877437
729.456825
482.242340
288.300836
191.155989
96.448468
-74.512535
-289.693593
-531.685237
-754.178273
-857.938719
-869.777159
-913.300836
-988.161560
-1079.387187
-1169.916435
-1180.362117
-1076.253482
-906.337047
-790.738162
-731.197772
-649.025070
-546.657382
-367.339833
-81.824513
193.941504
388.579387
484.331476
620.125348
829.387187
1037.952646
1344.707521
1551.183844
1579.735376
1663.997214
1714.832869
1801.880223
1996.518106
2057.799443
2063.370474
1984.679666
1791.086351
1745.125348
1702.298050
1584.610028
1550.487465
1387.186630
1088.788301
833.565460
531.337047
298.746518
243.732591
119.777159
-133.356546
-488.509749
-907.729805
-1130.222841
-1197.423398
-1249.303621
-1296.309192
-1540.738162
-1902.855153
-2095.055710
-2136.838440
-2018.802228
-1855.501393
-1887.186630
-2036.211699
-2162.604457
-2130.222841
-1891.364903
-1643.802228
-1454.038997
-1334.958217
-1354.108635
-1313.022284
-1064.066852
-746.518106
-438.718663
-225.278552
-191.155989
-158.426184
2.437326
261.490251
558.495822
718.662953
745.821727
757.311978
732.590529
795.612813
979.805014
1067.896936
1035.167131
936.281337
809.540390
741.643454
736.072423
754.526462
692.200557
516.016713
347.493036
217.270195
112.465181
76.601671
46.657382
-65.111421
-238.161560
-379.526462
-441.504178
-463.788301
-462.047354
-460.654596
-512.186630
-581.824513
-572.771588
-504.874652
-456.476323
-392.061281
-303.969359
-250.348189
-184.540390
-66.852368
61.629526
174.442897
275.417827
390.320334
522.632312
633.356546
751.392758
883.704735
947.771588
1027.158774
1159.470752
1211.002786
1253.481894
1318.593315
1324.164345
1355.153203
1385.445682
1364.554318
1357.242340
1296.657382
1216.225627
1176.880223
1071.378830
981.545961
966.922006
844.707521
684.888579
542.130919
308.844011
167.827298
143.802228
59.192201
-80.083565
-315.459610
-596.796657
-742.688022
-802.576602
-831.128134
-869.428969
-1078.690808
-1344.011142
-1469.011142
-1516.016713
-1483.286908
-1419.916435
-1488.857939
-1645.891365
-1747.562674
-1745.125348
-1629.526462
-1477.367688
-1396.587744
-1394.150418
-1444.637883
-1416.434540
-1229.805014
-1010.793872
-835.654596
-724.930362
-697.423398
-649.721448
-482.590529
-245.821727
-27.855153
97.841226
150.417827
198.467967
261.142061
420.264624
624.303621
724.930362
746.518106
721.448468
685.933148
742.339833
839.832869
878.133705
872.214485
771.587744
652.506964
626.044568
603.064067
594.011142
557.799443
413.997214
282.381616
190.807799
111.072423
93.662953
53.969359
-49.442897
-145.194986
-241.991643
-298.050139
-305.013928
-302.228412
-310.236769
-360.724234
-381.267409
-342.270195
-292.479109
-230.849582
-175.487465
-145.543175
-109.679666
-18.454039
121.169916
254.874652
345.055710
403.203343
470.055710
567.896936
711.350975
888.579387
983.983287
1001.044568
1070.682451
1135.445682
1193.245125
1321.727019
1391.713092
1369.777159
1351.671309
1327.298050
1317.200557
1313.022284
1257.311978
1202.994429
1140.320334
1006.963788
886.490251
734.679666
514.275766
436.281337
383.356546
176.183844
-39.345404
-289.693593
-544.568245
-663.300836
-757.660167
-883.704735
-1069.289694
-1352.019499
-1556.754875
-1668.175487
-1751.044568
-1741.295265
-1794.916435
-1966.922006
-2076.949861
-2104.108635
-2076.949861
-1978.412256
-1866.643454
-1810.584958
-1797.005571
-1750.348189
-1593.314763
-1382.660167
-1171.309192
-968.314763
-850.974930
-761.838440
-557.451253
-302.228412
-71.378830
130.222841
283.774373
403.203343
500.000000
654.247911
853.412256
971.448468
1045.612813
1103.064067
1083.565460
1086.002786
1158.077994
1184.540390
1137.534819
1066.852368
1001.740947
910.863510
811.977716
756.267409
669.916435
527.158774
398.328691
293.871866
183.495822
62.674095
-22.980501
-118.732591
-252.437326
-318.245125
-340.181058
-399.025070
-450.905292
-464.484680
-480.849582
-506.267409
-462.047354
-365.947075
-312.674095
-275.766017
-214.484680
-135.445682
-25.069638
118.732591
263.579387
356.545961
425.487465
552.576602
701.601671
801.880223
929.665738
1062.325905
1120.125348
1167.130919
1236.420613
1298.398329
1354.108635
1388.927577
1395.891365
1368.384401
1299.442897
1269.846797
1246.518106
1155.640669
1054.665738
930.362117
785.515320
683.147632
572.075209
428.272981
214.136490
-32.033426
-161.908078
-253.830084
-388.927577
-537.256267
-785.863510
-1048.050139
-1175.139276
-1233.635097
-1269.846797
-1367.339833
-1566.155989
-1722.841226
-1813.718663
-1829.387187
-1735.724234
-1705.779944
-1768.454039
-1809.888579
-1822.075209
-1755.919220
-1581.476323
-1415.738162
-1307.799443
-1261.490251
-1221.796657
-1079.735376
-884.052925
-667.130919
-452.298050
-342.618384
-279.944290
-163.649025
-3.133705
192.548747
370.125348
490.250696
555.710306
577.646240
650.766017
752.089136
818.245125
900.417827
949.512535
919.916435
864.206128
814.415042
812.325905
838.091922
848.885794
811.281337
677.924791
528.899721
471.448468
462.395543
447.075209
412.256267
312.325905
153.203343
44.220056
42.827298
70.682451
52.924791
-3.481894
-83.913649
-174.791086
-191.852368
-133.704735
-81.476323
-66.504178
-73.119777
-99.582173
-122.562674
-83.913649
31.337047
118.732591
146.239554
171.657382
181.754875
198.119777
287.604457
409.818942
494.428969
537.952646
533.426184
542.827298
597.493036
677.228412
784.818942
809.888579
773.676880
787.952646
795.961003
800.139276
846.448468
849.233983
810.236769
787.604457
726.323120
670.961003
624.303621
556.406685
546.309192
489.554318
356.894150
266.016713
89.832869
-74.860724
-61.629526
-102.019499
-230.849582
-386.490251
-644.498607
-813.022284
-837.395543
-862.813370
-884.401114
-1045.961003
-1305.710306
-1412.256267
-1464.484680
-1463.440111
-1353.064067
-1408.077994
-1577.298050
-1642.757660
-1650.069638
-1548.746518
-1374.303621
-1314.763231
-1297.005571
-1306.406685
-1285.167131
-1082.520891
-869.428969
-724.233983
-561.977716
-513.231198
-477.019499
-277.158774
-65.807799
147.980501
315.111421
370.821727
444.637883
529.596100
654.596100
862.116992
956.476323
972.841226
1014.623955
991.991643
1008.008357
1081.128134
1102.715877
1096.100279
1027.855153
924.442897
880.919220
813.022284
752.089136
733.635097
621.169916
496.169916
404.247911
281.337047
200.557103
143.802228
63.718663
-17.061281
-129.526462
-219.707521
-254.178273
-303.969359
-337.743733
-354.456825
-401.810585
-430.362117
-429.665738
-422.353760
-377.785515
-329.038997
-282.381616
-236.072423
-205.431755
-146.587744
-51.183844
42.130919
131.267409
222.493036
288.300836
355.501393
438.370474
529.596100
627.785515
715.181058
774.721448
814.066852
832.520891
865.947075
939.415042
980.153203
993.036212
982.242340
916.782730
879.874652
881.615599
848.885794
801.532033
701.253482
565.459610
502.785515
423.746518
323.816156
216.225627
6.615599
-159.122563
-225.974930
-334.261838
-439.763231
-587.743733
-816.155989
-962.395543
-1042.479109
-1101.671309
-1136.142061
-1263.927577
-1416.434540
-1490.947075
-1542.479109
-1518.802228
-1460.306407
-1487.465181
-1512.534819
-1510.097493
-1481.894150
-1353.412256
-1214.832869
-1111.420613
-1027.158774
-977.715877
-856.894150
-664.345404
-496.866295
-306.754875
-165.389972
-99.233983
32.729805
193.941504
352.019499
521.587744
614.902507
680.362117
762.883008
808.844011
901.114206
978.760446
962.047354
986.072423
994.080780
943.593315
929.317549
887.534819
815.807799
772.632312
695.682451
617.688022
529.247911
408.426184
344.359331
276.462396
163.300836
76.601671
-14.623955
-118.384401
-181.058496
-225.626741
-283.426184
-343.662953
-385.793872
-403.551532
-428.272981
-451.253482
-433.495822
-410.515320
-388.927577
-343.314763
-307.103064
-288.997214
-240.947075
-153.551532
-62.325905
11.142061
74.512535
136.142061
195.334262
276.114206
383.356546
459.958217
504.526462
558.147632
611.072423
652.855153
705.083565
757.311978
768.802228
765.320334
775.766017
780.292479
776.462396
770.194986
743.384401
698.467967
632.311978
594.707521
581.476323
521.587744
459.261838
390.668524
278.899721
211.350975
176.183844
121.169916
63.718663
-33.426184
-145.891365
-228.064067
-306.406685
-333.217270
-348.537604
-438.370474
-531.685237
-627.089136
-719.011142
-721.448468
-699.164345
-726.671309
-782.381616
-880.222841
-952.298050
-939.763231
-894.150418
-839.484680
-838.440111
-916.086351
-949.164345
-908.774373
-829.735376
-712.047354
-654.247911
-673.398329
-673.050139
-626.044568
-519.150418
-384.052925
-302.576602
-256.963788
-235.027855
-204.038997
-97.841226
15.320334
90.181058
164.693593
188.370474
200.208914
252.437326
316.155989
383.008357
419.568245
424.442897
430.362117
426.183844
432.451253
470.055710
464.484680
444.986072
435.236769
409.470752
383.008357
365.947075
342.270195
320.682451
280.640669
241.991643
225.278552
175.835655
139.275766
129.874652
87.743733
45.612813
32.729805
6.615599
-18.454039
-34.818942
-57.103064
-80.083565
-98.885794
-105.849582
-85.306407
-92.966574
-107.242340
-94.707521
-94.707521
-87.395543
-51.532033
-34.470752
-29.247911
-2.437326
19.846797
45.961003
76.601671
111.420613
150.417827
168.523677
184.192201
236.768802
290.041783
320.682451
354.108635
370.821727
383.704735
439.066852
498.955432
533.077994
534.818942
524.373259
537.256267
565.459610
607.242340
640.668524
605.849582
558.147632
549.442897
544.568245
555.362117
541.086351
486.420613
432.799443
366.643454
313.022284
272.284123
186.281337
122.562674
75.208914
-31.337047
-129.526462
-235.376045
-355.153203
-420.612813
-477.715877
-552.228412
-660.515320
-804.665738
-915.041783
-966.225627
-998.955432
-1019.150418
-1069.289694
-1171.309192
-1237.465181
-1247.562674
-1228.760446
-1180.013928
-1147.284123
-1148.676880
-1133.356546
-1082.520891
-988.161560
-876.392758
-778.899721
-675.487465
-588.440111
-501.044568
-370.125348
-223.885794
-90.181058
36.908078
138.231198
228.412256
330.779944
449.512535
569.637883
653.899721
704.038997
752.785515
797.701950
831.824513
883.704735
899.373259
866.295265
842.966574
820.334262
788.997214
754.874652
698.816156
626.044568
532.033426
439.415042
376.044568
309.540390
215.181058
129.178273
37.256267
-73.467967
-149.721448
-205.083565
-268.802228
-329.038997
-389.623955
-453.342618
-497.562674
-508.356546
-494.777159
-487.813370
-502.785515
-500.348189
-464.136490
-413.300836
-344.011142
-269.150418
-222.144847
-176.183844
-89.832869
16.364903
126.044568
223.885794
305.362117
374.651811
443.593315
548.398329
663.300836
746.518106
805.013928
840.529248
866.991643
915.041783
972.493036
1019.498607
1036.211699
1000.348189
954.038997
930.710306
905.640669
895.194986
860.376045
764.623955
659.818942
564.066852
476.323120
417.827298
340.529248
224.233983
100.278552
-45.612813
-169.568245
-263.231198
-357.938719
-430.013928
-522.980501
-655.292479
-771.587744
-868.384401
-940.111421
-967.270195
-997.910864
-1050.487465
-1121.518106
-1186.977716
-1197.423398
-1180.362117
-1148.328691
-1110.376045
-1104.108635
-1107.938719
-1078.342618
-1017.061281
-933.844011
-833.217270
-745.821727
-689.415042
-641.364903
-567.548747
-455.083565
-329.387187
-215.181058
-129.526462
-78.690808
-26.462396
61.629526
171.657382
271.935933
336.699164
362.813370
375.000000
404.944290
461.350975
522.284123
546.309192
535.863510
512.883008
489.902507
487.465181
499.303621
496.866295
470.752089
417.130919
369.080780
341.573816
322.771588
305.362117
277.158774
219.707521
162.256267
129.874652
111.072423
97.493036
80.083565
40.389972
-1.392758
-29.247911
-41.434540
-35.515320
-42.130919
-63.370474
-78.342618
-88.091922
-76.601671
-51.183844
-46.657382
-47.005571
-41.434540
-26.810585
5.222841
34.470752
57.799443
81.128134
92.966574
110.724234
154.247911
193.245125
227.019499
252.785515
266.364903
285.863510
313.022284
356.545961
405.640669
423.398329
426.183844
443.593315
461.350975
488.509749
519.498607
531.685237
531.685237
525.417827
526.810585
532.381616
529.944290
520.891365
500.696379
470.403900
444.289694
427.228412
390.320334
335.306407
279.596100
227.019499
189.066852
141.364903
70.682451
-12.883008
-115.947075
-209.261838
-261.142061
-318.941504
-392.061281
-481.894150
-616.643454
-728.064067
-780.292479
-808.844011
-834.610028
-908.077994
-1023.328691
-1112.813370
-1153.203343
-1132.311978
-1081.476323
-1077.298050
-1127.089136
-1174.442897
-1177.924791
-1099.233983
-969.359331
-869.080780
-830.431755
-820.334262
-778.551532
-670.612813
-503.481894
-340.529248
-223.537604
-159.470752
-111.072423
-13.231198
139.275766
302.228412
433.495822
507.660167
533.774373
575.208914
658.426184
761.838440
842.618384
874.651811
860.376045
837.743733
830.779944
848.537604
859.679666
820.682451
761.490251
688.370474
624.303621
578.342618
519.846797
444.986072
365.250696
274.025070
198.119777
130.222841
54.317549
-18.105850
-96.796657
-169.220056
-211.699164
-252.785515
-301.183844
-331.128134
-367.339833
-391.016713
-388.579387
-384.052925
-371.518106
-353.064067
-332.172702
-293.175487
-249.303621
-202.994429
-134.401114
-76.949861
-22.632312
46.657382
113.509749
184.540390
265.320334
336.350975
400.766017
461.002786
514.972145
572.771588
628.133705
667.827298
704.038997
719.707521
722.493036
741.991643
745.473538
735.724234
724.233983
683.147632
633.704735
595.055710
543.175487
494.428969
424.791086
334.261838
250.000000
164.345404
91.573816
26.114206
-68.245125
-181.754875
-289.345404
-377.785515
-433.495822
-486.072423
-561.977716
-660.167131
-766.016713
-827.298050
-842.966574
-852.715877
-876.392758
-931.058496
-1004.874652
-1028.203343
-993.036212
-941.504178
-903.899721
-911.908078
-930.013928
-915.389972
-848.537604
-744.777159
-647.632312
-601.671309
-583.565460
-544.916435
-466.225627
-340.877437
-211.699164
-133.356546
-90.877437
-54.317549
6.963788
116.643454
238.161560
327.646240
370.821727
381.615599
405.640669
469.011142
545.961003
605.501393
629.874652
612.813370
588.440111
591.573816
611.420613
625.696379
617.339833
582.520891
523.676880
471.100279
438.022284
414.345404
383.704735
332.869081
274.373259
207.520891
139.972145
95.403900
63.022284
21.587744
-19.846797
-62.674095
-115.947075
-157.729805
-182.103064
-189.763231
-198.816156
-216.922006
-235.376045
-253.133705
-255.919220
-240.598886
-221.796657
-209.610028
-191.852368
-173.398329
-154.247911
-129.178273
-92.966574
-47.353760
-0.696379
34.122563
66.852368
95.752089
128.830084
190.111421
243.384401
280.292479
311.281337
325.208914
352.715877
401.114206
446.378830
476.323120
473.189415
457.869081
471.100279
490.250696
502.089136
507.660167
482.938719
443.941504
412.604457
399.721448
389.623955
355.849582
301.183844
235.376045
177.576602
129.178273
91.573816
41.782730
-26.462396
-94.359331
-168.871866
-233.983287
-284.122563
-328.690808
-374.303621
-428.969359
-488.857939
-531.337047
-572.075209
-602.715877
-615.598886
-631.963788
-645.194986
-657.033426
-674.791086
-676.183844
-658.426184
-631.963788
-600.974930
-576.601671
-559.888579
-529.944290
-491.991643
-439.763231
-365.598886
-317.548747
-283.774373
-238.161560
-196.030641
-134.052925
-57.451253
-3.481894
45.961003
71.727019
102.715877
160.167131
201.949861
238.857939
271.935933
275.417827
281.685237
300.487465
302.576602
307.799443
308.495822
290.041783
273.328691
244.428969
214.136490
195.682451
163.300836
137.186630
104.456825
51.183844
14.972145
-17.061281
-55.013928
-78.342618
-109.331476
-137.883008
-156.685237
-186.977716
-195.682451
-195.334262
-201.949861
-193.245125
-181.754875
-176.532033
-158.077994
-130.222841
-98.189415
-44.916435
-3.481894
34.470752
72.423398
106.545961
162.604457
229.456825
276.114206
326.949861
369.080780
391.364903
431.058496
478.412256
522.284123
557.103064
567.548747
574.512535
585.306407
584.261838
597.841226
602.715877
576.949861
553.969359
526.114206
496.518106
471.796657
435.584958
390.668524
342.270195
280.292479
233.635097
191.155989
134.052925
79.735376
17.409471
-44.220056
-89.484680
-133.008357
-182.799443
-229.805014
-280.292479
-319.637883
-349.582173
-378.830084
-402.855153
-430.710306
-452.298050
-461.699164
-468.314763
-477.019499
-477.367688
-477.715877
-469.707521
-458.217270
-452.298050
-436.977716
-424.791086
-405.640669
-380.571031
-367.688022
-351.323120
-332.869081
-321.727019
-300.487465
-282.033426
-264.623955
-249.651811
-248.607242
-238.857939
-224.582173
-211.350975
-196.378830
-188.370474
-188.370474
-188.370474
-179.317549
-170.264624
-160.515320
-154.596100
-154.596100
-147.980501
-141.364903
-130.222841
-115.598886
-105.849582
-97.144847
-85.654596
-72.423398
-51.880223
-27.506964
-13.579387
1.740947
16.364903
38.300836
68.941504
93.662953
120.821727
137.534819
154.596100
184.888579
216.922006
242.688022
268.105850
288.649025
302.576602
321.727019
341.922006
365.947075
384.052925
402.506964
414.693593
416.782730
422.005571
435.236769
444.637883
451.949861
442.896936
425.139276
416.782730
403.203343
396.935933
393.802228
367.688022
340.181058
311.281337
282.381616
263.927577
245.473538
212.047354
178.969359
145.194986
107.590529
81.128134
55.013928
34.818942
10.445682
-23.328691
-53.272981
-68.941504
-82.869081
-96.796657
-110.724234
-121.866295
-138.579387
-153.899721
-154.596100
-154.247911
-158.774373
-161.908078
-166.086351
-175.487465
-165.041783
-155.292479
-154.247911
-158.774373
-168.871866
-164.693593
-161.211699
-157.381616
-154.247911
-171.309192
-184.192201
-189.415042
-186.281337
-181.754875
-181.058496
-196.727019
-217.966574
-227.019499
-229.108635
-219.359331
-217.966574
-232.590529
-244.777159
-255.571031
-256.615599
-237.465181
-228.412256
-228.760446
-236.768802
-242.688022
-239.554318
-215.529248
-183.147632
-174.094708
-175.139276
-173.050139
-151.810585
-126.392758
-101.671309
-79.387187
-68.941504
-60.584958
-44.568245
-25.766017
-3.133705
18.802228
30.988858
47.701950
60.236769
72.771588
89.832869
99.930362
113.509749
134.052925
141.016713
143.802228
148.676880
150.766017
159.122563
166.782730
177.228412
182.103064
174.791086
167.130919
161.559889
162.256267
172.701950
188.022284
182.451253
168.175487
159.818942
155.292479
163.649025
173.050139
172.353760
160.863510
150.766017
142.409471
142.757660
148.328691
148.328691
146.239554
131.615599
121.518106
120.821727
112.813370
104.108635
97.144847
88.788301
75.905292
64.763231
49.791086
37.952646
26.810585
8.704735
-4.874652
-20.194986
-34.818942
-47.701950
-63.718663
-80.779944
-87.395543
-94.707521
-103.064067
-107.938719
-116.643454
-127.785515
-127.437326
-127.785515
-114.554318
-102.367688
-100.626741
-101.323120
-98.537604
-86.002786
-63.370474
-31.337047
-14.275766
-7.311978
-3.830084
9.052925
33.077994
64.415042
84.610028
92.966574
94.359331
95.403900
112.116992
130.222841
140.320334
139.972145
129.874652
121.518106
111.072423
107.590529
106.545961
91.922006
70.682451
47.701950
20.194986
-2.785515
-14.972145
-37.952646
-61.281337
-90.877437
-119.428969
-143.802228
-175.835655
-196.030641
-204.735376
-222.841226
-239.554318
-252.089136
-272.284123
-282.729805
-282.729805
-279.596100
-271.935933
-268.454039
-269.150418
-262.534819
-251.044568
-225.974930
-197.423398
-176.532033
-158.774373
-134.749304
-110.376045
-77.298050
-38.300836
-7.660167
18.105850
38.997214
61.629526
89.832869
119.777159
145.891365
163.997214
175.487465
189.066852
203.690808
214.832869
225.626741
224.582173
221.448468
221.448468
214.136490
208.565460
198.816156
178.621170
159.818942
147.632312
128.830084
110.027855
91.922006
71.030641
45.961003
20.891365
2.785515
-14.623955
-28.899721
-44.568245
-63.718663
-81.476323
-92.966574
-99.930362
-101.323120
-100.626741
-101.323120
-100.626741
-101.323120
-98.537604
-87.743733
-68.941504
-51.532033
-39.693593
-26.114206
-12.186630
8.008357
32.033426
54.317549
72.423398
91.225627
108.983287
121.518106
139.972145
158.426184
172.353760
183.495822
192.896936
201.253482
201.949861
201.601671
201.949861
200.557103
194.289694
183.844011
169.568245
150.069638
133.008357
120.125348
101.323120
83.217270
58.495822
29.944290
2.437326
-18.105850
-36.559889
-59.192201
-87.047354
-113.509749
-129.874652
-155.292479
-173.050139
-185.933148
-200.208914
-213.788301
-224.233983
-229.108635
-228.412256
-229.108635
-224.233983
-221.448468
-215.877437
-202.646240
-189.066852
-175.487465
-163.649025
-145.891365
-122.562674
-100.974930
-84.261838
-64.066852
-48.746518
-35.515320
-14.623955
9.401114
27.506964
38.997214
45.961003
49.791086
56.754875
72.771588
85.306407
87.395543
82.869081
75.905292
74.164345
73.816156
74.512535
71.727019
60.236769
43.523677
28.203343
22.632312
19.498607
14.623955
2.437326
-10.445682
-22.632312
-25.417827
-22.980501
-27.855153
-33.774373
-44.568245
-52.228412
-54.665738
-51.880223
-47.353760
-46.657382
-47.701950
-52.924791
-54.665738
-45.612813
-35.167131
-28.899721
-26.462396
-27.158774
-27.158774
-22.632312
-12.534819
-5.571031
-0.348189
-6.267409
-5.571031
3.481894
11.490251
18.105850
20.891365
19.846797
21.239554
26.114206
34.470752
40.738162
40.041783
44.568245
51.183844
56.754875
67.200557
73.467967
77.646240
84.610028
90.181058
99.233983
108.635097
118.036212
121.169916
125.000000
132.660167
140.320334
141.713092
149.721448
155.988858
153.203343
153.203343
154.944290
154.247911
154.944290
148.676880
134.401114
121.518106
110.027855
104.805014
93.662953
80.779944
63.022284
44.220056
25.069638
9.052925
-3.830084
-23.328691
-41.434540
-60.584958
-78.690808
-97.841226
-115.250696
-126.740947
-134.749304
-145.194986
-152.855153
-168.523677
-175.835655
-174.442897
-174.442897
-175.139276
-170.961003
-167.479109
-168.523677
-158.774373
-146.239554
-131.963788
-121.169916
-110.376045
-94.707521
-79.735376
-65.807799
-45.264624
-29.944290
-16.016713
-3.133705
6.615599
20.543175
30.640669
42.479109
52.924791
54.317549
53.621170
53.969359
53.621170
53.969359
52.576602
43.871866
33.077994
20.194986
9.052925
0.348189
-12.883008
-21.935933
-38.997214
-56.406685
-68.593315
-88.091922
-98.189415
-104.456825
-113.161560
-126.740947
-133.704735
-142.061281
-147.980501
-148.676880
-143.802228
-141.364903
-138.579387
-132.311978
-121.518106
-104.805014
-91.573816
-75.208914
-62.325905
-38.997214
-16.713092
9.749304
37.952646
59.540390
84.958217
108.983287
134.401114
158.077994
179.317549
202.994429
222.493036
244.428969
259.052925
272.284123
286.908078
292.827298
299.791086
302.924791
302.924791
299.094708
286.908078
274.025070
266.364903
250.696379
231.545961
211.350975
180.362117
144.846797
117.688022
93.314763
61.281337
31.337047
-1.740947
-37.256267
-69.289694
-101.671309
-128.830084
-153.551532
-178.969359
-200.905292
-222.841226
-240.947075
-248.607242
-257.311978
-262.534819
-262.186630
-262.186630
-258.704735
-253.481894
-243.384401
-227.019499
-209.261838
-186.281337
-164.345404
-146.935933
-127.089136
-102.367688
-73.467967
-47.005571
-21.935933
-1.044568
10.793872
29.247911
53.969359
72.771588
90.181058
100.278552
100.626741
105.153203
108.286908
112.465181
115.250696
112.116992
104.108635
91.922006
72.771588
62.674095
56.406685
51.183844
37.604457
11.838440
-12.883008
-36.211699
-45.612813
-49.094708
-58.844011
-76.601671
-96.100279
-112.465181
-120.821727
-118.036212
-113.509749
-119.428969
-127.437326
-127.437326
-128.133705
-115.250696
-95.403900
-77.994429
-67.896936
-58.147632
-45.961003
-30.988858
-5.571031
21.587744
40.738162
57.451253
75.905292
95.055710
111.072423
130.919220
150.069638
160.515320
167.479109
169.568245
175.487465
183.495822
190.459610
190.111421
184.888579
176.532033
162.256267
150.766017
144.498607
131.267409
119.428969
103.412256
78.690808
59.192201
40.389972
26.114206
16.364903
-1.740947
-19.846797
-38.649025
-56.406685
-66.155989
-71.727019
-81.824513
-90.529248
-100.626741
-107.938719
-107.242340
-107.590529
-102.367688
-100.278552
-101.671309
-97.144847
-94.011142
-89.484680
-78.690808
-70.682451
-63.718663
-55.710306
-51.532033
-45.961003
-36.559889
-24.025070
-18.454039
-11.490251
-7.311978
-3.830084
0.348189
6.615599
14.972145
19.846797
20.543175
13.927577
13.579387
13.231198
18.105850
20.891365
17.061281
7.660167
7.311978
9.052925
6.267409
6.615599
6.963788
2.785515
-0.696379
-1.740947
-9.749304
-12.883008
-8.356546
-5.919220
-9.052925
-13.927577
-13.231198
-14.275766
-10.793872
-2.785515
4.526462
4.178273
-1.044568
0.348189
-0.348189
2.785515
12.186630
13.579387
13.927577
8.008357
6.615599
6.267409
10.445682
14.275766
9.052925
1.392758
-5.571031
-10.793872
-11.490251
-5.919220
-8.008357
-17.061281
-21.239554
-27.158774
-31.685237
-26.462396
-31.685237
-34.470752
-32.381616
-38.300836
-37.952646
-32.729805
-33.077994
-22.632312
-19.846797
-20.543175
-20.194986
-19.846797
-9.749304
2.089136
10.793872
17.757660
26.114206
26.462396
30.988858
41.086351
52.924791
60.933148
59.888579
60.584958
60.236769
65.459610
71.727019
74.860724
72.771588
67.548747
58.495822
53.272981
54.317549
48.746518
45.264624
35.515320
22.632312
15.668524
8.356546
0.696379
-6.267409
-16.364903
-25.417827
-36.908078
-44.220056
-52.228412
-54.665738
-52.924791
-57.451253
-61.629526
-67.200557
-67.200557
-67.896936
-64.066852
-59.888579
-60.933148
-59.540390
-50.487465
-46.309192
-39.693593
-29.596100
-23.676880
-15.320334
-9.401114
-2.785515
6.615599
13.927577
21.239554
30.988858
36.559889
43.175487
47.353760
50.139276
57.799443
60.933148
60.584958
67.200557
61.629526
60.584958
60.236769
55.013928
50.139276
47.353760
42.130919
33.774373
27.158774
17.061281
11.490251
2.785515
-6.963788
-14.275766
-22.284123
-35.515320
-41.434540
-48.050139
-53.621170
-53.969359
-56.406685
-64.763231
-66.504178
-69.289694
-73.467967
-66.852368
-67.548747
-66.852368
-67.896936
-64.415042
-55.013928
-49.791086
-38.649025
-28.551532
-24.025070
-19.846797
-12.883008
0.000000
9.052925
18.454039
26.810585
26.810585
32.381616
42.479109
55.362117
60.933148
60.933148
60.236769
64.066852
68.245125
66.504178
72.771588
72.423398
66.504178
63.022284
54.665738
47.353760
47.005571
47.005571
37.952646
29.247911
19.150418
13.579387
11.490251
4.178273
-3.481894
-13.579387
-20.543175
-26.810585
-26.810585
-27.855153
-33.774373
-37.256267
-44.916435
-47.005571
-47.005571
-46.657382
-41.434540
-39.693593
-41.434540
-37.952646
-33.077994
-33.077994
-24.025070
-19.150418
-14.623955
-6.963788
-7.311978
-0.348189
9.749304
13.231198
13.927577
20.194986
26.462396
27.158774
26.462396
27.506964
33.077994
33.774373
33.426184
34.122563
32.033426
26.114206
27.506964
24.373259
19.498607
20.891365
14.623955
13.579387
9.401114
4.874652
-1.044568
-6.615599
-6.615599
-6.615599
-9.749304
-14.623955
-19.498607
-20.543175
-19.846797
-20.194986
-20.194986
-20.194986
-25.417827
-27.158774
-26.462396
-27.158774
-26.810585
-26.810585
-27.158774
-26.810585
-32.729805
-28.899721
-26.462396
-33.426184
-33.426184
-33.774373
-33.426184
-33.426184
-33.774373
-33.426184
-35.863510
-42.130919
-35.863510
-33.077994
-33.774373
-33.774373
-33.426184
-34.122563
-30.988858
-26.810585
-25.766017
-19.498607
-20.891365
-18.454039
-11.490251
-5.919220
2.437326
7.660167
12.186630
19.150418
25.069638
31.685237
37.604457
47.701950
53.621170
55.362117
62.674095
67.548747
71.727019
76.949861
81.128134
80.431755
80.431755
80.431755
80.431755
74.512535
74.164345
69.289694
66.852368
60.236769
52.576602
45.612813
35.863510
30.292479
23.676880
12.883008
3.481894
-6.615599
-17.409471
-20.194986
-28.203343
-37.256267
-47.353760
-54.665738
-60.236769
-66.852368
-72.771588
-74.860724
-71.378830
-67.200557
-67.200557
-67.200557
-63.022284
-58.844011
-50.487465
-41.086351
-31.337047
-26.462396
-20.543175
-6.963788
4.178273
15.320334
27.158774
34.818942
39.693593
48.398329
57.103064
67.200557
74.164345
74.164345
73.816156
74.164345
73.119777
78.342618
75.557103
68.593315
62.674095
58.844011
50.139276
40.389972
31.337047
22.632312
9.052925
-3.830084
-11.838440
-26.114206
-39.693593
-49.791086
-62.674095
-76.601671
-84.610028
-88.440111
-99.930362
-107.938719
-107.242340
-113.161560
-114.554318
-113.857939
-114.902507
-110.724234
-106.894150
-99.582173
-89.832869
-77.994429
-67.896936
-57.799443
-45.961003
-29.944290
-16.364903
0.696379
15.668524
27.506964
39.693593
53.969359
67.200557
79.038997
94.707521
101.323120
107.242340
114.902507
121.866295
120.125348
125.696379
127.785515
122.562674
115.250696
107.938719
99.930362
91.225627
79.387187
68.941504
57.451253
44.916435
31.337047
17.757660
1.740947
-14.275766
-22.980501
-36.559889
-47.353760
-58.844011
-69.986072
-77.298050
-80.779944
-81.824513
-87.395543
-87.395543
-87.047354
-87.743733
-84.958217
-78.342618
-68.245125
-55.710306
-48.746518
-44.568245
-34.818942
-20.891365
-7.311978
3.133705
8.704735
17.757660
25.766017
32.729805
44.220056
51.880223
53.621170
54.317549
60.236769
60.933148
57.451253
52.924791
54.317549
45.612813
40.389972
37.604457
24.025070
20.543175
17.409471
5.222841
-5.919220
-13.231198
-19.846797
-30.292479
-34.122563
-41.434540
-51.183844
-59.888579
-55.710306
-56.754875
-61.977716
-54.317549
-54.665738
-59.888579
-55.013928
-53.272981
-49.791086
-41.434540
-35.167131
-30.640669
-24.373259
-18.105850
-10.097493
-0.348189
4.178273
12.186630
12.883008
16.713092
20.891365
19.846797
26.462396
26.810585
27.158774
26.462396
27.158774
20.891365
20.543175
18.105850
13.231198
13.579387
8.704735
3.830084
0.348189
-1.740947
-6.963788
-6.963788
-5.919220
-10.445682
-13.927577
-13.579387
-13.231198
-8.008357
-3.481894
1.044568
-0.696379
3.830084
7.660167
15.320334
24.721448
28.203343
33.774373
37.604457
43.175487
46.657382
49.791086
56.754875
60.933148
59.888579
66.852368
64.415042
60.236769
60.584958
61.281337
57.799443
53.272981
53.272981
43.523677
39.345404
33.426184
27.506964
21.587744
13.927577
4.874652
-4.874652
-12.534819
-19.150418
-29.247911
-33.774373
-39.693593
-45.612813
-49.442897
-54.665738
-59.192201
-63.718663
-67.896936
-66.852368
-67.548747
-65.807799
-61.281337
-56.058496
-52.924791
-49.094708
-45.961003
-41.086351
-32.729805
-23.676880
-14.623955
-9.401114
-4.526462
-0.348189
5.222841
14.275766
18.802228
24.025070
27.158774
27.158774
26.462396
30.640669
34.470752
33.426184
32.729805
23.676880
17.061281
12.534819
7.660167
5.222841
-2.089136
-12.534819
-21.239554
-31.337047
-38.997214
-42.827298
-49.094708
-57.451253
-63.718663
-72.771588
-74.164345
-75.208914
-81.128134
-80.083565
-81.476323
-76.949861
-73.816156
-72.423398
-60.236769
-49.442897
-43.871866
-34.470752
-25.766017
-14.623955
0.000000
14.275766
26.114206
33.426184
50.487465
64.415042
76.253482
88.440111
97.493036
103.760446
110.027855
118.384401
122.562674
127.785515
128.133705
127.437326
122.214485
120.125348
114.206128
108.286908
98.885794
85.654596
73.467967
60.933148
49.791086
39.345404
25.417827
9.401114
-4.178273
-22.632312
-32.381616
-44.568245
-56.754875
-69.289694
-80.431755
-87.047354
-94.011142
-93.662953
-97.144847
-101.323120
-100.626741
-100.974930
-100.278552
-92.618384
-83.217270
-73.816156
-64.763231
-55.362117
-46.657382
-35.863510
-23.328691
-10.793872
1.740947
13.927577
22.632312
33.774373
45.612813
53.969359
64.066852
67.548747
70.334262
78.690808
75.557103
73.816156
73.816156
67.896936
66.504178
59.888579
53.969359
47.005571
33.077994
26.462396
16.364903
5.919220
-2.785515
-12.883008
-21.587744
-31.337047
-38.997214
-45.612813
-51.880223
-61.977716
-67.200557
-69.637883
-75.208914
-73.467967
-74.512535
-72.423398
-67.896936
-63.022284
-60.236769
-55.710306
-51.183844
-43.175487
-30.988858
-23.676880
-14.972145
-6.615599
-1.044568
5.919220
16.016713
21.935933
30.640669
34.818942
42.479109
48.050139
52.228412
54.665738
53.621170
53.969359
53.969359
48.398329
46.657382
45.961003
38.300836
31.337047
23.328691
20.543175
16.364903
9.749304
1.044568
-8.356546
-15.668524
-20.194986
-25.417827
-27.855153
-32.381616
-37.256267
-40.738162
-40.041783
-40.389972
-40.389972
-40.389972
-40.041783
-33.774373
-33.774373
-31.337047
-24.373259
-15.668524
-12.534819
-3.481894
0.696379
3.481894
15.320334
19.846797
24.721448
31.685237
33.774373
34.122563
41.086351
46.309192
47.353760
46.657382
48.050139
42.827298
39.693593
40.738162
35.515320
30.988858
25.069638
18.802228
13.579387
9.401114
2.089136
-1.044568
-9.401114
-13.927577
-13.231198
-19.150418
-20.543175
-20.543175
-26.462396
-26.810585
-27.158774
-26.114206
-27.855153
-22.980501
-20.194986
-18.105850
-12.883008
-7.660167
-1.392758
2.785515
6.963788
9.401114
17.061281
25.069638
27.855153
26.462396
32.381616
34.122563
33.077994
34.122563
33.426184
34.122563
31.337047
26.462396
24.721448
16.364903
13.231198
6.963788
1.392758
-6.267409
-12.883008
-17.409471
-26.462396
-32.033426
-38.300836
-44.568245
-50.487465
-56.754875
-61.281337
-66.504178
-67.548747
-67.200557
-67.548747
-67.200557
-67.548747
-61.977716
-59.540390
-55.013928
-50.139276
-40.389972
-29.247911
-22.284123
-13.927577
-7.660167
3.133705
14.623955
24.373259
32.729805
38.300836
44.916435
50.835655
57.103064
63.022284
69.637883
74.164345
73.467967
74.860724
69.289694
67.200557
66.155989
60.584958
56.058496
51.880223
43.871866
33.774373
26.462396
20.891365
13.231198
3.830084
-2.437326
-11.142061
-21.239554
-26.810585
-28.899721
-37.952646
-40.738162
-39.693593
-42.827298
-47.701950
-47.005571
-47.701950
-44.916435
-37.604457
-33.774373
-30.988858
-24.025070
-16.016713
-11.838440
-3.830084
6.267409
13.579387
20.543175
30.640669
34.122563
40.041783
46.309192
53.272981
53.272981
56.058496
60.933148
60.933148
60.584958
60.933148
58.844011
53.969359
51.183844
42.130919
36.559889
30.292479
20.543175
13.579387
3.830084
-9.749304
-18.802228
-25.069638
-37.952646
-47.353760
-57.103064
-65.459610
-72.075209
-77.298050
-84.610028
-87.047354
-91.922006
-94.011142
-96.796657
-101.323120
-94.011142
-94.359331
-88.788301
-82.520891
-76.253482
-69.637883
-60.933148
-50.835655
-45.264624
-35.167131
-23.328691
-14.275766
-4.874652
4.178273
13.231198
23.328691
32.033426
42.130919
48.398329
54.665738
59.540390
62.674095
67.200557
67.548747
66.504178
69.637883
71.030641
66.155989
67.896936
65.459610
57.103064
50.487465
46.309192
41.086351
33.774373
23.328691
19.846797
16.713092
9.401114
0.348189
-7.660167
-12.534819
-14.623955
-21.587744
-26.810585
-27.506964
-26.462396
-30.292479
-34.470752
-33.426184
-33.774373
-33.426184
-28.899721
-26.114206
-27.855153
-23.328691
-17.757660
-10.445682
-6.615599
-3.830084
3.830084
6.615599
10.445682
16.016713
19.498607
25.069638
26.810585
30.292479
35.167131
40.041783
40.041783
43.871866
47.701950
47.353760
43.175487
40.041783
35.515320
33.426184
29.596100
26.114206
22.284123
14.623955
11.838440
4.874652
0.348189
-4.874652
-9.052925
-13.579387
-15.668524
-24.025070
-26.810585
-28.551532
-33.774373
-33.774373
-33.077994
-37.256267
-41.434540
-40.041783
-40.389972
-33.774373
-33.774373
-33.077994
-27.158774
-26.462396
-21.239554
-18.802228
-13.579387
-6.615599
-1.392758
1.392758
6.267409
6.963788
11.838440
19.498607
19.846797
24.373259
27.855153
26.462396
27.158774
33.774373
32.381616
26.462396
27.158774
26.462396
27.158774
24.373259
17.061281
12.883008
13.579387
7.660167
6.267409
2.785515
-5.222841
-6.267409
-9.401114
-14.275766
-18.802228
-21.587744
-26.810585
-26.810585
-28.551532
-34.122563
-32.729805
-34.470752
-32.381616
-37.952646
-37.952646
-32.729805
-34.122563
-33.426184
-33.426184
-26.462396
-27.506964
-26.462396
-22.284123
-16.713092
-13.927577
-11.838440
-7.311978
-4.178273
0.348189
1.044568
6.963788
6.615599
6.963788
6.267409
12.186630
13.927577
13.231198
13.231198
14.623955
20.194986
19.846797
20.194986
20.194986
20.543175
19.846797
20.194986
20.194986
20.194986
20.194986
20.194986
19.498607
22.284123
21.239554
19.846797
20.543175
20.194986
20.194986
20.194986
20.194986
20.543175
19.846797
20.891365
15.668524
16.364903
16.364903
12.186630
14.623955
12.883008
14.275766
11.142061
6.615599
6.963788
6.267409
7.311978
3.481894
-1.392758
-6.615599
-6.615599
-10.445682
-13.927577
-17.757660
-21.239554
-19.150418
-24.025070
-27.506964
-26.810585
-27.158774
-26.462396
-26.810585
-26.810585
-26.810585
-26.810585
-26.810585
-26.810585
-27.158774
-26.810585
-24.721448
-27.506964
-22.632312
-19.498607
-20.543175
-19.498607
-13.927577
-13.231198
-8.008357
-6.267409
-6.615599
-0.696379
0.348189
-0.696379
4.526462
7.311978
6.963788
6.615599
8.704735
14.275766
12.883008
13.927577
12.883008
13.579387
13.579387
13.579387
13.579387
13.579387
13.579387
13.579387
13.579387
13.231198
13.579387
8.008357
6.267409
6.963788
6.267409
6.963788
6.615599
6.963788
6.615599
6.963788
6.615599
6.963788
6.267409
6.963788
6.267409
10.793872
13.927577
13.231198
13.579387
13.579387
19.150418
20.543175
19.498607
20.194986
19.846797
20.543175
19.846797
21.239554
24.373259
20.194986
20.194986
