13.679197
-22.292026
-47.623873
-19.252204
22.292026
0.000000
4.897490
60.289796
52.014726
-8.275070
-45.766204
-46.948357
-15.199108
-26.514000
-87.310433
-43.908535
44.077414
-1.857669
-90.350255
-82.075185
-52.014726
-80.217516
-84.946128
-23.136420
1.351032
-30.904854
-61.303070
-74.813389
-42.726382
-14.016955
-51.845847
-80.217516
-60.120917
-22.629783
0.844395
-16.212382
-2.533185
49.143784
36.140102
-18.914446
-7.937312
47.961631
59.952038
40.530956
46.779478
64.342892
60.796433
34.957949
-2.026548
4.390854
30.904854
8.612828
-11.483771
9.626102
29.384943
21.616510
-29.722701
-55.898943
-3.546459
18.407809
-6.079643
12.497045
30.060459
16.550140
1.519911
-27.696153
-41.037592
-21.278752
-11.146013
-33.775796
-30.060459
24.487452
31.073733
-17.394535
-8.106191
19.421083
-1.688790
-9.288344
-2.533185
-3.546459
9.288344
10.132739
-0.168879
7.768433
31.242612
62.316344
46.441720
14.523592
32.593643
29.047185
-7.768433
-10.808255
3.208701
26.851758
7.430675
-60.796433
-17.394535
74.813389
28.709427
-27.189516
14.523592
25.669605
5.235248
15.367987
21.954268
39.348803
38.335529
13.341440
23.643057
14.861350
-35.295707
-44.415172
-26.176242
-29.553822
-10.301618
23.980815
25.838484
5.404127
3.884217
12.159287
-33.100280
-90.012497
-52.183605
0.675516
-20.265478
-3.884217
43.401898
6.924038
-49.650421
-65.525045
-86.466038
-88.999223
-81.061911
-84.946128
-43.739656
3.715338
-17.225656
-46.948357
-55.054548
-79.710879
-91.363529
-74.137873
-72.111325
-49.988178
8.106191
12.159287
-23.305299
-10.977134
16.719019
14.016955
9.457223
19.927720
51.339210
59.783159
-6.079643
-33.775796
31.749248
26.682879
-16.887898
45.766204
97.443172
81.061911
54.885669
-25.669605
-103.016179
-83.763975
-29.722701
2.870943
33.775796
46.948357
8.781707
-43.570777
-75.151147
-80.217516
-49.312663
-15.536866
22.123147
108.082548
160.266153
127.503631
86.803796
43.233019
5.066369
7.430675
29.891580
100.314115
186.273516
188.806701
172.256561
189.819975
159.084000
114.331070
128.516905
129.361300
116.019860
159.252879
187.793427
169.047860
175.634141
157.226332
82.750701
28.540548
-30.567096
-59.445401
10.977134
45.090688
21.785389
61.471949
50.494815
-51.508089
-113.993312
-140.676191
-156.719695
-144.391529
-128.179147
-96.767656
-68.227108
-58.263249
-27.696153
-3.546459
-17.732293
-73.800115
-150.302293
-181.207147
-145.067045
-57.587733
49.143784
85.621644
80.893032
100.651873
41.713108
-59.445401
-66.369440
-48.974905
-55.898943
-0.506637
83.763975
109.771338
104.367210
85.959401
19.927720
-61.471949
-101.496268
-97.443172
-56.405580
-27.696153
-16.719019
24.149694
11.652650
-70.422535
-89.674739
-75.320026
-120.579593
-171.749924
-138.649644
-47.792752
-0.337758
0.168879
27.358395
25.500726
-46.103962
-78.866484
-72.111325
-99.976357
-91.701287
-32.762522
-22.292026
-4.053096
52.521363
33.100280
-29.216064
-51.845847
-88.661465
-132.907758
-98.287567
-12.665924
51.170331
59.783159
30.567096
4.053096
-31.918127
-79.373121
-87.479312
-58.769886
-18.407809
27.189516
32.087006
25.500726
56.067822
51.845847
-18.745567
-57.925491
-23.136420
37.997771
67.551593
86.297159
114.668828
68.058229
-13.679197
-22.292026
9.626102
43.908535
74.982268
85.959401
136.960854
192.522039
166.683555
140.169554
133.583274
107.238153
91.532408
56.743338
38.504408
86.803796
88.661465
64.005134
106.900395
115.344344
76.502179
74.644510
71.098051
82.750701
126.659236
120.241835
89.336981
94.234472
81.399669
30.060459
-27.527274
-68.227108
-56.067822
-54.041274
-117.708650
-149.457898
-139.494039
-157.901848
-145.235924
-123.281656
-158.915121
-201.134867
-243.016854
-276.623771
-237.274969
-181.544905
-171.918803
-170.905529
-218.867160
-321.545580
-361.907657
-308.710778
-234.741784
-122.268382
11.146013
26.682879
-58.601007
-104.198331
-145.404803
-214.307427
-195.899618
-83.257338
9.288344
60.120917
106.900395
122.099503
46.948357
-77.684331
-110.784612
-83.595096
-77.346573
-3.377580
116.526497
124.801567
73.968994
43.064140
-78.359847
-287.263147
-410.882562
-433.005708
-513.898740
-648.495288
-727.361773
-817.880907
-1009.558550
-1176.579863
-1162.394028
-1006.687608
-758.942142
-318.505759
305.839835
891.849900
1331.273010
1627.317864
1715.810450
1591.853278
1317.593812
937.616104
564.731314
349.241733
333.367109
492.788867
786.638295
1156.989901
1503.191813
1670.382004
1598.946195
1413.854832
1145.843888
722.126524
335.055899
211.943122
282.703415
419.326511
620.968014
813.996690
907.893404
900.124970
777.012193
601.884689
479.109670
412.909109
404.296281
427.094944
418.650995
394.839058
290.809606
63.498497
-115.850981
-237.106090
-404.465160
-551.052116
-663.356639
-764.515148
-836.119837
-927.990002
-1019.353531
-1042.321073
-1022.731111
-960.414767
-897.591786
-885.601378
-825.311582
-744.756308
-783.767352
-821.258486
-760.293174
-770.763671
-860.945047
-896.409633
-918.701658
-921.910359
-807.579289
-593.947377
-356.672409
-155.706421
-51.170331
-77.853210
-285.743236
-582.632486
-790.860270
-978.484818
-1184.686054
-1240.078360
-1145.337251
-1029.486270
-913.128652
-811.294626
-776.336677
-844.394907
-989.799710
-1084.371939
-1134.191239
-1194.987672
-1145.168372
-966.494410
-815.854359
-705.914142
-556.456243
-417.131084
-352.281555
-316.310332
-226.297835
-93.052319
26.176242
160.941669
344.513122
481.305097
548.518931
618.097072
689.701760
754.382410
851.318945
991.150741
1137.568818
1229.945621
1247.340156
1228.594589
1167.629277
1078.967812
1033.539366
1006.180971
941.500321
924.950181
951.126423
904.684703
811.463505
733.103658
653.223900
544.465836
435.538893
450.906880
577.059479
618.265951
619.785861
654.912690
568.784409
433.850103
429.628128
467.457020
509.339008
599.689263
664.876549
668.760766
647.144256
631.776269
614.043976
558.651670
525.044753
619.448103
731.077110
759.111021
820.920728
874.286486
781.234168
640.726855
544.128078
492.451110
503.259364
513.223224
540.074982
607.795454
564.393556
431.654676
355.659135
278.819198
218.867160
232.884115
199.952714
131.050090
132.907758
121.086230
51.339210
-20.603236
-77.684331
-128.010268
-210.423211
-287.769784
-271.895160
-269.530854
-356.334651
-384.706319
-342.993211
-368.662816
-440.267504
-452.933428
-432.161313
-458.506434
-488.229135
-431.148039
-383.017530
-415.104536
-419.833148
-394.839058
-406.491708
-406.660587
-392.643632
-444.151721
-545.647989
-620.123619
-662.512244
-740.196575
-864.829263
-919.714932
-935.420678
-1048.569595
-1088.593914
-970.716385
-923.261391
-952.815213
-939.642652
-910.426588
-863.309353
-821.934002
-772.621340
-645.117709
-549.869963
-524.875874
-461.546256
-416.117810
-405.647313
-354.645861
-364.103084
-472.016753
-574.864052
-671.800588
-761.981964
-826.662614
-910.426588
-975.782754
-1033.201608
-1151.416895
-1191.103455
-1130.138143
-1193.130003
-1307.967710
-1287.533354
-1287.364475
-1387.678590
-1421.792144
-1363.022258
-1279.089405
-1169.318067
-1036.410308
-889.992232
-773.803492
-701.185530
-565.744587
-347.384065
-143.040497
116.695376
493.464383
830.040193
1060.560003
1298.848245
1521.092985
1606.714628
1639.139393
1772.384909
1973.857534
2187.151687
2412.774006
2512.412605
2277.501942
1635.424055
672.307225
-528.084575
-1801.769852
-2645.489242
-2640.760631
-1989.056642
-1153.781200
-382.848651
155.875300
323.741007
251.123045
358.192319
927.145607
1806.329584
2676.731854
3329.280238
3770.561016
4228.223055
4766.271490
5000.000000
4543.351235
3387.712365
1812.746986
249.434255
-920.897085
-1511.466883
-1450.670450
-854.696524
5.573006
932.887493
1877.258756
2804.235485
3539.703449
3974.397946
4206.437667
4313.506941
4261.998852
3893.673793
3080.859256
2083.966630
1354.240551
1031.175060
928.327760
928.327760
1072.381531
960.245888
-18.914446
-1636.606208
-3167.156416
-4171.310839
-4477.995069
-4334.954572
-3930.151653
-2461.580032
530.280001
3390.245550
4212.179552
3322.693958
1859.864221
84.777249
-1640.490425
-2618.806363
-2842.739893
-2839.193434
-2959.773027
-3265.106225
-3663.491742
-4003.782889
-3971.864762
-3355.794238
-2490.627217
-1856.993279
-1513.324552
-1233.998717
-841.017327
-481.305097
-418.313237
-627.216537
-1044.516499
-1632.721991
-2103.894349
-2275.644273
-2219.914209
-2019.117101
-1818.995508
-1663.795724
-1437.835647
-1147.870436
-914.310805
-844.732665
-1016.144831
-1422.974297
-1960.178336
-2448.238592
-2690.073293
-2559.529841
-2082.784477
-1496.098896
-1067.652920
-971.223022
-1184.686054
-1417.232411
-1513.493431
-1596.075252
-1706.184348
-1745.195393
-1606.207991
-1150.403621
-309.724052
804.877225
1866.281623
2607.491472
3110.581957
3472.658493
3645.421691
3624.480697
3296.179957
2541.966427
1620.224947
870.740028
351.268281
-26.682879
-291.822880
-334.042625
-115.344344
288.445300
886.952410
1488.668220
1676.292769
1464.011889
1212.044449
1049.413990
951.970818
1005.167697
1248.184551
1493.227953
1493.565711
1180.632958
1044.685378
1849.055966
3336.542034
4255.581450
3635.457831
1430.236093
-1034.214882
-2025.703381
-1480.562029
-540.919377
124.801567
430.641402
531.293275
643.766677
903.333671
1284.324653
1504.711724
1363.866653
967.169926
468.132536
-30.060459
-420.170906
-595.467288
-524.031479
-290.809606
32.593643
386.732867
586.516702
500.388422
197.588408
-186.442395
-605.431148
-1036.072550
-1354.916067
-1461.478704
-1463.674131
-1544.736042
-1755.665890
-2044.280069
-2333.569764
-2610.362414
-2839.868950
-2841.557740
-2539.264363
-2087.513088
-1628.162259
-1164.927213
-664.538792
-209.916574
106.562637
376.769007
650.015199
852.332219
997.230385
1117.134461
1206.809201
1277.400615
1327.051035
1371.635086
1413.010437
1435.640220
1430.742730
1389.536258
1356.098220
1285.844564
1088.593914
877.664066
745.769582
625.696626
490.424562
382.510893
365.285237
435.538893
504.779275
551.220995
579.761543
554.936333
520.485020
524.706995
533.826460
533.995339
523.187084
507.987976
487.215861
403.451886
282.703415
209.578816
182.558179
170.061134
192.184281
242.341338
294.356064
323.234370
281.859020
170.736650
31.242612
-116.864255
-254.162867
-321.883338
-302.800014
-236.599453
-127.165873
3.377580
97.274293
150.640051
103.691695
-153.848752
-570.810957
-954.166244
-1114.939035
-991.826257
-703.887594
-467.288141
-468.132536
-729.557199
-1066.301888
-1278.920526
-1255.952984
-968.183200
-577.397237
-312.763873
-236.937211
-242.003580
-183.233695
-43.064140
90.350255
202.317020
312.932752
431.148039
594.454014
763.164117
806.734894
556.287364
-133.245516
-1153.950079
-2193.400209
-3137.264836
-4044.651603
-4790.252305
-5069.915898
-4717.127706
-3846.725437
-2617.455332
-1107.170602
493.295504
1841.794170
2648.529064
2819.096835
2437.261458
1748.235215
1039.787888
445.164995
21.785389
-97.612051
90.688013
372.884791
554.767454
620.630256
671.969467
735.805722
742.729760
690.546155
637.011518
620.968014
684.128753
834.599926
981.524639
1032.863850
947.579964
768.568244
617.252677
485.358192
173.607593
-420.846421
-1118.316614
-1659.404870
-2069.274158
-2616.610937
-3424.696862
-4375.485527
-5147.093593
-5321.714459
-4777.755261
-3804.674570
-2745.972236
-1765.798629
-865.335900
48.806026
1056.338028
2119.262337
3093.356301
3808.727666
4129.091093
4029.959131
3608.606073
2986.793664
2342.858108
1832.168068
1457.425609
1219.981761
1173.202283
1207.146958
1167.122640
1025.939812
847.434728
788.495964
982.875671
1387.678590
1840.949775
2133.448171
2137.501267
1990.407674
1831.154794
1657.209444
1510.791367
1449.826055
1457.087851
1529.705813
1666.666667
1820.684298
1827.777215
1468.740501
845.408180
298.240281
-25.500726
-124.970446
-42.557503
85.621644
195.899618
265.140001
218.360523
30.735975
-284.392205
-691.052792
-1024.251022
-1154.118958
-1101.766474
-886.614652
-534.839734
-130.205695
260.073631
576.046205
807.241531
1025.433175
1157.834296
896.240754
133.245516
-675.009288
-933.900767
-640.895734
-241.328064
48.299389
302.462256
588.036613
881.717161
1126.253926
1325.531124
1461.647583
1324.855608
762.995238
-65.862803
-893.538690
-1519.573074
-1870.334718
-2037.356031
-2119.600095
-2156.922349
-2184.787381
-2212.990171
-2219.238694
-2218.225420
-2294.052082
-2515.283548
-2794.271625
-3010.943358
-3179.146823
-3293.309015
-3279.292059
-3153.308339
-3011.112237
-2893.065829
-2789.036377
-2680.784950
-2577.431013
-2472.726045
-2327.321242
-2149.322795
-1967.102374
-1754.145979
-1504.880603
-1291.079812
-1107.339481
-919.377174
-809.268078
-811.463505
-876.313034
-952.477455
-947.242206
-839.666295
-723.308677
-593.609619
-348.903975
85.283886
635.660486
1092.140372
1399.668997
1668.186577
1861.215253
1930.793393
1982.301483
2069.780795
2211.976897
2358.057216
2364.981254
2316.175229
2380.011484
2395.210592
2262.133955
2192.218057
2291.687777
2465.295369
2555.645624
2526.936198
2526.767319
2601.074070
2614.415510
2514.776911
2400.952477
2380.180363
2423.582261
2403.992299
2300.638363
2181.578681
2085.655419
1988.718884
1850.913635
1698.078157
1564.326004
1431.924883
1299.861519
1131.658054
943.357990
831.053467
737.494511
593.609619
462.221772
365.285237
328.469619
345.019759
286.249873
167.696828
127.165873
155.875300
155.030905
85.283886
10.808255
37.997771
52.521363
-82.750701
-218.191644
-279.494714
-363.427568
-492.451110
-708.278448
-975.951633
-1132.164691
-1227.243557
-1367.244233
-1505.049482
-1632.215354
-1696.051609
-1649.103253
-1650.960921
-1725.943189
-1713.783902
-1600.297227
-1454.385787
-1300.368156
-1172.020130
-1057.520181
-973.587327
-974.938359
-1004.323302
-1004.323302
-1010.571824
-1023.237748
-1012.091735
-984.395582
-993.008410
-1059.884487
-1132.333570
-1186.543723
-1230.958895
-1256.628500
-1266.254602
-1224.710373
-1118.992130
-1037.085824
-995.034958
-945.553416
-900.969365
-834.431047
-727.361773
-622.825683
-503.934880
-352.112676
-227.479988
-128.685784
-29.384943
-2.026548
-39.348803
-55.898943
-58.601007
-75.488905
-79.710879
-65.862803
-88.154828
-125.814841
-85.959401
-38.842166
-66.200561
-30.229338
95.416624
171.581045
239.132638
325.260918
371.196001
451.582396
532.644307
538.217313
612.186307
744.080792
788.664843
842.030601
908.737798
885.770257
899.787212
947.579964
904.515824
914.479684
965.818894
876.988550
807.748168
856.891951
874.793123
881.717161
917.012869
879.352856
815.347722
806.228257
802.850677
773.127976
726.010741
666.903097
629.918600
582.463607
454.284460
328.807377
271.726281
165.670281
18.914446
-45.428446
-83.088459
-110.953491
-58.263249
7.768433
45.935083
64.005134
67.551593
126.996994
179.349478
140.169554
141.858344
225.453440
244.874523
162.799338
35.633465
-36.984497
-58.432128
-167.696828
-327.456345
-384.706319
-358.698956
-349.748370
-385.550714
-429.459250
-406.660587
-384.030804
-470.159084
-539.568345
-460.532982
-350.423886
-304.319924
-302.124498
-305.839835
-300.097950
-340.966663
-444.320600
-517.276320
-491.100078
-374.573581
-230.182052
-187.793427
-245.718918
-311.750600
-366.974026
-351.268281
-252.980714
-183.402574
-120.410714
-22.629783
-3.208701
-47.286115
-64.342892
-59.445401
-16.719019
25.331847
20.434357
57.756612
139.662918
198.095045
242.003580
223.764650
152.328841
154.693147
207.045631
240.483669
273.583950
278.143682
270.881886
267.842064
192.690918
112.473402
139.156281
174.958625
169.216739
146.755835
77.177694
39.686561
58.263249
41.206471
54.210153
103.691695
62.822981
29.722701
98.456446
174.958625
248.252103
289.965211
261.255784
240.821427
244.030128
252.642956
314.621542
370.689364
355.152498
340.291147
352.112676
349.917249
307.190867
218.022765
140.338433
122.099503
110.446854
73.124599
58.938764
78.190968
93.390077
82.750701
27.696153
-72.280204
-168.710102
-227.311109
-265.984396
-280.339109
-261.255784
-232.208599
-221.906981
-299.084676
-454.622218
-580.268180
-644.611072
-665.214307
-644.611072
-621.474651
-612.186307
-626.034384
-704.394231
-805.552741
-859.256257
-870.402270
-854.527645
-823.622792
-816.529875
-839.497416
-841.523964
-812.476779
-785.456142
-752.862499
-687.168575
-604.755632
-542.101530
-498.699632
-418.482116
-284.561084
-188.806701
-164.488128
-122.437261
-34.113554
49.988178
130.543453
209.578816
265.140001
306.684230
322.727733
327.456345
368.662816
413.922383
441.111899
513.729861
597.324957
611.173033
609.484244
646.975377
714.189212
732.765900
627.723174
556.962880
663.018881
741.547607
709.967237
711.824906
693.079339
608.133212
541.594893
482.993887
463.741683
523.524842
539.230587
488.229135
431.485797
376.769007
371.027122
383.861925
364.103084
377.782281
394.163542
343.668727
287.938663
260.411389
264.295606
353.125950
467.625899
498.024116
463.910562
402.100855
311.919479
239.977032
270.037491
401.931976
493.464383
406.491708
183.909211
-24.994089
-122.606140
-117.877529
-78.022089
-56.912217
-100.482994
-245.887797
-453.946702
-623.163441
-703.718715
-712.162664
-715.878002
-767.723849
-837.133110
-915.999595
-1008.038640
-1051.947175
-1054.142601
-1080.825480
-1103.624143
-1079.643328
-1001.114601
-877.326308
-812.645658
-830.377951
-859.594015
-916.168474
-923.936907
-745.094066
-449.893606
-185.935758
-53.872395
-95.247745
-181.376026
-198.263924
-118.890803
109.264701
397.034485
547.843415
556.118485
496.673084
410.713683
384.030804
406.322829
435.876651
493.802141
542.945925
558.651670
575.370689
582.125849
559.496065
516.094167
474.718816
484.344918
520.991657
549.532205
621.305772
683.790995
626.541021
497.686358
406.322829
398.385517
469.990205
527.071301
516.094167
501.908332
479.109670
423.210727
396.358969
392.643632
382.173135
404.802918
447.191543
471.341237
490.762320
495.659810
466.443746
407.842740
332.353835
306.515351
388.083899
518.120715
575.877326
527.746817
397.203364
164.319249
-150.302293
-389.266052
-415.948931
-255.345020
-61.978586
-34.957949
-250.278650
-641.233492
-1061.573277
-1299.354882
-1250.717736
-1067.821799
-926.976728
-894.383085
-1026.108691
-1289.728780
-1569.223494
-1742.324450
-1690.816361
-1491.032526
-1339.210322
-1247.340156
-1163.913939
-1152.430169
-1245.820245
-1364.035532
-1377.883609
-1226.061404
-968.014321
-676.866957
-405.647313
-267.673185
-328.469619
-467.963657
-493.126625
-315.803695
-17.056777
284.392205
524.200358
622.994562
525.551390
338.095721
253.656230
340.122268
505.285912
641.740129
732.597021
762.995238
676.866957
523.355963
443.307326
477.758638
587.361097
747.796129
885.601378
904.684703
798.628703
645.624346
542.270409
546.154626
647.819772
818.894180
1001.452359
1058.533455
930.354308
747.965008
655.757084
691.052792
822.440639
992.164015
1150.572500
1211.368933
1129.969264
994.528321
920.728206
912.959773
933.225251
971.054143
1005.336576
1010.234066
1018.171378
1044.347620
1031.006181
891.681021
535.346371
93.896714
-156.381937
-140.845070
54.210153
248.589861
175.296383
-236.092816
-819.400817
-1340.392475
-1502.854055
-1277.907252
-995.034958
-907.049009
-1085.554092
-1468.402743
-1831.492552
-1989.563279
-1933.495457
-1728.645253
-1517.546526
-1440.706590
-1456.074577
-1471.949201
-1449.319418
-1383.963252
-1328.402067
-1271.489850
-1124.227379
-863.309353
-550.207721
-288.614179
-181.038268
-225.453440
-289.965211
-209.241058
78.528726
467.625899
776.674435
898.942818
823.960550
627.047658
497.686358
571.317594
784.611747
984.564461
1034.721519
904.009187
687.506333
489.917925
372.547033
387.746141
493.971020
582.125849
623.332320
610.159760
484.682676
269.868612
75.320026
4.053096
107.238153
313.777147
489.411288
554.936333
460.364103
202.485899
-17.056777
7.430675
233.390752
505.454791
709.798358
753.200257
630.425237
440.267504
318.674638
398.385517
620.461377
756.240078
728.543925
625.527747
539.906103
550.545479
638.531428
676.191441
501.232817
88.661465
-318.505759
-435.032256
-248.589861
-4.728611
2.702064
-319.519033
-849.967913
-1388.185226
-1635.592934
-1445.772959
-1108.859391
-990.475225
-1185.192691
-1575.978654
-1925.727024
-2062.181241
-1967.440132
-1703.820043
-1444.253048
-1395.953660
-1505.724997
-1545.580437
-1440.875469
-1264.565812
-1081.163238
-934.069646
-840.679569
-718.073429
-488.229135
-196.575134
43.739656
142.871618
145.404803
227.648867
448.711453
730.739352
1018.171378
1187.894755
1143.310704
997.230385
919.546053
1006.349850
1222.852704
1377.376972
1336.001621
1163.576181
957.206066
790.691391
748.809403
836.288716
937.278346
938.967136
862.296079
776.505556
696.963556
596.649441
489.073530
447.867058
502.414969
599.689263
692.403823
740.196575
658.290269
461.715135
289.289695
289.458574
513.223224
808.592563
996.723748
1014.793799
822.440639
569.628804
513.729861
656.094842
876.481913
1014.624920
908.906677
699.327862
603.404600
615.732766
704.900868
683.284358
327.625224
-129.699058
-359.374472
-311.243963
-63.667376
64.511771
-234.404026
-790.015875
-1340.730233
-1668.186577
-1550.646806
-1211.706691
-1073.057047
-1245.989124
-1683.216807
-2136.487993
-2274.799878
-2111.325024
-1807.005100
-1534.265545
-1542.033978
-1759.043469
-1885.027190
-1815.449049
-1523.119533
-1161.211876
-986.759888
-963.454588
-938.460499
-812.983416
-519.640626
-227.479988
-70.591414
41.544229
120.748472
242.172459
511.703313
767.048333
889.823353
907.555646
810.787989
764.684027
900.124970
1064.613098
1161.211876
1140.270882
935.589557
696.963556
583.139123
605.093390
728.206167
790.184754
690.208397
547.336778
462.052893
450.400243
484.682676
436.889925
308.204141
234.066268
266.997669
407.673861
561.691492
563.042524
429.121492
279.494714
219.036039
376.262370
654.743811
840.341811
882.899314
761.644206
626.541021
716.215760
883.405951
934.576283
918.026142
785.118384
651.535110
737.663390
857.567467
866.011416
699.327862
215.320701
-246.225555
-336.406931
-208.058905
23.136420
80.893032
-335.055899
-933.731888
-1417.739048
-1634.410781
-1410.983889
-1097.037863
-1102.273111
-1373.830513
-1843.482960
-2249.299152
-2267.538082
-2018.272706
-1680.008106
-1453.541392
-1559.090756
-1766.474145
-1819.839903
-1718.343635
-1396.460297
-999.425811
-778.869862
-695.781403
-680.751174
-609.653123
-365.791874
-103.185058
95.247745
285.743236
441.787415
584.659033
743.067518
873.610970
963.454588
984.057824
958.557098
1020.535684
1149.390347
1222.177188
1204.444895
1093.491404
939.304894
822.947276
772.621340
806.566015
827.000372
714.020333
568.277772
483.669403
473.367785
566.082345
629.580842
519.471747
328.976256
200.121593
230.182052
438.409836
624.852231
639.882460
538.555071
381.497619
327.287466
496.166447
729.726078
871.753302
883.912588
800.993008
812.983416
941.500321
1000.270206
987.097646
880.872767
694.599250
667.747492
799.979735
897.591786
834.768805
434.018982
-113.993312
-367.818421
-338.771237
-137.129733
33.269159
-224.102408
-808.761442
-1373.492755
-1728.476374
-1634.917418
-1287.533354
-1199.040767
-1430.742730
-1860.370858
-2293.207687
-2405.005573
-2198.635458
-1867.801533
-1597.257405
-1634.073023
-1873.205661
-1971.155470
-1845.509508
-1519.404195
-1108.014996
-797.108792
-649.170804
-688.181849
-738.507785
-546.830142
-204.850204
131.725605
417.637721
561.860371
621.136893
659.979059
684.973148
828.013645
1036.748066
1127.436079
1169.318067
1215.422029
1193.130003
1114.939035
1004.998818
915.155200
900.462728
889.823353
854.021009
814.841085
691.390550
495.490931
361.907657
374.066944
517.276320
631.607390
571.317594
372.884791
153.848752
64.680650
221.062587
497.855237
669.605161
648.495288
463.910562
301.786740
345.695275
542.270409
808.085926
1040.294525
1060.222245
951.464181
890.667747
850.474550
859.594015
917.350627
941.331442
978.147060
956.868308
813.321174
650.015199
375.924612
49.650421
-74.475631
-66.200561
-16.887898
-42.050866
-386.226230
-877.495187
-1285.169048
-1553.517749
-1490.188131
-1280.778194
-1306.278921
-1561.623940
-1992.771980
-2403.147904
-2456.851420
-2256.560948
-1991.758706
-1735.231533
-1757.523559
-2013.544094
-2159.117776
-2094.099368
-1774.073699
-1283.818016
-907.555646
-715.202486
-691.052792
-797.108792
-767.386091
-458.337555
-7.599554
427.601581
680.920053
714.526970
657.952511
600.871416
686.155301
992.332894
1297.497213
1417.739048
1379.910156
1227.243557
1071.199379
1002.127875
1014.287162
1117.809977
1196.507583
1094.166920
886.614652
690.546155
532.982065
482.656129
557.469517
675.684804
740.534333
638.193670
376.093491
159.759516
137.636370
295.031580
533.995339
709.460601
694.599250
488.060256
295.875975
311.581721
518.965110
842.368359
1090.282703
1103.286385
1018.678015
882.899314
706.083021
737.832269
912.959773
1070.186105
1211.875570
1083.358665
747.120613
480.122944
161.786064
-3.039822
164.657007
257.202689
179.856115
-95.754382
-652.548384
-1081.838754
-1271.152092
-1338.703685
-1172.189009
-1099.402168
-1392.069443
-1796.365724
-2189.178235
-2385.415611
-2235.619955
-2031.783024
-1872.867903
-1795.183571
-1990.407674
-2201.168643
-2174.316885
-1984.834667
-1615.496335
-1227.412436
-1023.406627
-903.502550
-878.001824
-926.470092
-802.344040
-463.066167
-22.629783
392.136995
582.463607
537.541798
443.307326
417.299963
600.195900
1005.336576
1345.796602
1405.917520
1238.389570
994.021684
848.785760
898.098423
1085.047455
1265.579086
1253.250920
991.657378
660.316817
467.625899
481.811734
631.945148
770.594792
805.214983
693.079339
436.721046
195.224102
140.676191
273.077313
516.769683
701.523288
688.688486
520.653899
312.932752
250.785287
448.711453
766.035059
1023.913264
1120.512041
1049.582869
937.784983
825.649340
780.727531
901.982639
1086.736245
1241.429392
1248.860067
1040.801162
787.482690
486.709224
190.833249
204.343567
378.964434
421.521937
280.339109
-174.283109
-724.659709
-1035.734792
-1167.967035
-1080.487722
-900.800486
-1041.983315
-1445.941838
-1893.640018
-2247.948120
-2240.348566
-1993.785253
-1817.813355
-1758.536833
-1920.660655
-2203.195190
-2270.577904
-2089.201878
-1746.039788
-1377.376972
-1196.000946
-1165.433850
-1166.278245
-1131.151417
-956.023913
-663.356639
-302.462256
77.346573
289.796332
310.399568
289.458574
301.617861
440.267504
742.560881
1085.722971
1303.407978
1254.770831
1011.247340
823.791671
833.924410
1018.171378
1231.465532
1300.199277
1156.314385
836.964231
533.488702
459.013071
605.768906
820.582970
935.082920
852.501098
609.653123
314.959300
145.573682
263.957848
542.777046
735.805722
779.545378
649.508562
413.246867
289.965211
369.000574
623.332320
923.261391
1037.592461
1005.167697
932.211977
759.448779
667.747492
767.892728
925.456818
1140.439761
1164.420576
845.239302
579.592664
364.947479
151.653325
250.109771
367.649542
268.517580
89.843618
-356.334651
-818.049786
-940.318168
-1012.598372
-971.560780
-854.696524
-1140.946398
-1592.866552
-1933.326578
-2200.662006
-2077.211470
-1768.500692
-1708.379775
-1745.870909
-1957.645151
-2256.054311
-2203.026311
-1941.939406
-1606.039112
-1236.531901
-1142.466309
-1152.599048
-1086.398487
-1045.867531
-796.264397
-456.311008
-290.302969
-48.974905
184.078090
260.749147
386.563988
456.817644
494.646536
694.430371
884.756983
1036.072550
1166.447124
1072.043773
885.432499
825.649340
884.588104
1047.218563
1142.804067
1045.529773
843.550512
605.093390
460.026345
517.276320
690.883913
828.520282
775.323403
540.750498
314.114905
193.197555
254.500625
529.097848
749.653798
700.847772
506.299186
327.794103
291.485122
517.782957
857.398588
1045.867531
1061.911035
961.765799
808.254805
777.856588
887.627926
1015.807073
1141.453035
1202.924984
1069.848347
834.599926
690.208397
546.323505
385.044077
361.569899
372.378154
330.496166
188.131185
-217.685007
-633.802817
-823.285034
-941.162563
-909.075556
-820.245212
-1043.165468
-1448.137265
-1817.475597
-2082.953356
-2020.130375
-1793.325903
-1712.432871
-1741.311176
-1946.330260
-2198.128821
-2168.406120
-1948.694565
-1615.496335
-1267.605634
-1203.262742
-1228.594589
-1161.211876
-1109.366028
-834.768805
-447.698179
-281.014625
-79.373121
119.059682
137.129733
275.610498
442.462931
537.372919
774.310129
922.585875
958.050461
1063.768703
1017.664741
908.906677
958.725977
1017.495862
1085.385213
1126.253926
999.256932
831.053467
698.483467
609.146486
657.276995
772.790219
826.662614
759.448779
564.731314
367.649542
274.259466
339.277873
568.446651
736.312359
654.237174
457.999797
306.515351
283.378931
486.878103
827.000372
1042.996589
1013.949404
803.526193
554.260817
524.538116
740.365454
981.186881
1166.447124
1100.077684
744.756308
472.354511
287.769784
194.210829
365.791874
446.516027
317.323606
99.976357
-372.040396
-759.448779
-816.698754
-832.235620
-758.266626
-740.365454
-1096.362347
-1522.950654
-1834.025737
-1988.043368
-1780.659979
-1585.266998
-1659.573749
-1758.536833
-1977.741750
-2178.369980
-2026.885534
-1756.172527
-1500.151991
-1273.347519
-1259.837201
-1288.715506
-1212.044449
-1050.765022
-726.517378
-417.806600
-284.054447
-164.657007
-31.242612
116.695376
331.340561
493.126625
606.951059
721.113250
776.167798
860.776168
995.541595
1038.267977
1008.376397
974.769480
987.604283
1043.503226
1034.552640
961.596920
875.637518
772.621340
700.678894
701.185530
765.021785
821.596244
765.359543
630.762995
494.477657
398.554396
469.821326
657.783632
731.583747
680.244537
570.135441
426.588307
448.711453
676.022562
888.472321
1030.668423
1038.943493
834.262168
669.774040
720.944371
857.567467
1056.338028
1186.543723
998.412538
730.232715
559.327186
351.437160
332.691593
430.641402
338.095721
242.679096
0.506637
-456.817644
-662.681123
-752.186983
-850.136792
-786.807174
-920.221569
-1279.596041
-1565.339278
-1828.452731
-1897.017597
-1764.785355
-1775.593610
-1831.492552
-1888.573648
-2064.883305
-2097.645827
-1958.996183
-1795.521329
-1553.348870
-1418.245685
-1397.811328
-1279.596041
-1166.278245
-1000.776843
-707.434053
-483.500524
-314.114905
-174.283109
-77.177694
125.308204
332.860472
461.377377
628.736447
734.623569
768.399365
848.110244
925.287939
1007.025366
1041.307799
975.276117
973.418448
1011.585098
978.822576
938.967136
862.971595
776.167798
732.428142
667.240855
688.519607
789.340359
761.137569
663.356639
545.816868
411.895835
443.138447
586.854460
683.959874
725.841862
627.892053
469.314689
490.255683
671.293951
871.922181
1025.264296
1024.926538
832.573378
698.314588
771.945824
910.595467
1109.366028
1172.020130
878.677340
639.882460
520.991657
351.943797
424.561759
490.255683
301.280103
157.732969
-154.524268
-549.532205
-594.622893
-648.833046
-790.522512
-825.987098
-1099.064410
-1443.577532
-1594.048705
-1774.918094
-1786.908501
-1674.941737
-1803.965278
-1903.772756
-1927.584693
-2031.614145
-1958.151788
-1817.475597
-1708.042017
-1523.119533
-1466.207316
-1396.966933
-1175.059952
-1036.072550
-869.557875
-681.257811
-535.177492
-240.483669
-51.170331
8.781707
215.827338
334.718141
419.833148
632.620664
765.359543
891.849900
945.891174
860.438410
936.602830
1034.552640
1014.624920
1059.715608
1036.241429
935.251799
869.557875
775.661161
786.300537
849.967913
773.634613
719.931097
709.629480
647.819772
593.947377
504.272638
489.411288
594.791772
613.368460
603.573479
596.142804
500.726180
475.732090
602.897963
772.114703
890.329990
899.449455
793.900091
698.145709
752.018104
853.683251
969.534232
1061.066640
890.667747
695.274766
622.825683
406.998345
328.469619
390.448205
269.024217
236.937211
93.221198
-356.672409
-580.099301
-678.724626
-812.307900
-746.782855
-862.971595
-1210.524538
-1442.733137
-1713.446144
-1821.359814
-1662.275813
-1685.412234
-1762.589928
-1802.614247
-2003.749113
-2037.862668
-1887.391495
-1751.443915
-1515.351099
-1411.997163
-1428.209545
-1303.239099
-1185.023812
-956.192792
-649.170804
-575.032931
-472.185632
-294.862701
-179.856115
101.496268
339.953389
385.212956
492.619989
562.535887
646.806498
856.891951
962.947951
1001.621238
990.644104
879.859493
905.529098
1014.624920
1039.619009
1043.840984
952.477455
794.237849
726.010741
723.646435
793.055696
887.459047
868.882359
763.332996
588.374371
468.132536
565.575708
732.597021
828.182524
825.311582
672.982741
510.352282
546.154626
767.723849
1005.167697
1089.776066
948.930996
713.513696
640.895734
751.511467
956.530550
1089.269430
907.217888
677.035836
545.985747
319.181275
314.452663
444.320600
322.727733
208.734421
-37.828892
-450.569122
-558.651670
-608.470970
-713.344817
-711.487148
-946.228932
-1280.609315
-1468.571622
-1682.203533
-1676.799406
-1538.318641
-1686.256629
-1833.687979
-1873.205661
-1970.479954
-1900.226298
-1750.092883
-1664.133482
-1530.550208
-1481.913061
-1443.070895
-1260.343838
-1093.153646
-907.555646
-730.232715
-669.267403
-504.103759
-260.580268
-116.526497
64.005134
235.248421
292.160638
390.785963
547.843415
686.493059
787.313811
819.400817
849.967913
899.618334
923.430270
961.765799
980.680245
931.536461
881.548283
854.358767
837.470868
832.235620
822.440639
798.628703
756.071199
739.014422
736.650117
665.552065
603.911237
640.051339
671.631709
685.310906
699.834499
643.766677
597.324957
666.396460
779.883136
869.895633
869.895633
739.689938
670.111798
716.553518
788.495964
930.523187
922.923633
662.850002
547.167899
449.218090
226.297835
303.644408
378.795555
209.916574
127.503631
-172.763198
-548.350052
-551.389874
-620.292498
-689.026244
-649.170804
-977.809302
-1298.679366
-1412.334921
-1618.705036
-1531.225724
-1373.999392
-1584.422603
-1686.425507
-1753.470463
-1901.408451
-1740.466782
-1545.580437
-1451.852602
-1319.451481
-1363.528895
-1346.134360
-1130.982538
-974.093964
-713.513696
-489.917925
-522.342689
-443.138447
-269.530854
-150.977809
111.460128
324.754281
354.814740
427.939339
484.851555
536.866282
689.701760
787.820448
832.235620
861.113926
828.858040
847.434728
882.392677
848.616881
848.448002
859.425136
820.751849
792.380180
793.224575
810.112473
820.076333
802.512919
770.257034
714.695849
690.546155
771.270308
831.053467
810.956868
798.966461
752.186983
739.183301
847.096970
953.490729
1015.975952
947.242206
784.780626
762.657480
780.052015
873.104333
1009.727429
795.926639
552.909785
491.100078
258.384841
185.429121
273.415071
116.695376
17.056777
-163.981491
-547.505657
-652.886142
-727.868409
-882.392677
-841.692843
-1007.363124
-1317.762691
-1436.991252
-1650.285405
-1721.890094
-1543.891647
-1616.340730
-1725.267673
-1719.019151
-1830.817037
-1793.157024
-1638.970514
-1541.696220
-1340.054717
-1246.833519
-1233.660959
-1054.818117
-979.498092
-871.922181
-555.611849
-428.952613
-328.131861
-91.701287
-58.432128
-0.844395
202.992536
291.991759
455.466613
621.812409
594.791772
631.945148
682.777721
695.781403
813.152295
837.977505
798.628703
810.619110
740.365454
708.109569
771.776945
780.389773
762.657480
745.600703
743.067518
761.306448
746.613976
736.481238
721.788766
685.986422
730.570473
825.987098
836.288716
806.566015
801.161887
812.814537
883.068193
1000.607964
1060.391124
985.915493
870.064512
833.248894
847.603607
934.407404
989.630831
790.691391
582.463607
488.904651
293.849428
223.764650
261.086905
131.725605
3.546459
-240.483669
-613.030702
-725.504104
-775.323403
-897.760665
-917.857263
-1125.747289
-1446.279596
-1575.134259
-1695.376093
-1696.220488
-1556.388692
-1653.156348
-1801.600973
-1829.128247
-1855.642247
-1730.671801
-1573.952106
-1469.078259
-1295.808424
-1258.992806
-1208.329111
-968.014321
-814.165569
-628.060932
-452.426791
-452.595670
-273.077313
-20.265478
94.234472
284.561084
379.639950
362.752052
486.878103
614.550613
742.898639
869.388996
811.801263
748.640524
764.177390
778.363225
867.024690
901.138244
824.129429
751.849225
655.419327
653.223900
753.200257
774.985645
788.158206
758.604384
662.512244
657.614753
679.569021
722.633161
841.017327
853.852130
780.727531
772.283582
794.237849
870.233391
1020.873442
1099.908805
1038.774614
897.929544
822.271760
891.174384
999.594690
1082.514270
977.978181
670.618435
542.777046
472.185632
298.746918
317.830243
242.172459
6.755159
-110.953491
-424.055122
-707.940690
-709.798358
-871.753302
-993.683926
-1039.787888
-1350.018577
-1557.908603
-1655.014017
-1835.207890
-1764.447597
-1697.233762
-1867.970412
-1899.044145
-1913.736616
-1941.601648
-1773.060425
-1644.205762
-1511.804641
-1339.548080
-1311.007532
-1169.318067
-974.938359
-873.610970
-623.838957
-433.005708
-357.685682
-163.137096
-9.626102
120.917351
304.826561
396.527848
484.682676
601.884689
661.330091
746.951734
828.013645
843.888270
873.948728
865.335900
835.444321
869.051238
849.799034
787.482690
749.991556
714.864728
730.063836
730.739352
701.523288
739.689938
738.676664
685.648664
673.320499
665.552065
700.510015
798.122066
845.577059
817.205391
789.509238
824.129429
925.794576
1034.046003
1085.554092
1033.877124
925.119060
902.320397
959.232614
1057.351302
1131.826933
928.665518
649.846320
563.042524
401.594218
329.145135
385.888472
199.952714
40.362077
-143.716013
-547.674536
-697.639072
-733.779174
-873.442091
-898.267302
-1113.250245
-1463.505252
-1607.221265
-1779.646705
-1837.234438
-1664.471240
-1724.085520
-1880.298578
-1903.266119
-1983.483636
-1904.110514
-1681.359138
-1587.462424
-1428.378424
-1302.563583
-1269.294424
-1072.043773
-921.403722
-805.552741
-560.678218
-415.948931
-263.113453
-25.669605
78.190968
160.603911
274.766103
375.417975
550.714358
707.096295
765.190664
775.492282
745.094066
747.627250
832.404499
905.360219
931.367582
895.058601
787.820448
701.016651
670.618435
718.073429
807.748168
800.655250
759.448779
743.405276
669.436282
657.783632
706.758537
703.887594
780.558652
854.865403
811.125747
812.983416
841.355085
874.793123
1000.776843
1076.096869
1024.251022
979.835850
960.583646
927.314486
1005.674334
1080.994359
886.276894
710.136116
626.203263
386.563988
325.767555
346.877428
145.911440
60.627554
-158.070727
-571.486473
-674.502651
-788.495964
-936.265072
-910.426588
-1166.109366
-1491.539163
-1616.340730
-1821.866451
-1827.101699
-1667.511062
-1794.170298
-1938.392948
-1984.665788
-2057.283750
-1914.581011
-1704.326680
-1600.634985
-1462.998615
-1418.076806
-1341.743507
-1079.136691
-879.690614
-702.198804
-542.270409
-479.785186
-321.038943
-105.718242
99.638599
298.578039
381.328740
427.939339
508.494613
602.729084
752.186983
844.732665
851.994461
858.074104
831.560104
829.533556
868.037964
862.127200
831.391225
771.776945
689.026244
694.261492
735.299085
730.908231
730.401594
718.748945
691.221671
672.644983
671.631709
710.136116
764.177390
823.116155
839.328537
830.040193
892.187658
953.321850
1013.273888
1099.908805
1039.956767
967.169926
1036.748066
1032.188334
1088.256156
1192.623366
943.695748
723.646435
718.748945
522.680447
485.864829
527.746817
234.066268
87.479312
-95.923261
-489.917925
-520.485020
-596.818320
-837.133110
-864.829263
-1156.483264
-1492.214679
-1517.377647
-1697.233762
-1766.643024
-1652.987469
-1842.976323
-1988.212247
-1972.168744
-2027.898808
-1872.361266
-1702.469011
-1687.945418
-1535.447698
-1470.598169
-1399.837876
-1088.425035
-911.608741
-763.332996
-589.894282
-591.414193
-397.203364
-83.426217
74.137873
258.553720
320.701186
303.306650
451.920154
603.404600
764.008512
901.307123
840.341811
770.425913
772.790219
798.966461
899.956091
925.794576
838.990779
756.746715
662.850002
641.402371
714.864728
736.818996
738.001148
719.762218
637.180397
598.675989
623.670078
666.058702
786.300537
873.442091
803.019556
753.369136
781.065289
830.377951
1003.478907
1137.399939
1065.457493
956.192792
886.445773
906.035735
1063.937582
1150.234742
945.553416
665.214307
574.019658
500.219543
467.625899
473.536664
224.777924
-15.705745
-199.108319
-496.673084
-557.131759
-581.788091
-808.423684
-967.845442
-1219.812882
-1484.952883
-1511.635762
-1596.244131
-1714.459418
-1721.045699
-1852.940183
-1990.069916
-1945.654744
-1906.137062
-1818.826629
-1680.176985
-1662.951329
-1579.018475
-1419.596717
-1273.178640
-1013.949404
-836.457594
-746.276218
-587.698855
-506.974702
-344.344243
-39.348803
167.021313
311.243963
376.769007
363.934205
459.519708
639.544702
804.539467
898.942818
860.607289
790.691391
784.105110
810.956868
881.041646
930.185429
869.051238
749.991556
645.117709
628.060932
709.629480
750.667072
725.335225
702.029925
643.260040
594.791772
615.226129
636.673760
715.202486
827.000372
790.184754
742.223123
804.708346
840.004053
937.784983
1071.706015
1039.281251
964.298983
940.993684
925.119060
1009.558550
1095.349073
918.363900
701.016651
648.833046
503.766001
414.597899
433.174587
199.614956
15.874624
-105.718242
-432.667950
-543.283683
-605.937785
-850.136792
-948.593238
-1159.523086
-1454.385787
-1506.400513
-1640.828183
-1771.709393
-1712.095113
-1829.128247
-1979.430540
-1949.876718
-1967.440132
-1880.129699
-1691.491877
-1655.351775
-1550.140170
-1412.334921
-1327.557672
-1068.666194
-869.388996
-752.186983
-561.691492
-505.285912
-362.752052
-48.468268
150.640051
324.923160
412.402472
373.729186
468.639173
642.584524
815.516601
950.450907
917.688385
840.004053
829.871314
851.994461
933.900767
988.448678
919.208295
800.317492
692.234944
670.618435
754.720168
798.797582
786.807174
751.173709
671.969467
630.762995
642.753403
678.386868
773.465734
845.408180
812.645658
782.585199
792.380180
830.040193
949.437633
1051.102780
1026.108691
957.374945
919.546053
920.897085
992.839531
1057.857939
893.032053
669.267403
625.865505
521.836052
431.148039
412.064714
182.220421
0.337758
-131.894484
-413.246867
-515.925288
-616.746040
-861.958321
-970.716385
-1182.659506
-1438.511163
-1491.370284
-1639.139393
-1776.438005
-1752.119431
-1867.632654
-2005.269024
-1978.417266
-1966.595737
-1885.871584
-1753.977100
-1732.022832
-1608.572297
-1471.104806
-1393.420475
-1138.582092
-938.122741
-806.566015
-606.444422
-551.220995
-425.575033
-140.338433
55.392306
252.642956
368.325058
364.271963
453.608944
585.334549
742.560881
905.360219
921.572601
863.478231
844.563786
846.928091
905.022461
969.365353
939.980410
856.723072
765.866180
722.633161
764.852906
797.277671
802.681798
797.953187
740.365454
700.341136
704.900868
696.625798
734.792448
819.907454
839.666295
840.004053
859.256257
840.172932
880.872767
984.057824
1009.220792
986.591009
964.974499
929.678792
949.944270
991.488499
864.660384
690.883913
659.303543
537.710677
382.342014
349.917249
134.934306
-57.081096
-93.727835
-345.526396
-540.074982
-629.918600
-885.601378
-1009.896308
-1116.627825
-1350.862972
-1440.199953
-1586.955787
-1783.530922
-1749.417368
-1775.931368
-1905.292667
-1894.991049
-1915.256527
-1892.795623
-1728.307495
-1661.769176
-1569.392373
-1415.374742
-1334.481710
-1143.648462
-948.593238
-802.175161
-585.334549
-543.959199
-486.202587
-186.780153
49.650421
240.990306
375.249096
347.384065
380.146587
516.769683
702.536562
901.476002
939.304894
857.567467
790.860270
777.181072
893.369811
1031.175060
1008.883034
875.975276
737.832269
675.347046
751.342588
861.958321
919.039416
897.422907
784.780626
698.821225
706.083021
752.018104
830.546830
909.751072
898.267302
830.377951
830.884588
866.855811
911.608741
1036.241429
1086.060729
970.040869
883.574830
870.233391
884.925862
997.230385
980.004729
707.771811
558.482791
461.208498
266.997669
291.822880
237.274969
-20.434357
-111.966765
-385.719593
-698.652346
-691.728307
-842.874996
-985.408856
-1014.456041
-1336.001621
-1554.362144
-1618.536157
-1806.329584
-1754.145979
-1670.550883
-1854.797852
-1924.713750
-1939.912858
-1946.330260
-1743.506603
-1621.575979
-1557.570845
-1401.188908
-1367.750870
-1239.571723
-985.746614
-832.742257
-591.245314
-440.436383
-456.311008
-294.187185
-88.492586
99.131962
331.002803
400.918702
397.710001
447.022664
522.173810
700.003378
862.296079
879.352856
842.199480
787.482690
758.097747
839.666295
922.754754
904.853582
820.920728
717.904550
691.559429
739.858817
793.393454
850.981187
841.017327
777.349951
740.703212
704.056473
743.911913
876.988550
951.295302
961.428041
930.692066
862.296079
866.180295
945.722295
1048.907353
1122.707468
1051.271659
931.874219
886.445773
874.286486
956.699429
908.231162
676.191441
599.182626
436.721046
215.320701
226.128956
86.128280
-96.261019
-173.607593
-495.322052
-723.815314
-791.873543
-979.666971
-1037.592461
-1146.519404
-1436.315736
-1538.318641
-1652.311953
-1813.422501
-1727.294221
-1713.952781
-1858.850947
-1879.623062
-1886.884858
-1831.154794
-1660.587023
-1561.117303
-1445.097443
-1347.654271
-1274.698551
-1056.675786
-872.766575
-711.656027
-483.331645
-441.449657
-430.303644
-229.506536
16.043503
255.851657
396.358969
380.653224
364.103084
420.508663
582.294728
820.076333
915.999595
838.821900
749.147161
684.128753
726.179620
890.161111
968.689837
887.796805
738.507785
654.574932
689.195123
757.253352
855.709798
907.893404
837.133110
768.399365
735.299085
761.306448
868.713480
954.841760
973.925085
926.807849
876.144155
923.261391
1004.323302
1062.417671
1106.157328
1036.410308
906.711251
914.648563
949.268754
973.418448
1013.780525
764.346269
494.139899
480.460702
322.896612
248.589861
271.726281
-34.789070
-215.996217
-347.046307
-685.142027
-722.464282
-764.346269
-999.425811
-1067.315162
-1306.278921
-1570.912284
-1543.216131
-1663.626845
-1749.586246
-1642.854730
-1794.170298
-1922.687202
-1857.499916
-1858.006553
-1697.064883
-1537.474246
-1540.682947
-1397.642449
-1313.709596
-1230.452258
-946.904448
-812.139021
-653.730537
-434.187861
-487.722498
-415.104536
-129.699058
51.170331
260.073631
369.169453
317.661364
355.490256
436.383288
594.791772
789.509238
794.913365
743.405276
711.487148
658.796906
746.613976
871.415544
854.358767
775.323403
687.168575
664.201034
710.473874
760.799811
843.888270
850.136792
776.167798
786.131658
783.091836
770.088155
881.548283
969.365353
960.077009
954.672881
942.006958
960.921404
1024.419901
1062.079914
1117.978856
1073.225926
920.897085
929.003276
955.010639
929.172155
980.680245
767.892728
462.728409
458.506434
343.330969
208.227784
204.005809
-61.303070
-251.798561
-360.049988
-689.701760
-754.382410
-778.194346
-1046.036410
-1097.544500
-1268.281150
-1571.081163
-1543.216131
-1623.433647
-1750.599520
-1644.712399
-1737.089202
-1864.592833
-1812.915864
-1807.680616
-1674.772858
-1523.288412
-1512.142399
-1370.115175
-1260.512717
-1182.490627
-931.705340
-784.949505
-653.223900
-460.364103
-463.066167
-366.467389
-113.317796
69.747019
267.673185
313.608268
269.699733
370.858243
463.235046
612.355186
784.273989
754.213531
693.248218
675.853683
671.293951
778.869862
872.935454
837.301989
742.392002
649.001925
655.250448
744.418550
795.757760
828.182524
817.543149
760.462053
777.518830
824.298308
835.444321
880.366130
929.847671
939.304894
923.768028
919.714932
974.600601
1035.734792
1056.844665
1064.444219
1013.442767
908.906677
896.916270
938.291620
933.394130
935.082920
775.154524
505.117033
448.880332
349.410612
210.592090
228.155504
16.212382
-196.406255
-284.898841
-629.749721
-764.852906
-722.802040
-920.390448
-996.892627
-1145.506130
-1462.998615
-1499.645354
-1561.286182
-1670.719762
-1559.259635
-1625.460195
-1776.606884
-1739.960145
-1749.924004
-1663.964603
-1483.601851
-1445.604080
-1332.455163
-1231.634411
-1186.374844
-971.391901
-838.146384
-691.897186
-462.728409
-485.358192
-416.962205
-189.988854
-90.350255
115.513223
248.252103
220.049313
303.644408
339.615631
433.343466
625.021110
640.557976
660.654575
686.324180
590.907556
635.829365
748.471645
746.107339
739.183301
711.824906
680.751174
681.595569
677.035836
749.653798
805.552741
788.833722
851.994461
851.994461
758.773263
798.290945
894.889722
950.788665
1005.843213
1013.105009
958.894856
907.893404
927.483365
1019.184652
1075.927990
1006.687608
906.035735
861.451684
799.304219
827.844766
886.952410
657.783632
457.493160
410.544804
174.283109
90.688013
140.507312
-48.130510
-197.926166
-424.899517
-734.792448
-743.743034
-809.268078
-917.350627
-902.151518
-1217.786334
-1488.330462
-1435.471341
-1550.984564
-1550.646806
-1389.536258
-1556.895329
-1709.561928
-1689.296450
-1675.617253
-1491.876921
-1336.508258
-1291.417570
-1175.904347
-1186.037086
-1150.065863
-883.405951
-736.650117
-573.175263
-352.619313
-438.240957
-473.198906
-248.420982
-34.789070
191.171007
284.561084
217.685007
212.956395
221.062587
395.345695
705.745263
728.712804
605.262269
545.985747
460.701861
553.416422
805.890499
869.220117
730.570473
600.195900
566.251224
602.391326
706.927416
855.034282
889.992232
775.492282
706.589658
744.080792
794.237849
855.709798
928.158881
929.509913
858.242983
843.888270
883.574830
893.876448
946.060053
982.875671
920.559327
831.391225
739.183301
765.190664
819.907454
774.816766
807.579289
611.341912
256.189415
280.507988
243.523491
116.019860
197.250650
-32.424764
-322.052217
-410.544804
-643.766677
-666.396460
-609.822002
-821.258486
-909.582193
-1095.349073
-1401.188908
-1319.451481
-1284.662411
-1410.815010
-1320.464755
-1411.828284
-1620.056068
-1557.570845
-1500.320870
-1379.234640
-1197.183099
-1226.568041
-1192.285608
-1128.449353
-1108.014996
-848.448002
-674.671530
-635.153849
-463.235046
-483.331645
-526.564664
-301.280103
-77.853210
126.490357
214.307427
119.735198
123.281656
184.753606
341.473300
608.133212
644.104435
548.181173
509.845645
450.231364
537.879556
754.720168
838.821900
755.226804
602.729084
563.718040
665.552065
766.035059
865.335900
888.641200
763.164117
701.354409
772.959098
825.311582
841.355085
864.491505
873.610970
823.453913
769.412639
827.507008
873.948728
833.080015
873.442091
869.220117
737.832269
676.866957
684.128753
692.741581
689.870639
685.142027
572.837505
296.382612
198.939440
251.460803
163.305975
108.589185
-0.337758
-208.903300
-324.754281
-492.451110
-569.966562
-544.634715
-708.278448
-803.863951
-890.161111
-1169.824704
-1207.315837
-1133.346844
-1258.486169
-1269.801061
-1260.174959
-1408.619583
-1441.382106
-1396.460297
-1331.441889
-1198.196372
-1187.725876
-1178.606411
-1081.332117
-1067.146283
-936.433951
-721.619887
-669.605161
-558.651670
-437.227683
-480.798460
-415.780052
-221.738102
-35.464586
130.374574
145.404803
103.185058
141.689465
203.161415
392.643632
602.391326
588.712129
517.276320
487.722498
475.732090
602.897963
781.403047
812.307900
707.434053
598.169352
599.013747
678.049110
765.021785
830.209072
811.632384
724.828588
684.804269
722.295403
754.551289
771.776945
808.930321
803.526193
720.944371
673.996014
712.500422
750.329314
765.697301
771.945824
715.540244
611.848549
542.439288
602.222447
678.386868
622.994562
594.791772
439.085351
161.448306
221.231466
297.058128
167.021313
128.010268
-75.488905
-274.597224
-270.037491
-415.104536
-440.098625
-439.591988
-710.304995
-787.144932
-841.186206
-1061.404398
-996.723748
-991.150741
-1218.799608
-1227.919073
-1240.922755
-1337.859290
-1280.271557
-1264.059175
-1236.531901
-1160.705239
-1222.514946
-1155.469990
-1011.922856
-999.932448
-848.279123
-719.424460
-731.077110
-571.655352
-451.582396
-475.732090
-389.603810
-248.927618
-52.183605
112.642281
103.353937
127.165873
160.435032
189.482217
426.588307
604.586753
580.774817
563.886919
494.477657
467.625899
621.136893
778.363225
834.431047
732.597021
580.437059
584.490154
652.210626
730.908231
813.996690
781.065289
691.221671
649.339683
651.535110
678.555747
700.847772
719.086702
706.251900
620.968014
571.317594
621.643530
664.032155
691.221671
704.056473
623.670078
520.822778
486.033708
547.336778
636.167123
636.504881
582.970244
400.412065
219.373797
273.077313
275.779376
230.857567
218.867160
7.599554
-123.788293
-180.024994
-354.139224
-339.784510
-362.245415
-530.280001
-583.645759
-788.327085
-992.501773
-931.029824
-989.124194
-1079.136691
-1049.582869
-1186.037086
-1311.007532
-1294.457392
-1304.590131
-1212.551086
-1126.929442
-1177.424258
-1134.022360
-1096.700105
-1064.275340
-877.157429
-768.230486
-710.304995
-562.535887
-495.997568
-494.308778
-436.045530
-261.424663
-20.772115
114.331070
155.537542
154.862026
137.805249
233.052994
451.413517
642.753403
667.747492
591.920830
541.594893
530.786638
639.206944
826.831493
873.273212
740.196575
606.275543
582.632486
632.451785
709.629480
770.594792
745.262945
624.007836
530.280001
551.896511
590.063161
601.715810
622.825683
570.810957
477.083122
459.857466
511.027797
557.807275
551.220995
543.959199
530.448880
446.347148
421.184179
522.511568
563.211403
538.723950
572.499747
466.781504
279.832472
346.877428
382.173135
254.838383
235.248421
138.311886
13.848076
-18.745567
-177.491809
-250.278650
-283.885568
-475.900969
-494.984294
-556.962880
-833.080015
-866.518053
-871.415544
-1042.658831
-1044.685378
-1059.208971
-1210.186780
-1268.112271
-1298.848245
-1267.605634
-1173.202283
-1202.080589
-1165.096092
-1090.451582
-1128.955990
-1007.700882
-848.448002
-809.099200
-662.005607
-526.226906
-488.566893
-439.760867
-366.467389
-168.541223
28.371669
111.460128
213.631911
243.185733
218.022765
323.909886
499.881785
637.687033
697.807951
665.045428
598.169352
576.383963
664.369913
806.566015
817.712028
704.563110
621.812409
565.406829
545.816868
618.772588
664.538792
624.514473
520.316141
404.296281
397.541122
451.413517
466.950383
468.470294
422.704090
337.589084
333.367109
395.683453
437.734320
473.874422
478.940791
409.869288
394.839058
436.721046
490.424562
591.583072
596.142804
539.399466
472.354511
355.828014
424.730638
483.162766
352.450434
334.380383
232.715236
87.310433
117.202013
-16.887898
-167.359070
-194.886344
-347.215186
-407.504982
-473.198906
-700.172257
-755.564562
-826.662614
-1007.194245
-982.875671
-1006.518729
-1184.854933
-1227.243557
-1260.174959
-1277.062857
-1177.255379
-1169.655825
-1158.847570
-1111.054818
-1122.200831
-986.084372
-840.679569
-799.304219
-647.988651
-537.372919
-476.407606
-354.308103
-280.001351
-146.924714
-21.954268
42.895261
216.165096
309.555173
323.741007
401.425339
428.783734
523.693721
665.214307
685.817543
678.049110
628.229811
585.672307
670.280677
715.709123
686.999696
665.720944
573.175263
473.367785
453.777823
482.149492
526.395785
495.997568
392.305874
328.976256
313.608268
328.469619
353.463708
364.778600
359.036714
315.465937
309.048536
358.867835
407.842740
477.252001
509.676766
481.473976
462.897288
474.212180
569.122167
653.223900
649.846320
628.229811
507.987976
453.946702
549.701084
486.371466
415.780052
390.110447
209.409937
160.603911
134.934306
-74.982268
-139.156281
-214.307427
-383.524167
-402.607491
-551.052116
-751.004830
-770.594792
-913.635289
-1014.624920
-951.464181
-1081.500996
-1218.968487
-1227.412436
-1279.427162
-1216.941939
-1140.946398
-1166.784882
-1105.650691
-1096.024589
-1078.967812
-896.916270
-803.019556
-706.251900
-536.866282
-493.971020
-398.385517
-266.997669
-203.499172
-61.134191
20.096599
111.122370
313.777147
351.774918
348.735096
402.438612
404.296281
522.342689
653.561658
637.687033
599.182626
526.564664
492.282231
560.509339
599.858142
610.159760
543.621441
380.484345
293.342791
299.253555
352.619313
415.442294
360.218867
245.381160
174.958625
159.590637
241.496943
299.929071
273.921708
275.610498
242.341338
222.920255
332.016077
434.018982
493.633262
492.282231
434.694498
469.821326
521.160536
584.659033
710.642753
699.834499
638.193670
606.613301
525.551390
573.344142
596.987199
464.079441
407.504982
296.720370
179.180599
210.760969
68.395987
-141.520586
-199.783835
-329.989530
-414.091262
-453.102307
-650.184078
-770.763671
-839.666295
-987.773162
-978.147060
-981.355760
-1133.346844
-1180.801837
-1215.590908
-1243.793697
-1139.764245
-1111.730334
-1109.534907
-1041.138920
-1040.463404
-957.206066
-798.797582
-712.669301
-577.903874
-478.265275
-452.426791
-328.131861
-188.637822
-84.608370
8.950586
63.836255
158.915121
267.842064
319.350154
375.755733
405.647313
405.647313
473.198906
545.479110
540.581619
511.365555
479.785186
456.311008
455.297734
475.225453
495.828689
429.459250
311.412842
274.090587
275.779376
292.498396
336.744689
327.287466
258.384841
191.339886
204.681325
293.680549
321.376701
318.674638
360.387746
339.953389
334.380383
446.178269
530.111122
562.704766
569.291046
549.701084
595.805046
633.802817
672.307225
768.737123
738.001148
680.413416
681.595569
590.738677
600.702537
639.713581
491.775594
408.011619
319.350154
193.535313
227.986625
113.824433
-107.575911
-181.376026
-344.850880
-446.347148
-425.912791
-603.235721
-738.001148
-809.099200
-999.088054
-994.528321
-947.748843
-1077.110143
-1114.432398
-1169.149188
-1238.220691
-1129.800385
-1076.603506
-1048.569595
-956.361671
-980.511366
-950.788665
-818.387543
-729.050562
-581.112575
-461.039619
-439.929746
-360.387746
-241.328064
-155.875300
-72.280204
2.195427
82.075185
173.269835
232.715236
265.984396
293.005033
300.773466
338.433479
429.628128
459.688587
427.263823
397.034485
358.361198
350.423886
402.269734
441.956294
401.425339
297.227007
230.350931
243.354612
272.232918
304.826561
324.078765
273.246192
202.654778
194.717465
255.345020
335.562536
370.858243
354.645861
327.962982
306.853109
364.103084
487.384740
562.029250
586.178944
561.522613
512.885466
535.684129
602.560205
693.079339
762.995238
703.549836
640.051339
596.311683
526.902422
594.454014
629.074205
469.990205
371.702638
280.845746
176.985172
211.098727
138.987402
-50.832573
-180.024994
-322.727733
-371.364880
-362.920931
-509.001250
-624.007836
-714.020333
-888.978958
-898.942818
-848.110244
-943.526869
-1019.353531
-1080.825480
-1129.969264
-1069.172831
-1033.370487
-995.879353
-950.113149
-992.164015
-940.824805
-819.231938
-770.594792
-662.005607
-561.353734
-542.270409
-459.181950
-345.019759
-240.483669
-162.968217
-147.262472
-87.648191
9.626102
94.234472
199.614956
244.536765
217.853886
230.350931
292.667275
360.725504
414.935657
430.810281
400.243186
342.824332
338.771237
402.776370
443.476205
431.316918
375.586854
301.955619
281.183504
321.883338
373.898065
382.173135
331.340561
291.991759
285.067720
297.058128
359.374472
402.945249
366.974026
333.704867
340.460026
380.484345
441.111899
498.361874
537.710677
507.481339
458.337555
485.864829
532.306549
600.702537
685.142027
653.561658
564.900193
512.547708
475.900969
537.710677
591.583072
484.176039
365.622995
252.136319
161.617185
231.026446
223.933529
35.295707
-118.384166
-267.166548
-354.308103
-314.959300
-384.368561
-514.912014
-624.345594
-807.748168
-876.481913
-829.364677
-876.988550
-930.185429
-1006.856487
-1118.992130
-1092.815888
-1027.797480
-991.488499
-933.056372
-968.183200
-1013.442767
-931.367582
-833.755531
-722.802040
-609.146486
-593.609619
-561.353734
-455.804371
-347.890702
-222.413618
-172.425440
-167.359070
-63.329618
56.912217
143.040497
233.052994
255.007262
238.626001
276.117134
354.139224
445.333874
495.997568
468.976931
426.757186
423.379606
463.403925
536.021887
554.598575
486.709224
406.660587
369.676090
390.785963
446.178269
468.976931
427.094944
347.384065
282.703415
281.690141
333.367109
382.342014
374.573581
324.247644
285.236599
286.080994
339.615631
398.216638
436.889925
456.479887
412.402472
372.547033
419.326511
480.291823
540.581619
603.911237
590.063161
517.445199
481.136218
466.781504
474.212180
543.621441
545.985747
408.180498
268.517580
172.932077
161.954943
227.142230
166.008039
-14.692471
-201.979262
-362.752052
-372.040396
-310.737326
-391.123721
-527.746817
-692.910460
-878.846219
-911.777620
-851.825582
-859.256257
-922.923633
-1044.178742
-1137.062181
-1133.009086
-1090.620461
-1004.323302
-943.695748
-979.666971
-993.177289
-950.450907
-883.912588
-747.289492
-609.990881
-542.101530
-504.948154
-453.777823
-351.268281
-227.311109
-131.725605
-36.140102
46.610599
98.625325
170.230013
255.513899
322.221096
383.524167
424.730638
454.284460
485.527071
513.729861
543.114804
544.972473
532.644307
542.608167
545.310231
526.395785
492.619989
450.400243
430.472523
410.544804
385.888472
372.884791
328.807377
286.080994
286.418752
265.140001
241.159185
250.954166
234.741784
218.698281
236.092816
246.394434
266.997669
281.014625
271.726281
312.088357
356.165772
378.964434
427.939339
426.081670
392.305874
437.903199
519.471747
558.482791
567.433377
526.564664
446.009390
411.389199
474.381059
535.008613
462.728409
309.217415
196.068497
155.199784
167.527949
173.100956
59.783159
-147.431351
-315.634816
-369.169453
-357.010167
-396.190090
-503.766001
-650.015199
-824.298308
-923.261391
-888.472321
-857.398588
-920.052690
-1017.833620
-1092.647009
-1128.280474
-1096.362347
-1002.634512
-945.215658
-961.090283
-975.107238
-943.695748
-857.736346
-733.948053
-614.888371
-537.035161
-511.365555
-458.168676
-324.078765
-177.660688
-81.568548
-35.126828
12.665924
103.691695
217.853886
329.820651
397.878880
390.448205
381.497619
440.436383
533.995339
616.408282
628.905326
565.237950
517.782957
531.124396
574.188536
622.150167
611.679670
511.703313
430.134765
421.015300
429.121492
429.121492
410.544804
345.695275
264.971122
223.258013
237.443848
263.620090
241.159185
193.535313
171.243287
147.769109
148.275746
206.370115
226.297835
180.869389
172.932077
210.929848
239.132638
263.113453
276.792650
272.908434
276.961529
313.777147
381.835377
403.114128
357.516803
345.864154
351.437160
344.175364
406.153950
422.535211
281.521262
160.097274
147.093593
184.584727
225.284561
157.057453
-22.798662
-202.823657
-303.137771
-245.381160
-165.163644
-266.659912
-438.409836
-596.142804
-745.431824
-735.636843
-631.607390
-653.561658
-790.353633
-948.255480
-1037.085824
-992.501773
-913.466410
-842.537238
-820.414091
-932.211977
-1002.803391
-915.155200
-803.695072
-666.227581
-542.945925
-555.442970
-584.659033
-512.716587
-364.947479
-194.041950
-99.469720
-82.412943
-49.143784
24.487452
147.937988
296.889249
372.547033
383.693046
395.345695
424.899517
500.388422
604.924511
655.250448
637.180397
604.586753
596.480562
623.838957
651.535110
643.428919
599.520384
534.164218
495.322052
490.593441
457.999797
403.451886
352.957071
274.597224
206.538994
197.250650
184.246969
131.556726
48.130510
-30.060459
-47.623873
-27.020637
-8.443949
-3.715338
-72.617962
-144.729287
-112.642281
-41.037592
29.891580
82.919580
56.067822
16.719019
51.170331
153.004357
291.822880
358.361198
323.065491
283.041173
294.693822
391.461479
514.912014
563.718040
527.746817
401.425339
292.498396
344.006485
454.115581
493.295504
416.286689
193.873071
-8.612828
-45.597325
13.510319
77.515452
-22.629783
-291.485122
-495.490931
-599.520384
-612.861823
-528.591212
-564.393556
-780.727531
-985.408856
-1089.607187
-1049.582869
-944.202385
-915.661837
-953.828487
-1065.119735
-1157.834296
-1068.159557
-897.422907
-771.101429
-685.479785
-690.715034
-700.678894
-586.685581
-400.074307
-201.810383
-91.870166
-85.790523
-29.216064
96.767656
241.665822
416.286689
524.875874
523.355963
540.750498
599.689263
693.754855
798.290945
819.907454
782.247441
749.991556
730.063836
748.640524
761.475327
697.470193
609.315365
522.342689
440.436383
398.385517
351.606039
263.113453
156.719695
52.183605
-22.798662
-68.902624
-116.357618
-167.021313
-245.381160
-335.055899
-359.205593
-337.251326
-317.661364
-296.551491
-298.915797
-325.936434
-321.545580
-250.447529
-133.076637
-49.481542
-14.861350
40.024319
96.429898
170.905529
318.168001
447.360422
492.282231
513.560982
557.807275
622.994562
688.688486
767.048333
842.706117
834.262168
767.386091
690.546155
608.977607
610.159760
663.694397
646.975377
522.849326
282.027899
92.207924
56.912217
38.504408
5.910764
-101.158510
-372.378154
-613.706218
-706.927416
-732.597021
-694.430371
-742.729760
-947.579964
-1132.840207
-1235.011990
-1206.809201
-1079.643328
-1043.334347
-1082.852028
-1129.124869
-1179.450806
-1094.842436
-895.734117
-736.650117
-644.611072
-628.567568
-622.319046
-493.464383
-281.690141
-69.578140
76.502179
93.558956
102.678421
212.280880
361.401020
512.041071
636.504881
646.806498
593.778498
595.636167
669.436282
762.995238
795.082244
727.192894
627.723174
555.611849
517.107441
534.839734
520.653899
400.580944
274.597224
185.766879
99.638599
45.259567
11.146013
-50.494815
-147.431351
-256.189415
-314.114905
-322.052217
-335.562536
-342.148816
-350.423886
-387.577262
-410.882562
-373.391428
-302.800014
-253.825109
-212.787516
-149.795656
-100.989631
-54.041274
40.530956
154.862026
243.185733
286.249873
345.357517
446.009390
509.339008
583.645759
697.639072
731.921505
738.170027
786.638295
801.668524
808.085926
833.755531
838.484142
832.911136
783.767352
718.242308
695.612524
585.503428
426.757186
403.620765
390.954842
296.720370
194.379708
4.221975
-206.370115
-281.352383
-302.800014
-327.794103
-427.601581
-648.664167
-808.761442
-886.276894
-935.420678
-868.037964
-862.127200
-1031.175060
-1150.234742
-1189.076907
-1154.287837
-1017.833620
-943.526869
-949.944270
-965.987773
-990.812983
-889.992232
-683.115479
-548.856689
-453.271186
-404.802918
-405.816192
-292.329517
-90.350255
75.657784
181.207147
184.415848
176.140778
266.997669
393.825784
517.782957
589.556524
544.465836
482.656129
493.126625
549.363326
609.990881
596.311683
500.895059
403.620765
344.006485
331.340561
339.615631
287.769784
173.945351
63.498497
-10.977134
-46.441720
-63.667376
-93.558956
-157.226332
-242.679096
-304.488803
-309.892931
-281.521262
-263.620090
-273.246192
-287.769784
-289.627453
-262.437937
-195.224102
-126.659236
-84.608370
-39.179924
17.732293
89.843618
180.869389
251.967440
312.932752
382.848651
443.645084
526.733543
615.901645
658.796906
691.221671
723.646435
763.670754
823.622792
850.136792
855.203161
845.408180
785.118384
752.862499
759.279900
736.143480
715.371365
658.965785
538.217313
419.157632
280.339109
192.353160
207.721147
161.110548
43.739656
-109.095822
-340.797784
-474.549938
-450.400243
-444.489479
-496.335326
-642.922282
-851.318945
-946.566690
-939.304894
-888.134563
-826.831493
-903.671429
-1059.377850
-1111.223697
-1074.070321
-957.712703
-814.165569
-783.936231
-824.298308
-844.901544
-797.615429
-628.060932
-444.320600
-342.655453
-298.578039
-310.061810
-287.938663
-125.139325
60.120917
161.786064
195.730739
166.683555
157.564090
237.274969
345.019759
430.134765
442.125173
368.325058
316.985848
321.883338
347.384065
387.070625
370.351606
274.597224
188.975580
154.862026
155.875300
147.769109
112.980039
62.316344
-15.199108
-79.879758
-85.790523
-70.422535
-71.435809
-86.297159
-119.228561
-142.027223
-134.934306
-105.042726
-64.849529
-44.077414
-37.660013
-9.626102
29.553822
70.422535
116.188739
155.030905
196.237376
239.808153
286.080994
338.095721
373.898065
401.256460
440.943020
479.278549
510.690040
525.382511
528.253454
546.154626
566.420103
575.032931
584.659033
566.926740
528.760091
515.418651
522.342689
523.524842
494.139899
434.187861
383.524167
341.135542
323.741007
345.019759
310.906205
206.370115
98.963083
4.053096
-14.016955
33.606917
24.656331
-64.680650
-220.724829
-373.898065
-390.448205
-326.443071
-308.541899
-347.046307
-495.659810
-675.347046
-713.513696
-656.432600
-587.529976
-573.681900
-699.158983
-845.408180
-884.419225
-830.377951
-703.718715
-633.802817
-693.079339
-767.892728
-797.108792
-739.183301
-580.774817
-461.715135
-441.449657
-478.096396
-513.898740
-438.409836
-274.597224
-152.159962
-94.909988
-95.416624
-130.543453
-88.999223
34.113554
152.835478
222.413618
223.764650
191.677644
197.250650
246.394434
327.962982
387.408383
364.271963
318.336880
299.422434
309.217415
339.615631
363.934205
357.010167
298.409160
221.400345
212.787516
234.741784
223.426892
211.774243
175.465262
111.460128
80.386395
82.919580
87.985949
70.760293
32.424764
14.185834
8.950586
8.612828
35.802344
54.041274
36.984497
25.331847
39.179924
67.382714
100.145236
139.662918
176.647414
174.958625
182.389300
232.377478
276.117134
317.830243
362.583173
377.951160
388.590536
407.504982
451.244638
505.623670
507.143581
514.743135
535.684129
507.987976
508.832371
539.568345
513.223224
486.709224
467.457020
434.863377
427.094944
388.590536
326.443071
271.895160
154.186510
84.439491
117.708650
69.240382
-31.918127
-129.867937
-292.667275
-389.434931
-380.822103
-392.812511
-443.307326
-583.645759
-749.822677
-799.473098
-802.175161
-787.144932
-755.733441
-855.709798
-992.839531
-1014.624920
-982.875671
-895.902996
-808.761442
-823.116155
-860.269531
-873.948728
-826.155977
-660.485696
-526.395785
-488.735772
-457.999797
-440.943020
-372.547033
-209.072179
-70.929172
10.301618
45.259567
41.206471
100.651873
217.685007
317.661364
396.865606
406.322829
367.311784
368.325058
415.442294
471.678995
496.504205
469.145810
424.561759
391.292600
369.169453
373.898065
370.689364
320.701186
260.242510
217.853886
190.495491
169.385618
142.027223
106.224879
63.498497
24.487452
12.665924
8.443949
-15.199108
-27.696153
-27.358395
-31.918127
-28.540548
-12.665924
5.235248
13.510319
23.811936
56.912217
96.598777
117.202013
137.298612
165.670281
197.419529
242.003580
289.965211
313.439389
328.469619
351.943797
385.212956
424.055122
447.529301
467.119262
480.460702
472.861148
470.834600
485.358192
484.007160
479.278549
470.159084
431.992434
396.358969
375.249096
348.903975
316.479211
269.024217
219.711555
195.899618
163.643733
104.704968
25.838484
-84.270612
-154.524268
-140.169554
-137.467491
-200.290472
-312.932752
-454.959976
-535.853008
-520.316141
-480.460702
-488.398014
-593.778498
-740.196575
-804.877225
-773.127976
-703.043199
-653.561658
-701.692167
-822.609518
-878.339582
-816.023238
-700.341136
-607.457696
-591.414193
-643.597798
-680.920053
-626.709900
-481.811734
-337.589084
-288.783058
-305.839835
-307.359746
-255.851657
-139.325160
6.417401
82.750701
73.968994
60.627554
80.048637
158.070727
274.597224
348.228459
342.655453
286.756510
250.785287
300.435708
382.004256
422.028574
404.465160
333.873746
280.845746
295.875975
336.238052
358.867835
336.406931
271.726281
212.956395
192.859797
215.996217
247.407708
228.999899
179.518357
134.427669
97.105414
109.264701
145.742561
143.547134
116.019860
85.790523
68.058229
78.022089
100.145236
119.735198
118.384166
81.399669
65.018408
94.909988
123.450535
147.600230
161.279427
139.325160
117.202013
133.921032
167.527949
200.965988
214.307427
208.058905
205.187962
207.045631
225.791198
265.308880
278.143682
259.398115
255.851657
258.047083
263.788969
285.574357
292.836154
280.339109
265.140001
246.225555
235.586179
230.350931
218.191644
203.668051
175.127504
152.159962
141.689465
103.353937
33.100280
-44.752930
-87.648191
-80.724153
-82.412943
-138.480765
-246.732192
-377.444523
-434.525619
-403.789644
-387.915020
-424.392880
-526.733543
-665.552065
-720.606613
-686.324180
-630.087479
-600.871416
-663.694397
-765.528422
-801.330766
-769.412639
-672.982741
-573.175263
-575.201810
-614.888371
-621.305772
-575.370689
-444.827237
-311.581721
-257.371568
-243.861249
-246.563313
-199.783835
-66.369440
64.005134
153.342115
190.833249
170.398892
190.157733
276.117134
365.454116
447.529301
465.430473
426.926065
408.687135
420.002027
461.546256
503.597122
483.669403
432.330192
384.030804
340.966663
345.526396
350.592765
311.075084
256.189415
189.482217
139.325160
120.410714
95.923261
76.839937
48.637147
-9.794981
-53.196879
-76.502179
-93.558956
-87.141554
-87.985949
-105.380484
-116.188739
-127.503631
-120.917351
-94.065593
-77.177694
-64.005134
-46.441720
-31.242612
-0.337758
34.789070
62.654102
94.909988
120.748472
147.262472
183.233695
213.800790
238.794880
267.335427
290.978485
305.333198
325.260918
352.281555
363.427568
355.490256
350.592765
353.970345
356.165772
352.957071
343.837606
329.651772
291.316243
257.878204
252.811835
228.155504
192.353160
165.163644
116.019860
62.654102
35.633465
10.132739
-14.523592
-44.584051
-87.985949
-142.702739
-231.026446
-287.263147
-256.696052
-228.999899
-256.189415
-323.741007
-432.667950
-496.673084
-457.155402
-388.252778
-362.245415
-422.028574
-527.240180
-568.108893
-539.230587
-457.999797
-362.583173
-380.990982
-480.967339
-520.485020
-490.424562
-396.021211
-278.988077
-240.652548
-274.597224
-330.665045
-332.860472
-225.453440
-106.900395
-45.935083
-32.931401
-85.959401
-111.460128
-23.980815
86.297159
153.342115
160.772790
115.513223
87.817070
101.327389
162.799338
250.109771
257.202689
202.317020
162.799338
134.596548
151.146688
207.721147
221.738102
182.727058
131.218968
96.261019
100.314115
110.109096
124.126051
127.841389
77.008815
26.682879
33.100280
45.766204
53.196879
62.822981
46.103962
22.123147
9.457223
24.656331
54.379032
53.028000
43.739656
51.508089
51.676968
61.640828
93.390077
107.575911
95.585503
89.843618
106.900395
125.645962
132.232242
146.586956
162.799338
158.239605
150.640051
159.928395
167.359070
169.047860
175.127504
184.584727
183.402574
181.038268
189.988854
192.353160
178.673962
173.269835
185.260243
189.651096
181.376026
181.713784
180.531631
170.567771
165.839160
170.061134
171.243287
155.875300
148.106867
150.808930
141.858344
129.192421
123.112777
111.122370
102.847300
104.704968
91.363529
56.743338
7.599554
-38.335529
-40.868713
-26.345121
-39.011045
-72.617962
-153.004357
-247.576587
-263.620090
-239.639274
-235.586179
-266.322154
-354.983619
-435.370014
-451.413517
-436.552167
-411.389199
-421.353058
-491.944473
-546.830142
-560.002702
-541.088256
-484.007160
-454.959976
-475.732090
-501.063938
-507.819097
-461.546256
-378.626676
-321.545580
-287.600905
-274.090587
-271.388523
-212.280880
-124.126051
-47.623873
8.612828
23.474178
38.673287
84.270612
141.182828
205.187962
254.838383
261.424663
268.855338
288.276421
300.942345
318.843517
336.744689
337.757963
325.092039
306.515351
297.058128
293.680549
267.504306
242.847975
224.946803
191.339886
162.292701
142.364981
113.486675
83.595096
59.276522
35.295707
8.950586
-23.811936
-41.713108
-44.246293
-62.822981
-79.035363
-84.270612
-96.936535
-105.549363
-93.390077
-80.724153
-79.542000
-73.968994
-60.965312
-45.090688
-27.189516
-1.013274
30.735975
55.392306
74.644510
104.198331
132.232242
159.252879
195.730739
229.675415
254.331746
275.103861
299.591313
324.923160
344.344243
362.414294
378.120039
382.342014
386.226230
389.941568
387.746141
386.226230
376.937886
358.023440
340.122268
313.777147
289.627453
274.259466
246.901071
210.592090
176.140778
130.712332
88.830344
54.041274
9.626102
-24.656331
-60.796433
-106.224879
-147.262472
-216.840612
-285.405478
-301.786740
-313.439389
-337.757963
-371.871517
-450.569122
-516.769683
-525.382511
-507.143581
-484.851555
-506.130307
-569.966562
-603.742358
-606.106664
-572.668626
-499.037390
-485.695950
-522.342689
-526.733543
-506.805823
-449.386969
-365.960753
-317.154727
-294.356064
-290.471848
-271.219644
-187.793427
-111.797886
-55.898943
1.351032
14.861350
21.785389
76.671058
139.831797
189.651096
221.569223
231.870841
241.496943
241.834701
256.020536
294.187185
290.302969
262.775695
262.437937
249.265376
224.609045
211.436485
193.197555
172.425440
146.755835
123.957172
109.433580
66.031682
32.424764
35.295707
18.407809
-7.092917
-12.328166
-30.735975
-51.339210
-55.392306
-48.130510
-29.216064
-28.202790
-31.580370
-18.238930
-18.745567
-8.275070
35.802344
59.952038
70.084777
84.946128
90.012497
108.758064
138.987402
167.696828
198.432803
202.654778
194.886344
211.943122
227.986625
243.692370
267.166548
268.855338
256.864931
251.629682
252.811835
264.971122
271.557402
260.580268
247.407708
224.946803
210.760969
216.840612
216.840612
200.965988
177.491809
146.755835
128.516905
126.659236
122.099503
111.966765
86.803796
51.508089
28.540548
16.381261
9.963860
9.794981
-8.106191
-37.997771
-59.445401
-77.684331
-87.479312
-88.830344
-105.549363
-132.063363
-151.822204
-168.710102
-173.607593
-191.846523
-228.493262
-244.536765
-257.540447
-269.868612
-274.259466
-306.853109
-348.397338
-362.076536
-366.974026
-363.765326
-360.387746
-388.083899
-417.299963
-434.525619
-439.085351
-410.375925
-385.044077
-392.643632
-393.656905
-393.319147
-387.239504
-341.135542
-293.680549
-263.620090
-239.132638
-227.479988
-198.095045
-137.805249
-77.853210
-25.331847
6.755159
19.589962
60.458675
118.553045
166.345797
209.409937
228.999899
236.768332
258.047083
287.769784
321.376701
341.979937
335.055899
324.247644
319.012396
315.634816
321.038943
319.012396
291.485122
260.749147
229.168778
205.187962
191.002128
168.710102
140.169554
103.016179
58.769886
34.789070
20.434357
0.337758
-15.536866
-43.401898
-72.617962
-81.061911
-83.088459
-77.177694
-78.697605
-95.754382
-96.767656
-85.283886
-65.356166
-34.789070
-21.954268
-23.136420
-8.950586
16.887898
56.574459
95.754382
112.980039
125.814841
146.080319
174.283109
217.347249
251.798561
262.437937
269.868612
270.881886
284.729963
316.479211
335.562536
334.042625
320.025670
295.031580
283.885568
289.965211
285.574357
265.646638
227.986625
181.882663
151.315567
128.685784
107.069274
74.813389
16.887898
-37.997771
-75.320026
-105.718242
-127.165873
-160.097274
-212.449759
-256.189415
-289.965211
-306.177593
-316.141453
-338.771237
-366.129632
-389.434931
-405.647313
-397.372243
-377.444523
-376.262370
-382.342014
-389.941568
-384.030804
-353.294829
-315.634816
-287.600905
-271.895160
-270.544128
-254.669504
-213.969669
-178.167325
-142.027223
-116.019860
-110.446854
-94.403351
-59.276522
-26.851758
-2.533185
11.483771
17.901172
28.371669
46.948357
72.786841
90.181376
87.141554
76.502179
76.839937
83.257338
93.896714
104.536089
98.963083
76.839937
57.587733
56.236701
64.511771
67.720472
60.965312
43.401898
15.536866
2.702064
13.172561
20.434357
16.550140
7.092917
-6.755159
-20.772115
-16.212382
-0.168879
5.741885
0.675516
-3.546459
-2.533185
7.092917
25.331847
42.726382
49.143784
48.637147
59.952038
80.893032
99.976357
117.539771
128.516905
130.374574
136.454217
157.395211
177.660688
186.273516
185.091364
182.558179
186.104637
195.392981
208.396663
210.929848
194.886344
178.336204
176.140778
176.140778
176.309657
172.932077
156.381937
132.232242
119.228561
116.357618
111.122370
98.287567
78.190968
61.809707
46.948357
37.153376
32.931401
25.500726
10.132739
-8.443949
-24.656331
-36.815618
-39.348803
-36.140102
-43.233019
-60.458675
-76.839937
-90.012497
-91.532408
-83.426217
-78.866484
-88.323707
-106.900395
-121.761746
-121.255109
-108.926943
-100.651873
-106.393758
-121.761746
-133.245516
-131.894484
-122.606140
-114.837707
-114.499949
-120.917351
-128.348026
-126.659236
-117.370892
-113.486675
-109.264701
-108.251427
-113.824433
-111.966765
-102.678421
-97.443172
-94.741109
-91.701287
-90.181376
-84.777249
-81.737427
-77.684331
-73.293478
-78.359847
-74.982268
-68.227108
-68.733745
-68.395987
-68.395987
-73.462357
-72.449083
-64.849529
-63.160739
-67.720472
-77.008815
-77.008815
-69.071503
-68.733745
-66.707198
-65.018408
-70.084777
-66.031682
-56.912217
-54.041274
-51.508089
-49.481542
-44.752930
-34.789070
-24.318573
-12.665924
-5.066369
-1.182153
7.092917
20.096599
33.438038
45.597325
56.405580
64.849529
75.995542
88.323707
106.224879
120.917351
126.490357
138.143007
147.769109
156.550816
170.567771
181.882663
189.651096
195.561860
195.055223
199.783835
208.565542
209.747695
215.827338
212.787516
198.601682
195.055223
196.068497
193.873071
190.833249
175.465262
157.901848
147.262472
135.609822
131.218968
123.788293
103.353937
86.466038
73.293478
58.432128
52.014726
43.064140
28.878306
15.874624
2.026548
-5.235248
-7.768433
-18.407809
-28.878306
-34.620191
-42.219745
-45.428446
-46.272841
-56.067822
-61.809707
-61.809707
-62.316344
-58.769886
-59.952038
-64.174013
-68.058229
-75.320026
-70.760293
-62.147465
-64.174013
-68.227108
-71.098051
-77.008815
-71.773567
-68.395987
-67.382714
-65.525045
-79.204242
-83.932854
-78.022089
-81.399669
-78.359847
-76.839937
-94.741109
-101.327389
-101.834026
-107.913669
-104.873847
-111.629007
-123.112777
-128.010268
-142.027223
-146.080319
-139.156281
-148.106867
-155.030905
-161.617185
-177.322930
-176.816293
-172.425440
-173.269835
-172.594319
-181.713784
-189.651096
-185.260243
-175.634141
-162.292701
-150.977809
-153.173236
-149.964535
-135.947580
-118.215287
-90.856892
-71.435809
-62.485223
-48.299389
-29.891580
-4.390854
29.216064
52.521363
73.124599
90.350255
107.238153
132.907758
160.941669
180.869389
198.939440
214.476306
223.595771
236.937211
249.096497
260.242510
268.855338
271.388523
270.206370
268.517580
262.606816
256.189415
251.460803
240.145911
229.337657
214.138548
198.601682
180.193873
161.448306
146.586956
129.699058
114.499949
102.847300
83.088459
58.769886
41.544229
31.242612
26.007363
22.292026
9.794981
-9.626102
-20.265478
-25.838484
-23.305299
-17.056777
-17.901172
-26.851758
-34.957949
-38.673287
-31.411491
-22.967541
-19.589962
-20.265478
-22.798662
-23.643057
-23.643057
-20.772115
-19.252204
-19.589962
-20.096599
-25.669605
-31.073733
-33.269159
-35.464586
-41.713108
-49.312663
-54.716790
-57.587733
-61.471949
-70.422535
-79.542000
-91.532408
-98.794204
-100.145236
-100.989631
-107.575911
-119.059682
-129.699058
-136.791975
-134.596548
-129.530179
-124.463809
-130.205695
-141.351707
-143.040497
-137.636370
-129.530179
-117.370892
-113.655554
-113.993312
-109.264701
-104.029452
-92.376803
-78.866484
-66.538319
-58.263249
-48.637147
-40.868713
-33.944675
-21.616510
-8.950586
3.546459
12.159287
17.732293
26.345121
33.269159
40.530956
50.157057
57.756612
58.601007
60.120917
64.849529
67.551593
71.942446
71.098051
68.395987
68.564866
68.395987
70.084777
72.280204
62.316344
53.028000
55.054548
55.392306
57.756612
58.601007
48.974905
39.179924
35.464586
34.957949
36.140102
34.113554
27.358395
21.278752
13.341440
12.665924
18.070051
13.341440
3.884217
-0.506637
-4.728611
-5.910764
-2.702064
-5.235248
-9.288344
-14.185834
-16.550140
-16.381261
-14.185834
-11.483771
-10.132739
-15.367987
-20.265478
-15.874624
-8.950586
-2.870943
0.168879
0.000000
-1.688790
-2.533185
6.248522
16.719019
22.123147
22.292026
19.421083
19.589962
24.149694
35.295707
42.050866
42.388624
42.388624
42.388624
43.739656
49.312663
55.730064
59.107643
57.925491
56.574459
59.952038
62.654102
66.031682
68.227108
65.187287
65.187287
65.187287
65.018408
65.693924
62.654102
56.574459
55.392306
53.365758
49.819299
48.468268
41.375350
32.255885
23.136420
16.212382
14.185834
9.457223
0.844395
-4.559732
-19.252204
-32.255885
-34.451312
-37.828892
-43.233019
-53.872395
-65.862803
-71.435809
-74.982268
-78.359847
-80.386395
-86.466038
-92.376803
-95.247745
-92.376803
-91.025771
-92.883440
-95.078866
-93.390077
-87.648191
-83.257338
-78.866484
-78.190968
-77.684331
-72.955720
-64.174013
-55.223427
-47.792752
-47.454994
-48.299389
-42.726382
-37.828892
-30.229338
-26.007363
-26.007363
-28.033911
-29.891580
-29.047185
-23.980815
-22.967541
-29.047185
-32.593643
-34.957949
-36.140102
-37.153376
-41.544229
-48.130510
-53.196879
-55.561185
-55.392306
-57.756612
-65.187287
-68.902624
-65.525045
-67.213835
-65.018408
-59.276522
-59.107643
-57.081096
-51.339210
-43.401898
-31.242612
-21.616510
-13.003682
-3.884217
5.235248
19.083325
36.308981
50.663694
62.147465
75.995542
90.519134
104.704968
120.410714
135.272064
146.924714
156.550816
164.825886
175.803020
186.611274
190.326612
192.522039
192.353160
193.535313
196.068497
195.055223
188.131185
178.167325
166.852434
157.395211
148.782383
139.325160
124.801567
105.042726
85.452765
70.253656
56.236701
45.935083
32.087006
9.794981
-10.132739
-28.033911
-41.713108
-45.935083
-51.676968
-63.329618
-77.008815
-89.505860
-94.741109
-90.688013
-87.310433
-84.439491
-87.479312
-91.363529
-91.025771
-83.595096
-71.098051
-62.485223
-56.912217
-56.574459
-51.508089
-47.117236
-39.517682
-29.216064
-24.994089
-22.460905
-19.927720
-19.421083
-17.225656
-16.212382
-19.252204
-19.927720
-23.136420
-26.514000
-32.087006
-37.660013
-40.362077
-45.090688
-50.325936
-54.716790
-61.303070
-68.395987
-73.968994
-78.190968
-82.075185
-84.608370
-84.946128
-84.777249
-87.141554
-90.519134
-91.532408
-89.674739
-86.128280
-80.217516
-78.022089
-74.982268
-68.395987
-64.342892
-59.783159
-54.379032
-47.623873
-38.504408
-31.580370
-26.007363
-21.109873
-12.497045
-3.377580
5.235248
9.288344
12.497045
17.056777
22.123147
30.567096
36.477860
40.699834
42.219745
45.428446
50.663694
55.730064
58.263249
59.614280
61.809707
64.174013
69.240382
72.111325
71.435809
68.564866
69.071503
73.800115
77.515452
78.528726
77.515452
73.462357
68.733745
69.409261
72.111325
68.733745
70.929172
67.551593
59.783159
58.263249
53.703516
52.014726
50.663694
46.103962
41.037592
35.295707
28.202790
26.007363
25.162968
19.589962
16.550140
11.483771
6.755159
6.417401
2.364306
-0.337758
0.168879
-1.182153
-3.715338
-2.195427
-1.351032
-3.884217
-6.417401
-6.248522
-1.351032
2.702064
3.715338
2.364306
-0.675516
-2.364306
4.053096
9.794981
9.794981
8.781707
5.066369
3.208701
3.208701
4.559732
7.261796
3.546459
-5.404127
-11.821529
-13.003682
-13.172561
-12.834803
-17.394535
-26.851758
-34.957949
-39.179924
-37.660013
-35.464586
-40.868713
-51.339210
-57.756612
-62.654102
-58.601007
-55.054548
-55.898943
-62.316344
-72.111325
-75.320026
-71.773567
-65.862803
-65.018408
-67.213835
-71.942446
-75.488905
-73.631236
-71.266930
-66.369440
-68.058229
-71.942446
-71.773567
-70.253656
-65.862803
-62.991860
-61.471949
-65.187287
-64.005134
-60.289796
-54.716790
-47.286115
-45.259567
-45.766204
-41.544229
-34.282433
-22.967541
-12.328166
-7.430675
-3.039822
1.857669
12.834803
27.358395
41.206471
51.001452
58.432128
62.822981
74.306752
90.350255
102.171784
110.277975
113.655554
117.370892
122.099503
130.881211
137.805249
141.520586
139.156281
136.116459
134.596548
131.725605
129.530179
123.450535
115.006586
103.860574
95.754382
87.985949
78.022089
64.005134
49.312663
37.153376
26.176242
17.563414
5.741885
-11.146013
-26.176242
-34.620191
-41.375350
-46.948357
-51.845847
-62.991860
-70.760293
-76.671058
-77.515452
-71.266930
-66.707198
-67.213835
-69.071503
-66.707198
-60.458675
-48.806026
-38.673287
-30.904854
-24.825210
-18.745567
-8.443949
3.208701
10.977134
17.394535
24.318573
29.891580
36.140102
40.193198
45.428446
47.792752
45.597325
45.428446
41.375350
38.166650
34.451312
28.033911
19.083325
9.963860
1.182153
-10.808255
-20.265478
-31.073733
-42.050866
-49.988178
-62.147465
-71.604688
-81.230790
-90.519134
-95.754382
-100.482994
-104.873847
-111.122370
-114.331070
-113.993312
-110.615733
-105.887121
-101.665147
-96.767656
-92.883440
-85.959401
-72.617962
-59.276522
-47.623873
-36.477860
-24.994089
-15.874624
-3.377580
13.848076
29.216064
39.686561
48.299389
57.587733
64.005134
75.657784
87.479312
93.727835
94.572230
95.078866
97.443172
98.794204
101.158510
101.158510
97.105414
89.843618
83.763975
78.866484
76.164421
69.578140
60.289796
51.339210
39.179924
30.398217
23.643057
17.056777
9.963860
0.675516
-8.275070
-17.056777
-22.123147
-24.656331
-30.735975
-35.464586
-38.166650
-44.415172
-48.637147
-49.143784
-46.610599
-45.428446
-45.935083
-45.597325
-45.935083
-43.570777
-38.842166
-33.100280
-26.682879
-26.007363
-25.838484
-21.447631
-16.043503
-6.248522
0.168879
6.924038
8.612828
6.248522
9.963860
17.732293
26.007363
29.384943
29.216064
27.189516
29.216064
31.580370
35.971223
37.153376
34.789070
31.242612
29.216064
26.514000
25.838484
26.176242
21.109873
15.874624
12.665924
9.626102
6.924038
3.039822
-1.182153
-6.248522
-9.626102
-13.341440
-16.381261
-18.407809
-23.980815
-26.176242
-26.345121
-23.474178
-23.305299
-27.020637
-29.553822
-28.202790
-24.994089
-21.109873
-19.083325
-20.096599
-18.238930
-16.381261
-12.328166
-6.417401
-3.715338
-2.364306
0.000000
0.844395
6.755159
11.990408
16.043503
16.212382
13.003682
14.861350
18.238930
22.123147
22.967541
22.292026
17.732293
16.043503
16.550140
19.252204
19.083325
13.510319
6.924038
3.546459
1.351032
-0.168879
-0.168879
-3.546459
-12.159287
-16.550140
-16.381261
-14.016955
-14.523592
-19.758841
-23.811936
-26.682879
-25.331847
-22.460905
-19.758841
-19.252204
-21.447631
-23.136420
-20.265478
-13.172561
-9.119465
-10.132739
-7.092917
-6.417401
-4.897490
1.519911
3.546459
3.039822
3.546459
2.702064
6.417401
9.626102
9.794981
8.275070
4.897490
0.844395
-0.168879
3.039822
3.208701
-1.013274
-5.235248
-10.301618
-12.834803
-9.457223
-6.755159
-7.768433
-11.652650
-13.003682
-13.510319
-10.808255
-4.559732
-3.039822
-3.546459
-1.351032
3.039822
8.106191
13.848076
18.407809
19.589962
19.589962
23.643057
31.242612
35.802344
40.699834
42.726382
42.388624
42.388624
45.259567
49.143784
48.806026
49.143784
46.272841
41.037592
39.348803
37.491134
35.295707
31.580370
23.980815
18.238930
11.652650
4.897490
1.519911
-2.702064
-9.457223
-16.719019
-25.331847
-29.216064
-32.087006
-35.126828
-41.375350
-45.935083
-50.832573
-52.352484
-53.028000
-55.898943
-55.392306
-55.392306
-55.561185
-53.872395
-50.325936
-47.623873
-44.584051
-41.713108
-37.660013
-32.087006
-26.007363
-19.758841
-14.523592
-10.132739
-5.741885
0.000000
6.586280
13.510319
19.252204
19.421083
22.967541
27.358395
31.918127
35.971223
35.802344
35.971223
33.606917
32.593643
32.762522
32.762522
32.424764
28.709427
24.149694
19.758841
15.874624
13.510319
10.977134
6.755159
1.688790
-4.053096
-8.612828
-9.794981
-10.977134
-14.016955
-18.238930
-19.589962
-21.954268
-23.136420
-19.589962
-17.394535
-19.252204
-19.758841
-19.589962
-16.550140
-9.963860
-6.586280
-2.533185
0.337758
2.026548
6.755159
11.990408
16.887898
19.589962
20.603236
23.136420
25.331847
27.527274
32.087006
35.971223
35.802344
33.438038
30.060459
29.216064
29.553822
28.878306
26.007363
22.798662
19.589962
14.354713
13.003682
12.328166
9.119465
5.066369
0.675516
-2.195427
-5.404127
-6.924038
-10.808255
-15.536866
-16.550140
-18.745567
-22.292026
-22.798662
-24.656331
-26.682879
-25.669605
-27.358395
-29.553822
-29.216064
-29.384943
-29.384943
-29.553822
-28.878306
-25.838484
-26.345121
-25.162968
-22.629783
-22.798662
-23.136420
-21.954268
-19.421083
-17.056777
-16.212382
-16.381261
-13.341440
-11.821529
-8.106191
-6.417401
-6.586280
-4.053096
-0.506637
0.000000
3.546459
6.755159
6.586280
9.963860
9.457223
13.003682
16.550140
16.212382
16.550140
18.914446
19.758841
19.421083
23.136420
20.940994
19.421083
19.589962
19.589962
19.252204
19.927720
18.238930
16.550140
14.523592
13.341440
15.367987
12.665924
13.510319
11.483771
7.261796
6.417401
6.586280
6.586280
5.573006
2.026548
0.000000
-2.533185
-5.404127
-3.715338
-2.870943
-4.053096
-6.248522
-8.612828
-10.132739
-9.119465
-6.248522
-8.781707
-9.963860
-9.626102
-9.963860
-9.626102
-9.963860
-6.924038
-6.417401
-7.261796
-7.430675
-4.897490
-4.221975
-1.688790
0.000000
-2.026548
-0.168879
0.337758
2.870943
6.248522
8.443949
8.106191
9.794981
9.794981
12.159287
15.705745
16.381261
16.212382
16.381261
16.212382
18.407809
20.096599
18.914446
16.212382
13.003682
13.172561
12.834803
13.003682
12.834803
9.626102
5.573006
3.715338
2.026548
0.000000
-3.039822
-7.937312
-11.990408
-15.030229
-17.056777
-19.421083
-20.265478
-25.669605
-30.229338
-32.255885
-34.957949
-36.308981
-35.464586
-36.477860
-38.842166
-39.517682
-38.166650
-36.140102
-33.269159
-32.593643
-30.904854
-29.047185
-27.020637
-21.785389
-15.030229
-9.626102
-5.573006
-2.195427
2.026548
8.950586
15.536866
22.292026
25.500726
27.696153
31.749248
34.957949
36.646739
39.686561
42.388624
42.388624
42.388624
39.517682
39.179924
38.335529
33.944675
30.735975
29.047185
23.811936
19.589962
16.550140
11.146013
5.404127
1.013274
-3.546459
-9.119465
-12.328166
-17.056777
-20.603236
-22.629783
-23.811936
-27.189516
-29.553822
-29.216064
-29.722701
-27.189516
-25.838484
-23.643057
-22.292026
-19.927720
-16.043503
-8.612828
-3.884217
-2.364306
1.857669
4.897490
9.288344
15.199108
19.252204
20.940994
23.643057
25.500726
27.020637
29.384943
31.918127
32.762522
29.384943
26.682879
25.838484
26.514000
24.994089
22.967541
19.252204
13.341440
9.963860
7.092917
3.546459
-0.337758
-3.546459
-12.159287
-16.887898
-19.589962
-22.629783
-24.318573
-27.865032
-31.749248
-34.957949
-35.971223
-35.802344
-36.140102
-39.011045
-39.179924
-39.179924
-38.335529
-34.451312
-32.762522
-30.904854
-28.709427
-26.176242
-22.460905
-17.732293
-15.030229
-11.821529
-9.288344
-4.221975
1.519911
4.390854
8.443949
13.341440
16.381261
18.407809
23.811936
26.007363
28.540548
29.384943
29.384943
29.216064
30.567096
33.944675
36.140102
32.087006
26.851758
24.656331
22.798662
22.292026
19.252204
15.199108
10.639376
6.079643
3.208701
2.195427
-2.195427
-5.235248
-9.626102
-14.354713
-16.381261
-16.212382
-16.212382
-16.550140
-16.212382
-19.421083
-19.083325
-16.381261
-16.043503
-13.679197
-11.146013
-9.794981
-8.781707
-5.741885
-1.688790
1.519911
4.390854
8.612828
10.470497
13.003682
13.341440
16.043503
16.212382
17.732293
19.927720
19.252204
16.887898
16.043503
16.212382
12.834803
13.341440
11.483771
8.443949
5.573006
1.519911
-1.857669
-3.715338
-6.586280
-9.457223
-12.497045
-13.172561
-14.861350
-18.576688
-19.758841
-18.238930
-16.043503
-19.589962
-18.914446
-16.550140
-15.367987
-12.665924
-10.639376
-7.092917
-6.248522
-3.377580
-0.506637
2.533185
5.741885
6.924038
9.288344
10.132739
11.652650
15.367987
16.212382
16.212382
16.381261
16.381261
16.381261
13.679197
14.861350
13.679197
9.794981
7.261796
5.066369
1.351032
-0.844395
-3.546459
-7.937312
-9.963860
-12.665924
-15.705745
-16.887898
-19.083325
-21.447631
-23.474178
-26.345121
-25.162968
-22.629783
-22.967541
-22.967541
-22.123147
-18.407809
-16.381261
-13.848076
-10.808255
-8.781707
-6.079643
-1.857669
2.364306
5.404127
9.794981
14.692471
16.212382
18.070051
21.278752
24.487452
26.345121
26.007363
26.176242
26.345121
23.643057
22.967541
22.123147
19.421083
17.394535
15.367987
11.314892
6.586280
1.857669
-0.168879
-3.377580
-8.443949
-12.328166
-15.199108
-18.407809
-22.629783
-22.798662
-22.967541
-22.629783
-24.656331
-26.514000
-25.669605
-23.305299
-21.278752
-17.732293
-16.212382
-12.665924
-7.937312
-5.066369
-0.506637
3.884217
8.443949
11.146013
15.705745
19.589962
22.292026
24.318573
27.358395
31.580370
32.931401
32.255885
35.295707
35.802344
33.606917
35.971223
33.775796
30.229338
28.540548
25.500726
22.629783
18.745567
12.497045
8.443949
2.195427
-4.390854
-8.443949
-13.172561
-16.719019
-19.421083
-24.656331
-29.216064
-32.087006
-37.491134
-39.179924
-39.517682
-42.895261
-45.428446
-45.935083
-45.597325
-43.570777
-41.037592
-39.011045
-35.633465
-32.424764
-30.567096
-24.825210
-20.096599
-16.550140
-10.639376
-5.573006
-1.688790
4.390854
11.652650
16.381261
19.758841
23.811936
25.838484
28.371669
32.931401
37.491134
39.517682
39.011045
39.348803
38.673287
35.802344
37.660013
36.646739
31.411491
26.682879
23.980815
20.772115
16.043503
11.990408
8.443949
2.702064
-1.688790
-4.728611
-9.119465
-13.341440
-18.407809
-22.123147
-23.305299
-25.669605
-29.216064
-29.047185
-30.060459
-31.242612
-29.722701
-27.696153
-26.176242
-23.980815
-22.629783
-20.096599
-15.536866
-13.341440
-9.288344
-6.079643
-3.039822
0.000000
3.377580
8.443949
11.990408
