7.589173
28.143182
-31.937769
-40.159373
-7.905388
-44.902606
-21.818872
54.389072
45.535037
42.372881
55.337718
-5.375664
-30.356691
-18.340501
-51.543132
-50.594485
-11.699975
0.000000
-0.632431
-8.854035
-14.229699
-34.151278
-65.772831
-61.029598
-70.199848
-72.097141
-17.075639
-4.427017
-36.048571
-28.459398
-65.140400
-133.126739
-119.213256
-97.394384
-80.318745
18.024285
59.132305
-18.656716
-49.962054
-67.037693
-119.845687
-84.113332
-24.032380
-25.613458
39.210726
86.959271
22.451303
0.948647
2.529724
-48.380976
-46.483683
-25.929674
-26.878320
31.621553
112.256514
128.383506
114.786238
86.326840
44.270175
16.126992
-12.016190
14.229699
83.797116
120.161902
156.842904
163.167215
100.240324
82.848470
67.670124
-5.059449
-7.589173
39.526942
51.859347
86.959271
102.770048
73.045788
68.934986
49.329623
-18.656716
-43.005312
-35.732355
-30.672907
9.170250
30.989122
20.554010
25.929674
-0.948647
-55.337718
-67.353908
-72.413357
-67.986339
-41.108019
-37.313433
-36.681002
-15.810777
-17.708070
-24.032380
-22.767518
-36.048571
-18.340501
-0.316216
-27.510751
-18.024285
4.743233
-6.956742
15.494561
38.578295
24.981027
29.724260
26.562105
-23.399949
-60.080951
-51.543132
-35.732355
-16.759423
-1.581078
6.956742
17.391854
5.375664
-11.383759
-20.870225
-49.645839
-59.764736
-43.321528
-46.799899
-38.894510
13.913483
67.986339
68.934986
50.594485
25.929674
-12.016190
-30.672907
-27.826967
-11.699975
36.364786
121.742980
195.421199
198.899570
157.791551
124.272704
50.910701
-49.013408
-57.551227
-1.897293
57.551227
139.767265
160.953706
100.240324
49.645839
-21.502656
-133.759170
-184.037440
-173.602327
-166.329370
-114.786238
-41.108019
-13.597268
3.794586
-12.332406
-121.742980
-210.915760
-230.204908
-238.110296
-178.345560
-36.997217
62.610675
104.034910
158.107766
141.664559
48.064761
-1.264862
-30.672907
-79.686314
-24.981027
105.299772
170.440172
225.461675
278.902100
191.942828
30.040476
-54.389072
-122.691627
-173.602327
-104.034910
-2.845940
37.629648
83.480901
113.521376
22.451303
-92.651151
-131.545662
-208.702251
-268.150772
-166.013155
-60.713382
-7.272957
102.770048
138.818619
35.416140
-26.562105
-41.424235
-83.480901
-59.132305
26.878320
60.397167
98.659246
169.807741
167.910448
134.707817
117.948394
87.907918
19.605363
-43.321528
-36.681002
-13.913483
18.972932
61.029598
43.321528
7.589173
-9.170250
-78.737668
-164.432077
-145.459145
-96.129522
-97.078168
-81.267392
-49.645839
-37.945864
-34.467493
-18.656716
-4.743233
6.324311
24.348596
14.229699
-34.467493
-18.024285
71.780926
86.326840
93.283582
155.578042
130.597015
36.681002
11.699975
9.170250
-2.213509
38.578295
67.670124
51.226916
54.705287
53.124209
-6.640526
-78.105237
-80.634961
-72.729572
-119.845687
-101.821401
-2.213509
5.691880
-43.005312
-50.278270
-111.624083
-179.926638
-136.605110
-87.275487
-81.267392
-18.340501
-5.059449
-88.856565
-105.615988
-60.397167
-60.713382
-63.243107
-14.862130
6.640526
-18.024285
-18.972932
23.716165
37.945864
24.981027
3.478371
-29.091829
-13.913483
44.586390
62.294460
47.116114
58.183658
46.483683
-17.075639
-40.791804
1.897293
65.140400
117.632178
126.486213
106.880850
104.667341
96.761953
50.278270
20.237794
45.535037
60.397167
63.559322
119.529471
164.748292
160.321275
155.578042
104.351126
21.818872
-12.332406
-25.297243
-12.964837
33.835062
73.994435
92.018720
67.353908
14.229699
-48.064761
-137.237541
-205.540096
-180.559069
-128.699722
-85.378194
-7.905388
58.816089
66.721477
30.672907
-31.305338
-61.978244
-41.740450
-36.681002
0.948647
90.437642
146.724007
191.310397
210.915760
132.494308
61.345813
39.210726
-12.016190
-1.264862
97.710600
185.302302
211.864407
169.491525
95.180875
15.810777
-71.780926
-102.137617
-53.124209
-6.640526
-0.632431
-14.545914
-50.910701
-96.761953
-130.597015
-188.148242
-231.469770
-199.848217
-155.894258
-152.732102
-133.126739
-62.294460
-5.059449
-37.945864
-110.675436
-123.640273
-94.548444
-55.021503
-2.845940
67.986339
153.680749
194.788768
120.794333
10.435113
-37.629648
-39.210726
-17.075639
17.075639
68.934986
137.869972
155.894258
77.789021
-11.067544
-40.791804
-65.456615
-105.615988
-92.967367
-42.372881
-9.486466
-0.316216
-48.380976
-147.988869
-217.240071
-256.767012
-304.515558
-320.642550
-280.799393
-242.537313
-231.785985
-233.683279
-238.742727
-231.153554
-214.077916
-225.145459
-229.572477
-211.864407
-190.361751
-150.202378
-100.556539
-62.926891
-54.705287
-77.472805
-99.924108
-96.445737
-60.713382
5.691880
47.116114
69.567417
123.007842
162.218568
187.515811
245.383253
303.883127
305.147989
285.858841
288.704781
282.696686
321.591197
407.285606
432.266633
419.934227
408.866684
377.877561
346.888439
370.288389
431.317986
434.163926
425.942322
480.963825
496.142171
449.974703
424.361245
399.064002
331.077663
274.791298
238.110296
213.761700
263.407539
327.283076
248.545409
116.367316
73.045788
47.116114
-4.743233
-2.845940
52.807994
103.086264
108.461928
60.080951
35.732355
77.789021
101.821401
37.629648
-21.818872
-14.545914
3.478371
24.348596
37.945864
26.245889
12.332406
-68.618771
-218.504933
-303.566911
-295.661523
-319.693903
-390.526183
-456.931444
-551.796104
-713.066026
-906.906147
-1090.627372
-1204.464963
-1238.300025
-1302.807994
-1375.221351
-1391.032127
-1412.534784
-1453.642803
-1505.502150
-1555.147989
-1517.834556
-1424.550974
-1310.713382
-1136.162408
-915.443967
-709.587655
-563.496079
-463.255755
-358.904629
-240.956236
-107.513281
76.524159
310.523653
558.436630
762.079433
912.281811
1028.016696
1093.157096
1105.173286
1094.105742
1131.419175
1240.197318
1343.599798
1415.696939
1450.796863
1416.961801
1310.397167
1144.700228
957.816848
801.922590
721.603845
704.211991
706.425500
732.671389
738.995699
653.617506
535.352897
428.472047
353.845181
382.620794
462.307109
573.298760
751.644321
886.352138
937.262838
955.919555
891.727802
745.636226
639.704022
596.698710
630.217556
813.306350
1039.400455
1119.719201
1065.962560
897.103466
654.882368
458.196307
334.556033
326.966861
399.696433
401.593726
313.685808
187.515811
102.453833
115.102454
-64.507969
-593.536555
-1216.797369
-1672.147736
-1798.633949
-1643.688338
-1455.540096
-1322.097141
-1387.237541
-1831.520364
-2419.048824
-2817.480395
-2860.801923
-2595.813306
-2323.235517
-2209.397926
-2063.938781
-1856.817607
-1736.023273
-1694.915254
-1730.647609
-1816.025803
-1814.760941
-1701.871996
-1385.656463
-753.857829
-126.486213
175.183405
197.950923
38.894510
-56.602580
71.148495
311.156084
643.498609
991.019479
1233.873008
1372.691627
1411.269922
1366.999747
1235.137870
1026.751834
846.508981
749.114597
805.084746
997.660005
1169.365039
1198.773084
1046.357197
763.660511
488.552998
346.572224
334.239818
332.658740
385.782950
541.044776
673.855300
768.403744
792.119909
706.425500
609.347331
527.763724
485.390842
622.628384
921.768277
1227.232482
1397.040223
1385.972679
1292.056666
1182.962307
1071.970655
984.378953
934.100683
979.635720
1084.619276
1115.292183
1076.397673
1025.486972
929.041235
769.036175
545.155578
355.426259
279.218315
274.791298
226.726537
116.051100
160.953706
299.139894
127.751075
-442.701746
-1169.681255
-1696.812547
-1798.001518
-1687.642297
-1564.318239
-1400.518593
-1328.105237
-1573.172274
-2154.692639
-2696.053630
-2827.915507
-2653.048318
-2488.300025
-2437.389325
-2306.792310
-2035.163167
-1838.477106
-1853.023020
-2001.011890
-2117.062990
-2132.241336
-2112.319757
-1904.566152
-1349.924108
-695.357956
-258.031875
-178.345560
-256.450797
-211.231976
-72.729572
102.453833
354.161396
673.539084
1024.222110
1296.799899
1441.310397
1540.602074
1562.737162
1431.823931
1185.492031
1014.735644
1068.808500
1271.818872
1469.769795
1550.720971
1469.137364
1279.724260
1046.357197
831.963066
743.422717
757.652416
796.863142
825.954971
842.398179
879.711611
934.100683
949.911460
883.189982
748.798381
636.225651
591.639261
654.566152
815.836074
991.335694
1125.094865
1156.083987
1080.508475
984.062737
890.462940
839.236023
863.584619
873.071085
859.790033
866.430559
856.944093
814.254996
716.228181
597.963572
523.020491
484.125980
475.588161
429.420693
329.496585
246.015684
142.929421
-30.356691
-215.026562
-327.915507
-381.039717
-487.920567
-718.441690
-1032.127498
-1249.683784
-1267.075639
-1248.418922
-1311.345813
-1432.456362
-1563.369593
-1590.880344
-1573.804705
-1619.655958
-1611.118138
-1524.791298
-1450.164432
-1437.515811
-1481.785985
-1436.883380
-1261.383759
-1118.770554
-1086.200354
-1068.176069
-958.765495
-782.633443
-614.406780
-491.715153
-381.039717
-178.345560
27.194536
112.888945
228.307614
424.045029
583.417657
654.249937
617.885151
586.579813
683.974197
820.895522
868.644068
818.682014
744.371364
721.920061
700.417405
581.836580
412.345054
302.934480
283.961548
310.839868
290.918290
218.188717
194.472552
166.013155
-55.653934
-342.145206
-460.409815
-449.026056
-398.115355
-448.393625
-636.225651
-744.055148
-745.952441
-889.198077
-1169.048824
-1272.135087
-1126.992158
-1028.332912
-1122.565140
-1240.513534
-1236.402732
-1065.646345
-899.316974
-924.298002
-1025.170756
-1045.408550
-902.162914
-674.803946
-588.160890
-589.741968
-515.747534
-377.877561
-227.042752
-139.767265
-104.983557
36.364786
326.018214
599.228434
706.425500
753.541614
942.638502
1241.778396
1472.931950
1581.077663
1689.855806
1884.328358
2054.452315
2152.479130
2260.624842
2357.703010
2383.316469
2305.843663
2129.079180
1923.855300
1753.415128
1594.674930
1379.648368
1119.402985
886.668353
644.131040
343.093853
71.464710
-146.091576
-315.583101
-443.017961
-560.333924
-663.420187
-715.595750
-701.366051
-640.336453
-564.760941
-499.936757
-421.515305
-296.610169
-154.629395
-49.962054
54.072856
181.507716
303.883127
406.653175
476.536807
510.688085
509.107007
472.109790
392.739691
269.415634
130.913230
-15.178346
-175.815836
-330.761447
-473.058437
-609.031116
-727.295725
-811.092841
-843.979256
-844.611687
-837.338730
-810.776625
-785.479383
-746.584872
-664.685049
-533.771819
-370.288389
-233.999494
-188.148242
-178.345560
-170.123956
-171.388819
-163.799646
-179.926638
-220.086011
-237.794080
-238.426512
-233.050847
-190.361751
-128.067291
-95.497091
-81.583607
-56.286365
-14.862130
55.021503
173.286112
292.815583
372.185682
439.539590
500.885403
569.187959
691.879585
858.841386
992.284341
1072.919302
1151.024538
1237.035163
1331.583607
1429.926638
1466.607640
1438.780673
1389.134834
1305.337718
1237.035163
1188.337971
1123.197571
1053.946370
964.141159
869.592714
799.392866
731.722742
672.274222
599.228434
468.315204
286.175057
63.243107
-184.669871
-440.488237
-709.587655
-1009.676195
-1285.416140
-1510.561599
-1704.085505
-1838.477106
-1954.211991
-2109.790033
-2278.332912
-2489.248672
-2773.210220
-3074.879838
-3419.870984
-3828.421452
-4226.536807
-4618.960283
-5047.432330
-5479.066532
-5905.008854
-6358.145712
-6825.512269
-7205.919555
-7387.427270
-7266.316721
-6802.112320
-6071.022009
-5141.032127
-4058.310144
-2942.069314
-1862.193271
-819.314445
153.680749
1051.416646
1878.004048
2631.545662
3314.571212
3873.324058
4308.120415
4658.171009
4877.308373
4977.548697
5000.000000
4931.381229
4850.113838
4717.303314
4393.182393
4123.134328
4237.920567
4501.960536
4516.822666
4181.001771
3670.946117
3405.008854
3470.781685
3445.800658
3215.595750
3052.112320
3022.388060
3054.958260
3007.525930
2841.828991
2833.291171
3091.955477
3410.068303
3638.375917
3801.226916
3993.169744
4284.404250
4590.500885
4746.711358
4680.938528
4395.712117
3953.642803
3433.784467
2864.596509
2221.730331
1511.826461
792.752340
150.834809
-341.828991
-717.809259
-1066.911207
-1387.237541
-1619.339742
-1736.339489
-1803.060966
-1887.490514
-1976.663294
-2020.301037
-2018.403744
-2058.879332
-2198.646598
-2422.527195
-2649.569947
-2831.077663
-3032.823172
-3311.725272
-3619.719201
-3878.067291
-4033.012902
-4063.053377
-4033.012902
-3974.196813
-3877.751075
-3782.253984
-3685.175816
-3594.421958
-3553.313939
-3527.700481
-3437.579054
-3275.676701
-3058.752846
-2813.053377
-2577.789021
-2347.584113
-2100.303567
-1870.098659
-1721.477359
-1651.277511
-1590.564129
-1488.742727
-1347.710600
-1198.773084
-1057.740956
-936.314192
-809.511763
-657.412092
-525.866431
-419.618012
-311.788515
-178.977991
-5.375664
175.499621
326.018214
450.290918
554.325828
647.925626
737.414622
815.519858
860.106248
877.498103
897.735897
919.870984
955.603339
1022.957248
1072.603086
1064.381482
1018.214015
987.541108
1017.897799
1108.335441
1197.824437
1249.683784
1287.313433
1325.891728
1360.359221
1365.102454
1328.737668
1294.902606
1296.167468
1284.467493
1228.181128
1180.432583
1167.467746
1146.913736
1094.105742
991.651910
878.762965
809.827979
757.968631
700.101189
641.285100
588.477106
564.128510
553.693397
522.388060
487.288136
457.563876
430.685555
431.317986
461.990893
504.047559
557.804199
621.363521
660.890463
675.752593
701.682267
743.106501
788.641538
831.330635
853.781938
893.941310
967.303314
1017.897799
1026.435619
1010.624842
980.268151
941.373640
898.368328
839.236023
780.736150
751.644321
712.117379
624.525677
531.558310
420.566658
277.637238
138.818619
6.956742
-93.283582
-168.542879
-251.391348
-344.674930
-462.939540
-590.374399
-694.725525
-782.317227
-862.319757
-932.835821
-984.378953
-1016.000506
-1034.024791
-1048.254490
-1058.689603
-1083.986845
-1117.821907
-1136.794839
-1142.170503
-1122.248925
-1073.551733
-1029.281558
-996.711358
-947.697951
-897.735897
-877.181887
-878.130534
-863.900835
-826.903618
-783.582090
-733.303820
-677.966102
-634.644574
-594.168986
-561.598786
-548.633949
-548.950164
-550.531242
-539.779914
-505.944852
-452.820643
-399.064002
-367.758664
-337.718189
-297.875032
-256.767012
-242.537313
-245.383253
-209.334683
-125.853782
-39.210726
24.348596
82.216038
133.126739
158.740197
189.413104
225.145459
244.750822
290.602074
361.750569
425.942322
477.169239
533.771819
580.571718
600.177081
605.236529
594.485201
596.066279
627.055401
660.890463
684.922843
706.741715
736.782191
778.838857
778.838857
716.860612
661.206678
638.755376
603.971667
569.820390
554.009613
545.788009
553.060966
540.096130
459.144953
336.453327
262.458892
256.450797
266.253478
226.726537
152.415887
100.556539
85.061978
55.653934
-42.372881
-173.286112
-235.896787
-228.623830
-244.434607
-309.258791
-380.407286
-425.309891
-463.255755
-520.806982
-579.306856
-600.809512
-604.604098
-624.841892
-638.755376
-622.628384
-603.655452
-597.331141
-608.714900
-632.114849
-633.063496
-612.509486
-591.323046
-548.633949
-477.485454
-401.909942
-352.264103
-333.923602
-310.207437
-268.466987
-249.494055
-228.623830
-191.310397
-165.380724
-147.672654
-111.940299
-63.243107
-24.032380
-0.632431
4.743233
-8.854035
-17.075639
-1.897293
16.126992
42.372881
86.643056
124.588920
121.110549
108.145712
87.591703
67.986339
75.891728
100.240324
141.980774
188.148242
220.086011
257.715659
318.112826
362.066785
353.845181
332.026309
369.023526
467.366557
554.958260
586.263597
579.623071
573.931192
593.536555
593.536555
551.163673
549.582595
622.312168
669.112067
656.779661
623.577030
591.955477
580.887933
572.982545
513.217809
422.780167
382.937010
383.569441
375.980268
345.307361
307.677713
285.858841
262.142676
196.686061
108.461928
51.543132
29.408045
4.427017
-42.372881
-90.437642
-105.299772
-93.283582
-104.667341
-153.364533
-203.326587
-233.999494
-233.999494
-223.248166
-213.129269
-203.010372
-195.104984
-188.780673
-191.942828
-214.077916
-230.521123
-214.394131
-171.072603
-175.499621
-233.683279
-240.640020
-162.218568
-92.967367
-129.332153
-239.058943
-285.226410
-213.761700
-153.680749
-202.694156
-301.669618
-313.685808
-249.494055
-271.945358
-412.977485
-481.596256
-400.012649
-305.147989
-344.042499
-491.715153
-549.898811
-448.077410
-357.323552
-431.634202
-544.839363
-530.925879
-452.820643
-493.928662
-613.141918
-570.136605
-330.445231
-153.048318
-251.707564
-455.350367
-443.650392
-220.086011
-78.737668
-137.553757
-184.353655
-36.048571
161.586137
174.234758
42.689097
40.159373
241.904882
403.807235
370.920820
303.566911
371.553251
532.190741
622.944599
593.536555
580.571718
675.436377
773.779408
781.052365
762.079433
806.033392
904.060207
948.646598
917.025044
883.822413
874.968378
821.844169
734.568682
675.120162
646.344548
616.936504
548.633949
449.974703
395.901847
366.177587
281.431824
153.048318
66.089046
35.099924
-1.264862
-70.516064
-143.245636
-172.337465
-178.029345
-213.445484
-276.372375
-303.883127
-294.712876
-293.764230
-319.061472
-341.196560
-328.547938
-304.831773
-302.934480
-322.539843
-327.599292
-311.788515
-323.172274
-390.209967
-442.701746
-431.950417
-411.080192
-436.693650
-514.166456
-604.604098
-668.163420
-704.844422
-747.217303
-809.195548
-864.533266
-890.462940
-917.657475
-983.746522
-1084.303061
-1187.705540
-1239.564887
-1237.035163
-1248.418922
-1280.356691
-1256.956742
-1200.670377
-1185.175816
-1207.627119
-1194.978497
-1108.019226
-1085.884139
-1258.221604
-1413.799646
-1193.397420
-628.952694
-106.248419
59.448520
-85.061978
-190.361751
-81.899823
91.070073
245.383253
518.909689
918.606122
1221.856818
1260.118897
1089.678725
955.919555
1006.514040
1105.805717
1137.111055
1197.508222
1391.980774
1657.918037
1791.677207
1696.180116
1513.407539
1423.286112
1434.353655
1454.907665
1451.429294
1472.299519
1496.648115
1437.515811
1231.659499
925.562864
715.279535
739.311915
904.060207
951.176322
838.919808
749.747028
770.617253
775.992917
606.817607
380.723501
415.507210
713.698457
908.171009
817.417152
648.558057
660.574247
747.849734
630.533772
383.885656
379.774855
663.736403
842.398179
715.279535
536.617759
537.882621
571.717683
377.877561
54.072856
-58.816089
42.056666
46.167468
-163.483430
-381.988363
-428.472047
-454.401720
-696.306603
-1050.784215
-1246.837845
-1295.851252
-1374.905135
-1495.383253
-1545.661523
-1513.091323
-1539.969643
-1725.271945
-1928.282317
-1976.663294
-1907.728308
-1803.377182
-1661.080192
-1504.237288
-1379.015937
-1309.448520
-1292.689097
-1238.616241
-1108.651657
-983.430306
-883.506198
-771.249684
-665.001265
-596.698710
-574.563623
-557.171768
-491.398938
-378.193777
-300.720971
-305.147989
-395.585631
-502.150266
-443.017961
-206.804958
-11.699975
-10.751328
-157.475335
-272.577789
-250.758917
-176.448267
-131.229446
-67.037693
86.326840
281.431824
360.485707
287.756135
233.367063
314.318239
438.590944
467.366557
452.820643
576.144700
848.090058
1016.316721
886.352138
661.206678
619.150013
754.490261
893.308879
937.895269
998.292436
1153.238047
1221.224387
1035.922084
808.879332
814.254996
957.184417
969.516823
832.595497
733.303820
800.025297
975.841133
1063.116620
967.935745
721.287630
399.380218
103.402479
-2.845940
128.699722
335.820896
391.474829
184.037440
-211.864407
-612.825702
-833.544144
-830.698204
-732.355173
-684.606628
-750.063243
-910.700734
-1094.421958
-1237.667594
-1288.578295
-1243.359474
-1166.519099
-1165.886668
-1204.781179
-1144.067797
-963.508728
-774.095624
-670.693144
-663.420187
-662.471541
-573.614976
-380.091070
-77.472805
258.664306
482.544903
546.104225
505.312421
446.496332
454.401720
545.788009
639.071591
649.190488
605.868960
585.631166
622.312168
675.752593
627.055401
441.436883
234.631925
124.272704
116.999747
170.440172
249.494055
278.269669
201.745510
43.953959
-127.434860
-219.453580
-155.261826
-9.486466
82.216038
107.829497
123.324058
164.748292
240.640020
305.780420
358.588414
489.501644
688.084999
763.344295
701.998482
744.371364
949.595244
1109.600304
1096.319251
1025.803187
1114.343537
1341.702504
1393.245636
1212.054136
1109.916519
1195.927144
1206.362257
975.524918
742.157855
816.784720
1111.181381
1187.389325
816.152289
292.499368
7.589173
-24.348596
-32.253984
-114.153807
-239.691374
-384.834303
-591.006830
-915.127751
-1254.110802
-1436.567164
-1456.488743
-1468.504933
-1595.307361
-1801.479889
-1953.263344
-1969.390336
-1909.625601
-1918.163420
-2014.925373
-2112.952188
-2096.508981
-1922.590438
-1674.045029
-1459.018467
-1320.199848
-1242.727043
-1194.978497
-1090.627372
-836.390083
-468.631419
-125.221351
104.667341
193.523906
201.113079
216.607640
247.596762
284.910195
370.604604
478.117885
549.898811
584.998735
590.690615
532.823172
417.404503
283.012902
158.423982
103.086264
122.375411
169.491525
178.661776
113.205161
-24.348596
-175.815836
-240.007589
-186.250949
-35.416140
168.542879
291.866937
246.964331
153.996964
172.337465
304.831773
492.663800
708.006577
919.238553
1071.338224
1089.362509
992.284341
999.241083
1233.873008
1504.553504
1614.912725
1619.023526
1668.353150
1736.971920
1680.685555
1468.821148
1261.699975
1190.551480
1235.137870
1288.894510
1283.202631
1152.289400
855.363015
482.861118
137.553757
-144.826714
-368.074880
-527.447508
-597.647356
-620.414875
-735.833544
-1061.219327
-1540.285859
-1952.314698
-2148.052112
-2155.957501
-2098.406274
-2063.938781
-2055.717177
-2082.279282
-2226.473564
-2465.848722
-2590.437642
-2425.373134
-2020.617253
-1618.391095
-1393.878067
-1293.005312
-1188.654187
-1042.878826
-851.884645
-552.428535
-129.015937
281.431824
548.001518
675.120162
750.379459
833.544144
931.254743
1047.938275
1183.594738
1335.378194
1453.010372
1471.034657
1375.537566
1194.978497
1010.624842
911.965596
898.052112
887.933215
837.971161
729.193018
548.001518
297.875032
39.526942
-108.778143
-72.097141
93.599798
213.761700
179.926638
37.945864
-110.359221
-153.364533
-36.681002
202.694156
464.204402
651.720212
720.971414
706.741715
736.149760
896.471035
1140.273210
1360.991652
1509.612952
1629.458639
1767.644827
1866.304073
1804.325828
1614.596509
1462.496838
1438.464457
1461.231976
1415.064508
1306.602580
1198.773084
1020.743739
583.101442
-79.053883
-642.233747
-773.463193
-530.293448
-354.161396
-616.620288
-1273.399949
-1988.363268
-2459.840627
-2636.921326
-2610.359221
-2462.686567
-2324.184164
-2378.573236
-2700.480648
-3135.593220
-3351.884645
-3151.403997
-2714.077916
-2348.848975
-2177.460157
-2086.390083
-1939.349861
-1725.588161
-1490.640020
-1216.797369
-854.730584
-461.042246
-110.675436
211.231976
521.755629
745.636226
800.657728
759.549709
800.341513
1047.305844
1433.405009
1739.185429
1798.001518
1607.955983
1290.159373
1035.922084
989.754617
1134.581331
1309.764736
1340.437642
1151.024538
782.633443
399.064002
171.388819
180.875285
366.493802
548.950164
582.152795
451.555780
210.599545
-22.135087
-81.583607
93.283582
420.250443
719.706552
886.035922
952.124968
960.662788
926.195295
922.716924
1053.946370
1377.118644
1792.625854
2049.076651
1981.406527
1685.112573
1407.791551
1327.789021
1400.518593
1447.950923
1425.499621
1400.202378
1296.799899
904.692639
203.326587
-481.596256
-708.955224
-452.504427
-202.061725
-388.628889
-995.446496
-1694.915254
-2208.765495
-2499.051353
-2587.275487
-2454.781179
-2224.260056
-2158.171009
-2449.721730
-2965.785479
-3289.273969
-3136.858082
-2669.175310
-2235.960030
-2002.909183
-1905.198583
-1819.187959
-1711.358462
-1569.061472
-1317.037693
-910.068303
-449.974703
-43.953959
265.304832
498.671895
635.909436
669.744498
665.317480
743.106501
990.070832
1342.334935
1622.818113
1675.309891
1488.110296
1194.029851
995.130281
990.703263
1133.632684
1308.183658
1368.897040
1195.610928
815.836074
421.831520
236.529218
320.326334
514.798887
649.190488
668.479636
554.642044
338.983051
138.502403
89.488996
252.339995
555.274475
829.433342
973.943840
985.011384
894.257526
820.895522
887.617000
1119.719201
1464.077916
1771.123198
1868.517582
1709.461169
1410.953706
1162.724513
1089.362509
1144.700228
1179.483936
1179.483936
1157.348849
924.614217
338.350620
-447.128763
-994.814065
-972.995194
-633.379712
-534.720465
-917.025044
-1597.837086
-2261.889704
-2726.094106
-2965.153048
-2923.096382
-2630.280799
-2396.281305
-2543.005312
-3071.401467
-3589.362509
-3626.043511
-3144.447255
-2551.859347
-2179.357450
-2056.982039
-2053.503668
-2021.249684
-1888.755376
-1612.699216
-1138.692133
-564.760941
-98.343031
180.559069
316.531748
382.304579
459.461169
598.596003
852.517076
1241.462181
1650.012649
1861.244624
1760.371869
1472.931950
1222.489249
1188.970402
1381.229446
1638.312674
1777.447508
1675.626107
1339.172780
921.135846
662.787756
660.574247
819.630660
953.706046
935.997976
801.290159
650.139135
554.325828
538.515052
590.374399
707.690362
879.079180
1063.432836
1199.089299
1235.454086
1192.448773
1175.689350
1305.337718
1582.974956
1940.298507
2227.105995
2248.608652
1991.841639
1656.336959
1490.956236
1553.566911
1650.645080
1599.734379
1495.699469
1429.294207
1190.235264
587.212244
-190.994182
-696.939034
-648.558057
-357.323552
-401.593726
-915.127751
-1638.312674
-2266.632937
-2676.448267
-2901.909942
-2902.858588
-2681.823931
-2530.989122
-2773.842651
-3374.652163
-3898.305085
-3882.494308
-3331.963066
-2715.026562
-2380.154313
-2319.440931
-2388.059701
-2400.075892
-2254.300531
-1874.525677
-1232.608146
-572.666329
-165.380724
-28.775613
6.008095
101.505186
316.531748
625.474323
995.130281
1378.067291
1639.893752
1659.499115
1475.777890
1266.443208
1198.140653
1319.567417
1525.739944
1642.423476
1564.002024
1305.970149
945.800658
612.825702
467.998988
539.463698
682.393119
704.528206
524.285353
251.707564
58.499874
13.597268
99.291677
251.391348
386.415381
448.077410
453.453074
464.520617
565.077157
751.960536
976.473564
1217.746016
1450.796863
1662.977485
1828.358209
1859.663547
1751.834050
1679.104478
1745.825955
1884.644574
1909.309385
1725.271945
1545.977738
1521.312927
1379.648368
890.146724
214.394131
-234.315710
-210.599545
-32.886415
-202.377941
-768.403744
-1465.658993
-2053.819884
-2424.424488
-2608.778143
-2591.070073
-2443.713635
-2487.035163
-2941.753099
-3581.140906
-3936.567164
-3710.473058
-3111.560840
-2672.337465
-2592.018720
-2685.618518
-2755.818366
-2646.407792
-2317.859853
-1796.104225
-1160.511004
-695.041740
-538.198836
-481.912472
-289.337212
46.799899
405.388313
718.441690
1058.373387
1433.405009
1669.301796
1679.420693
1550.088540
1455.540096
1527.953453
1742.980015
1976.030863
2092.398179
1993.422717
1686.061219
1293.637743
1018.530230
1041.613964
1268.024285
1414.748292
1252.213509
830.065773
465.153048
365.861371
475.588161
640.652669
740.576777
696.306603
529.344801
366.810018
357.323552
566.025803
865.798128
1077.030104
1173.792057
1238.300025
1327.789021
1440.994182
1483.999494
1439.096888
1435.934733
1490.640020
1521.312927
1436.883380
1277.826967
1269.605363
1357.197066
1136.162408
517.644827
-119.529471
-321.274981
-53.756641
121.110549
-210.915760
-866.746775
-1522.894005
-2011.130787
-2266.632937
-2316.594991
-2175.562864
-2036.744245
-2295.092335
-2958.512522
-3565.330129
-3672.843410
-3200.101189
-2595.180875
-2392.486719
-2582.848470
-2833.607387
-2887.996458
-2641.980774
-2174.930433
-1599.734379
-1091.576018
-898.684543
-960.662788
-907.222363
-541.677207
-7.589173
423.412598
647.609411
791.803693
936.314192
1040.032886
1128.889451
1278.775613
1472.931950
1610.169492
1624.399190
1574.753352
1569.061472
1602.264103
1587.085758
1475.145459
1311.029598
1204.148748
1184.227169
1177.270428
1081.140906
888.565646
740.260562
714.647103
726.347078
717.176828
682.393119
622.944599
578.990640
539.779914
542.942069
665.001265
834.176575
960.030357
1046.989628
1124.146218
1230.078421
1333.797116
1340.437642
1288.578295
1312.294460
1420.756388
1465.975209
1322.413357
1058.373387
978.687073
1151.656969
1173.475841
759.233494
100.556539
-332.342525
-287.439919
-98.975462
-220.718442
-646.660764
-1184.859600
-1695.231470
-2060.776625
-2223.943840
-2134.138629
-1936.503921
-2028.522641
-2567.670124
-3185.239059
-3429.989881
-3130.533772
-2605.932203
-2353.592208
-2455.097394
-2678.977991
-2811.156084
-2697.950923
-2328.294966
-1813.179863
-1326.207943
-1120.351632
-1183.594738
-1197.192006
-911.649380
-419.618012
12.016190
254.553504
401.277511
592.904123
792.119909
914.495320
969.200607
1029.913989
1155.451556
1326.840374
1483.050847
1588.666835
1585.188464
1445.737415
1246.521629
1122.881356
1201.619024
1433.405009
1567.796610
1415.064508
1057.424741
782.949658
813.938781
1065.013913
1290.791804
1299.645839
1086.200354
816.152289
668.163420
754.806476
1056.792310
1380.913230
1503.604857
1397.672654
1231.027068
1209.524412
1347.710600
1470.086011
1500.442702
1520.364280
1530.799393
1425.183405
1161.143435
900.265621
940.741209
1190.551480
1137.743486
589.109537
-109.726790
-448.077410
-282.064255
-86.010625
-296.610169
-793.068556
-1302.491778
-1693.017961
-1947.571465
-2073.741462
-2001.328105
-1852.390589
-2002.276752
-2520.237794
-3018.277258
-3098.279788
-2713.445484
-2259.359980
-2143.308879
-2287.819378
-2446.559575
-2475.651404
-2282.759929
-1920.376929
-1488.426512
-1126.043511
-1019.795092
-1080.508475
-999.557298
-652.668859
-195.737415
136.921326
245.699469
265.621047
352.896534
511.004301
705.476853
888.565646
1018.214015
1080.824690
1050.467999
990.387048
1013.786997
1109.284088
1180.116367
1152.289400
1038.135593
964.773590
977.738427
987.541108
928.092588
828.168480
787.060460
841.449532
928.092588
957.816848
893.941310
796.863142
764.609158
845.560334
1020.427523
1191.183911
1268.024285
1261.699975
1262.964837
1328.105237
1453.326587
1555.147989
1549.456109
1516.569694
1502.339995
1439.413104
1287.945864
1103.275993
1046.989628
1209.208196
1246.521629
833.227928
172.969896
-310.839868
-311.472300
-42.689097
-40.791804
-449.658487
-1036.238300
-1590.880344
-1940.298507
-2006.387554
-1870.731090
-1690.172021
-1787.250190
-2336.832785
-2965.469264
-3186.820137
-2879.774855
-2325.765242
-2035.163167
-2171.768277
-2464.583860
-2643.245636
-2530.356691
-2086.073868
-1522.261573
-1103.592208
-1017.265368
-1212.370352
-1278.775613
-928.092588
-321.907412
190.677966
402.542373
374.082975
320.642550
372.818113
562.547432
867.062990
1165.886668
1295.535037
1202.567670
1020.111308
962.560081
1071.022009
1230.078421
1290.159373
1216.797369
1091.892234
986.908677
916.392613
866.746775
825.322540
798.444220
812.357703
818.682014
790.222616
727.611940
627.055401
578.674424
643.814824
767.138882
895.522388
945.484442
907.854794
906.906147
1004.932962
1161.459651
1314.191753
1350.240324
1270.237794
1228.181128
1259.170250
1284.467493
1225.967620
1088.097647
1063.432836
1203.516317
1169.365039
769.984822
225.461675
-116.999747
-27.510751
206.488743
113.521376
-302.302049
-845.560334
-1352.453833
-1629.774855
-1638.628889
-1473.880597
-1335.061978
-1575.701998
-2208.449279
-2772.894005
-2880.407286
-2492.410827
-1986.149760
-1844.485201
-2103.781938
-2474.386542
-2664.748292
-2475.651404
-1965.595750
-1404.945611
-1067.859853
-1132.051606
-1405.261826
-1447.950923
-1046.673413
-397.482924
73.362004
153.996964
30.356691
-14.862130
162.850999
523.969137
878.446749
1089.994941
1096.635467
940.424994
867.379206
1028.016696
1308.183658
1522.894005
1498.545409
1273.399949
1108.019226
1123.197571
1243.359474
1330.634961
1259.802682
1119.719201
1064.065267
1073.867948
1103.908424
1099.481407
1009.992411
924.930433
925.246648
985.011384
1115.292183
1201.302808
1149.759676
1068.492284
1041.297749
1090.311156
1185.492031
1201.935239
1165.254237
1154.502909
1051.732861
839.868454
645.712117
625.158108
860.738679
970.781685
561.282570
-121.110549
-594.485201
-567.606881
-211.231976
-94.232229
-421.199089
-949.911460
-1499.810271
-1879.268910
-1927.017455
-1696.496332
-1401.467240
-1437.515811
-2006.071338
-2681.507716
-2905.072097
-2543.953959
-1918.795851
-1604.793827
-1794.839363
-2193.587149
-2481.975715
-2399.443461
-1911.206678
-1308.816089
-906.273716
-919.870984
-1254.427017
-1421.072603
-1111.497597
-485.707058
55.337718
178.345560
9.486466
-114.786238
-41.740450
269.731849
665.633696
915.127751
967.935745
822.476600
650.139135
710.220086
951.492537
1203.832532
1314.507969
1200.037946
1026.119403
980.584366
1039.716671
1142.170503
1206.678472
1184.859600
1157.665065
1146.913736
1134.581331
1157.665065
1177.586643
1183.910954
1211.105490
1239.881103
1298.064761
1362.572730
1371.742980
1370.161902
1399.569947
1438.780673
1447.318492
1394.194283
1343.916013
1321.780926
1214.267645
996.078927
808.563117
833.860359
1043.827473
999.557298
448.393625
-253.604857
-612.825702
-446.812547
-106.564634
-128.067291
-577.409562
-1175.689350
-1727.801670
-2032.949658
-1970.338983
-1636.099165
-1358.145712
-1594.042499
-2337.149001
-2968.947635
-2981.912472
-2404.502909
-1763.534025
-1615.861371
-1933.341766
-2352.327346
-2539.526942
-2268.214015
-1638.945105
-1008.411333
-715.911966
-915.127751
-1323.678219
-1371.110549
-875.284594
-144.194283
316.847964
271.312927
-8.854035
-153.996964
-28.775613
346.256008
760.182140
970.465469
930.306097
681.128257
479.382747
588.793322
917.973691
1198.140653
1236.402732
1016.316721
770.301037
716.228181
843.346825
1020.111308
1088.730078
1041.297749
975.524918
918.922337
916.076398
961.295219
1005.249178
1076.397673
1143.751581
1188.337971
1263.913483
1307.551227
1298.380976
1343.283582
1443.840121
1556.412851
1602.580319
1486.213003
1377.751075
1374.588920
1309.132305
1178.851505
1065.646345
1063.432836
1206.994688
1075.449026
462.939540
-133.759170
-326.334430
-94.232229
167.278017
-75.891728
-690.930939
-1231.343284
-1606.691121
-1767.328611
-1702.188211
-1559.575006
-1480.837339
-1781.874526
-2477.232482
-2960.726031
-2852.896534
-2311.535543
-1793.890716
-1786.617759
-2183.784467
-2506.956742
-2535.099924
-2184.416899
-1598.785732
-1129.521882
-960.346572
-1132.684037
-1415.064508
-1342.334935
-807.614470
-130.913230
277.321022
185.934733
-118.580825
-209.967114
32.570200
530.609664
977.422211
1090.627372
923.033139
646.660764
517.012396
731.090311
1109.284088
1349.924108
1305.337718
989.122186
688.401214
669.112067
874.335947
1128.257020
1187.389325
977.105995
749.114597
645.395902
717.176828
932.519605
1055.843663
1028.649127
934.100683
823.425247
848.406274
1022.957248
1191.183911
1305.337718
1332.848470
1243.043258
1160.511004
1135.846193
1189.602833
1369.845687
1432.456362
1219.643309
908.803440
714.014672
855.046800
1108.967873
921.452062
349.418163
-158.107766
-315.899317
-103.402479
40.791804
-219.137364
-679.230964
-1166.202884
-1579.496585
-1720.528712
-1577.915507
-1331.899823
-1305.970149
-1803.060966
-2495.889198
-2804.831773
-2542.372881
-1951.682267
-1586.453327
-1740.766506
-2131.925120
-2413.356944
-2352.327346
-1879.901341
-1293.005312
-917.973691
-917.341260
-1218.062231
-1400.834809
-1113.078674
-485.390842
87.591703
235.580572
6.008095
-200.164432
-135.024032
232.102201
706.741715
947.381735
892.992664
683.025550
491.082722
569.504174
899.949406
1206.678472
1297.116114
1092.208449
754.806476
633.379712
801.290159
1080.824690
1214.900076
1068.492284
844.927903
751.960536
805.084746
966.987098
1093.157096
1085.251708
1022.008601
934.100683
917.657475
1077.346319
1268.656716
1358.778143
1353.086264
1258.537819
1189.919049
1196.243359
1216.164938
1305.337718
1348.343031
1172.843410
888.249431
677.649886
746.584872
987.541108
859.790033
272.261573
-283.645333
-449.026056
-225.461675
-24.664812
-282.064255
-806.982039
-1279.091829
-1642.107260
-1775.233999
-1661.080192
-1473.564381
-1455.540096
-1878.004048
-2543.637743
-2841.196560
-2566.721477
-1989.944346
-1623.450544
-1804.325828
-2216.354667
-2427.586643
-2282.759929
-1770.490767
-1181.381229
-867.062990
-901.846699
-1154.819125
-1273.399949
-932.835821
-276.372375
277.321022
392.739691
111.624083
-126.486213
-23.716165
403.174804
935.365545
1190.551480
1057.424741
770.617253
553.377182
640.336453
1019.795092
1351.821401
1404.945611
1149.443461
767.138882
611.877055
796.546926
1110.232735
1269.289147
1102.959777
784.530736
603.971667
638.439160
861.687326
1093.157096
1097.267898
954.654693
792.119909
706.741715
867.379206
1150.392107
1317.037693
1347.394384
1241.145965
1081.140906
1048.886921
1120.984063
1265.810777
1418.542879
1310.397167
993.232988
716.228181
669.112067
933.468252
1033.708576
591.639261
-17.391854
-381.039717
-351.947888
-89.488996
-123.640273
-551.163673
-1031.178852
-1467.556286
-1738.236782
-1699.026056
-1525.423729
-1446.369846
-1711.990893
-2331.773337
-2766.885909
-2681.507716
-2219.200607
-1783.771819
-1815.709588
-2196.116873
-2473.437895
-2457.943334
-2083.860359
-1511.194030
-1126.675942
-1054.895016
-1226.283835
-1405.578042
-1207.943334
-631.798634
-40.791804
227.991399
84.429547
-123.007842
-57.867442
265.937263
716.544397
1003.984316
973.627625
836.706299
732.987604
770.617253
1036.870731
1283.835062
1333.164685
1226.916266
1007.146471
892.676448
1001.454591
1152.921832
1225.018973
1131.102960
927.776372
862.319757
915.443967
979.319504
1060.903112
1014.735644
895.522388
867.062990
861.371111
942.638502
1117.821907
1171.894763
1149.759676
1146.597521
1107.386795
1117.821907
1142.802934
1132.684037
1208.575765
1208.575765
1013.154566
805.400961
702.947129
855.995446
1046.357197
741.841639
134.391601
-263.091323
-294.396661
-23.083734
75.575512
-317.480395
-838.603592
-1262.016190
-1574.753352
-1600.366810
-1428.345560
-1318.934986
-1467.872502
-2040.855047
-2640.399696
-2714.077916
-2329.243612
-1841.006830
-1698.709841
-2041.171262
-2414.938022
-2513.597268
-2302.681508
-1767.644827
-1257.905388
-1094.105742
-1229.445990
-1499.810271
-1504.237288
-995.762712
-327.283076
66.089046
10.751328
-289.653428
-369.023526
-80.951176
423.728814
881.292689
976.157349
760.814571
543.574500
504.679990
789.273969
1242.410827
1462.180622
1354.351126
1052.365292
789.273969
858.208955
1182.962307
1447.634708
1450.796863
1165.886668
868.011637
821.844169
984.062737
1239.564887
1373.324058
1236.718948
1003.984316
845.560334
834.809006
1056.476094
1316.721477
1380.597015
1293.005312
1119.719201
961.927650
975.524918
1095.370605
1248.418922
1337.591703
1152.605616
776.625348
500.885403
541.993423
871.173792
980.584366
501.834050
-158.423982
-511.952947
-419.301796
-115.734885
-126.486213
-536.933974
-1024.538325
-1454.907665
-1697.444978
-1610.801923
-1391.348343
-1315.140400
-1602.264103
-2207.816848
-2598.343031
-2453.516317
-1994.371364
-1626.296484
-1708.196307
-2088.919808
-2313.116620
-2237.541108
-1871.995952
-1356.880850
-1050.784215
-1065.646345
-1250.948647
-1370.794333
-1123.197571
-545.788009
-50.594485
82.532254
-115.418669
-300.720971
-176.132052
191.626613
627.371616
864.533266
778.522641
584.998735
467.682773
551.163673
883.822413
1201.302808
1254.427017
1056.159879
758.601062
625.158108
801.922590
1094.421958
1244.308120
1120.667847
850.303567
730.141665
795.914495
961.611434
1133.632684
1146.281305
1021.376170
911.649380
853.781938
938.527700
1161.459651
1307.867442
1314.507969
1244.308120
1143.751581
1096.635467
1112.446243
1184.543385
1305.970149
1313.559322
1108.651657
813.938781
649.190488
787.376676
975.208702
740.892993
203.326587
-206.488743
-286.807488
-110.359221
-97.710600
-446.180116
-883.189982
-1239.881103
-1483.999494
-1538.072350
-1447.950923
-1361.307867
-1521.629142
-2020.933468
-2461.105490
-2468.694662
-2112.319757
-1729.066532
-1723.374652
-2054.452315
-2278.016696
-2236.276246
-1950.733620
-1508.664306
-1184.859600
-1104.224640
-1209.840627
-1331.267392
-1161.143435
-661.839110
-169.491525
35.732355
-97.394384
-279.534531
-160.637491
184.986087
584.050089
841.449532
790.222616
604.604098
513.534025
600.493296
895.206173
1187.073109
1217.429800
1029.597774
790.222616
716.228181
879.079180
1096.951682
1188.021756
1049.835568
780.419934
654.566152
732.987604
904.376423
1075.132811
1062.800405
884.138629
748.798381
720.655199
848.090058
1081.140906
1186.440678
1157.032633
1066.594991
980.268151
1021.059954
1095.054389
1137.743486
1217.746016
1208.575765
1048.886921
864.533266
712.117379
775.044270
981.849228
841.765748
336.453327
-122.375411
-271.945358
-62.610675
91.386289
-181.191500
-677.966102
-1147.229952
-1450.164432
-1493.485960
-1397.988869
-1291.740450
-1357.513281
-1813.812294
-2357.386795
-2518.972932
-2254.300531
-1798.950164
-1606.058690
-1888.439160
-2236.908677
-2326.081457
-2116.114344
-1664.242348
-1251.897293
-1087.465216
-1154.819125
-1337.907918
-1297.116114
-871.173792
-328.864154
30.989122
30.672907
-190.361751
-214.394131
55.021503
460.409815
853.781938
987.857324
858.525171
701.049836
646.344548
825.322540
1156.400202
1362.888945
1325.891728
1082.721983
832.279282
829.117126
1020.743739
1210.473058
1248.418922
1035.605869
793.068556
717.493043
753.541614
894.889957
1023.905894
966.038452
824.373893
686.187706
635.277005
797.811789
987.224892
1048.570706
1037.186947
920.819631
813.306350
834.809006
887.300784
1029.597774
1172.843410
1047.622059
782.317227
584.682520
560.650139
806.033392
909.752087
532.190741
19.605363
-278.585884
-231.785985
9.802682
-29.091829
-414.874779
-845.876549
-1232.291930
-1421.072603
-1363.521376
-1262.648621
-1235.137870
-1496.331900
-2033.582090
-2359.916519
-2261.889704
-1919.744498
-1607.323552
-1685.428788
-2036.428029
-2219.833038
-2157.538578
-1844.168986
-1421.072603
-1180.116367
-1151.656969
-1265.810777
-1342.018720
-1094.421958
-611.877055
-209.650898
-59.764736
-204.275234
-324.120921
-138.818619
224.829244
615.039211
850.619782
788.641538
628.320263
577.409562
697.887680
1014.735644
1291.740450
1321.780926
1157.032633
919.870984
852.200860
1032.127498
1238.300025
1321.464710
1201.302808
947.697951
831.646850
886.352138
1002.719454
1145.016443
1144.067797
979.951935
846.508981
795.598280
872.438654
1047.305844
1123.830003
1115.608399
1050.784215
913.862889
860.422464
900.265621
988.489755
1114.659752
1068.808500
821.527953
597.331141
473.374652
575.196054
791.803693
678.914748
214.077916
-250.442702
-449.342272
-293.131799
-99.607893
-250.126486
-659.941816
-1124.778649
-1463.129269
-1523.526436
-1403.048318
-1271.818872
-1336.959271
-1746.142171
-2203.706046
-2341.576018
-2130.027827
-1749.620541
-1586.769542
-1796.736656
-2063.938781
-2134.138629
-1941.563370
-1567.480395
-1234.505439
-1091.576018
-1137.743486
-1247.154060
-1152.289400
-792.119909
-353.528965
-59.448520
-92.967367
-243.485960
-174.867189
102.137617
459.144953
740.576777
781.052365
672.590438
591.323046
638.122945
860.738679
1128.573236
1243.991905
1148.811030
929.041235
812.041487
914.495320
1100.746269
1237.035163
1193.397420
960.030357
785.163167
801.922590
919.870984
1066.278776
1116.240830
1002.087023
853.149507
801.606375
858.208955
975.841133
1072.919302
1104.224640
1056.476094
977.738427
951.176322
966.670883
993.232988
1049.835568
1071.654440
987.541108
846.508981
653.617506
532.190741
639.387807
788.009107
636.225651
167.594232
-286.175057
-412.345054
-226.726537
-84.113332
-283.329117
-757.652416
-1208.259550
-1447.318492
-1488.110296
-1382.178093
-1273.399949
-1413.799646
-1828.358209
-2222.362762
-2327.978750
-2075.322540
-1716.417910
-1639.577536
-1888.122945
-2141.411586
-2130.344042
-1865.039211
-1503.604857
-1209.840627
-1109.284088
-1188.654187
-1250.000000
-1095.686820
-708.955224
-270.048065
-45.851252
-139.767265
-241.588667
-92.651151
198.583354
496.142171
709.903870
750.379459
690.930939
652.985075
685.239059
850.619782
1091.259803
1223.754111
1148.494814
952.757399
854.730584
931.254743
1065.646345
1159.562358
1111.181381
918.922337
783.582090
793.068556
863.584619
961.927650
1002.087023
901.846699
794.333418
770.301037
792.119909
866.430559
974.892487
1040.032886
1015.051859
921.135846
868.644068
899.000759
959.397926
1032.759929
1043.827473
974.576271
871.173792
684.606628
513.534025
584.998735
763.028080
714.330888
333.291171
-165.064508
-406.020744
-256.767012
-42.689097
-154.945611
-609.031116
-1114.659752
-1397.356438
-1432.772578
-1307.867442
-1192.448773
-1319.883633
-1700.923349
-2105.995446
-2282.759929
-2084.176575
-1697.444978
-1559.258791
-1774.285353
-2065.836074
-2133.506198
-1897.293195
-1521.945358
-1218.062231
-1100.430053
-1154.819125
-1233.556792
-1144.067797
-809.511763
-324.120921
-17.391854
-86.326840
-280.799393
-252.656210
81.899823
545.788009
831.963066
781.052365
589.425753
503.731343
629.585125
932.835821
1212.370352
1291.740450
1124.462434
868.327852
775.360486
920.819631
1161.459651
1282.886415
1152.605616
862.319757
680.495826
715.595750
879.079180
1021.376170
1011.573488
842.714394
667.847205
608.398685
687.136352
847.141412
951.176322
935.681761
838.919808
760.498356
773.779408
858.841386
942.322287
972.678978
944.852011
896.787250
843.663041
756.387554
652.985075
630.217556
699.152542
701.998482
492.347584
110.991652
-185.618518
-204.275234
-66.089046
-80.002530
-390.842398
-826.587402
-1144.067797
-1227.548697
-1170.313686
-1150.392107
-1262.648621
-1511.510245
-1816.025803
-2017.455097
-1990.892993
-1791.044776
-1642.423476
-1717.050342
-1927.333671
-2033.898305
-1918.795851
-1664.874779
-1423.602327
-1295.535037
-1254.110802
-1236.086517
-1163.673160
-962.243865
-641.917531
-347.520870
-217.556286
-237.794080
-227.042752
-50.594485
244.750822
513.850240
627.687832
603.023020
571.085252
629.268910
793.700987
995.446496
1112.762459
1086.516570
981.216797
899.949406
941.373640
1072.919302
1166.202884
1145.965090
1002.719454
842.081963
797.495573
862.319757
964.457374
1006.514040
910.384518
780.736150
709.271439
713.066026
784.530736
847.773843
871.490008
868.960283
811.409056
748.165950
784.846952
866.746775
921.452062
905.957501
820.895522
786.428029
779.471288
687.136352
571.717683
553.693397
621.995952
602.390589
304.199342
-117.315963
-302.618265
-191.626613
-53.756641
-189.729320
-615.671642
-1002.087023
-1147.546167
-1150.075892
-1131.735391
-1190.235264
-1346.129522
-1560.523653
-1808.752846
-1945.041740
-1844.168986
-1657.285606
-1589.615482
-1714.836833
-1901.403997
-1898.558057
-1703.769289
-1475.461675
-1289.210726
-1199.089299
-1170.946117
-1114.027321
-1015.684290
-795.282064
-456.299013
-205.856312
-121.110549
-153.996964
-173.918543
16.759423
332.658740
576.144700
705.160637
666.582343
562.863648
587.528459
716.228181
927.143941
1106.121933
1072.286871
914.495320
782.317227
765.557804
910.700734
1049.203137
1028.965343
899.000759
718.757905
621.047306
684.922843
779.787503
828.800911
809.511763
692.828232
599.544650
588.160890
639.704022
767.138882
853.149507
838.919808
775.360486
703.895775
739.311915
879.395396
966.354667
973.627625
921.135846
850.303567
825.954971
763.344295
651.087781
633.695927
697.571465
709.903870
528.079939
130.913230
-185.934733
-204.591450
-70.199848
-41.424235
-294.712876
-718.757905
-1029.597774
-1169.365039
-1204.148748
-1167.151530
-1186.440678
-1333.164685
-1596.888439
-1913.420187
-2026.625348
-1853.339236
-1624.082975
-1549.772325
-1686.693650
-1890.968884
-1904.882368
-1711.042246
-1446.053630
-1200.037946
-1097.267898
-1105.489502
-1095.370605
-978.687073
-675.120162
-320.010119
-153.364533
-160.637491
-178.345560
-76.524159
200.796863
499.304326
643.498609
663.103972
629.268910
621.995952
709.271439
868.327852
1031.178852
1091.892234
1010.308626
891.727802
847.141412
898.052112
999.873514
1020.111308
931.887174
812.990134
710.852517
677.333671
723.817354
779.471288
775.676701
698.520111
600.177081
551.479889
575.512269
657.412092
727.611940
739.311915
726.347078
702.947129
677.017455
725.714647
821.527953
873.071085
879.711611
856.311662
817.417152
783.582090
712.433595
613.458133
601.441943
686.503921
692.195801
445.231470
59.448520
-181.823931
-156.526689
-15.810777
-40.791804
-351.315457
-779.471288
-1078.611181
-1184.859600
-1159.246142
-1083.354414
-1104.224640
-1353.402479
-1739.817860
-2004.806476
-1967.176828
-1689.223375
-1453.010372
-1514.672401
-1781.558310
-1945.357956
-1857.133822
-1579.812800
-1264.229699
-1067.543638
-1049.519352
-1125.094865
-1120.667847
-901.214268
-503.731343
-141.664559
-47.432330
-187.832026
-247.596762
-39.843157
311.472300
614.090564
720.022768
632.431065
524.917784
528.712370
670.693144
907.222363
1086.516570
1055.211232
852.833291
674.487731
694.093094
864.217050
1000.822160
981.216797
784.846952
558.436630
491.715153
573.614976
697.887680
765.874020
671.958007
490.134075
394.953200
440.804452
574.879838
691.563370
716.228181
662.787756
610.612193
629.268910
731.722742
840.817101
898.368328
889.830508
825.006324
834.809006
939.476347
960.662788
836.073868
671.958007
612.825702
717.176828
788.641538
582.785226
205.223881
-61.662029
-67.353908
44.586390
5.059449
-276.372375
-660.574247
-959.714141
-1075.132811
-1053.313939
-1031.495067
-1090.943587
-1322.413357
-1686.377435
-1906.779661
-1843.852770
-1628.826208
-1485.264356
-1576.650645
-1806.539337
-1907.095877
-1782.506957
-1524.158867
-1284.467493
-1162.408297
-1131.102960
-1145.016443
-1089.678725
-849.987351
-516.379965
-234.631925
-109.094359
-168.859094
-206.488743
-34.783709
271.629142
561.915001
705.160637
662.787756
562.863648
539.463698
664.685049
879.395396
1031.495067
1031.495067
885.087275
709.903870
673.855300
773.779408
870.857577
886.352138
775.676701
575.196054
434.480142
436.061219
514.166456
588.477106
553.060966
429.104478
326.650645
310.207437
384.518088
483.493549
543.574500
572.033898
563.812294
560.966355
624.841892
703.579560
779.155072
843.979256
852.517076
871.490008
953.073615
998.608652
927.460157
779.471288
664.368834
723.184923
897.419681
913.546673
628.636479
180.875285
-103.402479
-34.783709
182.456362
219.453580
-93.283582
-630.533772
-1029.913989
-1095.686820
-949.911460
-814.571212
-893.308879
-1246.837845
-1673.096382
-1903.933721
-1814.760941
-1514.672401
-1306.602580
-1401.783456
-1701.555780
-1928.598533
-1846.382494
-1498.861624
-1142.486719
-962.876296
-1023.589679
-1190.867695
-1189.919049
-926.827726
-497.407033
-128.067291
-54.072856
-219.453580
-336.769542
-201.429294
176.448267
565.393372
709.903870
594.485201
393.688338
331.393878
515.431318
817.733367
1023.589679
995.446496
747.849734
518.593473
514.482671
698.203896
907.854794
946.433089
730.774096
449.342272
320.958765
406.653175
600.809512
695.674172
596.698710
384.518088
234.315710
277.321022
466.734126
628.952694
666.266127
570.769036
455.982798
484.442196
658.360739
840.817101
920.187200
844.611687
718.441690
726.347078
883.189982
1055.211232
1053.313939
833.860359
598.912219
574.879838
745.952441
867.695421
686.503921
279.534531
-22.767518
-53.756641
68.934986
80.318745
-162.218568
-527.131293
-815.203643
-961.295219
-981.533013
-960.030357
-1005.565393
-1188.021756
-1478.940046
-1704.401720
-1706.931444
-1541.234505
-1405.894258
-1447.950923
-1615.228940
-1705.350367
-1636.099165
-1468.821148
-1263.281052
-1092.208449
-1021.059954
-1016.949153
-1009.043764
-882.557551
-602.706805
-316.847964
-153.364533
-132.810524
-159.688844
-108.778143
66.089046
307.677713
521.123198
600.177081
528.079939
426.574753
429.736909
588.793322
797.495573
876.865672
776.941563
602.706805
493.928662
529.028586
650.771566
733.303820
704.211991
540.728561
363.647862
305.464204
383.885656
514.798887
550.847458
454.717936
329.496585
277.953453
342.777637
486.655705
582.469011
591.006830
554.642044
532.506957
600.809512
733.620035
837.338730
877.181887
859.157602
829.749557
866.114344
961.611434
1057.108525
1044.776119
872.122439
688.717430
676.385024
822.792816
914.179104
720.022768
300.088540
-6.008095
-9.486466
144.194283
172.337465
-88.856565
-494.877308
-817.733367
-973.943840
-956.235770
-868.327852
-885.087275
-1111.181381
-1496.015684
-1774.917784
-1721.477359
-1454.275234
-1282.570200
-1384.075386
-1660.763977
-1820.452821
-1711.674677
-1440.677966
-1163.989375
-1024.538325
-1077.978750
-1190.235264
-1185.808247
-947.381735
-547.369087
-252.023779
-202.377941
-299.772325
-348.785732
-206.488743
69.567417
331.710094
504.679990
523.969137
417.088287
323.488490
378.826208
597.647356
828.800911
873.071085
719.074121
536.617759
486.023273
589.741968
739.311915
795.598280
708.955224
529.661017
384.201872
386.099165
512.269163
629.585125
614.722995
455.034151
300.088540
297.558816
420.250443
577.725778
645.079686
588.477106
492.980015
469.896281
579.939287
762.711864
879.395396
865.481912
772.514546
711.484948
791.803693
969.833038
1102.327346
1075.132811
857.892740
604.287883
557.171768
762.711864
977.422211
894.257526
461.674677
-8.854035
-142.929421
53.440425
254.553504
160.321275
-255.818366
-727.611940
-1002.719454
-998.924867
-816.784720
-706.741715
-871.806223
-1286.364786
-1695.863901
-1790.728561
-1537.123704
-1250.000000
-1229.762206
-1487.477865
-1786.617759
-1858.398685
-1642.739691
-1315.456615
-1072.286871
-1031.178852
-1166.519099
-1285.416140
-1188.654187
-847.141412
-448.709841
-253.921073
-286.175057
-377.245130
-350.683026
-140.399696
148.305085
371.869466
472.109790
433.215280
334.239818
340.247913
499.304326
719.390336
842.081963
785.479383
627.687832
529.977232
564.128510
678.598533
762.079433
745.003795
623.893246
465.785479
373.134328
407.918037
504.047559
541.993423
474.639514
345.307361
255.185935
282.064255
385.782950
468.947635
485.707058
438.274728
388.312674
421.515305
542.625854
688.401214
768.403744
761.130787
723.501138
714.963319
771.249684
895.522388
1021.059954
1062.484189
977.738427
775.360486
621.363521
687.768783
904.692639
994.181634
777.890210
346.256008
24.348596
26.878320
207.437389
288.072350
84.745763
-332.026309
-707.690362
-894.889957
-861.054895
-721.603845
-718.441690
-969.200607
-1371.110549
-1676.890969
-1677.839615
-1443.523906
-1271.502656
-1342.967367
-1597.204655
-1819.820390
-1818.871743
-1602.264103
-1328.737668
-1153.870478
-1171.578548
-1296.799899
-1335.061978
-1168.416393
-828.168480
-513.850240
-384.518088
-395.585631
-419.301796
-355.110043
-158.740197
110.675436
354.161396
493.296231
472.109790
364.280293
360.169492
528.079939
779.155072
936.946623
891.411586
739.628131
625.158108
632.114849
763.344295
899.949406
917.025044
779.155072
561.282570
426.890969
479.066532
625.474323
693.776878
605.868960
411.712623
258.980521
256.134581
373.766759
512.269163
562.547432
474.639514
348.469517
310.523653
410.763977
595.750063
730.141665
756.703769
701.998482
614.090564
583.417657
686.187706
889.830508
1063.116620
1029.913989
751.644321
475.271945
470.844928
737.414622
979.635720
885.087275
454.401720
9.802682
-134.075386
51.226916
287.756135
238.110296
-158.423982
-667.847205
-984.695168
-953.073615
-728.244371
-623.577030
-812.041487
-1247.470276
-1657.601821
-1756.577283
-1538.388566
-1246.521629
-1173.159626
-1420.440172
-1759.739438
-1874.525677
-1664.242348
-1290.159373
-1033.392360
-1034.657222
-1177.902859
-1259.802682
-1144.384012
-818.998229
-454.401720
-250.126486
-255.185935
-352.896534
-342.461422
-112.888945
213.445484
445.547685
503.415128
438.274728
393.688338
446.496332
588.477106
767.771313
885.719707
858.841386
734.568682
628.952694
642.233747
748.798381
825.954971
793.700987
665.633696
528.396155
447.761194
438.907159
476.853023
506.893499
467.682773
354.793827
233.683279
184.353655
236.213003
334.239818
391.474829
378.509992
318.429041
270.996711
300.088540
415.823425
572.350114
667.530989
651.087781
580.887933
549.266380
618.201366
777.890210
922.400708
953.706046
853.149507
670.376929
539.779914
587.212244
769.036175
881.292689
749.430812
394.953200
44.902606
-58.499874
84.113332
226.726537
123.956489
-245.699469
-669.112067
-914.495320
-906.906147
-764.925373
-722.236276
-923.033139
-1283.835062
-1592.461422
-1678.472047
-1517.202125
-1310.397167
-1276.245889
-1449.532001
-1681.950417
-1778.079939
-1646.850493
-1364.786238
-1126.359727
-1049.203137
-1125.094865
-1218.062231
-1167.151530
-902.162914
-535.352897
-282.380471
-260.877814
-357.639767
-357.007336
-161.269922
158.740197
409.499115
475.588161
419.618012
384.201872
444.915254
609.979762
796.546926
885.719707
846.192765
743.106501
682.076904
722.552492
829.433342
898.368328
855.995446
726.030863
615.671642
585.631166
607.450038
640.652669
610.612193
516.696180
433.215280
396.850493
399.064002
400.961295
388.312674
376.612699
367.442449
358.904629
363.964078
380.091070
414.874779
465.153048
486.655705
490.450291
518.593473
560.333924
594.801417
609.663547
605.552745
635.277005
706.109284
743.106501
684.922843
553.693397
451.871996
486.023273
605.868960
658.360739
516.063749
195.421199
-59.764736
-72.413357
73.678219
156.210473
-7.272957
-375.664053
-705.160637
-828.800911
-763.028080
-647.609411
-664.368834
-881.292689
-1202.567670
-1449.215785
-1453.010372
-1250.948647
-1077.346319
-1121.300278
-1359.094359
-1572.539843
-1556.096635
-1342.018720
-1101.378700
-975.524918
-1010.941057
-1108.335441
-1129.838098
-996.711358
-721.603845
-455.034151
-342.777637
-365.545156
-409.182899
-324.120921
-98.026815
149.569947
321.274981
366.177587
342.145206
349.101948
436.693650
595.750063
764.292942
828.484695
780.103719
725.714647
730.141665
783.265874
835.441437
847.141412
808.563117
740.576777
668.479636
620.731090
596.066279
587.844675
554.325828
455.034151
353.212750
311.156084
294.396661
270.048065
223.248166
159.372628
120.161902
115.734885
116.683531
100.872755
77.472805
74.626866
107.829497
165.380724
236.529218
260.561599
212.813053
189.096888
251.391348
386.731596
525.233999
568.871743
509.107007
438.590944
421.515305
456.615229
547.369087
651.720212
690.930939
575.512269
332.974956
144.510498
149.253731
313.685808
423.728814
279.218315
-74.943081
-392.423476
-503.415128
-430.685555
-326.334430
-366.177587
-599.544650
-929.041235
-1189.602833
-1231.975715
-1095.686820
-966.670883
-1025.170756
-1287.945864
-1548.191247
-1599.101948
-1443.207690
-1233.873008
-1127.624589
-1177.586643
-1287.313433
-1327.472805
-1222.173033
-973.943840
-697.571465
-544.206931
-554.009613
-611.560840
-525.233999
-258.980521
57.551227
265.621047
304.831773
277.004806
325.385783
484.758411
695.990387
882.557551
964.457374
942.322287
883.822413
886.668353
985.327599
1096.319251
1121.300278
1036.554516
896.787250
799.076651
791.487478
797.179357
748.165950
638.439160
480.015178
322.223628
226.410321
193.840121
163.799646
98.659246
-18.972932
-158.423982
-255.818366
-265.937263
-214.077916
-182.772578
-203.326587
-258.348090
-304.831773
-268.466987
-143.245636
0.316216
91.702504
110.675436
109.726790
149.253731
269.415634
464.204402
641.601315
723.184923
714.014672
658.044523
640.968884
742.790286
925.246648
1066.911207
1054.578801
850.303567
593.536555
486.971920
603.339236
780.419934
759.549709
447.128763
25.297243
-230.204908
-218.504933
-96.445737
-110.991652
-351.947888
-721.603845
-1043.195042
-1178.219074
-1117.821907
-998.924867
-1014.419428
-1248.418922
-1570.958765
-1737.288136
-1630.091070
-1381.229446
-1224.070326
-1271.186441
-1416.645586
-1482.418416
-1373.007842
-1116.240830
-828.484695
-632.114849
-575.512269
-590.058184
-535.036681
-306.729067
43.321528
327.915507
431.950417
429.736909
468.631419
618.201366
830.381988
1008.411333
1104.540855
1107.386795
1052.681508
1021.692386
1056.792310
1129.838098
1152.289400
1059.638249
891.727802
750.379459
681.760688
642.233747
554.958260
400.645080
226.410321
64.824184
-59.764736
-156.210473
-247.912977
-347.837086
-460.093600
-564.128510
-641.917531
-660.890463
-659.941816
-670.060713
-679.547179
-654.249937
-589.109537
-515.747534
-441.120668
-351.315457
-229.572477
-66.089046
94.864660
193.523906
275.423729
394.320769
561.598786
761.763218
918.606122
997.343790
1037.819378
1072.919302
1134.581331
1206.678472
1261.067544
1291.108019
1282.253984
1215.216291
1101.062484
949.279029
809.195548
747.849734
727.295725
633.379712
410.131546
89.488996
-203.642803
-348.785732
-384.201872
-446.496332
-638.122945
-939.160132
-1226.600051
-1398.937516
-1433.405009
-1397.356438
-1419.491525
-1555.464204
-1742.347584
-1857.133822
-1822.033898
-1657.285606
-1492.537313
-1436.567164
-1459.967114
-1464.394131
-1349.291677
-1114.975968
-839.236023
-616.304073
-500.569188
-442.701746
-332.026309
-113.205161
184.669871
454.085505
595.750063
655.831014
718.441690
829.117126
978.687073
1119.719201
1216.481154
1248.102707
1218.062231
1144.067797
1084.619276
1077.346319
1080.508475
1025.486972
875.600810
692.512016
540.728561
419.618012
309.258791
192.259044
42.056666
-144.826714
-330.761447
-466.417910
-537.566405
-591.006830
-690.930939
-823.109031
-916.076398
-914.495320
-862.635973
-842.714394
-841.133316
-811.409056
-730.141665
-607.766253
-474.007083
-350.050594
-221.667088
-76.207943
91.070073
285.226410
488.236782
653.301290
762.079433
870.225145
1054.578801
1273.083734
1425.815836
1480.204908
1489.375158
1525.739944
1606.058690
1664.874779
1637.996458
1567.480395
1496.964331
1440.045535
1348.026815
1190.235264
986.276246
787.692891
635.593220
517.644827
370.288389
116.051100
-212.180622
-502.466481
-672.906653
-751.960536
-861.371111
-1077.662535
-1350.240324
-1584.239818
-1716.417910
-1741.082722
-1724.007083
-1735.707058
-1828.990640
-1961.168733
-2013.660511
-1908.044523
-1692.701746
-1517.518341
-1461.231976
-1455.223881
-1371.426764
-1165.570453
-893.941310
-635.277005
-436.061219
-298.823678
-182.772578
-35.416140
187.515811
461.990893
684.606628
790.855047
828.484695
889.830508
1004.932962
1144.067797
1224.702757
1218.062231
1167.783962
1112.446243
1077.346319
1045.408550
989.122186
878.762965
712.433595
541.044776
412.977485
314.318239
202.377941
43.005312
-160.637491
-353.528965
-484.125980
-560.966355
-629.585125
-712.433595
-819.946876
-936.314192
-1001.454591
-982.481659
-912.914242
-849.038705
-825.322540
-823.741462
-774.728055
-640.652669
-443.334177
-253.604857
-116.367316
-18.024285
87.907918
250.126486
480.647609
733.936251
919.238553
1008.411333
1073.867948
1181.381229
1355.299772
1533.012902
1618.391095
1621.869466
1608.904629
1628.826208
1657.601821
1651.909942
1593.410068
1477.358968
1340.753858
1225.651404
1142.486719
1059.638249
909.119656
638.122945
325.385783
127.118644
70.199848
12.332406
-190.994182
-531.242095
-856.627878
-1024.538325
-1061.219327
-1081.457121
-1189.286618
-1385.656463
-1603.212750
-1767.644827
-1790.728561
-1673.728814
-1550.720971
-1561.788515
-1695.231470
-1797.052871
-1713.255755
-1468.504933
-1231.975715
-1121.300278
-1106.121933
-1071.970655
-956.868201
-751.328105
-490.450291
-251.391348
-119.529471
-89.172780
-50.278270
97.394384
345.939793
574.247407
670.693144
659.941816
644.447255
691.247154
792.436124
895.206173
949.911460
918.289906
816.468505
706.109284
658.044523
675.120162
678.914748
598.912219
442.385530
267.518341
137.553757
63.559322
28.143182
-12.964837
-110.991652
-286.807488
-474.639514
-562.231217
-532.823172
-484.758411
-509.739438
-620.414875
-727.928156
-739.628131
-661.839110
-554.325828
-471.161143
-431.001771
-428.472047
-403.491019
-294.080445
-109.094359
80.634961
201.113079
246.964331
290.602074
408.866684
601.125727
801.922590
929.357450
969.833038
975.208702
1023.273463
1153.238047
1308.499874
1382.178093
1344.864660
1270.870225
1236.086517
1280.040476
1343.599798
1331.583607
1237.667594
1096.319251
958.765495
869.592714
833.544144
816.152289
740.576777
547.052871
278.902100
56.602580
-35.099924
-9.486466
-28.143182
-216.923855
-523.969137
-798.760435
-911.649380
-872.438654
-835.757652
-930.306097
-1145.965090
-1369.529471
-1476.094106
-1446.369846
-1356.880850
-1305.970149
-1360.991652
-1488.110296
-1572.223628
-1527.321022
-1367.632178
-1193.081204
-1115.608399
-1143.119150
-1166.519099
-1097.267898
-918.289906
-699.784973
-529.977232
-445.547685
-427.523400
-386.099165
-247.912977
-30.672907
172.653681
279.850746
291.234505
292.183152
368.074880
512.585378
659.941816
742.790286
744.687579
686.187706
634.960789
658.676954
750.695674
817.100936
774.728055
629.585125
493.296231
457.563876
483.493549
473.690868
384.518088
252.656210
123.640273
25.929674
-30.672907
-57.235011
-92.334935
-172.653681
-291.550721
-397.799140
-432.899064
-397.799140
-378.826208
-413.609917
-457.247660
-468.631419
-430.369340
-365.228940
-292.815583
-223.564381
-167.278017
-112.572730
-37.629648
72.413357
205.856312
318.745257
395.585631
479.382747
594.168986
718.757905
824.690109
902.162914
975.524918
1049.519352
1112.446243
1168.416393
1230.710853
1279.091829
1291.740450
1256.956742
1221.856818
1232.924361
1247.470276
1195.294713
1078.611181
952.124968
863.584619
816.152289
749.747028
614.090564
406.969390
185.934733
29.724260
-46.799899
-118.897040
-278.269669
-548.633949
-820.579307
-977.738427
-1018.846446
-1055.843663
-1189.286618
-1396.091576
-1594.991146
-1710.409815
-1737.288136
-1716.417910
-1692.701746
-1721.793575
-1809.385277
-1884.012143
-1852.390589
-1693.017961
-1508.031875
-1405.578042
-1377.751075
-1337.591703
-1206.994688
-994.497850
-757.968631
-552.428535
-401.593726
-292.499368
-174.234758
1.264862
235.896787
468.315204
626.106754
709.587655
769.984822
859.790033
972.678978
1088.730078
1186.440678
1232.924361
1200.037946
1110.865166
1048.254490
1067.859853
1116.240830
1080.192259
920.819631
714.014672
568.555527
506.261068
480.015178
404.755882
246.015684
38.262079
-161.269922
-272.577789
-286.807488
-285.542626
-369.655958
-543.258285
-698.203896
-735.201113
-666.266127
-603.655452
-609.663547
-655.514799
-672.274222
-612.825702
-497.090817
-356.058690
-240.007589
-169.491525
-130.597015
-53.124209
104.983557
314.318239
490.134075
577.725778
617.885151
678.598533
798.760435
948.962813
1089.362509
1180.748798
1204.148748
1179.167721
1171.578548
1220.275740
1297.432330
1326.524159
1265.810777
1151.973185
1059.638249
1024.854541
996.078927
929.673666
811.725272
650.771566
489.501644
355.742474
263.091323
192.891475
77.789021
-116.999747
-348.153301
-518.593473
-581.520364
-593.220339
-671.325576
-857.892740
-1084.619276
-1244.940551
-1267.391854
-1217.429800
-1205.729825
-1288.578295
-1440.361751
-1556.729067
-1552.302049
-1445.104984
-1321.148495
-1267.075639
-1311.978244
-1368.897040
-1344.864660
-1204.464963
-992.600557
-829.117126
-769.036175
-764.292942
-717.176828
-571.717683
-358.588414
-158.107766
-35.732355
12.016190
45.218821
124.588920
271.945358
443.650392
573.298760
621.679737
614.090564
613.141918
665.001265
760.814571
838.603592
853.465722
801.922590
734.252466
687.768783
677.017455
694.409309
689.666076
620.098659
499.620541
382.937010
319.061472
301.037187
279.850746
215.342778
109.094359
4.743233
-76.207943
-118.264609
-130.597015
-145.775360
-184.353655
-246.648115
-308.942575
-329.180369
-296.926385
-253.288642
-231.469770
-237.477865
-252.972426
-242.537313
-201.745510
-135.656463
-53.124209
8.854035
43.321528
59.764736
91.702504
160.637491
253.288642
342.777637
399.380218
425.626107
449.026056
493.612446
554.009613
614.090564
657.095877
682.076904
705.476853
734.568682
745.952441
745.003795
752.276752
761.447002
775.360486
758.284847
710.536302
659.941816
628.004048
608.398685
565.393372
488.552998
392.739691
301.669618
222.615735
159.688844
102.770048
6.640526
-145.142929
-311.472300
-426.258538
-459.777384
-481.596256
-569.187959
-746.584872
-932.519605
-1025.803187
-1019.162661
-1005.881609
-1047.622059
-1144.384012
-1253.794586
-1311.345813
-1293.005312
-1220.275740
-1146.597521
-1126.043511
-1151.340754
-1159.878573
-1091.576018
-939.792563
-793.700987
-709.903870
-663.736403
-600.809512
-497.090817
-349.734379
-191.626613
-59.448520
32.886415
99.924108
177.080698
276.056160
408.866684
525.866431
589.109537
619.466228
646.344548
681.760688
721.287630
760.498356
782.317227
775.360486
745.636226
695.990387
648.241842
616.936504
594.485201
544.839363
465.153048
375.980268
286.807488
211.231976
158.423982
113.205161
43.637743
-42.372881
-134.707817
-211.231976
-250.442702
-257.715659
-275.107513
-323.172274
-368.391095
-394.636985
-391.474829
-365.545156
-327.915507
-300.088540
-284.277764
-264.039970
-231.153554
-186.567164
-115.102454
-39.843157
16.443208
65.456615
115.102454
171.388819
243.802176
321.907412
385.150519
425.309891
446.180116
478.750316
531.558310
596.698710
646.028333
651.720212
621.047306
606.817607
631.798634
675.436377
708.322793
693.460663
627.687832
555.274475
523.652922
542.625854
576.460916
560.650139
472.426006
357.955983
285.226410
279.850746
298.507463
279.218315
194.472552
66.721477
-37.629648
-77.472805
-76.840374
-86.959271
-159.372628
-294.712876
-430.369340
-484.758411
-455.982798
-429.736909
-485.707058
-629.901341
-774.411839
-825.638755
-762.711864
-683.025550
-694.725525
-796.863142
-917.025044
-956.235770
-892.360233
-774.728055
-700.417405
-721.287630
-803.503668
-843.346825
-776.941563
-634.012143
-494.244877
-444.282823
-473.374652
-491.398938
-432.582848
-311.472300
-174.234758
-80.002530
-44.902606
-43.637743
-26.878320
48.064761
155.578042
260.561599
316.531748
302.618265
283.961548
315.583101
376.612699
436.377435
470.844928
460.409815
422.147736
392.423476
386.415381
406.020744
431.634202
423.096382
356.058690
264.672401
214.710347
227.675183
251.075133
228.623830
154.945611
63.559322
7.589173
0.632431
10.751328
4.110802
-32.570200
-88.856565
-149.886162
-178.661776
-155.894258
-122.691627
-116.051100
-140.083481
-175.499621
-189.413104
-163.799646
-118.580825
-82.848470
-73.362004
-70.199848
-55.653934
-23.399949
26.562105
76.207943
110.991652
133.126739
160.005059
199.215785
252.972426
307.677713
337.718189
354.793827
392.739691
446.496332
492.980015
517.012396
528.712370
553.693397
586.896028
617.252719
634.328358
635.277005
644.763471
653.301290
653.933721
647.925626
634.328358
611.244624
582.152795
557.171768
534.404250
504.363774
455.350367
381.039717
295.345307
224.829244
179.294207
137.237541
66.089046
-39.843157
-169.491525
-295.029092
-370.920820
-408.234252
-462.307109
-565.709588
-711.168733
-856.627878
-936.630407
-943.587149
-942.638502
-993.865419
-1090.943587
-1181.381229
-1228.181128
-1205.097394
-1149.127245
-1103.275993
-1088.413863
-1095.370605
-1090.311156
-1033.076145
-910.384518
-769.036175
-664.685049
-611.244624
-566.658234
-478.750316
-327.599292
-146.091576
-0.316216
78.421452
118.580825
177.396914
286.807488
438.907159
580.571718
645.395902
637.490514
616.304073
640.968884
715.911966
791.487478
816.468505
768.087528
681.760688
607.450038
571.717683
559.701493
549.898811
498.039464
389.893752
261.194030
149.886162
73.994435
30.356691
-4.427017
-66.405262
-162.218568
-277.004806
-374.715406
-428.472047
-422.147736
-402.226157
-425.309891
-482.861118
-538.831267
-548.317733
-499.620541
-420.882874
-360.169492
-333.923602
-322.223628
-288.072350
-217.556286
-110.991652
6.956742
93.283582
139.134834
190.677966
272.261573
376.928915
481.912472
566.025803
621.047306
659.309385
706.109284
759.865925
821.844169
876.233241
899.000759
882.241336
862.003542
863.900835
875.600810
879.395396
856.627878
806.349608
740.576777
678.598533
632.114849
593.536555
550.531242
491.715153
391.474829
283.329117
199.215785
149.569947
105.299772
34.783709
-55.970149
-156.842904
-240.007589
-299.139894
-338.350620
-382.620794
-453.453074
-532.823172
-593.536555
-611.877055
-610.928409
-646.976980
-722.236276
-785.479383
-787.060460
-737.414622
-709.903870
-743.422717
-807.298254
-836.073868
-799.709082
-735.833544
-681.444473
-659.625601
-673.222869
-687.768783
-669.428282
-600.177081
-502.466481
-437.642297
-424.361245
-429.104478
-400.328864
-324.437136
-233.683279
-170.756388
-137.869972
-109.726790
-78.737668
-37.629648
24.032380
97.394384
155.578042
167.278017
152.732102
160.321275
214.077916
283.329117
313.369593
290.602074
252.023779
238.742727
252.656210
275.739944
282.064255
265.304832
218.821148
170.123956
139.451050
138.186188
153.364533
135.972679
85.378194
29.724260
7.589173
10.751328
12.648621
2.529724
-20.870225
-37.629648
-47.748545
-47.748545
-34.151278
-11.699975
5.059449
6.008095
8.221604
24.348596
56.286365
93.599798
123.956489
149.569947
170.756388
189.096888
203.959018
229.888692
273.526436
319.693903
351.631672
354.161396
347.520870
353.845181
387.047812
431.634202
458.512522
451.239565
426.258538
406.336959
408.550468
431.317986
448.709841
443.017961
413.609917
373.134328
350.050594
350.366810
355.742474
347.520870
312.420946
266.569694
233.683279
221.350873
210.283329
183.088793
140.399696
93.599798
57.235011
31.937769
10.435113
-17.391854
-62.926891
-116.367316
-172.021250
-202.377941
-212.813053
-231.785985
-277.321022
-339.931697
-393.372122
-425.309891
-422.780167
-422.780167
-450.923349
-505.944852
-564.128510
-587.844675
-564.444726
-529.344801
-525.866431
-572.982545
-626.422970
-626.106754
-565.709588
-497.723248
-471.793575
-491.398938
-514.482671
-501.834050
-438.907159
-346.256008
-268.150772
-241.588667
-261.510245
-270.996711
-217.556286
-99.924108
7.589173
43.005312
12.648621
-6.008095
37.313433
127.751075
209.650898
241.588667
227.042752
190.045535
175.815836
203.959018
258.980521
291.550721
264.672401
198.267139
147.672654
134.391601
156.842904
160.637491
123.956489
68.618771
5.691880
-35.416140
-56.602580
-61.029598
-69.567417
-99.291677
-151.151025
-192.575259
-195.421199
-180.559069
-169.491525
-173.286112
-176.132052
-162.534784
-140.083481
-114.470023
-82.216038
-38.262079
8.537819
49.962054
81.583607
128.383506
189.096888
252.339995
307.361498
344.042499
382.937010
423.728814
466.101695
508.474576
548.317733
575.828485
579.306856
572.982545
577.409562
591.323046
591.955477
567.606881
531.874526
501.517835
472.109790
434.163926
382.620794
335.820896
295.029092
246.648115
184.037440
115.418669
61.978244
11.383759
-39.210726
-83.480901
-119.529471
-154.313180
-197.634708
-249.177840
-286.491272
-293.131799
-285.542626
-295.661523
-316.531748
-323.488490
-323.488490
-310.207437
-292.499368
-275.423729
-244.118391
-218.821148
-211.548191
-200.164432
-166.013155
-117.632178
-80.002530
-56.286365
-39.210726
-17.391854
1.581078
16.443208
38.894510
67.037693
85.378194
70.516064
38.894510
27.194536
46.799899
61.662029
36.681002
-22.135087
-76.207943
-95.813306
-107.829497
-125.537566
-159.372628
-208.702251
-267.834556
-323.488490
-350.366810
-354.793827
-355.426259
-387.996458
-448.393625
-495.509739
-493.928662
-462.939540
-437.009866
-435.745004
-446.180116
-444.282823
-423.412598
-379.774855
-318.745257
-261.510245
-230.521123
-213.129269
-184.986087
-122.691627
-31.305338
44.902606
83.164685
96.445737
114.470023
159.056413
224.196813
285.226410
312.104731
308.626360
295.029092
296.293954
317.796610
350.050594
361.434354
335.188464
294.396661
264.988616
258.980521
269.099418
263.407539
229.572477
189.413104
156.210473
140.715912
141.032127
138.818619
122.691627
92.018720
70.832279
67.037693
67.037693
74.943081
80.951176
72.729572
62.610675
62.926891
75.891728
90.437642
99.607893
103.086264
96.761953
100.240324
111.624083
122.691627
134.075386
141.032127
138.818619
133.759170
135.024032
142.929421
154.629395
158.107766
148.621300
138.186188
130.280799
133.759170
139.134834
143.245636
142.929421
133.442955
119.213256
108.778143
114.786238
124.588920
118.897040
101.821401
85.378194
77.789021
83.480901
85.694409
85.694409
75.259297
56.918796
43.005312
36.681002
36.681002
36.681002
31.937769
18.024285
0.316216
-13.281052
-20.554010
-29.724260
-33.518846
-47.748545
-74.310650
-97.710600
-114.470023
-122.375411
-131.229446
-153.996964
-193.207690
-222.299519
-241.272451
-252.972426
-269.415634
-301.985834
-335.188464
-370.288389
-397.799140
-410.447761
-418.036934
-428.788262
-450.290918
-478.434101
-498.355679
-494.244877
-473.374652
-453.769289
-452.504427
-458.828738
-454.717936
-426.574753
-380.091070
-329.812800
-290.918290
-269.731849
-246.015684
-201.745510
-136.921326
-65.456615
-15.494561
9.486466
35.099924
80.634961
147.040223
207.437389
240.007589
252.023779
260.561599
280.799393
309.575006
339.931697
350.366810
337.085758
310.207437
299.139894
299.139894
300.088540
290.285859
253.921073
219.137364
201.113079
192.891475
177.396914
153.048318
125.221351
108.145712
99.291677
96.445737
90.753858
78.421452
63.875538
62.926891
75.575512
97.710600
110.991652
108.461928
99.924108
105.615988
135.656463
164.115861
187.515811
188.464457
184.669871
195.104984
211.548191
228.940046
245.067038
252.656210
256.450797
251.707564
249.494055
254.869719
257.083228
254.869719
242.537313
230.521123
221.983304
219.769795
204.907665
178.029345
153.680749
130.280799
120.161902
109.410574
83.164685
46.483683
8.854035
-25.297243
-49.645839
-71.464710
-96.129522
-129.648368
-168.542879
-203.326587
-233.683279
-251.075133
-267.834556
-284.910195
-306.412851
-333.607387
-352.896534
-360.485707
-360.169492
-360.485707
-360.169492
-360.801923
-352.896534
-341.512775
-329.812800
-314.318239
-302.934480
-285.226410
-261.826461
-237.794080
-212.180622
-188.464457
-172.653681
-160.953706
-137.553757
-109.094359
-85.378194
-68.618771
-57.235011
-50.278270
-36.681002
-13.281052
0.948647
6.640526
5.375664
1.897293
6.956742
19.289147
29.408045
27.510751
14.229699
0.632431
1.264862
12.332406
18.972932
10.751328
-9.802682
-26.562105
-30.040476
-20.870225
-9.486466
-8.854035
-23.716165
-44.902606
-50.278270
-43.005312
-26.245889
-11.067544
-8.854035
-23.716165
-35.732355
-27.826967
0.632431
28.459398
41.424235
43.005312
42.689097
54.705287
78.737668
104.983557
133.126739
153.048318
162.534784
169.175310
185.302302
211.864407
235.264356
253.921073
260.877814
267.518341
274.791298
280.483177
285.542626
289.337212
293.764230
286.807488
278.269669
269.731849
259.296737
246.331900
229.888692
208.386036
189.096888
169.807741
149.886162
128.699722
106.248419
82.532254
54.705287
30.989122
7.905388
-11.067544
-22.451303
-38.262079
-61.345813
-83.164685
-96.761953
-104.034910
-104.034910
-109.726790
-114.470023
-119.213256
-122.059196
-122.691627
-118.580825
-102.137617
-84.745763
-78.737668
-79.053883
-70.199848
-54.389072
-31.621553
-14.862130
2.213509
6.640526
6.956742
16.759423
33.202631
56.602580
67.353908
60.397167
54.389072
55.970149
60.080951
62.294460
57.551227
43.953959
31.305338
13.281052
-1.897293
-13.597268
-23.716165
-44.586390
-72.729572
-108.461928
-132.810524
-144.510498
-162.534784
-192.259044
-226.410321
-253.604857
-272.261573
-289.653428
-301.037187
-311.788515
-333.923602
-354.161396
-376.928915
-381.355932
-370.288389
-360.801923
-364.912725
-374.399190
-378.193777
-364.280293
-338.983051
-317.796610
-296.293954
-277.953453
-262.142676
-250.758917
-225.145459
-187.199595
-145.459145
-110.359221
-85.378194
-64.191753
-34.467493
-0.316216
34.783709
73.994435
113.837592
141.032127
157.159120
173.918543
197.634708
233.367063
261.194030
277.637238
283.645333
293.448014
310.839868
321.274981
329.496585
340.247913
350.050594
351.947888
344.991146
341.512775
345.307361
349.101948
345.307361
341.512775
336.137111
330.761447
324.120921
313.053377
308.626360
306.729067
297.242601
277.953453
262.142676
255.818366
256.767012
243.485960
220.086011
197.634708
182.772578
172.969896
159.056413
142.296990
125.221351
104.034910
77.156590
50.594485
34.151278
29.408045
23.716165
3.794586
-21.186441
-43.637743
-57.551227
-61.345813
-61.029598
-61.662029
-71.148495
-84.429547
-95.497091
-98.659246
-95.497091
-85.061978
-89.488996
-101.505186
-104.034910
-104.034910
-103.718695
-106.248419
-112.888945
-116.367316
-116.051100
-116.999747
-126.802429
-138.186188
-144.510498
-151.783456
-157.475335
-166.645586
-174.234758
-185.934733
-203.326587
-218.188717
-227.042752
-233.367063
-239.691374
-250.758917
-267.518341
-278.902100
-294.396661
-300.404756
-298.823678
-300.404756
-307.993929
-324.437136
-337.718189
-342.145206
-332.342525
-323.488490
-317.480395
-320.958765
-324.120921
-323.804705
-306.096635
-279.218315
-257.399443
-240.956236
-231.153554
-216.607640
-190.994182
-147.988869
-100.872755
-64.507969
-36.997217
-12.648621
18.340501
67.670124
118.264609
164.432077
199.848217
224.829244
250.442702
288.704781
330.129016
362.066785
382.620794
398.115355
416.455856
428.788262
435.112573
439.855806
439.855806
438.907159
429.736909
413.926132
392.423476
373.134328
357.639767
334.239818
309.575006
282.380471
254.869719
221.350873
190.045535
161.902353
135.972679
110.359221
82.216038
60.080951
37.313433
16.126992
-5.375664
-21.186441
-29.408045
-33.518846
-41.424235
-53.124209
-61.029598
-58.183658
-53.756641
-49.645839
-42.056666
-33.518846
-30.356691
-27.194536
-13.597268
-2.213509
14.229699
25.297243
29.408045
33.518846
44.270175
61.662029
68.302555
65.140400
66.089046
67.037693
68.934986
72.729572
66.405262
56.918796
43.953959
26.245889
12.648621
4.110802
-4.743233
-26.245889
-59.132305
-83.480901
-101.821401
-113.205161
-133.442955
-156.210473
-177.080698
-198.583354
-218.504933
-233.367063
-242.853529
-252.972426
-265.621047
-282.380471
-297.875032
-295.977738
-287.756135
-282.380471
-280.483177
-281.115608
-280.483177
-267.202125
-244.118391
-227.358968
-211.231976
-202.061725
-194.156337
-177.396914
-151.783456
-117.632178
-90.753858
-81.583607
-78.421452
-65.456615
-39.210726
-12.648621
5.691880
20.237794
25.297243
23.716165
27.510751
43.637743
66.721477
85.378194
86.326840
71.148495
66.721477
74.943081
87.907918
99.924108
104.667341
102.137617
92.967367
83.797116
92.967367
109.410574
121.110549
118.580825
104.351126
97.710600
101.821401
114.786238
123.956489
123.324058
118.264609
110.359221
104.667341
107.513281
120.478118
126.486213
122.375411
110.043005
99.291677
103.402479
113.205161
116.051100
109.094359
94.864660
86.643056
80.951176
82.532254
92.967367
97.394384
94.232229
79.053883
67.353908
67.037693
80.318745
92.651151
88.224134
77.789021
70.199848
66.721477
70.516064
79.686314
85.694409
83.797116
69.883633
61.662029
61.029598
68.934986
73.994435
70.832279
59.132305
48.064761
43.637743
42.372881
43.321528
41.108019
32.886415
22.135087
10.751328
0.948647
0.000000
-2.529724
-14.229699
-31.305338
-48.064761
-59.448520
-60.713382
-66.721477
-79.370099
-90.121427
-106.248419
-123.324058
-136.605110
-140.399696
-140.715912
-148.305085
-167.910448
-188.780673
-195.737415
-195.737415
-195.104984
-198.583354
-210.283329
-218.821148
-220.086011
-216.923855
-205.223881
-196.686061
-195.104984
-195.737415
-194.472552
-182.772578
-162.218568
-141.348343
-127.118644
-122.691627
-116.367316
-97.394384
-71.780926
-43.637743
-19.605363
-5.691880
6.324311
19.605363
39.843157
67.670124
92.967367
107.829497
109.726790
111.307867
119.845687
136.921326
152.099671
157.159120
151.151025
146.091576
139.451050
136.605110
140.715912
140.083481
127.751075
109.410574
90.753858
80.318745
74.310650
65.772831
49.645839
26.878320
11.699975
-0.632431
-7.905388
-13.281052
-20.237794
-30.989122
-40.475588
-46.167468
-45.218821
-37.629648
-36.681002
-36.364786
-37.313433
-30.989122
-18.340501
-5.691880
2.529724
8.854035
19.605363
34.151278
51.543132
67.670124
79.053883
89.488996
96.445737
104.351126
122.059196
137.869972
146.091576
142.613205
135.972679
135.024032
141.664559
146.407792
145.459145
135.340248
119.529471
101.821401
87.591703
81.899823
75.575512
59.132305
34.783709
3.478371
-15.178346
-25.929674
-35.099924
-48.697192
-72.413357
-93.916013
-116.999747
-129.648368
-135.024032
-133.759170
-138.818619
-151.151025
-164.115861
-171.388819
-166.645586
-153.048318
-139.767265
-129.015937
-128.383506
-124.588920
-119.213256
-107.197066
-80.002530
-50.910701
-32.886415
-29.091829
-24.664812
-12.964837
11.067544
36.681002
56.602580
63.559322
67.670124
66.721477
73.678219
94.232229
111.624083
115.102454
104.667341
92.967367
85.694409
90.437642
96.445737
94.864660
76.840374
56.918796
41.108019
27.510751
24.664812
18.340501
0.000000
-24.348596
-47.432330
-65.772831
-73.678219
-77.156590
-90.753858
-107.829497
-124.905135
-137.237541
-140.715912
-145.459145
-146.724007
-146.407792
-150.202378
-153.680749
-148.937516
-137.553757
-126.486213
-115.418669
-104.034910
-95.180875
-79.053883
-64.191753
-52.491778
-34.783709
-18.340501
-1.264862
15.494561
32.253984
49.013408
66.089046
82.848470
99.291677
116.683531
126.169997
129.648368
134.075386
138.502403
148.621300
153.048318
153.048318
150.202378
140.083481
135.656463
131.545662
123.640273
118.897040
104.983557
83.164685
74.626866
65.456615
58.183658
46.483683
29.408045
12.648621
-3.478371
-11.067544
-16.443208
-22.451303
-33.835062
-43.005312
-53.756641
-57.551227
-54.705287
-49.645839
-49.013408
-54.705287
-55.337718
-51.859347
-43.321528
-30.672907
-20.237794
-14.862130
-12.332406
-8.221604
1.897293
14.229699
24.664812
30.356691
30.672907
30.356691
35.732355
45.218821
49.013408
48.697192
44.270175
37.945864
36.048571
37.313433
34.151278
25.297243
18.340501
13.597268
9.170250
5.691880
6.324311
-0.632431
-12.648621
-22.767518
-24.981027
-22.767518
-22.767518
-27.194536
-35.416140
-42.689097
-42.056666
-35.732355
-31.305338
-29.724260
-33.835062
-36.681002
-36.997217
-32.886415
-24.981027
-20.237794
-24.348596
-30.356691
-30.672907
-30.356691
-22.451303
-17.708070
-18.340501
-23.399949
-31.621553
-35.416140
-32.570200
-27.194536
-28.143182
-34.783709
-43.321528
-49.329623
-44.270175
-42.056666
-43.953959
-50.278270
-55.021503
-61.345813
-57.551227
-49.962054
-46.167468
-43.637743
-50.278270
-50.910701
-46.799899
-40.159373
-35.732355
-26.878320
-24.348596
-20.554010
-14.862130
-8.221604
3.794586
14.229699
22.135087
30.672907
37.629648
43.953959
54.389072
64.824184
72.097141
77.472805
81.267392
86.010625
89.805211
96.761953
103.718695
104.034910
103.402479
104.667341
99.607893
97.710600
95.497091
89.172780
80.951176
73.362004
67.986339
58.183658
51.543132
38.262079
27.510751
16.759423
3.794586
-6.640526
-15.494561
-23.399949
-35.099924
-43.321528
-57.867442
-65.772831
-71.464710
-73.362004
-75.891728
-80.318745
-78.421452
-83.480901
-86.010625
-80.318745
-70.832279
-61.345813
-61.662029
-60.397167
-54.072856
-43.005312
-28.143182
-16.443208
-6.956742
1.581078
9.170250
16.126992
26.878320
41.740450
52.807994
57.551227
66.089046
67.037693
68.302555
76.207943
81.899823
86.010625
82.532254
75.891728
73.362004
69.251202
60.713382
61.662029
54.705287
42.372881
26.562105
19.289147
15.810777
7.905388
-4.743233
-20.870225
-31.937769
-41.424235
-46.799899
-49.013408
-53.440425
-66.089046
-74.310650
-82.848470
-85.694409
-76.840374
-74.310650
-82.848470
-91.070073
-90.121427
-79.686314
-65.772831
-61.345813
-58.816089
-54.389072
-52.491778
-40.159373
-31.621553
-19.921579
-12.648621
-9.802682
-3.478371
4.427017
12.964837
24.664812
30.672907
30.040476
33.835062
38.262079
42.056666
47.116114
48.064761
41.424235
36.681002
36.681002
36.681002
36.997217
34.151278
28.459398
22.767518
18.024285
18.656716
16.759423
9.802682
6.640526
1.264862
0.000000
-1.581078
-6.956742
-5.691880
-10.751328
-18.656716
-17.075639
-12.648621
-18.656716
-17.708070
-18.972932
-19.921579
-18.340501
-16.126992
-12.016190
-12.332406
-12.648621
-18.024285
-18.656716
-15.494561
-9.486466
-5.375664
-7.589173
-12.648621
-12.016190
-5.691880
-0.632431
6.008095
3.478371
-0.316216
0.000000
2.529724
12.332406
18.340501
18.340501
18.656716
18.024285
18.340501
24.981027
32.886415
35.416140
31.305338
26.245889
24.981027
33.518846
41.424235
43.321528
39.843157
33.202631
30.672907
30.040476
32.253984
35.732355
30.040476
22.767518
17.708070
18.656716
18.024285
18.656716
14.862130
9.170250
3.478371
-0.632431
0.632431
-1.264862
-6.324311
-6.008095
-12.332406
-11.699975
-15.178346
-18.656716
-19.605363
-24.664812
-24.348596
-24.348596
-28.143182
-30.672907
-30.672907
-37.313433
-32.886415
-29.091829
-24.348596
-28.775613
-31.305338
-30.672907
-25.297243
-17.075639
-13.281052
-17.075639
-19.289147
-15.810777
-10.435113
1.264862
6.324311
6.008095
6.324311
6.008095
11.699975
20.870225
29.091829
31.305338
29.724260
24.032380
25.929674
32.253984
36.997217
36.048571
30.672907
23.399949
18.024285
18.340501
18.340501
15.178346
8.854035
-0.948647
-11.699975
-17.391854
-19.921579
-24.032380
-26.562105
-32.253984
-43.637743
-48.697192
-50.910701
-55.653934
-54.389072
-55.970149
-61.345813
-60.397167
-64.824184
-62.610675
-60.713382
-53.440425
-48.380976
-43.953959
-42.372881
-42.372881
-37.313433
-27.826967
-12.332406
-6.008095
-0.632431
0.948647
7.905388
18.656716
28.459398
37.313433
42.372881
46.799899
49.329623
49.645839
57.551227
63.243107
67.670124
65.772831
61.345813
60.713382
62.294460
68.302555
64.507969
58.816089
53.124209
47.432330
41.424235
36.997217
32.886415
23.083734
18.340501
14.229699
7.905388
3.162155
-3.478371
-8.221604
-14.862130
-23.716165
-30.040476
-30.356691
-31.305338
-35.416140
-39.843157
-43.005312
-43.005312
-48.380976
-46.483683
-38.578295
-38.578295
-43.321528
-37.629648
-31.937769
-28.775613
-20.554010
-15.494561
-9.170250
-2.213509
1.897293
6.956742
15.178346
22.451303
28.143182
33.835062
38.262079
42.056666
43.005312
47.748545
49.962054
54.389072
55.337718
54.389072
50.910701
45.535037
43.005312
39.210726
35.732355
28.459398
23.716165
18.024285
5.375664
-0.316216
-7.589173
-15.494561
-22.135087
-33.835062
-44.902606
-49.645839
-53.756641
-59.764736
-62.926891
-69.251202
-73.045788
-78.105237
-79.686314
-73.362004
-73.994435
-70.832279
-66.721477
-64.507969
-56.286365
-46.483683
-40.159373
-35.099924
-26.245889
-14.545914
-3.794586
4.110802
12.964837
21.502656
34.151278
42.372881
49.645839
55.021503
59.448520
61.978244
66.089046
72.413357
73.994435
71.464710
66.721477
67.353908
66.721477
61.029598
55.653934
49.013408
40.791804
30.672907
22.135087
17.708070
9.802682
1.581078
-9.486466
-18.972932
-25.297243
-30.672907
-36.048571
-39.526942
-45.851252
-49.013408
-48.697192
-49.013408
-49.013408
-48.697192
-49.645839
-45.218821
-42.056666
-39.210726
-34.467493
-29.724260
-21.502656
-15.810777
-11.699975
-7.272957
-0.632431
4.110802
10.751328
18.024285
23.399949
24.664812
23.716165
27.826967
31.937769
36.681002
36.364786
31.305338
24.981027
26.245889
31.621553
28.459398
24.981027
23.716165
18.972932
18.024285
18.656716
17.075639
12.648621
10.435113
6.008095
3.794586
-1.581078
2.529724
4.743233
0.316216
-2.213509
-6.324311
-0.632431
0.000000
0.000000
0.000000
0.000000
0.000000
0.000000
0.316216
5.375664
6.324311
5.691880
6.956742
2.213509
2.213509
7.905388
7.589173
5.691880
3.794586
-3.162155
-6.324311
-6.324311
-5.375664
-8.537819
-13.913483
-22.451303
-24.348596
-25.297243
-30.040476
-32.253984
-36.364786
-38.894510
-43.637743
-40.159373
-43.005312
-42.689097
-42.689097
-42.372881
-43.321528
-40.159373
-36.048571
-37.313433
-35.416140
-29.724260
-24.032380
-18.656716
-12.648621
-7.589173
-0.948647
7.589173
15.810777
21.186441
25.613458
29.408045
32.253984
36.681002
40.475588
44.902606
49.329623
48.697192
49.013408
47.116114
41.740450
46.167468
44.902606
37.945864
30.040476
20.870225
17.708070
18.340501
11.067544
4.743233
-2.213509
-12.648621
-20.870225
-24.032380
-25.613458
-30.040476
-34.151278
-37.945864
-43.321528
-48.380976
-42.689097
-43.321528
-39.526942
-38.262079
-43.953959
-38.578295
-31.937769
-24.981027
-18.340501
-12.964837
-7.272957
-0.948647
9.802682
21.502656
29.724260
35.416140
36.681002
40.159373
48.380976
52.807994
59.764736
67.353908
66.089046
65.456615
67.986339
66.721477
67.670124
64.507969
58.816089
53.124209
47.748545
42.056666
35.732355
24.664812
17.075639
9.486466
1.264862
-11.067544
-22.135087
-26.878320
-35.732355
-42.372881
-49.013408
-58.183658
-65.140400
-71.148495
-73.678219
-72.729572
-77.789021
-79.686314
-79.053883
-79.686314
-74.626866
-62.610675
-55.653934
-48.697192
-42.372881
-39.526942
-32.253984
-24.981027
-10.751328
5.375664
11.383759
15.494561
18.972932
25.929674
34.467493
45.218821
54.389072
55.021503
54.705287
55.021503
54.389072
59.448520
61.662029
61.029598
55.970149
46.167468
42.372881
37.629648
34.151278
27.826967
20.870225
7.905388
-3.794586
-6.640526
-12.016190
-18.024285
-22.767518
-29.408045
-37.629648
-46.799899
-49.013408
-49.013408
-48.697192
-50.278270
-55.337718
-54.705287
-55.337718
-54.072856
-45.218821
-43.005312
-38.578295
-36.048571
-36.681002
-27.194536
-16.443208
-4.427017
0.000000
-0.632431
4.427017
13.913483
24.664812
31.937769
35.732355
40.475588
43.321528
42.689097
42.689097
46.167468
52.807994
55.337718
53.124209
46.483683
42.689097
37.629648
36.364786
36.681002
35.732355
27.194536
23.716165
18.340501
12.964837
10.751328
6.324311
4.427017
-1.264862
-9.170250
-12.648621
-12.016190
-12.016190
-12.964837
-18.656716
-18.024285
-18.972932
-14.862130
-12.332406
-8.221604
-5.691880
-6.324311
-6.324311
-1.897293
0.632431
0.316216
6.640526
5.375664
6.640526
10.435113
15.810777
18.340501
18.656716
17.075639
12.332406
12.016190
12.332406
12.016190
12.648621
9.802682
5.375664
1.264862
-2.845940
-6.956742
-11.699975
-15.494561
-21.502656
-25.297243
-31.621553
-38.894510
-42.056666
-45.218821
-49.645839
-48.064761
-51.859347
-55.653934
-50.910701
-54.072856
-49.962054
-48.380976
-49.645839
-46.799899
-43.321528
-39.843157
-34.151278
-30.040476
-26.245889
-21.186441
-18.024285
-11.067544
-5.059449
3.162155
6.324311
9.802682
12.964837
16.443208
20.870225
26.245889
30.672907
30.356691
30.672907
30.672907
30.040476
31.937769
34.151278
30.356691
27.194536
23.399949
25.297243
22.451303
17.708070
18.656716
13.597268
11.699975
6.008095
7.272957
9.802682
5.375664
6.640526
5.691880
6.640526
6.008095
7.589173
12.648621
11.383759
14.229699
18.972932
23.399949
24.981027
28.143182
33.202631
36.364786
36.997217
36.048571
40.475588
43.321528
43.005312
49.645839
44.270175
42.689097
42.689097
43.005312
40.791804
36.681002
33.835062
29.408045
23.716165
14.229699
11.699975
4.110802
-4.743233
-12.964837
-21.502656
-29.408045
-34.783709
-40.475588
-49.329623
-55.970149
-61.029598
-66.405262
-67.986339
-73.994435
-79.370099
-79.053883
-74.310650
-72.729572
-73.994435
-69.251202
-67.037693
-65.140400
-58.183658
-51.543132
-42.056666
-35.732355
-28.775613
-20.237794
-11.383759
-3.478371
5.375664
12.016190
18.656716
27.510751
35.732355
43.005312
42.372881
49.013408
55.337718
52.175563
55.337718
54.705287
55.653934
50.594485
48.697192
46.483683
41.424235
37.629648
29.091829
23.083734
18.340501
14.862130
6.640526
-3.478371
-11.067544
-16.126992
-20.870225
-23.716165
-32.253984
-36.997217
-37.629648
-43.637743
-42.056666
-43.637743
-48.064761
-43.953959
-42.056666
-43.005312
-35.099924
-30.356691
-28.143182
-21.818872
-16.443208
-11.067544
-3.478371
2.845940
7.589173
15.810777
24.032380
31.621553
35.732355
38.578295
42.372881
47.432330
48.697192
49.962054
55.653934
54.705287
55.337718
51.859347
44.902606
42.689097
42.372881
37.313433
34.151278
26.878320
16.443208
8.221604
4.743233
-2.213509
-11.067544
-19.605363
-27.510751
-33.518846
-36.997217
-36.364786
-37.945864
-45.218821
-54.072856
-55.021503
-55.653934
-51.859347
-48.380976
-48.697192
-49.329623
-46.167468
-37.945864
-32.570200
-24.664812
-19.921579
-15.494561
-11.699975
-6.956742
-0.316216
8.854035
16.443208
22.451303
24.981027
28.775613
34.783709
38.578295
43.005312
42.689097
43.005312
42.689097
42.372881
43.005312
42.372881
43.321528
39.526942
31.305338
30.040476
25.297243
21.186441
15.178346
7.589173
4.743233
-1.264862
-6.324311
-9.802682
-14.862130
-17.708070
-21.186441
-24.981027
-27.826967
-34.783709
-36.681002
-36.681002
-36.681002
-36.681002
-36.997217
-31.937769
-30.040476
-30.672907
-25.297243
-19.921579
-13.913483
-11.699975
-12.648621
-11.383759
-4.743233
2.529724
5.691880
8.854035
12.648621
12.016190
17.708070
18.656716
18.340501
18.340501
18.656716
18.656716
18.024285
18.340501
18.024285
18.656716
16.126992
11.383759
7.272957
6.008095
1.897293
-0.948647
-4.743233
-7.589173
-12.016190
-12.332406
-12.016190
-12.648621
-11.699975
-16.443208
-18.972932
-18.024285
-18.656716
-18.024285
-18.972932
-17.075639
-12.964837
-7.589173
-6.324311
-5.059449
-0.632431
4.427017
5.691880
8.854035
12.964837
11.699975
15.810777
20.237794
23.716165
26.562105
30.989122
30.356691
30.356691
35.099924
36.997217
30.989122
30.356691
30.672907
30.672907
30.356691
30.989122
29.724260
25.613458
20.870225
15.810777
8.854035
6.008095
4.743233
0.316216
-1.897293
-10.751328
-12.648621
-11.383759
-14.545914
-18.972932
-23.399949
-30.672907
-37.313433
-36.364786
-37.313433
-35.099924
-31.305338
-36.364786
-42.689097
-39.210726
-36.048571
-36.681002
-36.997217
-36.364786
-37.313433
-34.467493
-30.356691
-30.989122
-26.245889
-21.818872
-18.024285
-18.340501
-18.340501
-16.443208
-9.802682
-6.008095
-6.008095
-6.640526
-2.213509
1.897293
6.008095
5.691880
10.118897
12.648621
11.699975
12.648621
12.016190
12.648621
11.699975
17.075639
18.972932
18.340501
18.656716
18.024285
18.340501
18.340501
18.656716
18.024285
18.656716
18.024285
19.921579
24.348596
24.032380
24.664812
24.348596
24.664812
24.348596
24.348596
20.237794
25.297243
21.502656
19.605363
25.297243
19.605363
24.981027
22.451303
18.024285
18.340501
18.340501
18.024285
18.972932
15.178346
11.699975
12.332406
12.332406
11.383759
6.008095
6.324311
6.008095
1.264862
-1.264862
-5.375664
-6.008095
-5.691880
-6.324311
-5.691880
-9.802682
-12.648621
-11.383759
-14.545914
-18.656716
-18.024285
-18.340501
-18.340501
-18.340501
-18.340501
-18.340501
-18.340501
-18.024285
-18.340501
-18.024285
-18.656716
-18.340501
-18.340501
-18.024285
-18.656716
-16.443208
-11.699975
-12.332406
-12.332406
-12.016190
-12.332406
-12.016190
-12.332406
-12.016190
-12.648621
-10.751328
-6.324311
-5.375664
-9.802682
-12.964837
-12.016190
-12.332406
-12.016190
-12.332406
-12.332406
-12.332406
-12.016190
-12.332406
-12.016190
-12.648621
-10.435113
-6.008095
-6.324311
-6.008095
-6.324311
-6.324311
-6.008095
-6.640526
-2.213509
0.948647
4.427017
6.956742
11.699975
12.332406
12.016190
12.016190
13.913483
18.656716
18.340501
18.024285
22.135087
24.981027
24.032380
24.348596
24.348596
29.724260
30.989122
30.356691
30.989122
29.091829
24.348596
24.664812
24.664812
23.083734
17.708070
19.289147
15.810777
12.332406
8.854035
5.691880
4.427017
-0.948647
-4.743233
-7.272957
-4.743233
-10.751328
-11.699975
-14.862130
-18.340501
-19.921579
-24.981027
-24.348596
-24.348596
-24.981027
-20.870225
-18.024285
-20.554010
-18.656716
-15.178346
-11.383759
-12.648621
-11.699975
-7.272957
-4.743233
-0.316216
0.316216
5.375664
11.383759
12.964837
11.383759
16.126992
18.656716
22.767518
25.297243
24.032380
24.348596
24.032380
24.664812
24.348596
24.348596
24.981027
22.451303
17.391854
19.289147
15.178346
12.332406
10.435113
5.375664
1.897293
-2.845940
-6.640526
-10.751328
-15.178346
-18.972932
-24.348596
-24.032380
-27.194536
-31.621553
-30.040476
-30.672907
-30.040476
-31.305338
-36.364786
-36.997217
-36.364786
-36.997217
-34.783709
-30.356691
-30.989122
-30.672907
-26.878320
-22.135087
-18.340501
-17.391854
-12.964837
-8.221604
-6.008095
-3.794586
1.264862
4.743233
7.589173
11.699975
12.648621
11.383759
15.810777
18.972932
18.024285
18.340501
24.032380
23.716165
18.024285
18.656716
18.340501
18.024285
18.340501
18.024285
12.964837
12.016190
12.648621
11.699975
12.964837
9.170250
5.375664
6.640526
2.529724
-0.316216
0.316216
0.316216
-1.264862
-6.640526
-5.691880
-6.324311
-6.008095
-0.948647
0.000000
-0.632431
-5.691880
-0.948647
0.000000
1.897293
6.956742
5.691880
6.324311
5.691880
6.324311
6.008095
5.691880
10.435113
12.648621
12.016190
12.332406
12.016190
12.332406
12.016190
12.332406
12.016190
12.016190
12.332406
12.332406
12.648621
8.537819
5.059449
6.956742
1.264862
