-396.121467
-374.323512
-151.082381
142.062538
321.707757
355.532171
230.006013
-13.529765
-208.959711
-330.727601
-314.191221
-118.009621
138.304269
343.505713
440.469032
342.754059
96.211666
-161.605532
-373.571858
-406.644618
-204.449790
91.701744
315.694528
371.316897
257.817198
39.085989
-202.194829
-397.624775
-450.240529
-366.055322
-174.383644
68.400481
263.078773
365.303668
287.883343
-3.006615
-311.936260
-487.071557
-464.521948
-184.906795
179.645219
480.306675
659.951894
592.303067
306.674684
15.784726
-223.241130
-337.492483
-205.201443
65.393867
396.873121
709.561034
761.425135
523.902586
157.095610
-214.221287
-456.253758
-434.455803
-189.416717
152.585689
440.469032
530.667468
384.095009
99.218280
-225.496091
-535.177390
-692.273001
-549.458809
-207.456404
152.585689
431.449188
440.469032
165.363800
-147.324113
-460.012026
-640.408900
-456.253758
-133.794348
127.029465
333.734215
366.806975
237.522550
111.244738
-118.009621
-332.230908
-320.956103
-226.999399
-114.251353
93.205051
260.823812
259.320505
143.565845
-101.473241
-349.518942
-405.141311
-338.244137
-199.188214
2.254961
182.651834
245.039086
152.585689
1.503307
-163.860493
-262.327120
-236.019242
-217.227901
-175.135298
-11.274805
83.433554
51.864101
30.066146
-69.903788
-245.790740
-305.171377
-311.936260
-218.731209
110.493085
356.283824
357.787132
302.916416
123.271197
-105.983163
-141.310884
-93.956705
16.536380
249.549008
354.028863
268.340349
196.181600
81.930247
-87.943476
-191.671678
-281.118461
-266.837041
-57.125676
122.519543
160.853879
166.115454
95.460012
-100.721587
-307.426338
-405.141311
-324.714372
-70.655442
208.208058
379.585087
437.462417
378.081780
118.009621
-208.959711
-296.151533
-158.598918
67.648827
292.393265
369.061936
329.224293
255.562237
68.400481
-117.257968
-99.218280
-42.092604
-59.380637
9.771497
138.304269
217.227901
267.588695
157.847264
-66.145520
-132.291040
-127.029465
-174.383644
-71.407096
31.569453
-51.864101
-100.721587
-70.655442
-4.509922
130.036079
149.579074
4.509922
-72.158749
-81.930247
-72.910403
90.950090
296.151533
332.230908
255.562237
142.814191
60.132291
59.380637
-3.758268
-130.787733
-160.853879
-163.108839
-187.913410
-145.820806
-69.152135
-57.125676
-187.913410
-372.820204
-414.912808
-327.720986
-246.542393
-201.443175
-179.645219
-81.930247
21.797956
-16.536380
8.268190
151.834035
127.781118
30.817799
54.870716
136.049308
254.058930
284.876729
169.122069
218.731209
368.310283
293.144919
163.108839
96.211666
-61.635598
-215.724594
-314.942874
-340.499098
-138.304269
28.562838
-95.460012
-221.737823
-236.770896
-331.479254
-415.664462
-432.200842
-351.022249
-166.115454
17.288034
154.840649
274.353578
272.098617
48.857486
-236.770896
-366.055322
-242.784125
36.831028
293.144919
481.809982
527.660854
367.558629
142.062538
11.274805
33.824414
139.807577
205.201443
337.492483
583.283223
668.971738
604.329525
524.654239
302.164762
-30.817799
-239.777511
-244.287432
30.817799
360.042093
326.969333
104.479856
-33.072760
-257.065544
-502.856284
-499.849669
-318.701143
-95.460012
-15.784726
-125.526158
-78.923632
146.572459
154.088996
-15.784726
-90.950090
-108.989778
-132.291040
-97.714973
56.374023
333.734215
459.260373
164.612147
-205.201443
-307.426338
-200.691521
-87.943476
-12.778112
130.036079
274.353578
158.598918
-171.377029
-296.151533
-115.754660
21.046302
-66.145520
-102.224895
63.138906
155.592303
-62.387252
-301.413109
-278.111846
-189.416717
-244.287432
-305.171377
-161.605532
109.741431
124.022850
-154.088996
-257.065544
-114.251353
-42.844257
-133.042694
-162.357186
11.274805
184.155141
72.158749
-122.519543
-84.185207
-37.582682
-223.241130
-439.717378
-422.429345
-204.449790
-66.897174
-215.724594
-400.631389
-406.644618
-458.508719
-602.074564
-600.571257
-380.336741
-171.377029
-223.992784
-384.846663
-256.313891
10.523151
74.413710
90.198437
209.711365
290.138304
266.085388
271.346963
448.737222
761.425135
841.100421
599.067949
426.939266
441.972339
505.862898
540.438966
558.478653
579.524955
538.184005
332.982562
125.526158
203.698136
363.800361
278.863500
46.602526
-91.701744
-115.003007
-128.532772
-217.227901
-245.039086
-185.658449
-263.830427
-442.723993
-438.965725
-179.645219
77.420325
127.029465
31.569453
20.294648
140.559230
211.214672
351.022249
622.369212
808.779314
796.752856
693.776308
690.018040
793.746242
795.249549
682.501503
653.938665
629.885749
506.614552
411.154540
362.297054
307.426338
178.141912
-76.668671
-281.118461
-350.270595
-463.770295
-674.233313
-834.335538
-917.769092
-902.736019
-841.852075
-844.107035
-780.968130
-690.769693
-761.425135
-897.474444
-889.206254
-767.438364
-655.441972
-641.912207
-570.505111
-294.648226
-4.509922
90.198437
51.864101
-11.274805
-102.976548
-141.310884
-3.006615
346.512327
688.514732
738.123873
558.478653
433.704149
366.806975
240.529164
27.811185
-199.939868
-312.687913
-384.846663
-469.783524
-454.750451
-377.330126
-495.339747
-913.259170
-1403.337342
-1610.042093
-1409.350571
-1104.930848
-930.547204
-835.087192
-774.203247
-820.805773
-911.004209
-890.709561
-729.104029
-573.511726
-490.829826
-298.406494
134.546001
556.223692
628.382441
462.266987
314.942874
283.373422
365.303668
610.342754
1012.477450
1328.923632
1279.314492
961.365003
764.431750
809.530968
871.918220
840.348767
787.733013
803.517739
872.669874
880.938064
806.524354
728.352375
599.067949
414.912808
311.184606
338.995791
536.680698
799.007817
929.795550
898.977751
829.825616
770.444979
792.994588
909.500902
984.666266
1095.159351
1295.099218
1470.234516
1514.582081
1413.108839
1231.208659
1032.772099
829.073963
662.958509
647.925436
692.273001
655.441972
594.558028
624.624173
600.571257
317.949489
-136.800962
-432.952495
-517.889357
-611.846061
-676.488274
-442.723993
-23.301263
90.950090
-284.876729
-733.613951
-847.113650
-895.219483
-1153.036681
-1334.936861
-1181.599519
-977.901383
-1089.897775
-1470.234516
-1730.306675
-1820.505111
-2121.918220
-2623.271197
-2950.992183
-3005.111245
-2963.770295
-2890.108238
-2793.896572
-2636.800962
-2527.059531
-2669.873722
-2908.147925
-2951.743836
-2734.515935
-2322.609741
-1867.107637
-1486.019242
-1121.467228
-757.666867
-535.929044
-405.892965
-148.827420
289.386651
742.633794
1056.825015
1352.976548
1835.538184
2285.027060
2388.003608
2288.785328
2302.315093
2439.116055
2472.188815
2359.440770
2343.656043
2489.476849
2424.082983
2067.799158
1788.184005
1714.521948
1584.485869
1224.443776
877.931449
816.295851
874.924835
735.868912
547.955502
556.975346
641.160553
571.256765
393.866506
296.903187
369.061936
460.763680
478.051714
585.538184
762.928443
896.722790
960.613349
977.149729
935.057126
842.603728
722.339146
647.173782
665.213470
685.508118
637.402285
547.955502
464.521948
403.638004
309.681299
67.648827
-177.390259
-242.784125
-161.605532
-132.291040
-231.509321
-320.204450
-290.138304
-304.419723
-536.680698
-722.339146
-611.094408
-320.204450
-85.688515
-29.314492
-111.996392
-235.267589
-417.167769
-669.723391
-738.123873
-529.164161
-311.184606
-270.595310
-402.886350
-587.041491
-686.259771
-788.484666
-1012.477450
-1302.615755
-1537.883343
-1604.780517
-1540.889958
-1488.274203
-1522.098617
-1608.538785
-1710.012026
-1877.630788
-2173.030667
-2409.049910
-2405.291642
-2189.567048
-1891.912207
-1654.389657
-1482.260974
-1283.072760
-998.196031
-752.405292
-676.488274
-773.451594
-844.858689
-601.322910
-35.327721
425.435959
571.256765
644.167168
853.878533
1110.944077
1103.427541
802.014432
651.683704
858.388455
1098.165965
1150.030066
1158.298256
1336.440168
1585.237523
1547.654841
1237.973542
951.593506
911.004209
1008.719182
1058.328322
1113.950692
1168.821407
1157.546603
1021.497294
875.676488
828.322309
789.236320
629.134095
437.462417
399.879735
554.720385
693.024654
610.342754
417.167769
278.863500
247.294047
298.406494
345.760673
345.760673
357.787132
403.638004
390.108238
276.608539
176.638605
223.992784
430.697535
622.369212
598.316296
443.475646
361.545400
416.416115
481.058328
455.502105
370.565244
325.466025
401.383043
504.359591
502.856284
415.664462
332.982562
305.923031
345.009020
322.459411
240.529164
187.161756
171.377029
133.042694
36.831028
-96.211666
-211.966326
-269.092002
-310.432952
-390.859892
-509.621167
-595.309681
-638.905592
-656.945280
-693.024654
-762.176789
-851.623572
-953.848467
-1062.838244
-1149.278413
-1189.116055
-1202.645821
-1234.966927
-1246.993385
-1225.195430
-1263.529765
-1364.251353
-1449.939868
-1483.764281
-1474.744438
-1462.717980
-1440.168370
-1345.460012
-1257.516536
-1235.718581
-1231.960313
-1205.652435
-1190.619363
-1183.102826
-1146.271798
-1053.818400
-888.454600
-702.796152
-547.203848
-414.161155
-315.694528
-289.386651
-274.353578
-210.463019
-85.688515
90.950090
292.393265
473.541792
602.074564
679.494889
730.607336
787.733013
897.474444
1034.275406
1110.192423
1164.311485
1276.307877
1413.108839
1510.823812
1516.837041
1475.496091
1475.496091
1519.092002
1517.588695
1484.515935
1495.790740
1518.340349
1498.797354
1437.161756
1346.963319
1286.079375
1240.228503
1159.049910
1053.066747
956.103428
891.461215
844.107035
779.464823
685.508118
562.988575
463.770295
386.349970
303.668070
233.012628
181.148527
142.062538
96.963319
24.052916
-33.824414
-45.850872
-63.138906
-149.579074
-251.052315
-271.346963
-230.006013
-217.227901
-231.509321
-254.810583
-257.065544
-270.595310
-375.826819
-466.025256
-442.723993
-389.356584
-405.141311
-456.253758
-484.816597
-496.843055
-532.170776
-595.309681
-660.703548
-711.064342
-750.150331
-796.001203
-792.994588
-724.594107
-674.233313
-696.782922
-780.216476
-898.226097
-995.189417
-1018.490679
-1012.477450
-982.411305
-953.848467
-985.417919
-1048.556825
-1074.864702
-1077.119663
-1091.401082
-1110.192423
-1163.559832
-1192.122670
-1183.102826
-1136.500301
-1057.576669
-965.874925
-929.043897
-952.345159
-944.828623
-892.212868
-786.981359
-649.428743
-550.210463
-458.508719
-329.224293
-187.913410
-39.085989
130.036079
290.889958
403.638004
481.809982
596.061335
774.954901
976.398076
1144.768491
1231.208659
1315.393867
1419.122069
1532.621768
1633.343355
1688.214071
1695.730607
1688.965725
1709.260373
1730.306675
1731.058328
1711.515334
1655.141311
1567.197835
1458.959711
1348.466627
1270.294648
1222.188815
1134.996993
968.881539
803.517739
682.501503
599.067949
542.693927
446.482261
314.191221
214.972940
112.748046
38.334336
12.778112
-11.274805
-48.105833
-103.728202
-187.913410
-235.267589
-212.717980
-205.201443
-251.052315
-312.687913
-357.035478
-378.833434
-351.773903
-285.628382
-216.476248
-175.135298
-190.168370
-254.810583
-326.969333
-349.518942
-329.975947
-294.648226
-254.810583
-245.039086
-273.601924
-287.883343
-311.936260
-347.263981
-384.846663
-482.561636
-606.584486
-668.220084
-668.220084
-682.501503
-680.998196
-683.253157
-710.312688
-765.935057
-859.891762
-959.861696
-1035.027060
-1089.897775
-1080.126278
-980.907998
-918.520746
-969.633193
-1047.053518
-1067.348166
-1037.282020
-1043.295250
-1084.636200
-1065.093205
-965.874925
-904.990980
-868.159952
-762.928443
-622.369212
-553.968731
-563.740229
-511.124474
-384.846663
-259.320505
-163.860493
-51.112447
90.950090
215.724594
298.406494
368.310283
469.783524
551.713770
583.283223
605.832832
674.984967
791.491281
922.279014
974.143115
931.298857
895.971137
914.010824
951.593506
993.686109
1019.242333
1006.464221
1001.202646
986.169573
965.123271
959.110042
957.606735
965.123271
971.136500
914.762477
817.799158
787.733013
845.610343
886.951293
841.100421
735.117258
651.683704
610.342754
584.786530
544.197234
541.942273
550.962117
501.352977
417.167769
326.969333
272.098617
250.300661
262.327120
255.562237
207.456404
139.807577
78.171978
7.516536
-87.191822
-159.350571
-175.886951
-163.860493
-178.893566
-230.006013
-281.118461
-308.929645
-364.552014
-469.783524
-556.975346
-594.558028
-594.558028
-596.061335
-596.061335
-590.048106
-567.498497
-578.773301
-636.650631
-690.769693
-753.156945
-800.511124
-806.524354
-735.117258
-613.349369
-553.968731
-605.081179
-697.534576
-741.130487
-754.660253
-749.398677
-754.660253
-750.901984
-705.802766
-617.859290
-541.190619
-526.909200
-581.028262
-640.408900
-632.892363
-588.544799
-555.472038
-569.753458
-627.630788
-627.630788
-484.816597
-312.687913
-281.870114
-357.787132
-354.028863
-248.797354
-330.727601
-693.024654
-804.269393
-175.886951
724.594107
923.030667
265.333734
-315.694528
-59.380637
590.799759
789.987974
551.713770
556.223692
967.378232
1206.404089
928.292243
556.975346
650.180397
1083.884546
1250.751654
951.593506
650.180397
772.699940
1139.506915
1256.764883
989.176188
701.292844
673.481660
803.517739
812.537583
683.253157
602.826218
648.677090
706.554420
670.475045
572.760072
458.508719
378.081780
345.009020
369.061936
424.684305
418.671076
316.446182
228.502706
211.214672
235.267589
205.953097
113.499699
39.837643
53.367408
85.688515
56.374023
4.509922
-39.085989
-99.218280
-193.174985
-295.399880
-376.578473
-392.363199
-359.290439
-359.290439
-429.945881
-502.104630
-557.726999
-581.779916
-580.276609
-593.806374
-638.153939
-694.527962
-714.070956
-643.415514
-538.184005
-540.438966
-637.402285
-682.501503
-646.422129
-592.303067
-556.975346
-563.740229
-569.001804
-581.028262
-595.309681
-594.558028
-599.819603
-596.812989
-576.518340
-552.465424
-558.478653
-608.839447
-642.663860
-606.584486
-546.452195
-505.111245
-483.313289
-454.750451
-418.671076
-402.886350
-377.330126
-335.989176
-259.320505
-169.122069
-121.016236
-90.950090
-43.595911
55.622369
174.383644
229.254360
250.300661
332.230908
450.240529
532.170776
611.846061
655.441972
660.703548
682.501503
773.451594
863.650030
856.133494
828.322309
931.298857
898.977751
376.578473
-127.029465
248.797354
1246.241732
1594.257366
800.511124
-65.393867
14.281419
537.432351
547.203848
230.757667
374.323512
861.395069
897.474444
309.681299
-184.155141
-64.642213
343.505713
457.757066
221.737823
21.797956
105.983163
360.793746
439.717378
222.489477
-44.347565
-82.681900
51.112447
102.224895
21.797956
-23.301263
38.334336
65.393867
0.000000
-3.758268
78.171978
81.930247
-33.072760
-115.003007
-45.850872
70.655442
108.989778
59.380637
28.562838
29.314492
24.052916
-40.589296
-113.499699
-137.552616
-187.161756
-269.843656
-279.615153
-192.423331
-147.324113
-243.535779
-420.174384
-537.432351
-616.355983
-699.037883
-741.882141
-699.789537
-705.051112
-805.021046
-871.918220
-886.199639
-902.736019
-975.646422
-1043.295250
-1018.490679
-964.371618
-944.076969
-917.017438
-817.047505
-712.567649
-677.991581
-652.435358
-590.799759
-506.614552
-368.310283
-252.555622
-327.720986
-503.607937
-438.214071
20.294648
467.528563
400.631389
-45.099218
-248.045701
6.764883
295.399880
359.290439
440.469032
771.948286
1122.218882
1132.742032
867.408298
668.971738
744.888755
963.619964
1118.460613
1189.867709
1243.235117
1231.960313
1161.304871
1031.268791
799.759471
572.760072
508.869513
653.187011
782.471437
718.580878
575.015033
587.041491
635.147324
436.710764
148.075767
95.460012
234.515935
302.916416
273.601924
345.760673
463.018641
336.740830
24.052916
-118.009621
20.294648
154.088996
142.062538
118.009621
154.840649
169.873722
192.423331
217.979555
134.546001
-87.191822
-206.704750
-29.314492
158.598918
87.943476
-97.714973
-149.579074
-170.625376
-354.028863
-549.458809
-514.882742
-400.631389
-458.508719
-642.663860
-756.163560
-796.001203
-869.663259
-950.090198
-1005.712568
-1096.662658
-1222.940469
-1227.450391
-1098.165965
-1044.046903
-1165.814793
-1291.340950
-1292.844257
-1258.268190
-1295.850872
-1331.178593
-1206.404089
-1018.490679
-920.024053
-938.815394
-1071.106434
-1221.437162
-1311.635598
-1227.450391
-861.395069
-423.180998
-233.012628
-308.929645
-396.121467
-350.270595
-176.638605
9.019844
182.651834
612.597715
1256.764883
1585.989176
1341.701744
925.285628
869.663259
1257.516536
1686.710764
1850.571257
1940.018040
2197.083584
2351.172580
2035.478052
1428.893566
1113.199038
1327.420325
1719.031870
1815.243536
1619.813590
1525.856885
1480.757667
1137.251954
618.610944
332.230908
428.442574
685.508118
874.924835
911.004209
813.289236
555.472038
188.665063
-75.165364
-160.102225
-137.552616
-57.125676
131.539387
342.754059
361.545400
96.211666
-266.837041
-466.025256
-432.200842
-325.466025
-293.896572
-293.896572
-269.092002
-288.634997
-442.723993
-675.736621
-892.964522
-1051.563440
-1178.592904
-1330.426939
-1425.886951
-1355.231509
-1183.854480
-1086.891161
-1207.155743
-1540.138304
-1854.329525
-1895.670475
-1664.161155
-1344.708358
-1130.487072
-1086.891161
-1089.146121
-1073.361395
-1113.950692
-1269.542995
-1377.029465
-1249.248346
-901.984366
-547.955502
-534.425737
-898.977751
-1209.410704
-1089.146121
-717.829224
-519.392664
-571.256765
-606.584486
-487.071557
-362.297054
-357.035478
-315.694528
-35.327721
338.244137
470.535177
334.485869
155.592303
146.572459
417.167769
890.709561
1361.996392
1613.800361
1584.485869
1427.390259
1382.291040
1458.208058
1560.432952
1828.021648
2318.099820
2669.873722
2553.367408
2221.136500
2129.434756
2293.295250
2263.229104
1988.123873
1999.398677
2405.291642
2629.284426
2360.192423
2020.444979
1924.233313
1765.634396
1295.850872
965.874925
1263.529765
1821.256765
1859.591100
1270.294648
608.087793
182.651834
-134.546001
-336.740830
-327.720986
-173.631990
-190.920024
-644.167168
-1352.224895
-1886.650631
-2061.785929
-2074.564041
-2221.136500
-2546.602526
-2776.608539
-2760.823812
-2754.058930
-2996.843055
-3332.080577
-3465.874925
-3433.553818
-3407.997595
-3291.491281
-2908.147925
-2392.513530
-2157.245941
-2288.785328
-2440.619363
-2224.143115
-1654.389657
-1002.705953
-461.515334
-130.036079
30.066146
66.897174
6.013229
-131.539387
-163.860493
155.592303
796.752856
1358.238124
1392.062538
882.441371
241.280818
-158.598918
-217.227901
121.767889
760.673482
1252.254961
1123.722189
418.671076
-283.373422
-472.790138
-219.482862
166.867108
535.929044
830.577270
928.292243
790.739627
602.074564
536.680698
656.193626
904.239327
1307.877330
1885.898978
2485.718581
2798.406494
2642.062538
2180.547204
1885.147324
2157.997595
2941.972339
3703.397474
3919.122069
3633.493686
3205.802766
2839.747444
2561.635598
2418.821407
2500.000000
2697.684907
2751.803969
2599.218280
2316.596512
1828.773301
949.338545
-106.734817
-717.077571
-520.144317
72.158749
263.078773
-363.800361
-1579.224293
-2842.754059
-3687.612748
-3892.062538
-3538.033674
-3015.634396
-2882.591702
-3426.037282
-4383.644017
-5136.800962
-5191.671678
-4719.633193
-4210.763680
-3958.208058
-3856.734817
-3698.887553
-3477.149729
-3273.451594
-3070.505111
-2741.280818
-2223.391461
-1560.432952
-835.838845
-175.886951
223.241130
302.164762
242.032471
312.687913
624.624173
1083.884546
1562.687913
1966.325917
2086.590499
1727.300060
1079.374624
617.107637
632.892363
975.646422
1268.039687
1296.602526
1043.295250
575.766687
-5.261575
-500.601323
-608.087793
-282.621768
190.920024
472.790138
391.611545
62.387252
-289.386651
-434.455803
-245.790740
314.942874
1074.864702
1683.704149
1916.716777
1834.786530
1676.187613
1691.220686
2060.282622
2738.274203
3449.338545
3865.754660
3925.886951
3876.277811
3880.036079
3809.380637
3553.818400
3247.895370
3150.180397
3339.597114
3589.146121
3545.550210
2924.684305
1732.561636
431.449188
-300.661455
-183.403488
270.595310
300.661455
-470.535177
-1822.008419
-3231.358990
-4231.058328
-4497.143716
-4084.485869
-3563.589898
-3633.493686
-4527.209862
-5728.352375
-6420.625376
-6246.993385
-5581.028262
-5026.307877
-4824.864702
-4794.046903
-4644.467829
-4307.726999
-3873.271197
-3408.749248
-2905.892965
-2364.702345
-1659.651233
-729.104029
243.535779
918.520746
1110.944077
1036.530367
1073.361395
1414.612147
2082.080577
2954.750451
3698.135899
3858.238124
3325.315695
2553.367408
2147.474444
2304.570054
2722.489477
3050.210463
3087.793145
2778.111846
2157.245941
1419.122069
845.610343
664.461816
850.120265
1209.410704
1440.920024
1274.052916
704.299459
76.668671
-144.317498
179.645219
830.577270
1471.737823
1840.799759
1839.296452
1549.158148
1266.536380
1343.205051
1874.624173
2583.433554
3139.657246
3462.116657
3553.818400
3355.381840
2859.290439
2324.113049
2145.971137
2503.758268
3129.134095
3400.481058
2838.995791
1553.668070
197.684907
-505.862898
-412.657847
-48.105833
-95.460012
-840.348767
-2093.355382
-3401.232712
-4249.849669
-4397.173782
-4092.754059
-3948.436560
-4403.187011
-5363.800361
-6253.006615
-6515.333734
-6139.506915
-5603.577871
-5405.141311
-5531.419122
-5596.812989
-5322.459411
-4788.033674
-4253.607937
-3843.956705
-3518.490679
-3126.127480
-2500.000000
-1613.048707
-713.319302
-128.532772
42.844257
47.354179
221.737823
707.306073
1421.377029
2148.226097
2597.714973
2600.721587
2299.308479
2024.203247
2017.438364
2222.639808
2475.947084
2615.754660
2561.635598
2357.185809
2058.027661
1724.293446
1452.194829
1357.486470
1505.562237
1799.458809
1933.253157
1725.045099
1266.536380
899.729405
960.613349
1501.052315
2218.881539
2669.873722
2613.499699
2275.255562
2058.779314
2227.901383
2770.595310
3431.298857
3971.737823
4199.488876
4063.439567
3680.847865
3244.137102
2960.763680
2993.084787
3236.620565
3301.262778
2899.879735
2185.057126
1561.936260
1066.596512
327.720986
-826.067348
-1800.962117
-1915.213470
-1470.234516
-1508.568851
-2614.251353
-4263.379435
-5547.203848
-6083.132892
-6072.609741
-5781.719784
-5415.664462
-5312.687913
-5860.643416
-6926.488274
-7690.920024
-7398.526759
-6139.506915
-4748.947685
-4027.360192
-4044.648226
-4264.131088
-4182.200842
-3610.944077
-2611.996392
-1355.231509
-188.665063
509.621167
679.494889
668.220084
871.166566
1346.963319
1933.253157
2574.413710
3232.862297
3686.861094
3687.612748
3278.713169
2783.373422
2548.105833
2673.631990
3066.746843
3468.881539
3524.503909
3074.263379
2294.046903
1574.714372
1260.523151
1469.482862
2058.027661
2609.741431
2678.141912
2166.265785
1410.102225
983.162959
1241.731810
2015.935057
2859.290439
3310.282622
3237.372219
2905.892965
2705.201443
2787.883343
3165.965123
3820.655442
4578.322309
5000.000000
4648.977751
3719.182201
2945.730607
2838.995791
3138.905592
3241.130487
3032.922429
2761.575466
2202.345159
862.898376
-1018.490679
-2339.897775
-2176.037282
-1174.082983
-984.666266
-2315.844859
-4397.925436
-6059.831630
-6824.263379
-6892.663860
-6483.764281
-5849.368611
-5620.114251
-6446.181600
-8016.386049
-9079.975947
-8690.619363
-7127.179796
-5649.428743
-5111.996392
-5276.608539
-5483.313289
-5324.714372
-4756.464221
-3818.400481
-2518.039687
-1247.745039
-526.157547
-345.009020
-277.360192
53.367408
664.461816
1347.714973
2033.223091
2714.972940
3159.951894
3174.984967
2823.962718
2445.129284
2407.546603
2793.896572
3294.497895
3504.960914
3245.640409
2623.271197
1933.253157
1439.416717
1336.440168
1643.866506
2038.484666
2166.265785
1913.710162
1436.410102
988.424534
778.713169
998.947685
1667.167769
2437.612748
2826.217679
2665.363800
2261.725797
2096.361996
2438.364402
3148.677090
3933.403488
4572.309080
4824.113049
4501.653638
3811.635598
3269.693325
3264.431750
3692.874324
3994.287432
3929.645219
3668.821407
3000.601323
1591.250752
-242.784125
-1400.330728
-1076.368010
18.039687
242.784125
-1134.245340
-3411.004209
-5434.455803
-6446.933253
-6380.036079
-5568.250150
-4677.540589
-4703.848467
-6181.599519
-8316.295851
-9488.875526
-8740.228503
-6757.366206
-5215.724594
-5033.824414
-5729.104029
-6339.446783
-6289.837643
-5466.025256
-4083.734215
-2514.281419
-1349.969934
-1053.818400
-1263.529765
-1234.215274
-630.637402
426.939266
1486.770896
2257.967529
2799.909802
3075.766687
3044.197234
2890.859892
2848.767288
3166.716777
3792.092604
4262.627781
4289.687312
3878.532772
3281.719784
2829.975947
2716.476248
2895.369814
3165.213470
3214.822610
2912.657847
2472.188815
2138.454600
2003.156945
2082.080577
2239.927841
2435.357787
2649.579074
2701.443175
2621.016236
2605.983163
2708.959711
2921.677691
3196.782922
3480.907998
3881.539387
4210.763680
4019.092002
3438.815394
3019.392664
3039.687312
3237.372219
3123.120866
2863.048707
2823.962718
2452.645821
1072.609741
-830.577270
-1823.511726
-1144.016837
16.536380
-228.502706
-2131.689717
-4317.498497
-5610.342754
-5892.212868
-5703.547805
-5326.969333
-4941.371016
-5309.681299
-6900.932051
-8753.006615
-9276.909200
-7962.266987
-6033.523752
-5238.274203
-5837.342153
-6749.849669
-7015.183403
-6334.936861
-5000.751654
-3556.073361
-2428.592904
-1977.600722
-2159.500902
-2284.275406
-1821.256765
-790.739627
467.528563
1407.095610
1864.852676
2024.203247
1983.613951
1945.279615
2098.616957
2472.940469
3100.571257
3717.678894
3883.042694
3576.368010
3059.230307
2647.324113
2624.774504
2943.475646
3338.093806
3497.444378
3125.375827
2437.612748
2003.908599
2170.775707
2756.313891
3200.541191
3117.107637
2733.764281
2425.586290
2360.192423
2629.284426
3141.912207
3645.520144
3898.075767
3749.248346
3495.189417
3625.225496
4016.837041
4167.919423
3971.737823
3628.983764
3313.289236
3011.124474
2738.274203
2859.290439
3147.173782
2536.079375
724.594107
-1116.205652
-1556.674684
-564.491882
137.552616
-726.097414
-2589.446783
-4269.392664
-5163.860493
-5360.042093
-5115.754660
-4605.381840
-4419.723391
-5363.800361
-7122.669874
-8303.517739
-7870.565244
-6173.331329
-4801.563440
-4866.205652
-5792.242934
-6423.631990
-6147.775105
-5009.771497
-3628.983764
-2490.980156
-1897.173782
-2026.458208
-2363.199038
-2132.441371
-1205.652435
24.052916
989.927841
1349.969934
1321.407096
1174.082983
1131.990379
1456.704750
2004.660253
2489.476849
2812.687913
2827.720986
2539.085989
2175.285628
1906.193626
1953.547805
2330.877931
2636.049308
2621.767889
2260.974143
1709.260373
1446.181600
1680.697535
2209.861696
2724.744438
2789.386651
2418.069753
2139.206254
2182.050511
2570.655442
3202.796152
3690.619363
3868.009621
3743.986771
3501.202646
3639.506915
4158.147925
4485.117258
4327.269994
3902.585689
3498.196031
3179.494889
2769.092002
2506.013229
2796.151533
2854.780517
1652.134696
-442.723993
-1914.461816
-1665.664462
-602.826218
-698.286230
-2292.543596
-4213.770295
-5515.634396
-5965.123271
-5928.292243
-5672.730006
-5342.002405
-5665.965123
-7058.779314
-8575.616356
-8898.075767
-7662.357186
-5886.951293
-5223.241130
-5898.977751
-6722.790138
-6738.574865
-5768.190018
-4265.634396
-2917.919423
-2092.603728
-1888.905592
-2103.126879
-1968.580878
-1097.414311
105.231509
1157.546603
1776.909200
1970.835839
2015.935057
2033.974744
2175.285628
2602.976548
3071.256765
3412.507517
3624.473842
3586.139507
3289.987974
2915.664462
2675.886951
2825.466025
3262.176789
3459.861696
3222.339146
2630.787733
2015.935057
1903.938665
2369.963921
3016.386049
3383.193025
3185.508118
2626.277811
2329.374624
2507.516536
3093.806374
3810.883945
4181.449188
4140.859892
3934.155141
3880.787733
4237.071557
4730.156344
4796.301864
4473.842453
4145.369814
3956.704750
3771.797956
3366.656645
3013.379435
3137.402285
3071.256765
1889.657246
-1.503307
-1261.274805
-1019.242333
-142.062538
-384.095009
-2000.150331
-3803.367408
-4957.907396
-5417.167769
-5494.588094
-5378.081780
-5103.728202
-5382.591702
-6766.386049
-8302.014432
-8640.258569
-7445.129284
-5768.941672
-5178.893566
-5892.964522
-6719.783524
-6770.895971
-5900.481058
-4453.547805
-3109.591100
-2342.152736
-2228.653037
-2520.294648
-2436.109441
-1543.896572
-291.641612
772.699940
1314.642213
1343.205051
1286.079375
1389.055923
1694.227300
2248.947685
2739.777511
2954.750451
2958.508719
2744.287432
2460.914011
2324.113049
2355.682502
2565.393867
2795.399880
2713.469633
2328.622971
1819.001804
1415.363800
1485.267589
1971.587492
2448.135899
2533.824414
2097.113650
1549.909802
1484.515935
1920.475045
2548.857486
3037.432351
3119.362598
2893.866506
2717.227901
2850.270595
3441.822008
4044.648226
3980.006013
3384.696332
2858.538785
2760.823812
2894.618160
2801.413109
2506.764883
2381.990379
1970.835839
736.620565
-803.517739
-1603.277210
-1125.977150
-384.846663
-960.613349
-2766.837041
-4459.561034
-5233.764281
-5275.856885
-5218.731209
-5286.380036
-5358.538785
-5832.080577
-7033.974744
-8137.402285
-8087.793145
-6848.316296
-5506.614552
-5272.850271
-6011.725797
-6564.942874
-6272.549609
-5237.522550
-3870.264582
-2741.280818
-2163.259170
-2138.454600
-2342.152736
-2058.027661
-1050.811786
191.671678
1116.205652
1501.052315
1491.280818
1483.012628
1673.932652
2054.269393
2615.003007
3135.147324
3408.749248
3393.716176
3135.898978
2837.492483
2778.863500
2999.849669
3380.186410
3631.238725
3468.881539
3017.137703
2539.837643
2333.884546
2612.748046
3208.809381
3706.404089
3731.208659
3197.534576
2598.466627
2572.910403
3170.475045
3923.631990
4335.538184
4211.515334
3846.211666
3692.874324
3955.953097
4535.478052
4935.357787
4673.030667
3970.986170
3442.573662
3340.348767
3395.219483
3180.246542
2760.823812
2469.182201
1982.862297
764.431750
-768.941672
-1579.224293
-1225.947084
-668.971738
-1322.158749
-3083.283223
-4654.239327
-5317.197835
-5426.939266
-5563.740229
-5744.137102
-5747.895370
-6012.477450
-7051.262778
-8172.730006
-8208.809381
-7030.216476
-5732.110643
-5449.488876
-5991.431149
-6341.701744
-5974.894768
-5089.446783
-3980.757667
-2884.095009
-2094.107035
-1844.558028
-1959.561034
-1783.674083
-925.285628
271.346963
1201.894167
1613.048707
1640.108238
1611.545400
1698.737222
1996.392063
2551.112447
3109.591100
3293.746242
3022.399278
2586.440168
2339.897775
2403.036681
2681.900180
2944.978954
2957.757066
2628.532772
2097.113650
1700.992183
1737.071557
2168.520746
2669.122069
2854.780517
2584.185207
2116.656645
1897.925436
2158.749248
2746.542393
3262.928443
3419.272399
3307.276007
3157.696933
3217.077571
3628.232111
4205.502105
4501.653638
4225.796753
3566.596512
3196.031269
3391.461215
3606.434155
3311.034275
2625.526158
2117.408298
1906.193626
1296.602526
21.046302
-1101.924233
-1329.675286
-1049.308479
-1310.883945
-2533.072760
-3953.698136
-4809.079976
-5315.694528
-5742.633794
-5927.540589
-5822.309080
-5865.153337
-6634.095009
-7866.806975
-8368.159952
-7622.519543
-6431.900180
-5772.699940
-5994.437763
-6476.999399
-6456.704750
-5834.335538
-4815.844859
-3609.440770
-2669.873722
-2291.791942
-2317.348166
-2345.911004
-1797.203848
-652.435358
482.561636
1210.914011
1422.128683
1243.986771
1156.043295
1483.012628
2142.212868
2894.618160
3262.176789
3081.028262
2714.972940
2422.579675
2426.337943
2801.413109
3223.090800
3381.689717
3090.048106
2449.639206
2017.438364
2127.179796
2574.413710
3018.641010
3132.140710
2851.022249
2508.268190
2327.119663
2459.410704
2948.737222
3395.219483
3513.980758
3409.500902
3260.673482
3371.918220
3790.589296
4146.873121
4234.064943
3986.019242
3519.242333
3344.858689
3568.099820
3695.880938
3348.616957
2549.609140
1903.938665
1793.445580
1599.518942
717.829224
-466.025256
-1228.953698
-1297.354179
-1261.274805
-1933.253157
-3088.544799
-4067.949489
-4754.960914
-5203.698136
-5415.664462
-5398.376428
-5308.177992
-5725.345761
-6770.144317
-7537.582682
-7245.189417
-6110.944077
-5151.834035
-5151.082381
-5740.378833
-5963.619964
-5444.227300
-4386.650631
-3185.508118
-2289.536981
-1915.965123
-2018.190018
-2151.232712
-1692.723993
-548.707156
688.514732
1412.357186
1453.698136
1165.063139
1079.374624
1450.691521
2176.788936
2913.409501
3247.895370
3050.962117
2632.291040
2406.043295
2595.460012
3027.660854
3378.683103
3394.467829
3014.131088
2489.476849
2178.292243
2318.099820
2762.327120
3100.571257
3069.001804
2795.399880
2545.099218
2506.764883
2688.665063
2985.568250
3250.901984
3363.650030
3314.792544
3286.229705
3429.795550
3703.397474
3952.194829
3956.704750
3661.304871
3271.948286
3091.551413
3266.686711
3482.411305
3166.716777
2289.536981
1505.562237
1307.125676
1346.963319
817.799158
-428.442574
-1528.863500
-1813.740229
-1669.422730
-1961.815995
-2962.266987
-4115.303668
-4863.199038
-5288.634997
-5569.753458
-5611.094408
-5507.366206
-5688.514732
-6467.227901
-7385.748647
-7436.861094
-6465.724594
-5415.664462
-5118.761275
-5535.177390
-5877.179796
-5556.223692
-4662.507517
-3556.073361
-2563.890559
-2049.007817
-2073.060734
-2178.292243
-1848.316296
-891.461215
272.850271
1004.960914
1196.632592
1093.656043
969.633193
1125.225496
1668.671076
2384.245340
2905.141311
2900.631389
2484.215274
2146.722790
2150.481058
2459.410704
2878.081780
3123.872520
2988.574865
2515.784726
1993.385448
1854.329525
2266.235719
2813.439567
3024.654239
2817.949489
2452.645821
2270.745640
2405.291642
2696.933253
3062.236921
3377.931449
3435.808779
3276.458208
3143.415514
3305.021046
3762.026458
4078.472640
3858.989778
3279.464823
2870.565244
2985.568250
3356.885147
3247.143716
2491.731810
1700.992183
1334.185207
1208.659050
655.441972
-431.449188
-1255.261575
-1393.565845
-1419.122069
-2006.163560
-3168.971738
-4222.790138
-4667.017438
-4875.977150
-5230.757667
-5561.485268
-5744.888755
-5964.371618
-6467.979555
-7057.276007
-7061.785929
-6319.152135
-5587.793145
-5461.515334
-5777.209862
-5921.527360
-5422.429345
-4480.607336
-3538.785328
-2765.333734
-2352.675887
-2291.791942
-2158.749248
-1654.389657
-758.418521
202.194829
786.981359
992.934456
1105.682502
1237.221888
1531.118461
2050.511124
2530.817799
2826.217679
2860.042093
2710.463019
2702.946482
2860.793746
3011.124474
3161.455201
3245.640409
3167.468431
2953.998797
2695.429946
2617.257968
2858.538785
3152.435358
3262.176789
3191.521347
3003.607937
2899.879735
2973.541792
3186.259771
3495.189417
3717.678894
3692.122670
3584.636200
3601.924233
3798.105833
4129.585087
4291.942273
4038.634997
3553.066747
3152.435358
3181.749850
3540.288635
3460.613349
2673.631990
1751.352977
1237.221888
1134.245340
752.405292
-248.045701
-1154.539988
-1458.959711
-1600.270595
-2165.514131
-3223.842453
-4173.932652
-4528.713169
-4743.686109
-5227.751052
-5687.763079
-5865.904991
-5942.573662
-6286.079375
-6861.846061
-7006.915213
-6432.651834
-5811.034275
-5635.147324
-5767.438364
-5764.431750
-5249.549008
-4464.070956
-3754.509922
-3115.604330
-2639.055923
-2401.533373
-2136.199639
-1693.475646
-1004.209260
-210.463019
302.164762
535.177390
732.110643
929.043897
1221.437162
1610.042093
1924.233313
2200.841852
2336.139507
2282.772099
2255.712568
2323.361395
2445.880938
2638.304269
2718.731209
2624.774504
2481.208659
2321.858088
2329.374624
2573.662057
2822.459411
3014.882742
3072.008419
2926.187613
2801.413109
2884.846663
3172.730006
3608.689116
3828.923632
3731.960313
3654.539988
3744.738425
3995.790740
4270.144317
4261.124474
3959.711365
3657.546603
3450.841852
3489.176188
3572.609741
3178.743235
2388.755262
1691.972339
1337.191822
1186.109441
618.610944
-544.948888
-1506.313891
-1840.799759
-1912.206855
-2315.093205
-3305.021046
-4382.892363
-5002.254961
-5371.316897
-5658.448587
-5757.666867
-5853.878533
-6106.434155
-6647.624775
-7250.450992
-7180.547204
-6397.324113
-5674.984967
-5479.555021
-5712.567649
-5796.752856
-5216.476248
-4272.399278
-3436.560433
-2782.621768
-2389.506915
-2140.709561
-1794.197234
-1306.374023
-605.832832
202.194829
697.534576
902.736019
1060.583283
1255.261575
1601.022249
1955.802766
2194.076969
2406.043295
2530.066146
2524.804570
2494.738425
2413.559832
2394.768491
2536.079375
2709.711365
2781.870114
2637.552616
2336.139507
2197.835238
2397.775105
2705.201443
2955.502105
3008.117859
2876.578473
2824.714372
2899.128082
3099.067949
3435.808779
3694.377631
3726.698737
3749.248346
3838.695129
4028.111846
4296.452195
4322.760072
4067.949489
3797.354179
3652.285027
3771.046302
3916.115454
3511.725797
2630.036079
1824.263379
1497.294047
1589.747444
1355.231509
277.360192
-1034.275406
-1785.177390
-1905.441972
-1890.408900
-2388.003608
-3435.808779
-4451.292844
-5209.711365
-5634.395670
-5568.250150
-5320.956103
-5351.022249
-5904.990980
-6819.001804
-7230.907998
-6625.075165
-5636.650631
-5010.523151
-5000.751654
-5332.982562
-5294.648226
-4650.481058
-3707.155743
-2721.737823
-2080.577270
-1961.815995
-1892.663860
-1530.366807
-883.193025
-87.943476
466.776909
738.875526
1038.033674
1271.046302
1377.781118
1530.366807
1711.515334
1998.647023
2342.904390
2456.404089
2402.285027
2230.907998
1976.097414
1965.574263
2206.855081
2454.149128
2549.609140
2273.752255
1852.826218
1756.614552
1967.829224
2315.093205
2605.231509
2569.903788
2368.460613
2209.861696
2183.553818
2518.039687
3003.607937
3214.070956
3174.984967
3032.922429
3021.647625
3352.375225
3592.152736
3460.613349
3204.299459
2981.809982
2990.829826
3110.342754
2783.373422
2152.736019
1676.187613
1355.983163
1096.662658
518.641010
-457.005412
-1105.682502
-1274.052916
-1500.300661
-2055.021046
-2979.555021
-3883.042694
-4327.269994
-4651.984366
-5020.294648
-5167.618761
-5285.628382
-5561.485268
-6013.980758
-6524.353578
-6450.691521
-5737.372219
-5201.443175
-5108.989778
-5251.052315
-5274.353578
-4731.659651
-3874.774504
-3151.683704
-2527.811185
-2117.408298
-1945.279615
-1655.141311
-1221.437162
-613.349369
205.201443
826.819002
1151.533373
1312.387252
1310.132291
1453.698136
1858.087793
2276.007216
2628.532772
2806.674684
2737.522550
2627.781118
2550.360794
2554.870716
2796.151533
3073.511726
3131.389056
2944.227300
2607.486470
2486.470235
2766.837041
3093.806374
3271.948286
3276.458208
3106.584486
3032.922429
3115.604330
3297.504510
3656.043295
3892.062538
3783.072760
3661.304871
3717.678894
3990.529164
4344.558028
4277.660854
3836.440168
3477.149729
3337.342153
3508.719182
3645.520144
3128.382441
2237.672880
1574.714372
1271.797956
1169.573061
608.839447
-577.269994
-1482.260974
-1758.117859
-1901.683704
-2355.682502
-3350.120265
-4404.690319
-4940.619363
-5311.184606
-5671.978352
-5785.478052
-5868.159952
-6125.225496
-6651.383043
-7266.235719
-7188.063740
-6364.251353
-5730.607336
-5646.422129
-5829.073963
-5811.785929
-5169.122069
-4279.164161
-3628.232111
-3043.445580
-2575.917017
-2291.791942
-1907.696933
-1429.645219
-886.199639
-220.986170
284.125075
670.475045
1069.603127
1204.149128
1213.168972
1376.277811
1698.737222
2163.259170
2492.483464
2454.900782
2289.536981
2115.904991
2020.444979
2254.209260
2601.473241
2778.111846
2641.310884
2186.560433
1903.938665
2159.500902
2631.539387
2982.561636
3016.386049
2727.751052
2526.307877
2616.506314
2931.449188
3446.331930
3761.274805
3656.794949
3512.477450
3564.341551
3876.277811
4299.458809
4326.518340
3953.698136
3598.917619
3420.024053
3558.328322
3783.072760
3426.037282
2574.413710
1761.876127
1322.910403
1298.105833
995.941070
-40.589296
-1087.642814
-1599.518942
-1812.988575
-2135.447986
-2981.058328
-4010.823812
-4615.153337
-5010.523151
-5390.108238
-5567.498497
-5677.991581
-5887.702946
-6335.688515
-6957.306073
-6995.640409
-6249.248346
-5542.693927
-5381.088394
-5576.518340
-5638.905592
-5090.950090
-4165.664462
-3406.494287
-2796.151533
-2382.742032
-2191.070355
-1831.779916
-1196.632592
-505.111245
102.224895
428.442574
607.336140
1041.040289
1532.621768
1795.700541
1903.938665
1955.802766
2123.421527
2442.122670
2688.665063
2782.621768
2702.194829
2469.182201
2349.669272
2509.019844
2778.863500
2890.859892
2669.122069
2332.381239
2282.020445
2495.490078
2789.386651
2979.555021
2962.266987
2846.512327
2767.588695
2832.982562
3150.932051
3549.308479
3708.659050
3664.311485
3647.023452
3825.917017
4099.518942
4112.297054
3828.171978
3634.996993
3668.069753
3828.923632
3800.360794
3205.051112
2424.834636
1983.613951
1823.511726
1661.154540
1037.282020
-92.453397
-998.196031
-1350.721587
-1543.896572
-1977.600722
-2828.472640
-3827.420325
-4524.954901
-4993.235117
-5344.257366
-5476.548406
-5566.746843
-5889.206254
-6451.443175
-6992.633794
-6980.607336
-6319.152135
-5723.842453
-5633.644017
-5804.269393
-5813.289236
-5315.694528
-4466.325917
-3707.907396
-3110.342754
-2657.095610
-2434.606133
-2153.487673
-1543.144919
-797.504510
-132.291040
285.628382
494.588094
820.054119
1231.208659
1495.790740
1696.482261
1947.534576
2194.076969
2406.043295
2487.221888
2466.175586
2487.221888
2521.797956
2537.582682
2596.963319
2660.102225
2645.820806
2536.079375
2389.506915
2400.781720
2581.178593
2714.972940
2754.810583
2741.280818
2751.803969
2824.714372
2905.892965
3008.117859
3190.018040
3334.335538
3401.232712
3476.398076
3589.897775
3757.516536
3783.072760
3536.530367
3280.968130
3232.110643
3366.656645
3439.567048
3002.104630
2202.345159
1640.859892
1490.529164
1455.201443
990.679495
-144.317498
-1232.711966
-1630.336741
-1635.598316
-1834.034877
-2562.387252
-3667.318100
-4538.484666
-4996.993385
-5265.333734
-5281.870114
-5242.032471
-5491.581479
-6053.066747
-6685.207456
-6831.028262
-6203.397474
-5425.435959
-5158.598918
-5330.727601
-5508.117859
-5213.469633
-4401.683704
-3512.477450
-2793.144919
-2325.616356
-2169.272399
-2040.739627
-1576.969333
-795.249549
37.582682
576.518340
721.587492
813.289236
1072.609741
1414.612147
1752.856284
2058.779314
2274.503909
2403.788334
2419.573061
2376.728803
2428.592904
2569.903788
2702.194829
2760.072159
2729.254360
2638.304269
2542.844257
2478.953698
2537.582682
2719.482862
2842.754059
2838.995791
2766.085388
2736.770896
2851.773903
3037.432351
3177.991581
3286.229705
3350.120265
3411.755863
3565.844859
3752.254961
3925.886951
3967.979555
3756.013229
3480.907998
3395.219483
3462.868310
3568.851473
3282.471437
2500.751654
1809.230307
1566.446182
1551.413109
1269.542995
308.177992
-894.467829
-1506.313891
-1599.518942
-1716.776909
-2262.477450
-3261.425135
-4206.253758
-4766.235719
-5121.767889
-5274.353578
-5237.522550
-5375.826819
-5857.636801
-6531.118461
-6889.657246
-6458.959711
-5668.220084
-5289.386651
-5414.161155
-5613.349369
-5435.959110
-4780.517138
-3982.260974
-3283.223091
-2745.039086
-2481.960313
-2360.192423
-2003.156945
-1285.327721
-477.300060
69.152135
265.333734
395.369814
731.358990
1095.911004
1331.930247
1582.230908
1897.173782
2148.977751
2193.325316
2045.249549
2016.686711
2254.960914
2485.718581
2570.655442
2515.033073
2358.689116
2224.143115
2148.226097
2194.076969
2470.685508
2690.168370
2624.022850
2438.364402
2336.139507
2487.973542
2832.230908
3046.452195
3153.938665
3226.849068
3189.266386
3244.888755
3468.881539
3756.764883
4030.366807
3968.731209
3526.007216
3242.633794
3257.666867
3451.593506
3554.570054
3042.693927
2195.580277
1688.214071
1552.164762
1520.595310
1065.844859
-62.387252
-1047.053518
-1371.016236
-1428.141912
-1646.121467
-2381.238725
-3457.606735
-4185.207456
-4615.904991
-4906.794949
-4912.808178
-4936.861094
-5245.039086
-5796.752856
-6398.075767
-6415.363800
-5693.776308
-5068.400481
-4942.874324
-5138.304269
-5281.118461
-4894.016837
-4102.525556
-3326.067348
-2641.310884
-2261.725797
-2221.136500
-2102.375225
-1595.009020
-659.951894
233.764281
514.131088
377.330126
408.899579
852.375225
1524.353578
1999.398677
2145.219483
2118.911606
2042.994588
2045.249549
2247.444378
2581.178593
2806.674684
2758.568851
2524.804570
2367.708960
2391.010222
2499.248346
2555.622369
2529.314492
2485.718581
2475.947084
2490.980156
2559.380637
2676.638605
2778.863500
2798.406494
2785.628382
2814.942874
2935.959110
3093.806374
3192.273001
3247.143716
3324.564041
3402.736019
3317.799158
3058.478653
2784.125075
2732.260974
2925.435959
2980.306675
2524.804570
1706.253758
1080.126278
979.404690
1091.401082
755.411906
-217.979555
-1288.334336
-1851.322910
-1909.951894
-1961.064342
-2436.109441
-3266.686711
-4115.303668
-4761.725797
-5050.360794
-4950.390860
-4757.215875
-4845.159351
-5402.886350
-6134.245340
-6305.622369
-5711.815995
-4887.251954
-4455.051112
-4619.663259
-4964.672279
-4848.917619
-4179.945881
-3257.666867
-2445.880938
-2092.603728
-2112.898376
-2074.564041
-1660.402886
-831.328924
2.254961
346.512327
308.929645
317.197835
659.951894
1267.288034
1763.379435
1897.925436
1812.236921
1736.319904
1861.094408
2182.050511
2494.738425
2607.486470
2468.430547
2266.987372
2241.431149
2417.318100
2612.748046
2635.297655
2478.202044
2357.185809
2406.794949
2551.864101
2688.665063
2721.737823
2662.357186
2664.612147
2748.045701
2879.585087
3005.862898
2966.776909
2875.075165
2920.926037
3084.786530
3332.080577
3393.716176
3076.518340
2688.665063
2509.771497
2570.655442
2794.648226
2673.631990
1979.855683
1294.347565
945.580277
908.749248
814.040890
83.433554
-940.318701
-1507.817198
-1637.853277
-1698.737222
-2120.414913
-2971.286831
-3731.208659
-4156.644618
-4414.461816
-4439.266386
-4363.349369
-4518.190018
-4968.430547
-5625.375827
-5896.722790
-5333.734215
-4507.666867
-4141.611545
-4396.422129
-4848.165965
-4746.692724
-3984.515935
-3130.637402
-2488.725195
-2239.927841
-2266.987372
-2139.206254
-1719.783524
-1041.791942
-306.674684
24.052916
12.778112
69.152135
338.244137
855.381840
1353.728202
1518.340349
1531.870114
1544.648226
1602.525556
1863.349369
2151.984366
2282.772099
2290.288635
2177.540589
2139.206254
2293.295250
2446.632592
2491.731810
2446.632592
2347.414311
2352.675887
2454.900782
2537.582682
2592.453397
2592.453397
2619.512928
2736.770896
2825.466025
2810.432952
2691.671678
2607.486470
2737.522550
2977.300060
3150.932051
3151.683704
2909.651233
2569.152135
2313.589898
2271.497294
2530.066146
2695.429946
2277.510523
1418.370415
704.299459
629.885749
969.633193
822.309080
-161.605532
-1259.771497
-1770.144317
-1676.187613
-1561.184606
-2033.223091
-2872.068551
-3572.609741
-4040.889958
-4234.816597
-4153.638004
-4028.111846
-4139.356584
-4693.325316
-5411.906194
-5501.352977
-4810.583283
-4036.380036
-3830.426939
-4219.031870
-4582.080577
-4328.021648
-3610.192423
-2871.316897
-2334.636200
-2076.819002
-2002.405292
-1874.624173
-1565.694528
-1003.457607
-320.204450
47.354179
123.271197
248.797354
510.372820
929.043897
1300.360794
1429.645219
1525.105232
1649.879735
1770.895971
1969.332532
2130.186410
2194.076969
2264.732411
2292.543596
2317.348166
2416.566446
2435.357787
2420.324714
2436.861094
2375.225496
2370.715574
2429.344558
2451.894167
2515.033073
2491.731810
2317.348166
2312.086590
2416.566446
2455.652435
2440.619363
2257.215875
2171.527360
2405.291642
2563.890559
2540.589296
2407.546603
2079.073963
1862.597715
1843.806374
1868.610944
2058.027661
2061.034275
1442.423331
681.749850
326.217679
477.300060
844.107035
517.137703
-621.617559
-1510.823812
-1668.671076
-1382.291040
-1238.725195
-1827.269994
-2748.797354
-3333.583885
-3643.265183
-3665.814793
-3475.646422
-3435.057126
-3674.082983
-4238.574865
-4839.146121
-4734.666266
-4024.353578
-3495.941070
-3526.758870
-3974.744438
-4225.796753
-3795.850872
-3072.760072
-2537.582682
-2230.907998
-2195.580277
-2200.090198
-1974.594107
-1528.111846
-874.173181
-293.144919
-133.794348
-184.155141
-90.950090
285.628382
855.381840
1292.844257
1411.605532
1404.840649
1439.416717
1609.290439
1966.325917
2279.013830
2395.520144
2392.513530
2315.093205
2313.589898
2482.711966
2606.734817
2629.284426
2610.493085
2479.705352
2389.506915
2410.553217
2379.735418
2330.877931
2230.156344
2066.295851
2050.511124
2100.871918
2002.405292
1862.597715
1708.508719
1637.853277
1778.412508
1815.995189
1676.187613
1581.479254
1467.979555
1378.532772
1379.284426
1285.327721
1262.778112
1356.734817
1171.828022
759.170174
387.853277
259.320505
511.876127
656.945280
128.532772
-678.743235
-1186.861094
-1193.625977
-904.239327
-1019.242333
-1640.859892
-2237.672880
-2649.579074
-2860.042093
-2874.323512
-2876.578473
-2873.571858
-3053.968731
-3672.579675
-4188.965725
-4098.767288
-3595.911004
-3116.355983
-3171.978352
-3654.539988
-3885.297655
-3691.371016
-3253.156945
-2692.423331
-2273.000601
-2094.858689
-2115.153337
-2239.927841
-1994.137102
-1237.973542
-469.783524
-84.936861
-167.618761
-357.787132
-100.721587
544.948888
1206.404089
1635.598316
1631.088394
1439.416717
1457.456404
1799.458809
2376.728803
2808.929645
2823.211064
2553.367408
2315.093205
2361.695731
2662.357186
2959.260373
3017.889357
2750.300661
2279.013830
1991.130487
2050.511124
2306.073361
2421.076368
2154.990980
1678.442574
1348.466627
1311.635598
1444.678292
1511.575466
1362.748046
1136.500301
923.030667
844.107035
962.116657
1119.212267
1165.063139
998.196031
685.508118
591.551413
863.650030
1201.142514
1222.188815
750.901984
272.098617
305.171377
691.521347
845.610343
388.604931
-369.813590
-701.292844
-515.634396
-333.734215
-547.955502
-1144.768491
-1740.078172
-2034.726398
-2131.689717
-2158.749248
-2171.527360
-2426.337943
-2969.783524
-3497.444378
-3660.553217
-3351.623572
-2993.836440
-3095.309681
-3553.066747
-3871.016236
-3758.268190
-3306.524354
-2869.813590
-2650.330728
-2587.191822
-2615.754660
-2532.321106
-2120.414913
-1504.810583
-998.947685
-799.007817
-786.229705
-612.597715
-138.304269
431.449188
844.107035
1081.629585
1229.705352
1380.036079
1606.283824
1879.885749
2160.252556
2363.950692
2418.821407
2424.834636
2503.006615
2585.688515
2554.119062
2427.841251
2307.576669
2310.583283
2307.576669
2124.173181
1879.134095
1667.919423
1552.916416
1492.032471
1299.609140
1049.308479
892.964522
762.176789
711.064342
702.044498
608.839447
560.733614
541.942273
530.667468
650.932051
755.411906
807.276007
894.467829
871.166566
883.944678
1109.440770
1393.565845
1562.687913
1372.519543
906.494287
786.981359
1180.847865
1523.601924
1325.165364
592.303067
38.334336
142.814191
376.578473
191.671678
-375.075165
-995.189417
-1345.460012
-1541.641612
-1815.243536
-1982.862297
-2091.100421
-2431.599519
-2993.836440
-3525.255562
-3627.480457
-3317.047505
-3187.011425
-3425.285628
-3744.738425
-3859.741431
-3657.546603
-3332.080577
-3053.968731
-2795.399880
-2649.579074
-2609.741431
-2399.278413
-1944.527962
-1327.420325
-878.683103
-724.594107
-537.432351
-148.075767
332.230908
716.325917
924.533975
1127.480457
1460.463019
1734.816597
1947.534576
2133.944678
2228.653037
2260.222489
2217.378232
2194.828623
2323.361395
2388.755262
2233.162959
1991.130487
1768.641010
1701.743836
1644.618160
1396.572459
1142.513530
962.868310
792.242934
674.984967
532.922429
384.846663
351.773903
280.366807
182.651834
220.986170
229.254360
245.039086
361.545400
497.594708
722.339146
941.070355
1006.464221
1119.212267
1265.033073
1322.910403
1486.019242
1763.379435
2088.845460
2236.921227
1893.415514
1437.161756
1499.549008
1970.084185
2248.196031
1791.190619
877.931449
423.180998
565.995189
682.501503
411.154540
-251.803969
-905.742634
-1335.688515
-1732.561636
-1997.143716
-2045.249549
-2199.338545
-2685.658449
-3393.716176
-3877.781118
-3715.423933
-3320.805773
-3268.941672
-3580.877931
-3960.463019
-4016.837041
-3677.841251
-3262.928443
-2846.512327
-2554.870716
-2539.085989
-2541.340950
-2304.570054
-1746.843055
-1039.536981
-596.061335
-496.091401
-376.578473
-95.460012
318.701143
800.511124
1134.245340
1307.877330
1390.559230
1398.075767
1546.151533
1846.812989
2059.530968
2067.799158
1893.415514
1718.280216
1694.978954
1729.555021
1705.502105
1608.538785
1414.612147
1170.324714
938.815394
798.256164
788.484666
783.223091
638.905592
396.873121
184.155141
143.565845
254.058930
384.095009
450.992183
418.671076
337.492483
326.969333
505.862898
838.093806
1177.089597
1322.158749
1301.864101
1337.943476
1498.797354
1723.541792
1923.481660
2096.361996
2312.838244
2407.546603
2210.613349
1850.571257
1682.952495
1916.716777
2248.196031
2070.805773
1301.864101
581.028262
412.657847
618.610944
582.531569
11.274805
-748.647023
-1261.274805
-1528.111846
-1742.333133
-1941.521347
-2096.361996
-2321.858088
-2814.191221
-3414.010824
-3680.096212
-3426.788936
-3058.478653
-3096.061335
-3474.894768
-3753.006615
-3638.755262
-3287.733013
-2917.919423
-2626.277811
-2415.063139
-2336.139507
-2320.354781
-2096.361996
-1558.177992
-928.292243
-596.812989
-602.826218
-570.505111
-288.634997
118.009621
506.614552
711.815995
783.974744
826.067348
842.603728
959.110042
1230.457005
1427.390259
1388.304269
1193.625977
1038.785328
1105.682502
1256.013229
1294.347565
1210.162357
1055.321708
901.232712
808.779314
782.471437
813.289236
844.107035
769.693325
653.187011
612.597715
593.806374
611.094408
684.004811
814.792544
963.619964
976.398076
871.918220
871.918220
1105.682502
1444.678292
1678.442574
1676.939266
1651.383043
1732.561636
1810.733614
1870.114251
1943.776308
2116.656645
2357.185809
2381.238725
2020.444979
1603.277210
1513.830427
1794.197234
2058.779314
1765.634396
995.189417
417.167769
378.833434
576.518340
515.634396
-37.582682
-730.607336
-1184.606133
-1436.410102
-1563.439567
-1645.369814
-1805.472038
-2127.179796
-2681.148527
-3196.782922
-3233.613951
-2928.442574
-2770.595310
-2996.843055
-3420.775707
-3592.904390
-3338.845460
-3021.647625
-2845.760673
-2746.542393
-2693.926639
-2645.069152
-2540.589296
-2282.020445
-1827.269994
-1431.148527
-1290.589296
-1277.059531
-1163.559832
-813.289236
-421.677691
-179.645219
9.771497
214.221287
366.055322
489.326518
603.577871
780.216476
1048.556825
1237.973542
1295.099218
1283.824414
1260.523151
1279.314492
1380.036079
1510.823812
1595.760673
1532.621768
1352.224895
1219.933854
1223.692123
1319.903788
1367.257968
1304.870716
1162.056524
1046.301864
978.653037
995.941070
1088.394468
1151.533373
1102.675887
957.606735
887.702946
972.639808
1130.487072
1246.993385
1296.602526
1343.205051
1399.579074
1388.304269
1355.231509
1435.658449
1582.982562
1787.432351
1939.266386
1885.147324
1713.018641
1464.221287
1335.688515
1526.608539
1767.137703
1688.214071
1225.195430
671.978352
450.992183
589.296452
569.753458
220.234516
-245.790740
-687.011425
-997.444378
-1253.006615
-1485.267589
-1573.962718
-1741.581479
-2222.639808
-2757.817198
-3041.190619
-2971.286831
-2805.923031
-2954.750451
-3331.328924
-3560.583283
-3565.844859
-3411.755863
-3231.358990
-3136.650631
-3038.184005
-3011.876127
-3026.909200
-2811.936260
-2398.526759
-1998.647023
-1752.856284
-1655.141311
-1510.823812
-1156.043295
-775.706554
-472.790138
-139.807577
170.625376
408.899579
547.203848
671.978352
974.143115
1386.049308
1625.826819
1689.717378
1673.180998
1683.704149
1824.263379
1991.882141
2097.113650
2135.447986
2054.269393
1843.806374
1697.233915
1672.429345
1709.260373
1722.790138
1598.015634
1352.976548
1147.775105
1007.967529
947.835238
981.659651
955.351774
833.583885
686.259771
608.839447
651.683704
750.150331
729.855683
653.938665
705.051112
874.924835
1107.937462
1180.847865
1054.570054
1004.960914
1146.271798
1401.082381
1682.952495
1802.465424
1695.730607
1472.489477
1264.281419
1340.950090
1705.502105
1930.998196
1650.631389
995.941070
489.326518
525.405893
833.583885
797.504510
254.058930
-468.280216
-965.874925
-1123.722189
-1176.337943
-1313.890559
-1597.263981
-2085.838845
-2702.194829
-3155.441972
-3208.057727
-2987.071557
-2923.932652
-3299.759471
-3849.969934
-4084.485869
-3884.546001
-3514.732411
-3284.726398
-3294.497895
-3355.381840
-3326.819002
-3136.650631
-2757.065544
-2289.536981
-1899.428743
-1681.449188
-1567.949489
-1389.807577
-996.692724
-464.521948
-20.294648
282.621768
465.273602
617.107637
851.623572
1164.311485
1482.260974
1772.399278
1960.312688
2031.719784
2046.001203
2034.726398
2102.375225
2281.268791
2420.324714
2385.748647
2193.325316
1954.299459
1856.584486
1894.167168
1885.898978
1770.144317
1572.459411
1280.817799
1032.020445
926.788936
912.507517
909.500902
777.209862
483.313289
263.078773
241.280818
336.740830
436.710764
368.310283
229.254360
206.704750
263.830427
427.690920
666.716777
811.034275
825.315695
741.882141
660.703548
884.696332
1332.681900
1613.800361
1592.002405
1248.496693
919.272399
1070.354781
1516.837041
1791.942273
1598.015634
924.533975
398.376428
438.214071
716.325917
810.282622
417.919423
-324.714372
-846.361996
-1033.523752
-1081.629585
-1079.374624
-1292.844257
-1770.895971
-2336.139507
-2835.237523
-2963.770295
-2707.456404
-2593.956705
-2878.833434
-3380.186410
-3760.523151
-3648.526759
-3265.183403
-3030.667468
-2972.790138
-3059.230307
-3114.101022
-2935.207456
-2608.238124
-2173.782321
-1737.071557
-1541.641612
-1445.429946
-1243.235117
-898.977751
-389.356584
67.648827
319.452796
545.700541
785.478052
1018.490679
1316.145520
1595.760673
1849.819603
2067.799158
2142.212868
2170.024053
2241.431149
2333.132892
2430.847865
2448.887553
2355.682502
2216.626578
2061.034275
1950.541191
1914.461816
1808.478653
1599.518942
1300.360794
989.176188
795.249549
693.776308
583.283223
432.200842
202.194829
-104.479856
-345.009020
-438.965725
-364.552014
-272.098617
-340.499098
-538.935658
-674.233313
-612.597715
-407.396272
-195.429946
-43.595911
66.897174
157.847264
265.333734
431.449188
695.279615
1014.732411
1245.490078
1380.787733
1490.529164
1573.211064
1639.356584
1758.869513
1940.769693
2087.342153
1963.319302
1598.767288
1374.774504
1452.946482
1604.780517
1421.377029
801.262778
213.469633
-0.751654
-59.380637
-239.777511
-631.389056
-1101.924233
-1517.588695
-1939.266386
-2314.341551
-2473.692123
-2521.797956
-2686.410102
-3067.498497
-3483.914612
-3612.447384
-3475.646422
-3355.381840
-3325.315695
-3325.315695
-3311.034275
-3211.064342
-3028.412508
-2724.744438
-2279.013830
-1920.475045
-1720.535177
-1498.045701
-1153.788334
-696.782922
-278.863500
49.609140
445.730607
823.060734
1100.420926
1328.923632
1582.982562
1924.233313
2227.901383
2310.583283
2329.374624
2451.894167
2574.413710
2590.950090
2482.711966
2351.924233
2294.046903
2176.037282
1930.998196
1673.932652
1434.906795
1200.390860
938.815394
602.826218
300.661455
45.099218
-252.555622
-505.862898
-696.782922
-881.689717
-1081.629585
-1296.602526
-1434.155141
-1404.088996
-1329.675286
-1310.132291
-1278.562838
-1215.423933
-1105.682502
-905.742634
-671.226699
-378.833434
-70.655442
160.102225
381.088394
714.070956
1108.689116
1437.913410
1666.416115
1825.015033
2084.335538
2437.612748
2687.913410
2778.111846
2802.916416
2833.734215
2907.396272
2922.429345
2754.058930
2529.314492
2358.689116
2221.888154
2053.517739
1649.128082
1047.053518
598.316296
345.760673
121.016236
-240.529164
-832.080577
-1433.403488
-1864.101022
-2224.143115
-2506.764883
-2705.201443
-2935.207456
-3237.372219
-3636.500301
-3983.764281
-3976.999399
-3734.966927
-3580.126278
-3583.132892
-3689.116055
-3656.794949
-3358.388455
-2996.843055
-2594.708358
-2165.514131
-1885.147324
-1682.952495
-1413.860493
-982.411305
-381.088394
124.022850
392.363199
596.061335
851.623572
1157.546603
1473.241130
1715.273602
1925.736621
2093.355382
2063.289236
1961.815995
1977.600722
2089.597114
2157.997595
1997.895370
1674.684305
1392.062538
1213.168972
1097.414311
971.136500
749.398677
429.194227
33.072760
-307.426338
-447.233915
-487.071557
-617.859290
-864.401684
-1139.506915
-1285.327721
-1292.092604
-1277.059531
-1216.927240
-1152.285027
-1146.271798
-1098.917619
-969.633193
-706.554420
-363.800361
-170.625376
-67.648827
169.873722
538.184005
953.096813
1261.274805
1437.913410
1686.710764
1976.849068
2217.378232
2482.711966
2706.704750
2901.383043
3037.432351
3017.889357
2994.588094
3074.263379
3120.114251
3095.309681
2950.992183
2615.003007
2272.248948
2026.458208
1884.395670
1772.399278
1418.370415
732.862297
82.681900
-252.555622
-370.565244
-555.472038
-1052.315093
-1663.409501
-2143.716176
-2512.778112
-2756.313891
-2881.840048
-2960.763680
-3117.107637
-3487.672880
-3900.330728
-3960.463019
-3662.056524
-3367.408298
-3303.517739
-3410.252556
-3408.749248
-3190.018040
-2840.499098
-2413.559832
-2001.653638
-1716.025256
-1574.714372
-1443.174985
-1069.603127
-459.260373
58.628984
281.870114
324.714372
486.319904
829.825616
1153.036681
1382.291040
1546.151533
1625.826819
1634.846663
1577.720986
1525.856885
1602.525556
1668.671076
1547.654841
1325.165364
1102.675887
947.835238
843.355382
659.200241
436.710764
228.502706
-24.804570
-236.019242
-392.363199
-519.392664
-609.591100
-777.961515
-993.686109
-1100.420926
-1080.877931
-1010.974143
-961.365003
-959.861696
-935.057126
-835.838845
-692.273001
-481.058328
-204.449790
41.340950
228.502706
380.336741
581.028262
912.507517
1298.857486
1613.800361
1803.968731
1922.730006
2107.636801
2383.493686
2655.592303
2854.780517
2944.978954
2992.333133
3026.909200
3046.452195
3056.223692
3022.399278
2952.495490
2893.866506
2773.601924
2536.079375
2175.285628
1739.326518
1448.436560
1392.062538
1310.883945
949.338545
257.065544
-523.902586
-929.043897
-933.553818
-935.057126
-1231.208659
-1861.846061
-2554.870716
-2973.541792
-3098.316296
-3030.667468
-2950.240529
-3114.852676
-3517.739026
-3903.337342
-4001.052315
-3665.814793
-3188.514732
-3009.621167
-3123.872520
-3267.438364
-3154.690319
-2703.698136
-2142.212868
-1721.286831
-1506.313891
-1450.691521
-1332.681900
-987.672880
-471.286831
51.112447
351.773903
404.389657
402.134696
521.647625
831.328924
1224.443776
1468.731209
1422.880337
1221.437162
1082.381239
1156.043295
1371.016236
1446.933253
1255.261575
956.855081
720.835839
629.885749
607.336140
544.197234
387.853277
158.598918
-75.165364
-254.058930
-336.740830
-346.512327
-393.114853
-537.432351
-671.226699
-690.018040
-638.905592
-580.276609
-560.733614
-518.641010
-414.161155
-297.654841
-201.443175
-55.622369
132.291040
323.962718
494.588094
637.402285
842.603728
1068.099820
1228.202044
1351.473241
1492.784125
1671.677691
1899.428743
2034.726398
2048.256164
2092.603728
2173.782321
2282.772099
2387.251954
2371.467228
2288.785328
2234.666266
2172.279014
2148.226097
2121.166566
1978.352375
1838.544799
1748.346362
1617.558629
1455.953097
1157.546603
792.242934
651.683704
680.998196
640.408900
376.578473
-201.443175
-769.693325
-909.500902
-798.256164
-733.613951
-964.371618
-1541.641612
-2067.799158
-2292.543596
-2279.765484
-2131.689717
-2103.878533
-2394.016837
-2800.661455
-3141.912207
-3172.730006
-2824.714372
-2530.817799
-2551.112447
-2797.654841
-3055.472038
-2989.326518
-2594.708358
-2200.090198
-1943.024654
-1921.226699
-2044.497895
-1992.633794
-1685.959110
-1222.940469
-768.190018
-619.362598
-685.508118
-655.441972
-440.469032
-46.602526
360.042093
556.975346
617.107637
617.107637
584.786530
746.392063
1059.079976
1302.615755
1352.976548
1179.344558
1008.719182
1073.361395
1223.692123
1307.877330
1262.026458
1072.609741
898.226097
789.987974
722.339146
728.352375
740.378833
625.375827
399.879735
166.867108
82.681900
129.284426
142.814191
51.864101
-80.426939
-190.920024
-213.469633
-177.390259
-111.244738
-39.837643
-46.602526
-84.936861
-52.615755
118.009621
358.538785
509.621167
522.399278
543.445580
660.703548
880.938064
1165.814793
1391.310884
1506.313891
1520.595310
1505.562237
1675.435959
1985.868912
2227.149729
2260.974143
2119.663259
2073.060734
2240.679495
2378.983764
2355.682502
2218.881539
2071.557426
2058.779314
2063.289236
1917.468431
1693.475646
1385.297655
1044.046903
895.971137
841.852075
710.312688
364.552014
-280.366807
-825.315695
-974.143115
-965.874925
-1100.420926
-1547.654841
-2157.997595
-2584.185207
-2800.661455
-2902.886350
-2884.095009
-2980.306675
-3299.007817
-3688.364402
-3981.509321
-3878.532772
-3487.672880
-3313.289236
-3411.004209
-3582.381239
-3604.930848
-3288.484666
-2858.538785
-2503.006615
-2198.586891
-2070.054119
-2021.196633
-1754.359591
-1283.824414
-702.796152
-252.555622
-145.820806
-87.943476
167.618761
537.432351
954.600120
1266.536380
1410.853879
1528.111846
1552.916416
1547.654841
1707.005412
1906.945280
2016.686711
2009.170174
1799.458809
1604.780517
1558.177992
1551.413109
1550.661455
1464.972940
1207.155743
896.722790
664.461816
584.034877
626.127480
532.922429
232.260974
-89.446783
-260.823812
-242.032471
-151.834035
-201.443175
-364.552014
-524.654239
-617.859290
-547.203848
-357.787132
-193.174985
-151.834035
-200.691521
-213.469633
-69.152135
216.476248
489.326518
653.187011
728.352375
789.236320
909.500902
1131.990379
1407.095610
1622.068551
1721.286831
1712.266987
1711.515334
1885.147324
2088.845460
2197.083584
2183.553818
2061.785929
2000.150331
2052.766085
2080.577270
2053.517739
1953.547805
1733.313289
1537.131690
1394.317498
1295.099218
1295.850872
1180.847865
830.577270
384.095009
-54.870716
-184.906795
3.758268
12.026458
-394.618160
-1122.218882
-1776.909200
-1857.336140
-1575.466025
-1471.737823
-1763.379435
-2405.291642
-2978.051714
-3132.140710
-2990.078172
-2760.072159
-2648.075767
-2891.611545
-3337.342153
-3614.702345
-3506.464221
-2995.339747
-2542.844257
-2542.844257
-2768.340349
-2911.154540
-2709.711365
-2167.769092
-1643.114853
-1349.969934
-1267.288034
-1329.675286
-1238.725195
-827.570655
-256.313891
212.717980
334.485869
236.770896
266.837041
522.399278
914.762477
1259.019844
1391.310884
1373.271197
1286.831028
1244.738425
1385.297655
1620.565244
1754.359591
1703.247144
1495.790740
1327.420325
1313.890559
1357.486470
1392.062538
1355.983163
1215.423933
1016.987372
817.799158
708.809381
745.640409
765.183403
645.670475
435.959110
234.515935
125.526158
115.754660
102.976548
61.635598
3.758268
-113.499699
-191.671678
-201.443175
-166.115454
-89.446783
-78.171978
-128.532772
-107.486470
-47.354179
66.897174
196.181600
240.529164
269.843656
335.989176
426.939266
593.806374
743.385448
801.262778
839.597114
880.938064
969.633193
1103.427541
1182.351173
1239.476849
1308.628984
1304.119062
1289.085989
1301.112447
1325.165364
1401.082381
1451.443175
1389.807577
1304.119062
1197.384245
1124.473842
1107.937462
1065.093205
1013.980758
968.129886
808.027661
551.713770
264.582081
26.307877
30.817799
133.794348
-9.019844
-456.253758
-1052.315093
-1410.853879
-1333.433554
-1193.625977
-1323.662057
-1761.124474
-2303.818400
-2625.526158
-2679.645219
-2602.224895
-2501.503307
-2575.165364
-2883.343355
-3229.855683
-3362.898376
-3109.591100
-2655.592303
-2462.417318
-2577.420325
-2718.731209
-2663.860493
-2307.576669
-1834.786530
-1446.933253
-1183.854480
-1069.603127
-1030.517138
-807.276007
-357.035478
163.860493
578.021648
709.561034
726.097414
839.597114
1077.119663
1406.343957
1728.051714
1906.193626
1912.958509
1800.962117
1742.333133
1870.114251
2053.517739
2100.871918
1978.352375
1770.895971
1594.257366
1487.522550
1410.102225
1383.794348
1302.615755
1061.334937
726.849068
463.770295
391.611545
419.422730
314.942874
38.334336
-258.568851
-421.677691
-449.488876
-462.266987
-510.372820
-583.283223
-717.077571
-840.348767
-847.865304
-751.653638
-633.644017
-590.799759
-619.362598
-596.812989
-483.313289
-346.512327
-205.201443
-79.675286
43.595911
205.201443
314.942874
393.866506
524.654239
690.018040
874.173181
1019.242333
1072.609741
1107.185809
1185.357787
1267.288034
1360.493085
1407.847264
1406.343957
1418.370415
1404.840649
1347.714973
1307.125676
1243.235117
1208.659050
1206.404089
1125.225496
986.921227
850.871918
727.600722
650.932051
553.217078
413.409501
324.714372
249.549008
124.022850
-75.917017
-330.727601
-506.614552
-496.091401
-448.737222
-536.680698
-797.504510
-1170.324714
-1388.304269
-1329.675286
-1193.625977
-1216.927240
-1451.443175
-1768.641010
-1959.561034
-1946.782922
-1834.786530
-1723.541792
-1716.776909
-1880.637402
-2091.100421
-2177.540589
-1982.862297
-1643.866506
-1453.698136
-1508.568851
-1645.369814
-1630.336741
-1393.565845
-1044.046903
-746.392063
-596.812989
-588.544799
-590.799759
-464.521948
-160.853879
221.737823
475.045099
491.581479
422.429345
466.025256
682.501503
947.835238
1120.715574
1152.285027
1079.374624
1007.215875
1023.000601
1134.996993
1237.973542
1232.711966
1112.447384
968.881539
907.245941
893.716176
880.938064
836.590499
732.110643
599.819603
449.488876
322.459411
268.340349
243.535779
167.618761
33.824414
-105.983163
-202.194829
-237.522550
-281.118461
-344.257366
-393.114853
-450.992183
-502.104630
-523.150932
-517.137703
-492.333133
-466.776909
-469.783524
-457.005412
-388.604931
-319.452796
-246.542393
-172.880337
-106.734817
-30.066146
62.387252
163.860493
289.386651
391.611545
480.306675
580.276609
664.461816
772.699940
858.388455
926.037282
1030.517138
1134.996993
1189.116055
1223.692123
1265.784726
1321.407096
1382.291040
1386.049308
1383.042694
1426.638605
1427.390259
1384.546001
1339.446783
1313.138906
1325.165364
1281.569453
1150.781720
1027.510523
949.338545
904.239327
860.643416
754.660253
567.498497
331.479254
62.387252
-76.668671
-30.817799
-33.072760
-269.092002
-741.130487
-1170.324714
-1278.562838
-1160.553217
-1139.506915
-1359.741431
-1774.654239
-2164.010824
-2318.851473
-2283.523752
-2148.226097
-2109.140108
-2325.616356
-2662.357186
-2829.224293
-2693.926639
-2369.963921
-2146.722790
-2176.037282
-2259.470836
-2248.947685
-2086.590499
-1755.862898
-1373.271197
-1066.596512
-927.540589
-942.573662
-826.067348
-423.180998
59.380637
386.349970
478.051714
517.889357
694.527962
955.351774
1182.351173
1382.291040
1549.158148
1598.015634
1532.621768
1464.221287
1540.889958
1740.078172
1806.975346
1629.585087
1371.016236
1217.678894
1199.639206
1195.129284
1091.401082
908.749248
668.971738
412.657847
214.972940
128.532772
87.943476
-42.844257
-309.681299
-569.001804
-685.508118
-696.031269
-728.352375
-817.799158
-917.017438
-1029.013830
-1095.911004
-1071.858088
-974.894768
-841.100421
-786.981359
-848.616957
-858.388455
-685.508118
-426.187613
-208.208058
-90.950090
-1.503307
147.324113
333.734215
521.647625
735.868912
964.371618
1149.278413
1291.340950
1377.029465
1497.294047
1682.200842
1843.054720
1938.514732
1981.358990
2001.653638
2024.954901
2024.954901
2004.660253
2003.156945
1977.600722
1894.918821
1731.809982
1544.648226
1400.330728
1325.917017
1233.463620
1057.576669
802.014432
547.203848
361.545400
218.731209
53.367408
-133.042694
-338.244137
-565.995189
-743.385448
-850.120265
-945.580277
-1122.970535
-1395.069152
-1619.813590
-1627.330126
-1521.346963
-1533.373422
-1780.667468
-2099.368611
-2195.580277
-2024.203247
-1829.524955
-1803.217078
-1929.494889
-2088.093806
-2142.212868
-2033.223091
-1810.733614
-1565.694528
-1467.227901
-1561.936260
-1667.167769
-1552.164762
-1195.129284
-838.845460
-684.756464
-702.796152
-729.855683
-619.362598
-348.015634
-18.039687
222.489477
297.654841
239.777511
216.476248
386.349970
671.226699
874.173181
874.924835
765.935057
724.594107
775.706554
841.100421
890.709561
913.259170
857.636801
706.554420
541.190619
508.869513
599.067949
650.180397
529.915815
295.399880
143.565845
137.552616
167.618761
154.840649
99.969934
24.052916
-66.897174
-164.612147
-200.691521
-127.781118
-33.072760
-25.556224
-118.761275
-201.443175
-172.128683
-52.615755
39.085989
60.883945
51.864101
36.831028
53.367408
120.264582
236.019242
336.740830
346.512327
311.936260
309.681299
399.128082
532.170776
605.832832
602.826218
594.558028
611.846061
658.448587
741.882141
835.087192
883.944678
875.676488
821.557426
824.564041
919.272399
1027.510523
1055.321708
968.129886
890.709561
912.507517
973.391461
1001.954299
959.110042
860.643416
790.739627
744.888755
711.064342
670.475045
623.120866
523.902586
411.154540
295.399880
184.155141
116.506314
40.589296
-43.595911
-159.350571
-323.962718
-460.763680
-545.700541
-611.094408
-680.246542
-770.444979
-865.153337
-958.358388
-1100.420926
-1274.052916
-1334.185207
-1213.920625
-1112.447384
-1209.410704
-1494.287432
-1711.515334
-1635.598316
-1396.572459
-1238.725195
-1272.549609
-1443.926639
-1595.760673
-1588.995791
-1395.820806
-1086.139507
-877.931449
-946.331930
-1159.049910
-1201.894167
-928.292243
-506.614552
-242.032471
-245.790740
-342.754059
-359.290439
-211.966326
75.165364
381.840048
587.041491
575.015033
399.128082
338.995791
556.975346
889.206254
1062.086590
956.103428
746.392063
665.965123
741.882141
854.630186
900.481058
858.388455
711.815995
529.915815
408.147925
404.389657
460.763680
436.710764
284.876729
87.191822
-41.340950
-76.668671
-64.642213
-70.655442
-124.022850
-226.999399
-343.505713
-385.598316
-326.217679
-249.549008
-238.274203
-296.903187
-335.237523
-272.098617
-172.128683
-100.721587
-66.145520
-17.288034
41.340950
104.479856
179.645219
277.360192
401.383043
469.783524
481.809982
513.379435
601.322910
711.064342
809.530968
823.060734
792.242934
804.269393
841.100421
882.441371
918.520746
911.755863
861.395069
794.497895
745.640409
745.640409
753.908599
703.547805
602.826218
476.548406
380.336741
335.237523
298.406494
239.025857
154.088996
24.804570
-129.284426
-239.777511
-290.889958
-286.380036
-329.224293
-461.515334
-598.316296
-665.213470
-677.991581
-668.971738
-696.782922
-741.130487
-771.948286
-786.229705
-769.693325
-714.070956
-647.925436
-602.074564
-568.250150
-540.438966
-487.071557
-390.108238
-278.863500
-170.625376
-56.374023
6.013229
-33.072760
-44.347565
94.708358
320.204450
449.488876
357.035478
184.906795
164.612147
298.406494
398.376428
372.068551
278.863500
183.403488
82.681900
-27.059531
-74.413710
-18.791341
3.006615
-165.363800
-460.763680
-634.395670
-557.726999
-411.906194
-430.697535
-615.604330
-823.812387
-913.259170
-856.885147
-722.339146
-620.114251
-623.120866
-743.385448
-851.623572
-801.262778
-599.067949
-389.356584
-317.949489
-368.310283
-413.409501
-360.793746
-213.469633
-18.039687
139.807577
178.893566
101.473241
47.354179
143.565845
350.270595
511.124474
510.372820
417.919423
352.525556
369.813590
436.710764
520.895971
577.269994
556.975346
444.978954
312.687913
288.634997
369.813590
446.482261
415.664462
290.138304
174.383644
128.532772
146.572459
187.913410
205.201443
147.324113
41.340950
-39.085989
-24.804570
70.655442
137.552616
105.983163
5.261575
-44.347565
3.006615
98.466627
174.383644
214.221287
201.443175
160.102225
157.095610
204.449790
323.211064
438.965725
450.240529
381.088394
339.747444
393.114853
497.594708
577.269994
556.223692
487.823211
466.025256
462.266987
473.541792
494.588094
491.581479
462.266987
384.846663
297.654841
257.817198
269.843656
265.333734
225.496091
142.814191
58.628984
9.019844
-1.503307
1.503307
-2.254961
-51.112447
-125.526158
-164.612147
-160.102225
-124.022850
-115.754660
-134.546001
-169.873722
-197.684907
-181.148527
-131.539387
-90.198437
-102.224895
-191.671678
-261.575466
-231.509321
-139.807577
-93.205051
-197.684907
-371.316897
-437.462417
-390.108238
-348.767288
-384.846663
-490.078172
-613.349369
-716.325917
-768.190018
-751.653638
-672.730006
-687.011425
-841.852075
-1016.987372
-1046.301864
-929.043897
-814.792544
-800.511124
-855.381840
-911.004209
-908.749248
-844.107035
-727.600722
-565.995189
-450.992183
-473.541792
-523.150932
-449.488876
-246.542393
-41.340950
27.059531
33.824414
84.936861
179.645219
281.870114
370.565244
453.998797
520.895971
551.713770
550.210463
570.505111
650.180397
706.554420
694.527962
639.657246
608.839447
611.094408
603.577871
588.544799
563.740229
514.131088
438.214071
358.538785
305.923031
310.432952
312.687913
263.078773
187.913410
106.734817
61.635598
42.844257
46.602526
81.178593
81.178593
24.804570
-42.092604
-56.374023
13.529765
123.271197
159.350571
117.257968
102.224895
127.781118
185.658449
251.803969
314.191221
367.558629
375.826819
334.485869
333.734215
398.376428
484.816597
521.647625
471.286831
412.657847
420.926037
455.502105
463.018641
430.697535
390.108238
364.552014
317.949489
248.797354
214.972940
220.234516
207.456404
124.022850
-6.013229
-69.152135
-57.877330
-70.655442
-154.088996
-240.529164
-288.634997
-311.936260
-369.061936
-444.978954
-455.502105
-435.959110
-440.469032
-507.366206
-586.289838
-588.544799
-534.425737
-496.091401
-493.836440
-493.084787
-496.091401
-478.803367
-437.462417
-393.114853
-323.962718
-254.058930
-204.449790
-167.618761
-145.820806
-126.277811
-64.642213
39.837643
128.532772
147.324113
121.767889
115.754660
169.122069
233.764281
249.549008
239.025857
224.744438
181.148527
110.493085
69.903788
97.714973
153.337342
108.989778
-45.099218
-175.135298
-201.443175
-156.343957
-143.565845
-220.234516
-323.962718
-409.651233
-463.018641
-481.809982
-459.260373
-414.912808
-431.449188
-531.419122
-611.094408
-582.531569
-484.816597
-395.369814
-371.316897
-408.147925
-437.462417
-412.657847
-321.707757
-210.463019
-119.512928
-87.191822
-84.185207
-40.589296
45.850872
149.579074
230.006013
280.366807
317.949489
359.290439
396.121467
455.502105
535.177390
581.028262
574.263379
563.740229
579.524955
629.134095
670.475045
645.670475
588.544799
542.693927
523.150932
490.829826
449.488876
423.932652
387.853277
311.936260
220.986170
141.310884
100.721587
79.675286
43.595911
-23.301263
-105.231509
-173.631990
-209.711365
-219.482862
-214.972940
-226.999399
-257.065544
-289.386651
-305.923031
-266.085388
-196.933253
-148.827420
-144.317498
-158.598918
-144.317498
-73.662057
33.072760
124.022850
157.095610
160.102225
181.148527
245.790740
326.217679
399.128082
446.482261
474.293446
467.528563
448.737222
475.796753
553.217078
620.865905
593.806374
490.078172
430.697535
460.763680
511.124474
505.111245
435.959110
369.813590
304.419723
250.300661
205.953097
187.913410
175.135298
118.009621
-6.764883
-128.532772
-163.108839
-171.377029
-204.449790
-308.929645
-412.657847
-474.293446
-521.647625
-579.524955
-629.134095
-665.965123
-714.070956
-783.223091
-848.616957
-872.669874
-862.146723
-868.911606
-931.298857
-984.666266
-998.196031
-980.907998
-959.861696
-958.358388
-941.070355
-916.265785
-903.487673
-890.709561
-853.126879
-782.471437
-713.319302
-667.468431
-619.362598
-549.458809
-477.300060
-420.174384
-354.028863
-272.850271
-190.168370
-102.224895
-36.831028
25.556224
95.460012
164.612147
243.535779
323.211064
381.840048
435.207456
493.084787
531.419122
579.524955
638.905592
683.253157
714.822610
726.849068
724.594107
738.875526
782.471437
811.785929
813.289236
785.478052
761.425135
776.458208
796.752856
786.229705
733.613951
690.769693
669.723391
668.220084
644.167168
599.067949
567.498497
538.184005
492.333133
442.723993
423.932652
412.657847
386.349970
317.949489
259.320505
234.515935
233.012628
223.992784
168.370415
117.257968
102.976548
99.218280
78.923632
50.360794
29.314492
29.314492
27.811185
9.771497
-9.771497
-15.784726
-1.503307
0.000000
-17.288034
-39.085989
-39.085989
-10.523151
1.503307
-16.536380
-36.079375
-50.360794
-58.628984
-57.125676
-58.628984
-67.648827
-83.433554
-108.989778
-137.552616
-157.847264
-160.102225
-180.396873
-214.221287
-268.340349
-301.413109
-314.942874
-334.485869
-366.055322
-413.409501
-450.240529
-487.823211
-517.889357
-548.707156
-569.753458
-603.577871
-646.422129
-678.743235
-706.554420
-711.064342
-717.829224
-732.110643
-753.908599
-779.464823
-783.974744
-752.405292
-714.822610
-697.534576
-711.815995
-721.587492
-677.991581
-602.074564
-541.942273
-517.889357
-493.084787
-433.704149
-348.015634
-289.386651
-232.260974
-141.310884
-41.340950
22.549609
55.622369
115.003007
229.254360
349.518942
416.416115
438.965725
473.541792
547.955502
623.872520
666.716777
690.018040
715.574263
738.875526
755.411906
752.405292
740.378833
740.378833
723.090800
687.011425
647.173782
606.584486
567.498497
524.654239
466.025256
401.383043
342.754059
293.896572
254.810583
208.959711
147.324113
90.950090
51.112447
31.569453
27.811185
9.019844
-21.797956
-40.589296
-45.099218
-40.589296
-9.019844
13.529765
24.052916
33.824414
49.609140
79.675286
133.794348
178.141912
204.449790
220.234516
236.019242
257.065544
282.621768
304.419723
331.479254
346.512327
322.459411
285.628382
272.098617
286.380036
290.138304
248.045701
178.141912
130.787733
106.734817
88.695129
54.119062
0.000000
-53.367408
-108.238124
-180.396873
-236.770896
-245.790740
-253.307276
-290.138304
-372.068551
-429.945881
-436.710764
-429.194227
-423.180998
-454.750451
-486.319904
-506.614552
-505.111245
-479.555021
-447.985568
-432.952495
-430.697535
-437.462417
-413.409501
-372.068551
-330.727601
-302.916416
-298.406494
-284.125075
-233.012628
-191.671678
-173.631990
-151.082381
-123.271197
-100.721587
-89.446783
-84.936861
-67.648827
-29.314492
-12.026458
-17.288034
-27.811185
-11.274805
9.019844
16.536380
2.254961
4.509922
15.033073
14.281419
-0.751654
-27.059531
-12.778112
7.516536
15.033073
-6.013229
-29.314492
-22.549609
5.261575
15.784726
10.523151
-8.268190
-16.536380
-3.758268
18.039687
30.066146
28.562838
29.314492
28.562838
28.562838
40.589296
53.367408
68.400481
70.655442
55.622369
43.595911
51.864101
66.145520
91.701744
102.976548
81.930247
72.158749
73.662057
93.956705
126.277811
131.539387
118.009621
115.754660
119.512928
142.062538
157.095610
162.357186
172.128683
184.155141
189.416717
190.168370
202.946482
211.214672
239.777511
248.045701
246.542393
247.294047
246.542393
248.045701
266.085388
278.863500
267.588695
249.549008
236.019242
230.757667
233.012628
230.006013
213.469633
175.135298
150.330728
137.552616
119.512928
111.996392
93.956705
66.145520
25.556224
-14.281419
-33.072760
-19.542995
-30.066146
-74.413710
-125.526158
-155.592303
-160.102225
-160.102225
-176.638605
-202.194829
-213.469633
-229.254360
-248.797354
-265.333734
-274.353578
-260.823812
-263.830427
-284.125075
-292.393265
-284.876729
-275.856885
-275.856885
-275.856885
-266.837041
-257.065544
-239.025857
-217.227901
-199.188214
-178.141912
-157.847264
-142.062538
-121.016236
-87.943476
-50.360794
-24.804570
3.758268
42.092604
69.152135
82.681900
105.231509
144.317498
186.410102
204.449790
203.698136
217.979555
233.764281
263.830427
271.346963
246.542393
226.999399
217.979555
215.724594
199.939868
175.135298
136.800962
106.734817
76.668671
48.857486
21.797956
-27.059531
-75.165364
-111.244738
-135.297655
-167.618761
-199.188214
-231.509321
-263.830427
-293.896572
-317.197835
-319.452796
-318.701143
-319.452796
-329.975947
-335.989176
-329.975947
-306.674684
-277.360192
-258.568851
-234.515935
-199.188214
-169.122069
-131.539387
-88.695129
-45.850872
-10.523151
28.562838
78.171978
125.526158
163.860493
195.429946
223.992784
257.065544
287.883343
299.909802
314.191221
339.747444
351.022249
337.492483
316.446182
302.916416
317.197835
309.681299
277.360192
237.522550
196.933253
167.618761
133.794348
90.950090
57.125676
39.085989
-8.268190
-56.374023
-90.950090
-108.989778
-116.506314
-136.049308
-166.867108
-197.684907
-203.698136
-203.698136
-188.665063
-173.631990
-175.135298
-173.631990
-172.880337
-148.075767
-95.460012
-45.850872
-7.516536
0.751654
8.268190
40.589296
94.708358
157.095610
196.181600
207.456404
206.704750
222.489477
269.843656
314.942874
336.740830
336.740830
314.191221
303.668070
325.466025
348.015634
348.015634
328.472640
278.863500
242.784125
224.744438
217.979555
208.959711
159.350571
91.701744
44.347565
2.254961
-21.797956
-46.602526
-87.943476
-142.062538
-200.691521
-249.549008
-274.353578
-288.634997
-296.903187
-323.211064
-363.800361
-395.369814
-407.396272
-406.644618
-407.396272
-406.644618
-406.644618
-405.892965
-406.644618
-405.892965
-393.114853
-358.538785
-317.197835
-285.628382
-275.856885
-270.595310
-245.039086
-195.429946
-134.546001
-102.224895
-81.178593
-70.655442
-71.407096
-36.831028
2.254961
49.609140
72.910403
72.910403
61.635598
60.132291
84.185207
124.022850
148.075767
133.794348
108.989778
86.440168
93.956705
121.767889
132.291040
129.284426
110.493085
89.446783
72.158749
75.165364
87.943476
86.440168
87.191822
79.675286
57.877330
42.844257
52.615755
74.413710
87.191822
85.688515
72.910403
59.380637
57.877330
66.897174
86.440168
105.983163
114.251353
96.211666
85.688515
87.191822
99.218280
133.794348
147.324113
142.062538
128.532772
115.754660
124.774504
155.592303
183.403488
190.920024
178.893566
151.834035
142.814191
158.598918
173.631990
175.135298
159.350571
142.814191
130.787733
131.539387
127.029465
115.754660
115.754660
102.976548
87.191822
69.903788
58.628984
39.837643
29.314492
17.288034
15.033073
6.013229
-3.758268
-20.294648
-41.340950
-44.347565
-42.844257
-51.112447
-59.380637
-65.393867
-83.433554
-87.191822
-88.695129
-77.420325
-78.923632
-91.701744
-100.721587
-102.224895
-100.721587
-102.224895
-110.493085
-128.532772
-129.284426
-133.794348
-143.565845
-156.343957
-158.598918
-167.618761
-175.135298
-178.893566
-190.920024
-199.939868
-215.724594
-217.979555
-216.476248
-219.482862
-216.476248
-223.241130
-233.012628
-220.234516
-215.724594
-199.939868
-182.651834
-175.135298
-166.867108
-155.592303
-130.787733
-99.218280
-69.903788
-44.347565
-29.314492
-14.281419
9.771497
35.327721
71.407096
96.211666
121.016236
133.794348
143.565845
145.820806
157.847264
182.651834
203.698136
202.946482
192.423331
182.651834
172.880337
175.135298
161.605532
159.350571
150.330728
126.277811
100.721587
81.178593
62.387252
48.857486
35.327721
15.784726
-13.529765
-44.347565
-60.132291
-57.125676
-68.400481
-81.930247
-104.479856
-115.754660
-117.257968
-130.036079
-132.291040
-124.022850
-115.003007
-116.506314
-115.754660
-115.003007
-95.460012
-67.648827
-57.877330
-57.125676
-37.582682
-18.791341
9.771497
37.582682
55.622369
81.930247
108.989778
118.009621
124.022850
147.324113
177.390259
202.194829
202.946482
208.208058
222.489477
233.012628
241.280818
233.764281
230.757667
234.515935
214.972940
196.181600
187.913410
189.416717
183.403488
162.357186
142.062538
122.519543
102.224895
81.930247
67.648827
50.360794
36.831028
21.797956
-0.751654
-12.026458
-18.039687
-27.811185
-39.085989
-43.595911
-48.857486
-61.635598
-66.897174
-57.125676
-58.628984
-57.125676
-69.152135
-73.662057
-72.910403
-66.897174
-56.374023
-57.125676
-64.642213
-74.413710
-71.407096
-72.910403
-59.380637
-57.877330
-57.877330
-57.877330
-71.407096
-82.681900
-73.662057
-72.158749
-75.917017
-88.695129
-102.224895
-100.721587
-108.989778
-118.009621
-115.003007
-117.257968
-114.251353
-118.761275
-130.787733
-145.820806
-141.310884
-130.036079
-130.787733
-131.539387
-130.036079
-133.042694
-145.820806
-136.800962
-121.767889
-108.238124
-97.714973
-96.963319
-111.244738
-118.009621
-102.976548
-83.433554
-62.387252
-57.125676
-69.903788
-73.662057
-70.655442
-46.602526
-27.811185
-29.314492
-28.562838
-29.314492
-28.562838
-25.556224
-3.758268
12.778112
15.784726
13.529765
0.751654
15.033073
38.334336
60.883945
67.648827
57.125676
59.380637
78.923632
87.943476
93.205051
109.741431
117.257968
114.251353
111.244738
116.506314
124.774504
141.310884
145.820806
139.055923
124.022850
114.251353
125.526158
132.291040
128.532772
116.506314
102.224895
102.976548
99.218280
87.943476
86.440168
74.413710
71.407096
74.413710
63.138906
57.125676
59.380637
48.105833
42.092604
44.347565
42.092604
45.099218
39.085989
27.811185
30.066146
28.562838
39.085989
44.347565
43.595911
42.844257
28.562838
28.562838
40.589296
44.347565
42.844257
43.595911
42.844257
44.347565
43.595911
44.347565
42.844257
48.857486
60.132291
48.857486
42.844257
44.347565
43.595911
44.347565
42.844257
44.347565
33.072760
20.294648
6.013229
-0.751654
0.000000
0.000000
-2.254961
-21.046302
-40.589296
-43.595911
-42.092604
-49.609140
-65.393867
-90.950090
-105.231509
-116.506314
-115.003007
-120.264582
-133.794348
-151.834035
-171.377029
-184.155141
-190.168370
-187.913410
-188.665063
-191.671678
-213.469633
-217.979555
-219.482862
-212.717980
-202.194829
-203.698136
-202.946482
-202.946482
-202.946482
-190.920024
-178.141912
-162.357186
-145.820806
-132.291040
-130.787733
-120.264582
-97.714973
-71.407096
-42.844257
-30.066146
-21.046302
-10.523151
15.784726
48.105833
75.917017
96.211666
115.003007
115.003007
125.526158
147.324113
178.141912
201.443175
202.946482
203.698136
202.194829
213.469633
228.502706
233.012628
232.260974
222.489477
205.953097
189.416717
187.161756
189.416717
178.141912
157.847264
123.271197
93.205051
77.420325
69.903788
62.387252
39.085989
-0.751654
-24.052916
-35.327721
-51.864101
-58.628984
-57.877330
-72.910403
-94.708358
-105.983163
-103.728202
-99.218280
-103.728202
-89.446783
-87.943476
-84.185207
-72.158749
-62.387252
-33.072760
-12.778112
3.758268
13.529765
22.549609
40.589296
66.897174
82.681900
92.453397
104.479856
120.264582
130.787733
131.539387
144.317498
145.820806
144.317498
126.277811
114.251353
117.257968
115.754660
113.499699
88.695129
63.138906
35.327721
9.771497
-5.261575
-21.046302
-49.609140
-79.675286
-105.231509
-133.794348
-145.820806
-154.088996
-170.625376
-189.416717
-210.463019
-218.731209
-217.979555
-217.227901
-230.006013
-229.254360
-211.214672
-202.946482
-203.698136
-193.926639
-177.390259
-158.598918
-141.310884
-130.787733
-111.244738
-84.936861
-52.615755
-30.817799
-19.542995
-4.509922
18.791341
47.354179
68.400481
82.681900
87.943476
97.714973
104.479856
113.499699
132.291040
145.820806
134.546001
129.284426
118.761275
103.728202
101.473241
101.473241
102.224895
89.446783
64.642213
43.595911
44.347565
42.844257
43.595911
26.307877
6.764883
-7.516536
-25.556224
-15.784726
-14.281419
-14.281419
-18.791341
-35.327721
-43.595911
-38.334336
-10.523151
0.751654
0.000000
-1.503307
-15.033073
5.261575
32.321106
51.112447
70.655442
63.890559
48.857486
54.870716
72.158749
87.191822
101.473241
99.218280
87.191822
87.191822
87.191822
86.440168
99.218280
92.453397
77.420325
57.125676
32.321106
27.811185
30.066146
21.046302
1.503307
-21.797956
-43.595911
-43.595911
-42.844257
-48.857486
-62.387252
-81.178593
-87.943476
-86.440168
-87.191822
-87.191822
-84.936861
-71.407096
-82.681900
-87.191822
-88.695129
-71.407096
-45.099218
-44.347565
-42.844257
-45.099218
-32.321106
-12.026458
8.268190
15.784726
13.529765
15.033073
12.778112
20.294648
35.327721
43.595911
43.595911
32.321106
27.811185
29.314492
29.314492
30.066146
24.052916
9.019844
0.000000
-12.026458
-15.033073
-14.281419
-14.281419
-20.294648
-40.589296
-44.347565
-42.844257
-57.125676
-52.615755
-51.112447
-61.635598
-54.870716
-66.145520
-68.400481
-54.119062
-40.589296
-29.314492
-28.562838
-30.817799
-21.046302
-12.026458
0.751654
12.026458
22.549609
30.066146
28.562838
28.562838
44.347565
58.628984
68.400481
73.662057
71.407096
74.413710
72.158749
72.910403
72.158749
72.910403
51.864101
44.347565
35.327721
27.811185
19.542995
9.771497
-11.274805
-37.582682
-54.870716
-58.628984
-60.883945
-73.662057
-72.910403
-90.950090
-111.244738
-116.506314
-115.754660
-107.486470
-96.963319
-99.218280
-102.976548
-99.969934
-86.440168
-62.387252
-37.582682
-17.288034
-14.281419
-12.026458
13.529765
39.837643
66.145520
89.446783
102.224895
102.976548
115.003007
130.787733
152.585689
169.873722
175.886951
170.625376
160.102225
159.350571
163.108839
176.638605
167.618761
154.088996
131.539387
105.983163
90.950090
81.178593
67.648827
46.602526
18.791341
-12.778112
-29.314492
-45.099218
-66.897174
-84.936861
-105.983163
-124.774504
-146.572459
-158.598918
-164.612147
-160.853879
-161.605532
-175.135298
-173.631990
-175.886951
-167.618761
-153.337342
-142.814191
-133.042694
-122.519543
-102.224895
-82.681900
-63.138906
-36.831028
-22.549609
-2.254961
15.033073
29.314492
50.360794
69.903788
90.198437
105.983163
117.257968
115.754660
124.022850
141.310884
143.565845
130.036079
131.539387
127.781118
115.754660
116.506314
97.714973
69.903788
55.622369
39.085989
22.549609
14.281419
0.000000
-27.811185
-48.105833
-62.387252
-75.917017
-87.191822
-96.211666
-106.734817
-116.506314
-117.257968
-132.291040
-126.277811
-116.506314
-104.479856
-105.231509
-118.761275
-101.473241
-92.453397
-69.903788
-48.105833
-35.327721
-27.059531
-10.523151
4.509922
21.797956
48.857486
71.407096
87.191822
86.440168
99.969934
102.224895
110.493085
125.526158
143.565845
144.317498
130.787733
130.787733
130.787733
130.787733
130.787733
115.003007
94.708358
79.675286
71.407096
65.393867
48.857486
42.092604
24.804570
5.261575
-7.516536
-28.562838
-43.595911
-42.844257
-43.595911
-54.119062
-69.152135
-73.662057
-71.407096
-73.662057
-71.407096
-74.413710
-63.890559
-57.877330
-56.374023
-45.850872
-33.824414
-29.314492
-22.549609
-14.281419
-11.274805
0.751654
0.000000
-1.503307
9.019844
12.026458
9.771497
16.536380
13.529765
15.033073
14.281419
14.281419
0.000000
-10.523151
0.000000
-4.509922
-33.824414
-42.844257
-49.609140
-57.877330
-66.897174
-74.413710
-82.681900
-89.446783
-100.721587
-101.473241
-102.224895
-96.211666
-94.708358
-104.479856
-99.969934
-102.224895
-85.688515
-76.668671
-63.890559
-58.628984
-54.119062
-42.092604
-42.844257
-21.797956
1.503307
11.274805
21.797956
35.327721
45.850872
55.622369
73.662057
87.191822
96.963319
103.728202
99.218280
108.238124
115.003007
125.526158
125.526158
113.499699
119.512928
105.231509
102.224895
99.969934
88.695129
83.433554
69.152135
57.125676
42.844257
44.347565
36.831028
21.797956
3.006615
-14.281419
-14.281419
-16.536380
-30.066146
-27.811185
-32.321106
-44.347565
-44.347565
-39.085989
-28.562838
-27.059531
-13.529765
-15.033073
-13.529765
-3.006615
2.254961
13.529765
22.549609
37.582682
44.347565
42.092604
51.112447
62.387252
70.655442
74.413710
63.138906
57.125676
57.877330
57.877330
57.125676
58.628984
45.099218
29.314492
21.046302
5.261575
-5.261575
-21.797956
-46.602526
-66.897174
-79.675286
-89.446783
-99.969934
-109.741431
-130.787733
-145.820806
-144.317498
-145.069152
-145.069152
-145.069152
-145.820806
-144.317498
-146.572459
-139.807577
-128.532772
-119.512928
-100.721587
-86.440168
-69.903788
-48.105833
-31.569453
-16.536380
3.758268
24.052916
43.595911
63.890559
83.433554
96.211666
109.741431
119.512928
128.532772
140.559230
146.572459
144.317498
145.069152
145.069152
145.069152
133.794348
128.532772
118.009621
99.218280
87.191822
78.171978
61.635598
43.595911
32.321106
17.288034
-3.758268
-18.039687
-34.576067
-49.609140
-62.387252
-76.668671
-87.191822
-97.714973
-102.976548
-99.218280
-108.989778
-118.009621
-105.983163
-99.969934
-102.976548
-99.969934
-88.695129
-86.440168
-75.917017
-59.380637
-39.837643
-24.052916
-12.778112
6.764883
15.784726
27.811185
40.589296
57.877330
72.158749
75.165364
88.695129
94.708358
93.956705
105.231509
118.009621
113.499699
102.224895
99.969934
103.728202
87.191822
72.158749
71.407096
60.132291
55.622369
39.085989
22.549609
15.033073
0.000000
-20.294648
-33.072760
-48.105833
-58.628984
-68.400481
-75.165364
-84.185207
-90.950090
-101.473241
-101.473241
-101.473241
-102.224895
-100.721587
-100.721587
-101.473241
-87.943476
-76.668671
-66.897174
-58.628984
-50.360794
-41.340950
-44.347565
-26.307877
-6.013229
3.006615
12.778112
24.804570
30.066146
39.085989
55.622369
58.628984
58.628984
57.877330
57.877330
66.897174
75.917017
65.393867
57.877330
72.910403
63.890559
56.374023
48.105833
42.092604
45.850872
40.589296
29.314492
28.562838
30.066146
17.288034
3.006615
-1.503307
1.503307
-1.503307
0.751654
-5.261575
-15.784726
-14.281419
-15.033073
-14.281419
-14.281419
-14.281419
-14.281419
-15.033073
-14.281419
-15.033073
-15.033073
-14.281419
-14.281419
-13.529765
-15.033073
-14.281419
-18.039687
-18.039687
-6.764883
2.254961
-5.261575
-15.033073
-15.033073
-9.771497
3.006615
8.268190
0.000000
-0.751654
0.000000
-13.529765
-14.281419
-15.033073
-14.281419
-15.033073
-14.281419
-14.281419
-14.281419
-14.281419
-27.059531
-30.066146
-27.811185
-32.321106
-45.850872
-31.569453
-30.066146
-18.791341
-20.294648
-31.569453
-27.811185
-30.066146
-15.784726
-3.006615
1.503307
-1.503307
3.006615
15.784726
13.529765
24.804570
29.314492
30.817799
43.595911
44.347565
42.092604
50.360794
59.380637
57.125676
58.628984
57.877330
58.628984
57.877330
58.628984
57.125676
59.380637
54.119062
42.092604
45.099218
40.589296
30.817799
20.294648
13.529765
14.281419
-0.751654
1.503307
-3.006615
-14.281419
-15.033073
-27.811185
-29.314492
-39.837643
-45.850872
-41.340950
-52.615755
-59.380637
-57.877330
-58.628984
-57.877330
-57.877330
-58.628984
-57.125676
-58.628984
-57.125676
-59.380637
-53.367408
-43.595911
-37.582682
-27.059531
-31.569453
-24.052916
-14.281419
-3.006615
1.503307
-0.751654
12.778112
14.281419
15.033073
27.059531
30.066146
27.811185
39.837643
43.595911
43.595911
42.844257
49.609140
50.360794
41.340950
45.099218
42.092604
45.099218
42.092604
45.850872
37.582682
27.811185
29.314492
28.562838
28.562838
14.281419
15.033073
2.254961
0.000000
0.000000
1.503307
-7.516536
-13.529765
-4.509922
-15.784726
-13.529765
-15.033073
-13.529765
-0.751654
0.751654
-0.751654
0.000000
0.751654
0.000000
0.000000
0.000000
0.751654
-0.751654
0.751654
-0.751654
3.758268
16.536380
3.006615
-0.751654
0.751654
-0.751654
0.751654
-1.503307
2.254961
-9.019844
-14.281419
-15.033073
-12.778112
-24.804570
-22.549609
-18.039687
-31.569453
-28.562838
-30.066146
-29.314492
-28.562838
-33.072760
-42.092604
-28.562838
-28.562838
-28.562838
-28.562838
-29.314492
-28.562838
-15.033073
-15.033073
-9.019844
0.751654
-0.751654
0.000000
10.523151
15.784726
12.778112
15.784726
13.529765
19.542995
30.817799
21.046302
12.778112
24.052916
16.536380
14.281419
15.033073
13.529765
15.784726
6.764883
-1.503307
-8.268190
-21.046302
-28.562838
-31.569453
-43.595911
-44.347565
-42.844257
-55.622369
-58.628984
-57.877330
-57.877330
-57.877330
-58.628984
-57.877330
-59.380637
-50.360794
-41.340950
-45.099218
-33.824414
-27.811185
-18.039687
-12.026458
-2.254961
13.529765
13.529765
24.052916
37.582682
51.864101
70.655442
72.910403
80.426939
96.211666
101.473241
102.224895
100.721587
109.741431
118.009621
115.003007
116.506314
116.506314
104.479856
100.721587
102.224895
101.473241
91.701744
81.178593
69.152135
48.857486
43.595911
33.072760
24.052916
10.523151
0.000000
-4.509922
-20.294648
-30.066146
-39.837643
-50.360794
-58.628984
-57.877330
-57.877330
-69.152135
-73.662057
-71.407096
-73.662057
-72.158749
-77.420325
-75.165364
-71.407096
-73.662057
-61.635598
-57.125676
-57.877330
-47.354179
-32.321106
-29.314492
-21.797956
-12.026458
-15.784726
-6.013229
4.509922
14.281419
15.784726
14.281419
15.784726
12.778112
27.059531
25.556224
12.778112
15.033073
13.529765
14.281419
14.281419
12.778112
-1.503307
1.503307
-9.771497
-14.281419
-19.542995
-31.569453
-27.811185
-32.321106
-42.844257
-44.347565
-43.595911
-55.622369
-60.132291
-73.662057
-63.890559
-56.374023
-59.380637
-63.890559
-54.870716
-42.092604
-45.099218
-42.092604
-45.099218
-39.837643
-30.066146
-18.791341
-13.529765
-14.281419
-4.509922
6.764883
14.281419
22.549609
32.321106
43.595911
42.844257
51.864101
59.380637
57.125676
