-1104.254628
-1291.653134
-1402.078597
-1447.547905
-1456.316986
-1439.103605
-1417.343293
-1414.095486
-1432.283209
-1466.060409
-1488.470283
-1493.017213
-1488.145502
-1452.094836
-1380.967847
-1286.131861
-1186.099383
-1074.374797
-921.078272
-752.841832
-612.211757
-490.418967
-368.626177
-240.337772
-129.912309
-20.136408
147.125690
358.233193
539.460864
663.202338
759.987009
864.891198
952.582007
983.436181
986.683988
1023.384216
1114.972394
1208.184475
1260.798961
1297.174407
1354.011043
1411.497239
1424.163690
1382.916531
1342.318935
1358.882754
1399.805132
1410.198116
1396.882105
1405.975966
1450.470932
1470.607340
1433.582332
1365.053589
1290.354011
1185.774602
1030.854173
886.001949
830.139656
844.754791
851.899968
804.806755
667.749269
450.146151
168.236440
-131.860994
-351.737577
-495.615460
-613.186099
-710.620331
-813.251056
-925.949984
-1060.734005
-1215.004872
-1347.190646
-1472.556025
-1630.399480
-1815.849302
-1992.854823
-2100.682040
-2138.356609
-2102.955505
-1980.513154
-1836.960052
-1727.184151
-1693.731731
-1707.697304
-1688.860019
-1620.331276
-1493.991556
-1296.524846
-1053.913608
-805.456317
-580.058461
-368.950958
-144.202663
88.015589
324.780773
525.170510
642.091588
671.971419
640.467684
620.980838
656.706723
729.782397
832.737902
960.701526
1068.853524
1081.195193
970.769730
810.003248
673.595323
584.280611
515.102306
439.753167
377.070477
360.181877
392.010393
444.300097
467.359532
440.077947
389.736928
330.302046
254.952907
162.715167
153.296525
303.994804
544.982137
747.970120
882.754141
1018.837285
1172.458590
1237.089964
1169.535563
1084.767782
1101.656382
1194.218902
1279.311465
1376.745697
1522.247483
1674.244885
1703.799935
1553.751218
1302.695680
1007.145177
711.269893
451.445274
246.833387
123.416694
51.964924
-26.956804
-147.775252
-354.985385
-610.587853
-863.592075
-1124.391036
-1405.001624
-1710.295551
-1967.521923
-2130.561871
-2218.577460
-2240.012991
-2201.364079
-2118.544982
-2038.973693
-2027.606366
-2082.494316
-2137.707048
-2145.826567
-2080.545632
-1949.009419
-1771.029555
-1549.529068
-1271.516726
-951.282884
-657.681065
-449.496590
-286.456642
-134.784021
-43.845404
-61.058785
-107.177655
-20.785969
202.013641
443.000974
638.519000
817.473206
1000.000000
1101.006820
1062.357908
995.777850
994.803508
1016.888600
1000.000000
945.761611
948.035076
1028.255927
1134.459240
1237.414745
1312.763884
1352.062358
1355.959727
1325.755115
1274.439753
1222.799610
1211.107502
1276.388438
1373.497889
1439.103605
1486.846379
1557.973368
1636.245534
1632.348165
1523.546606
1389.087366
1290.029230
1210.782722
1119.844105
1027.931146
957.778500
845.729133
620.331276
304.969146
-16.563819
-278.337122
-504.384540
-739.525820
-1000.324781
-1268.593699
-1493.666775
-1685.612212
-1874.634622
-2050.990581
-2203.312764
-2337.772004
-2527.119195
-2772.653459
-2983.111400
-3072.426112
-3053.264047
-3011.367327
-2961.675869
-2856.771679
-2702.176031
-2560.896395
-2421.890224
-2238.064307
-2010.717766
-1801.558948
-1675.219227
-1580.708022
-1440.402728
-1261.448522
-1030.204612
-731.406301
-412.471582
-106.203313
147.450471
322.507308
472.231244
618.707373
762.910036
893.471906
970.120169
993.829165
994.153946
1035.076323
1128.613186
1231.568691
1338.746346
1455.992205
1562.520299
1622.929523
1642.091588
1686.261773
1775.576486
1848.976941
1871.386814
1859.369925
1846.053914
1855.472556
1914.907437
2035.401104
2205.261449
2376.420916
2494.316336
2534.264372
2499.188048
2398.181228
2239.688210
2074.699578
1955.505034
1904.839234
1898.668399
1892.172783
1833.062683
1667.749269
1410.522897
1112.374147
819.097109
535.888275
285.482299
52.939266
-195.842806
-451.445274
-705.099058
-908.736603
-1030.529393
-1104.904190
-1205.586229
-1374.797012
-1579.408899
-1798.311140
-1979.863592
-2099.707697
-2147.450471
-2103.605067
-1992.530042
-1849.626502
-1685.287431
-1498.863267
-1277.362780
-1028.580708
-822.344917
-693.082170
-602.468334
-496.914583
-360.181877
-167.586879
120.168886
509.256252
941.539461
1330.951608
1637.544657
1898.668399
2121.792790
2248.132511
2242.936018
2141.279636
1986.034427
1791.165963
1581.357584
1416.693732
1337.122442
1315.037350
1301.721338
1268.268918
1212.081845
1142.253979
1051.964924
915.232218
690.808704
361.481000
-56.511854
-538.811302
-1023.384216
-1460.863917
-1793.439428
-1988.632673
-2104.904190
-2204.287106
-2304.644365
-2408.574212
-2519.974018
-2679.441377
-2921.403053
-3193.894121
-3464.111725
-3715.492043
-3892.497564
-3927.249107
-3775.576486
-3439.428386
-2989.607015
-2527.119195
-2111.075024
-1786.294251
-1611.886976
-1676.518350
-2025.982462
-2640.792465
-3455.667424
-4386.489120
-5310.165638
-6036.700227
-6391.036051
-6333.549854
-5944.462488
-5290.678792
-4398.506008
-3288.080546
-2069.827866
-919.129588
82.819097
905.813576
1540.110425
1974.342319
2224.748295
2376.420916
2550.828191
2835.011367
3199.090614
3560.896395
3896.070153
4193.569341
4432.607990
4589.801884
4666.450146
4744.722312
4868.463787
4976.940565
5000.000000
4930.172134
4812.601494
4649.236765
4441.052290
4235.141280
4082.494316
3961.675869
3785.319909
3532.640468
3240.012991
2950.308542
2682.364404
2417.343293
2140.630075
1848.327379
1569.015914
1339.720689
1170.509906
1074.699578
1036.050666
1068.853524
1178.304644
1292.302696
1352.711919
1370.574862
1353.036700
1300.746996
1175.056837
990.581358
834.037025
705.099058
541.409549
321.857746
84.443001
-111.399805
-278.661903
-435.531017
-584.930172
-736.278012
-901.591426
-1157.518675
-1508.606690
-1860.993829
-2155.245209
-2417.018513
-2700.552127
-3021.110750
-3325.755115
-3554.400779
-3709.321208
-3811.302371
-3849.301721
-3801.558948
-3692.432608
-3608.639169
-3561.545956
-3491.393310
-3329.652485
-3095.160766
-2847.353037
-2595.647938
-2329.977265
-2038.973693
-1727.508931
-1415.719389
-1079.571289
-696.654758
-339.720689
-38.648912
222.474829
465.410848
717.440728
952.906788
1149.399156
1320.558623
1454.693082
1533.290029
1540.759987
1509.256252
1504.384540
1524.196168
1523.221825
1476.128613
1432.607990
1434.231893
1449.496590
1456.641767
1478.077298
1506.658006
1536.537837
1556.349464
1570.639818
1616.758688
1676.193569
1722.962001
1785.969471
1884.378045
1986.034427
2062.033128
2095.810328
2112.049367
2080.870412
1961.026307
1783.696005
1619.681715
1489.769406
1326.079896
1083.793439
792.789867
501.136733
218.902241
-75.349139
-382.591751
-670.022735
-945.112049
-1274.114972
-1678.791816
-2081.844755
-2438.129263
-2761.286132
-3100.032478
-3448.847028
-3750.243586
-3994.153946
-4179.278987
-4312.114323
-4359.207535
-4309.516077
-4220.526145
-4124.391036
-4015.589477
-3834.686587
-3560.896395
-3246.508607
-2926.274765
-2601.169211
-2268.593699
-1930.496915
-1582.331926
-1239.688210
-900.617083
-545.306918
-200.389737
101.656382
380.318285
652.484573
921.078272
1168.236440
1384.215654
1565.118545
1707.047743
1811.627152
1896.394933
1973.367977
2035.725885
2056.511854
2027.281585
1975.316661
1956.154596
1974.017538
2001.299123
2051.315362
2135.433582
2226.696980
2290.678792
2329.002923
2376.745697
2470.282559
2571.938941
2648.911984
2706.398181
2769.405651
2846.053914
2915.881780
2967.197142
2995.453069
2985.709646
2912.958753
2787.593374
2644.689834
2496.265021
2291.977915
2005.846054
1676.518350
1321.208184
951.932446
597.921403
262.747645
-44.494966
-349.788892
-721.338097
-1138.356609
-1546.606041
-1924.001299
-2286.131861
-2668.074050
-3053.264047
-3419.616759
-3763.234816
-4055.862293
-4276.388438
-4375.771354
-4381.292627
-4345.566742
-4277.362780
-4173.432933
-3974.667100
-3685.612212
-3360.506658
-3021.760312
-2683.663527
-2339.071127
-1986.034427
-1645.014615
-1311.789542
-975.641442
-620.980838
-288.080546
3.897369
298.148750
612.211757
947.385515
1255.277688
1505.358883
1705.748620
1875.284183
2006.170835
2093.861643
2148.100032
2178.629425
2175.056837
2120.818448
2044.494966
2000.974342
2026.956804
2089.964274
2178.629425
2266.645015
2331.601169
2385.514778
2418.317636
2441.377070
2490.094186
2560.246833
2602.143553
2616.433907
2646.963300
2693.082170
2713.868139
2702.500812
2658.655408
2587.203638
2492.692433
2361.805781
2222.150049
2063.981812
1835.011367
1530.042222
1174.082494
798.311140
431.308867
82.819097
-257.551153
-591.750568
-927.249107
-1328.028581
-1756.739201
-2136.083144
-2475.154271
-2802.533290
-3144.202663
-3496.265021
-3843.130887
-4153.946086
-4417.668074
-4624.878207
-4737.577135
-4764.533940
-4738.226697
-4663.527119
-4542.383891
-4335.498538
-4047.742774
-3721.987658
-3367.976616
-3008.444300
-2623.903865
-2233.517376
-1865.865541
-1503.085417
-1135.433582
-760.961351
-448.847028
-214.030529
52.939266
365.053589
667.749269
936.342968
1162.715167
1382.266970
1599.220526
1770.055213
1890.224099
1992.205261
2099.707697
2155.569990
2139.655732
2093.536863
2061.058785
2055.212731
2063.657032
2078.596947
2110.750244
2152.646963
2196.167587
2234.816499
2256.252030
2302.046119
2369.600520
2410.198116
2413.121143
2437.479701
2502.111075
2548.879506
2557.973368
2520.623579
2456.316986
2389.736928
2277.362780
2111.724586
1935.368626
1754.790516
1510.880156
1177.655083
820.721013
485.222475
176.031179
-127.314063
-445.599221
-757.063982
-1086.066905
-1442.026632
-1787.918155
-2117.895421
-2414.420266
-2711.594674
-3054.563170
-3390.386489
-3694.706073
-3937.317311
-4116.921078
-4222.799610
-4245.859045
-4230.594349
-4174.732056
-4062.033128
-3873.335499
-3606.365703
-3297.174407
-2967.521923
-2610.263072
-2224.098733
-1819.746671
-1421.240663
-1023.059435
-602.793115
-202.338422
128.288405
396.882105
643.065930
883.078922
1109.451120
1309.840857
1490.094186
1666.125365
1832.088340
1976.615784
2082.494316
2174.732056
2253.978564
2284.507957
2263.072426
2222.150049
2166.287756
2112.698928
2066.255278
2018.512504
1985.709646
1985.060084
2014.290354
2027.606366
2030.204612
2073.400455
2155.569990
2233.517376
2279.311465
2315.686911
2387.788243
2455.342644
2485.872036
2464.761286
2392.010393
2336.472881
2251.055538
2091.912959
1924.001299
1757.713543
1577.784995
1328.028581
1010.392985
671.971419
318.934719
-9.418642
-347.840208
-710.620331
-1075.998701
-1459.564794
-1853.523871
-2233.517376
-2577.135434
-2880.480676
-3192.270218
-3498.213706
-3767.132186
-4003.897369
-4186.748944
-4301.396557
-4355.959727
-4356.284508
-4300.746996
-4204.611887
-4072.426112
-3876.258525
-3606.365703
-3296.200065
-2981.162715
-2650.535888
-2290.029230
-1915.556999
-1535.563495
-1142.903540
-774.602144
-434.881455
-119.844105
167.586879
443.000974
690.483923
927.249107
1145.501786
1349.788892
1556.024683
1734.004547
1877.232868
2015.914258
2126.664501
2183.176356
2197.466710
2184.150698
2136.732705
2061.383566
1992.854823
1929.847353
1863.592075
1819.421890
1786.943813
1751.217928
1729.457616
1721.338097
1735.628451
1773.303020
1831.438779
1896.070153
1955.505034
2016.563819
2052.939266
2066.904839
2065.280935
2040.922377
1987.008769
1897.694057
1808.379344
1716.141604
1572.263722
1361.805781
1120.168886
857.421241
568.366353
290.354011
23.384216
-254.628126
-542.383891
-862.942514
-1223.773953
-1581.357584
-1911.984411
-2231.243910
-2572.263722
-2915.881780
-3236.115622
-3548.229945
-3828.515752
-4043.195843
-4185.449821
-4265.345892
-4305.943488
-4295.875284
-4227.996103
-4070.152647
-3817.148425
-3537.187399
-3236.440403
-2894.771030
-2518.025333
-2131.536213
-1749.918805
-1363.429685
-988.307892
-625.202988
-287.430984
-12.016889
256.576811
549.529068
836.635271
1098.733355
1339.071127
1597.271842
1857.746021
2067.229620
2227.021760
2352.711919
2439.103605
2482.949009
2483.273790
2438.129263
2385.189997
2361.805781
2321.208184
2245.209484
2204.611887
2208.509256
2238.713868
2278.661903
2306.917830
2356.284508
2446.248782
2561.545956
2642.741150
2683.663527
2737.577135
2781.747321
2783.696005
2711.269893
2616.109126
2533.290029
2402.078597
2250.081195
2091.588178
1904.189672
1710.945112
1487.171159
1218.577460
934.719065
654.758038
365.703150
22.734654
-340.695031
-714.842481
-1138.356609
-1565.768107
-1966.547580
-2348.814550
-2729.457616
-3114.972394
-3468.009094
-3787.268594
-4067.229620
-4276.063657
-4430.659305
-4534.264372
-4582.331926
-4585.904514
-4540.110425
-4419.941539
-4203.312764
-3951.932446
-3685.287431
-3376.096135
-3037.674570
-2671.321858
-2275.089315
-1867.814225
-1493.991556
-1141.604417
-801.883728
-502.111075
-223.449172
60.409224
367.327054
661.903215
923.026957
1168.886002
1398.181228
1595.972718
1778.824294
1925.300422
2019.811627
2097.759013
2140.954855
2120.168886
2067.229620
2048.067554
2043.845404
2030.529393
2046.443651
2076.648262
2113.673271
2160.766483
2197.791491
2253.653784
2335.173758
2436.180578
2538.486522
2612.211757
2666.450146
2727.184151
2745.371874
2709.645989
2645.339396
2563.169860
2441.052290
2295.225723
2147.450471
1954.855473
1723.286781
1479.376421
1194.543683
890.873660
590.776226
276.063657
-68.203962
-419.291978
-774.926924
-1182.202014
-1598.570965
-1986.034427
-2353.361481
-2742.124066
-3145.177006
-3498.538487
-3804.157194
-4073.075674
-4303.345242
-4497.239363
-4616.433907
-4653.783696
-4642.741150
-4591.425788
-4461.513478
-4228.645664
-3964.598896
-3682.364404
-3336.797662
-2949.658980
-2551.477753
-2161.091263
-1780.123417
-1415.394609
-1069.827866
-722.312439
-390.386489
-77.297824
252.029880
573.887626
870.412472
1168.886002
1476.128613
1764.858720
1995.777850
2195.193245
2365.053589
2476.778175
2547.580383
2576.161091
2557.648587
2520.948360
2493.341994
2455.342644
2412.146801
2405.326405
2424.813251
2447.547905
2476.778175
2526.469633
2601.169211
2673.920104
2748.294901
2818.447548
2862.292952
2887.625853
2896.070153
2858.070802
2770.055213
2656.381942
2511.204937
2339.395908
2164.988633
1979.863592
1736.602793
1469.632998
1211.757064
936.992530
644.689834
359.532316
71.451770
-239.363430
-577.135434
-940.889899
-1316.986034
-1679.441377
-2024.033777
-2390.061708
-2800.584605
-3206.235791
-3557.323806
-3864.241637
-4123.741475
-4318.285158
-4452.744398
-4535.563495
-4556.999026
-4521.922702
-4422.539786
-4230.919130
-3979.863592
-3726.209808
-3447.223124
-3121.792790
-2773.303020
-2436.180578
-2107.502436
-1764.858720
-1425.462813
-1108.801559
-787.593374
-470.932121
-153.621306
176.031179
479.701202
772.328678
1094.835986
1437.154920
1728.808055
1953.881130
2153.296525
2316.661254
2413.445924
2458.265671
2472.880805
2456.316986
2438.778824
2405.326405
2355.959727
2332.250731
2363.754466
2419.941539
2471.581682
2527.443975
2618.382592
2732.380643
2824.943163
2911.010068
2976.940565
3012.341669
3018.837285
2966.872361
2860.019487
2729.782397
2591.101007
2410.198116
2184.475479
1984.735304
1772.328678
1511.529717
1246.183826
968.171484
682.689185
411.497239
129.262748
-182.526794
-514.452744
-864.241637
-1227.671322
-1601.493992
-1963.299773
-2320.233842
-2703.799935
-3106.852874
-3478.726859
-3809.028905
-4091.263397
-4312.114323
-4472.556025
-4585.579734
-4632.997727
-4610.912634
-4542.708672
-4409.548555
-4192.594998
-3925.625203
-3639.168561
-3311.789542
-2948.359857
-2576.485872
-2214.030529
-1845.729133
-1489.119844
-1148.424813
-808.379344
-483.273790
-181.877233
120.493667
419.616759
696.005196
970.769730
1260.798961
1546.281260
1774.602144
1964.598896
2148.424813
2283.533615
2386.164339
2462.487821
2480.025982
2469.632998
2456.316986
2419.291978
2371.224424
2359.857096
2368.626177
2365.378370
2362.130562
2379.019162
2426.112374
2497.239363
2576.810653
2667.749269
2740.175382
2779.473855
2808.054563
2791.165963
2719.714193
2650.860669
2556.999026
2390.711270
2195.842806
1991.880481
1732.380643
1439.753167
1158.168236
859.694706
565.768107
304.319584
38.973693
-241.636895
-524.845729
-819.421890
-1139.330952
-1474.829490
-1802.208509
-2142.578759
-2511.529717
-2885.352387
-3236.765184
-3571.289380
-3876.908087
-4125.040598
-4316.336473
-4456.966548
-4527.768756
-4534.913933
-4508.606690
-4394.283858
-4182.202014
-3919.779149
-3612.861319
-3239.688210
-2850.600844
-2491.718090
-2145.177006
-1823.319259
-1531.016564
-1234.491718
-945.761611
-674.569665
-406.300747
-121.143228
171.809029
442.026632
728.483274
1050.341020
1349.788892
1608.639169
1861.643391
2102.955505
2303.994804
2462.812601
2566.417668
2590.451445
2585.904514
2585.254953
2548.554726
2505.034102
2501.136733
2507.957129
2502.111075
2493.666775
2518.674894
2589.152322
2691.783046
2800.259825
2892.172783
2946.735953
2988.632673
3006.495615
2947.385515
2855.472556
2756.414420
2607.340045
2391.036051
2148.424813
1886.651510
1578.109776
1265.021111
963.299773
633.972069
329.002923
72.101332
-207.859695
-489.444625
-768.106528
-1064.956155
-1376.420916
-1702.500812
-2024.033777
-2357.258850
-2716.466385
-3054.563170
-3377.720039
-3704.449497
-3987.008769
-4212.731406
-4381.942189
-4497.564144
-4520.298798
-4472.880805
-4368.950958
-4177.005521
-3925.949984
-3642.416369
-3305.943488
-2923.351738
-2550.178629
-2195.193245
-1843.455667
-1521.597921
-1232.218253
-949.334199
-685.287431
-431.958428
-173.108152
80.220851
318.934719
559.597272
838.583956
1142.903540
1417.343293
1658.005846
1910.360507
2137.057486
2311.139981
2437.804482
2504.709321
2536.537837
2554.400779
2543.033452
2488.795063
2454.043521
2457.616109
2458.590451
2442.351413
2455.017863
2519.649237
2617.083469
2730.431958
2838.908737
2931.796038
3014.615135
3076.648262
3078.272166
3006.170835
2896.070153
2761.935693
2565.443326
2321.208184
2062.357908
1760.961351
1432.932770
1112.049367
766.807405
422.864566
123.741475
-170.509906
-461.188698
-765.183501
-1064.956155
-1347.190646
-1633.972069
-1918.480026
-2223.773953
-2559.272491
-2885.027606
-3202.338422
-3523.871387
-3818.772329
-4073.725235
-4283.208834
-4454.368301
-4572.913284
-4602.143553
-4533.614810
-4383.566093
-4157.518675
-3882.754141
-3563.819422
-3172.458590
-2754.790516
-2375.121793
-2002.273465
-1629.100357
-1308.216954
-1017.862943
-758.363105
-519.974018
-267.619357
-30.204612
181.877233
409.873335
667.749269
962.650211
1262.098084
1517.700552
1780.448197
2035.401104
2231.893472
2385.189997
2496.265021
2572.588503
2632.023384
2648.911984
2618.707373
2574.212407
2552.776876
2540.759987
2504.709321
2472.231244
2488.145502
2544.657356
2613.510880
2673.270542
2733.354985
2808.379344
2877.557649
2919.779149
2893.796687
2822.344917
2745.047093
2609.288730
2414.095486
2179.603767
1883.078922
1556.999026
1214.355310
841.506983
479.701202
153.296525
-154.595648
-443.325755
-737.901916
-1021.435531
-1268.593699
-1503.410198
-1729.782397
-1979.538811
-2278.012342
-2578.434557
-2864.891198
-3162.390386
-3442.351413
-3700.552127
-3927.898668
-4116.596297
-4281.260149
-4384.540435
-4389.087366
-4297.823969
-4132.510555
-3912.309191
-3643.715492
-3298.473530
-2902.240987
-2523.871387
-2151.023059
-1757.063982
-1412.471582
-1107.827217
-831.438779
-604.092238
-376.745697
-169.535563
-6.495615
177.979864
392.010393
639.168561
894.121468
1111.724586
1356.284508
1626.826892
1865.215979
2069.503085
2242.286457
2384.865216
2505.683664
2580.708022
2601.169211
2615.134784
2639.168561
2642.416369
2602.468334
2553.101656
2550.503410
2589.477103
2643.390711
2708.346866
2790.191621
2885.027606
2980.188373
3044.170185
3056.511854
3036.375447
2993.829165
2886.326729
2709.970770
2489.119844
2207.210133
1865.215979
1492.692433
1092.237740
685.936993
301.396557
-57.486197
-402.403378
-744.072751
-1060.734005
-1340.045469
-1592.075349
-1821.370575
-2047.742774
-2300.422215
-2573.887626
-2833.712244
-3099.058136
-3371.549204
-3628.126015
-3866.190322
-4082.169536
-4269.892822
-4402.078597
-4446.898344
-4402.403378
-4278.986684
-4073.725235
-3817.797986
-3486.521598
-3082.169536
-2677.817473
-2277.362780
-1856.771679
-1461.513478
-1109.775901
-791.165963
-519.974018
-280.285807
-75.998701
80.545632
238.064307
418.967197
620.331276
833.712244
1019.811627
1221.825268
1469.632998
1707.697304
1935.043845
2146.476129
2322.182527
2476.778175
2588.177980
2637.544657
2678.467035
2731.406301
2759.012666
2752.192270
2720.688535
2700.876908
2723.936343
2743.423189
2753.491393
2788.892498
2834.361806
2886.001949
2931.471257
2941.214680
2933.419942
2910.685287
2833.712244
2695.030854
2502.435856
2246.508607
1937.642092
1584.280611
1186.424164
768.431309
341.669373
-77.297824
-462.163040
-845.079571
-1212.081845
-1518.674894
-1789.542059
-2028.255927
-2248.457291
-2494.316336
-2711.919454
-2916.531341
-3145.501786
-3366.677493
-3594.024034
-3816.498863
-3991.555700
-4160.441702
-4292.627476
-4335.173758
-4311.789542
-4220.526145
-4057.161416
-3832.737902
-3516.076648
-3118.544982
-2715.816824
-2295.875284
-1869.762910
-1462.812601
-1073.075674
-734.978889
-444.624878
-167.911660
67.229620
240.337772
399.155570
559.272491
724.910685
897.369276
1048.067554
1210.782722
1410.522897
1616.758688
1815.199740
2001.299123
2166.612537
2341.994154
2502.435856
2599.870088
2692.432608
2771.679117
2812.601494
2823.968821
2794.738551
2765.508282
2767.781747
2773.627801
2784.345567
2797.661578
2814.550179
2866.190322
2903.864891
2888.275414
2863.916856
2833.062683
2754.465736
2640.142904
2472.556025
2216.628776
1927.898668
1599.870088
1190.321533
767.456967
343.942839
-78.596947
-475.803832
-897.044495
-1304.644365
-1636.895096
-1931.796038
-2172.133810
-2394.608639
-2652.484573
-2850.276064
-3013.965573
-3205.586229
-3379.668724
-3549.529068
-3719.389412
-3850.925625
-3991.555700
-4109.775901
-4133.809678
-4102.630724
-4008.119519
-3855.147775
-3666.450146
-3376.096135
-3007.794739
-2649.561546
-2241.961676
-1814.874959
-1412.146801
-1014.615135
-676.843131
-372.198766
-82.494316
151.023059
337.122442
506.982787
657.681065
810.003248
951.607665
1048.067554
1186.099383
1371.549204
1538.161741
1709.321208
1870.412472
2018.187723
2193.894121
2344.592400
2458.265671
2587.528418
2707.697304
2790.516401
2841.831764
2832.413121
2837.284833
2885.677168
2896.719714
2896.394933
2902.565768
2902.890549
2923.026957
2940.565119
2897.044495
2844.105229
2801.883728
2709.645989
2580.708022
2389.736928
2125.365378
1840.532640
1501.461513
1096.784670
686.911335
259.499838
-162.715167
-551.802533
-978.564469
-1384.865216
-1713.543358
-2010.392985
-2266.645015
-2515.751867
-2775.251705
-2961.675869
-3133.160117
-3326.404677
-3478.077298
-3635.595973
-3785.644690
-3880.480676
-3997.726535
-4084.767782
-4076.323482
-4038.648912
-3932.770380
-3753.166613
-3541.084768
-3221.175706
-2856.446898
-2500.811952
-2088.989932
-1687.885677
-1306.593050
-912.958753
-592.724911
-310.165638
-18.837285
190.646314
359.857096
534.913933
674.894446
823.968821
950.308542
1033.777200
1176.031179
1343.293277
1495.290679
1656.706723
1789.866840
1930.496915
2117.895421
2257.875934
2375.446574
2520.623579
2640.792465
2737.577135
2797.661578
2818.772329
2870.412472
2933.744722
2975.641442
3008.769081
3015.914258
3025.008120
3065.280935
3050.016239
2979.863592
2932.445599
2861.643391
2756.414420
2620.656057
2394.933420
2109.126340
1828.515752
1487.820721
1089.964274
670.022735
227.346541
-195.842806
-628.775576
-1081.844755
-1470.282559
-1816.174082
-2132.835336
-2396.882105
-2687.236116
-2962.000650
-3141.929198
-3309.191296
-3485.872036
-3635.271192
-3781.097759
-3891.198441
-3979.214031
-4066.904839
-4096.135109
-4066.904839
-3997.401754
-3858.070802
-3672.945762
-3425.138032
-3071.451770
-2716.791166
-2373.497889
-1978.239688
-1590.451445
-1213.056187
-846.703475
-542.059110
-254.303345
21.435531
247.807730
465.735628
662.227996
827.866190
1005.846054
1119.194544
1199.090614
1348.489769
1486.521598
1607.340045
1737.901916
1833.387463
1953.231569
2123.091913
2255.602468
2386.489120
2525.820071
2645.339396
2767.781747
2836.635271
2880.805456
2977.590127
3041.896720
3068.203962
3106.852874
3093.861643
3089.964274
3106.852874
3037.025008
2944.787269
2861.643391
2745.371874
2633.647288
2446.573563
2166.612537
1895.420591
1577.460214
1198.765833
818.122767
393.634297
-35.401104
-426.761936
-869.438129
-1302.695680
-1658.980188
-1988.957454
-2276.388438
-2568.041572
-2887.950633
-3115.946736
-3297.823969
-3487.495940
-3633.322507
-3796.037675
-3932.445599
-3987.658331
-4064.631374
-4114.322832
-4073.725235
-4005.521273
-3870.737252
-3679.766158
-3471.256902
-3147.775252
-2773.627801
-2424.163690
-2030.529393
-1656.057161
-1292.627476
-893.471906
-567.716791
-285.482299
8.119519
224.098733
425.138032
630.074700
783.371224
940.240338
1072.101332
1153.296525
1277.362780
1406.950309
1510.880156
1644.689834
1748.294901
1846.378694
1990.906138
2097.434232
2202.338422
2349.464112
2461.838259
2563.494641
2664.176681
2725.560247
2817.148425
2916.206561
2952.257226
2994.478727
3027.931146
3038.648912
3088.665151
3078.921728
3002.923027
2957.453719
2850.600844
2701.526470
2559.272491
2298.148750
1998.051315
1712.244235
1316.986034
919.454368
531.016564
79.571289
-299.772653
-691.133485
-1132.835336
-1472.880805
-1800.584605
-2104.579409
-2333.225073
-2638.194219
-2909.386164
-3080.870412
-3312.439104
-3507.957129
-3666.774927
-3873.010718
-3974.017538
-4040.272816
-4131.211432
-4097.434232
-4028.905489
-3921.078272
-3692.432608
-3473.205586
-3178.629425
-2770.379994
-2415.069828
-2024.683339
-1603.767457
-1264.046768
-885.352387
-525.495291
-265.021111
21.435531
242.936018
390.711270
586.554076
721.338097
830.464437
970.120169
1031.503735
1124.715817
1278.986684
1368.301397
1489.119844
1621.630399
1700.227347
1848.327379
1996.102631
2075.998701
2210.133160
2337.447223
2418.967197
2521.922702
2580.708022
2650.535888
2781.422540
2838.583956
2876.908087
2944.137707
2950.633323
3004.871712
3068.853524
3005.196492
2974.991880
2948.359857
2821.045794
2703.150373
2487.495940
2172.783371
1912.958753
1555.050341
1126.014940
740.500162
266.969795
-160.441702
-543.358233
-1029.555050
-1416.044170
-1722.637220
-2062.033128
-2304.644365
-2574.861968
-2875.608964
-3045.794089
-3240.337772
-3441.052290
-3581.682364
-3782.396882
-3909.710945
-3967.846703
-4084.767782
-4086.066905
-4021.760312
-3956.479376
-3757.063982
-3542.708672
-3298.473530
-2920.428711
-2545.631699
-2168.886002
-1757.713543
-1390.061708
-997.076973
-615.784346
-327.054238
-36.375447
218.577460
395.582981
589.477103
747.320559
848.652160
971.419292
1054.238389
1099.707697
1194.868464
1301.071777
1392.659955
1490.094186
1577.460214
1690.808704
1848.652160
1977.265346
2106.203313
2254.628126
2366.352712
2499.188048
2602.793115
2652.159792
2764.858720
2874.634622
2917.180903
2967.197142
2998.051315
3032.478077
3097.109451
3074.050016
3012.666450
2966.547580
2861.968171
2758.363105
2590.451445
2283.533615
2005.846054
1693.406950
1265.995453
876.583306
443.000974
-18.837285
-392.010393
-832.088340
-1274.764534
-1632.348165
-1985.060084
-2262.098084
-2538.161741
-2865.215979
-3075.024359
-3247.482949
-3454.368301
-3593.049691
-3769.080870
-3937.642092
-3984.410523
-4057.810978
-4095.810328
-4043.195843
-3974.017538
-3800.584605
-3581.682364
-3358.557973
-2998.051315
-2617.083469
-2255.277688
-1822.669698
-1444.624878
-1071.451770
-644.689834
-315.686911
-37.025008
232.543033
421.565443
600.194868
754.465736
853.523871
968.171484
1040.272816
1077.947386
1166.612537
1236.440403
1304.644365
1415.719389
1496.265021
1582.656707
1735.303670
1871.062033
1990.581358
2124.715817
2237.739526
2347.515427
2451.120494
2527.119195
2622.929523
2734.978889
2798.635921
2856.446898
2913.283534
2943.163365
3030.204612
3082.494316
3031.178954
3014.615135
2961.675869
2842.806106
2740.824943
2511.854498
2211.757064
1947.060734
1555.050341
1144.852225
746.670997
251.055538
-156.219552
-565.443326
-1053.588828
-1408.249432
-1764.209159
-2130.561871
-2375.771354
-2703.475154
-3005.521273
-3167.586879
-3386.813901
-3560.246833
-3695.030854
-3908.736603
-3999.025658
-4060.084443
-4164.339071
-4123.416694
-4082.819097
-4007.469958
-3770.704774
-3568.691133
-3294.900942
-2877.232868
-2518.025333
-2121.143228
-1679.116596
-1310.165638
-889.899318
-497.888925
-199.740175
114.322832
341.994154
510.880156
721.987658
841.831764
933.095161
1055.862293
1093.536863
1142.253979
1257.875934
1331.925950
1405.975966
1502.435856
1574.537187
1692.107827
1837.934394
1951.932446
2089.964274
2214.355310
2311.789542
2453.393959
2544.332576
2606.040922
2757.388763
2852.874310
2870.737252
2943.163365
2979.538811
3012.991231
3087.366028
3047.093212
2978.239688
2941.539461
2838.908737
2749.918805
2581.682364
2273.140630
2044.170185
1735.303670
1298.473530
948.684638
506.982787
30.529393
-336.148100
-813.251056
-1269.243261
-1606.040922
-1983.111400
-2273.465411
-2581.032803
-2951.607665
-3151.997402
-3351.412796
-3576.161091
-3684.313089
-3888.924976
-4053.588828
-4060.734005
-4146.800909
-4166.937317
-4088.015589
-4027.281585
-3843.780448
-3619.356934
-3383.890874
-2998.700877
-2628.775576
-2248.132511
-1804.157194
-1447.223124
-1044.170185
-597.271842
-268.593699
36.700227
319.584281
522.897044
721.013316
887.625853
1004.546931
1097.109451
1148.424813
1189.347191
1239.038649
1298.473530
1369.275739
1426.112374
1480.675544
1550.178629
1664.501462
1804.157194
1897.694057
2026.632023
2164.339071
2247.158168
2383.241312
2485.547256
2554.400779
2704.449497
2768.756090
2796.362455
2885.027606
2903.215330
2981.487496
3050.341020
2962.974992
2954.530692
2917.830464
2786.294251
2743.747970
2518.025333
2194.868464
1997.726535
1614.810003
1202.663202
869.762910
372.848327
-30.204612
-414.095486
-947.385515
-1309.516077
-1667.749269
-2057.810978
-2296.200065
-2678.791816
-3029.230270
-3174.732056
-3436.505359
-3632.997727
-3761.286132
-4017.538162
-4099.058136
-4122.442351
-4223.449172
-4165.962975
-4116.921078
-4039.623254
-3784.345567
-3596.622280
-3308.216954
-2867.489445
-2526.794414
-2120.493667
-1675.219227
-1324.780773
-890.548880
-471.906463
-171.484248
143.553102
382.266970
567.392010
793.439428
942.513803
1051.964924
1156.219552
1188.048068
1239.363430
1322.182527
1371.549204
1433.907113
1497.888925
1528.418318
1595.647938
1706.398181
1803.832413
1898.343618
2018.187723
2118.544982
2227.021760
2350.763235
2449.821371
2582.981487
2713.868139
2768.431309
2841.831764
2924.650861
2967.846703
3066.255278
3082.494316
3005.521273
3004.871712
2929.847353
2815.524521
2737.252355
2471.906463
2179.928548
1943.163365
1543.683014
1163.039948
799.285482
311.464761
-76.323482
-495.940240
-1002.923027
-1347.515427
-1717.440728
-2080.870412
-2337.447223
-2724.910685
-3042.871062
-3203.962325
-3474.829490
-3667.749269
-3827.216629
-4084.443001
-4164.339071
-4203.637545
-4290.354011
-4232.867814
-4188.697629
-4103.605067
-3837.284833
-3627.801234
-3329.327704
-2877.232868
-2520.948360
-2097.759013
-1642.091588
-1299.447873
-847.677817
-404.352062
-122.767132
186.099383
422.539786
580.058461
813.575836
945.436830
1022.085093
1138.681390
1153.946086
1216.628776
1315.686911
1332.900292
1426.437155
1521.273141
1544.332576
1645.988957
1752.841832
1846.053914
1995.128288
2091.263397
2164.988633
2272.491069
2373.822670
2482.624229
2580.383241
2649.886327
2715.816824
2771.354336
2823.319259
2881.455018
2954.205911
2991.230919
2962.974992
2956.479376
2903.864891
2807.080221
2745.696655
2533.290029
2232.867814
1988.632673
1618.382592
1243.585580
897.369276
403.702501
-28.255927
-443.000974
-942.838584
-1318.934719
-1706.073400
-2103.929847
-2359.857096
-2721.013316
-3057.810978
-3224.423514
-3477.752517
-3661.253654
-3783.696005
-4038.648912
-4137.707048
-4153.946086
-4236.440403
-4186.748944
-4147.775252
-4093.861643
-3849.951283
-3638.519000
-3368.950958
-2953.231569
-2621.630399
-2216.628776
-1740.175382
-1397.856447
-960.376746
-489.119844
-181.552452
140.954855
404.676843
579.084118
826.891848
994.478727
1079.896070
1190.646314
1211.757064
1260.798961
1364.079247
1375.446574
1440.402728
1533.290029
1539.136083
1625.527769
1742.124066
1828.840533
1958.103280
2068.853524
2151.023059
2252.029880
2355.634946
2467.684313
2555.050341
2624.228646
2688.860019
2732.380643
2793.764209
2849.951283
2911.010068
2965.248457
2937.317311
2927.898668
2921.403053
2831.763560
2796.687236
2652.484573
2332.900292
2112.698928
1793.439428
1382.916531
1063.332251
572.913284
80.870412
-316.336473
-855.147775
-1268.268918
-1637.544657
-2103.280286
-2363.429685
-2694.706073
-3101.656382
-3244.559922
-3473.530367
-3702.176031
-3782.072101
-4050.016239
-4199.090614
-4190.646314
-4307.892173
-4282.559272
-4249.106853
-4263.721988
-4015.914258
-3811.302371
-3588.177980
-3150.698279
-2818.447548
-2426.437155
-1905.164014
-1524.520948
-1074.374797
-567.392010
-219.876583
142.253979
435.531017
636.245534
908.736603
1094.835986
1197.141929
1310.490419
1322.182527
1363.429685
1471.256902
1480.025982
1502.111075
1561.545956
1572.588503
1630.724261
1732.705424
1808.704125
1916.206561
2018.837285
2103.605067
2203.962325
2287.106203
2395.258201
2504.709321
2554.075999
2611.237415
2665.800585
2695.355635
2776.550828
2835.660929
2844.754791
2848.976941
2824.943163
2826.567067
2799.610263
2709.321208
2620.656057
2408.574212
2144.852225
1924.001299
1571.938941
1204.936668
848.652160
373.822670
-62.357908
-507.307567
-973.692757
-1339.395908
-1753.166613
-2142.578759
-2444.949659
-2821.370575
-3088.989932
-3266.645015
-3531.990906
-3721.338097
-3891.198441
-4092.887301
-4168.886002
-4228.320883
-4278.012342
-4260.474180
-4247.807730
-4119.194544
-3902.890549
-3697.953881
-3369.600520
-2989.282234
-2636.570315
-2199.740175
-1751.867489
-1323.156869
-860.019487
-441.377070
-80.870412
228.320883
490.418967
760.961351
970.444950
1105.878532
1220.850926
1284.183176
1316.661254
1387.788243
1444.624878
1453.069178
1492.692433
1548.879506
1582.981487
1653.458915
1751.217928
1853.199091
1950.958103
2027.281585
2126.664501
2214.355310
2281.260149
2400.454693
2456.641767
2451.770055
2526.469633
2570.964599
2609.613511
2702.825593
2726.209808
2760.311790
2807.405002
2794.088990
2850.925625
2832.737902
2732.705424
2699.902566
2481.974667
2199.090614
2015.264696
1638.519000
1244.235141
895.745372
360.831439
-95.160766
-529.392660
-1038.973693
-1409.548555
-1847.028256
-2280.610588
-2541.409549
-2910.685287
-3193.244560
-3344.592400
-3643.715492
-3816.498863
-3928.223449
-4151.347840
-4213.056187
-4258.200715
-4339.395908
-4292.302696
-4296.849627
-4199.740175
-3957.453719
-3787.593374
-3471.581682
-3083.143878
-2781.747321
-2320.233842
-1833.062683
-1427.411497
-932.120818
-492.042871
-113.023709
273.790192
567.067230
857.746021
1106.203313
1246.183826
1407.275089
1479.701202
1490.743748
1589.801884
1626.826892
1612.861319
1655.407600
1666.774927
1692.432608
1763.234816
1823.968821
1925.300422
1997.076973
2061.708347
2200.714518
2272.491069
2335.823319
2476.453394
2514.777525
2535.238714
2621.955180
2626.502111
2659.629750
2725.235466
2713.218577
2734.329328
2727.508931
2702.500812
2757.388763
2691.783046
2598.246184
2567.716791
2339.071127
2111.724586
1959.077623
1593.374472
1238.389087
897.694057
397.856447
-29.230270
-483.598571
-991.880481
-1369.925300
-1843.455667
-2282.234492
-2570.964599
-2983.760961
-3278.337122
-3444.624878
-3757.388763
-3935.368626
-4037.025008
-4240.662553
-4286.456642
-4316.011692
-4383.566093
-4318.934719
-4299.772653
-4184.475479
-3932.770380
-3772.978240
-3465.735628
-3062.033128
-2762.260474
-2317.310815
-1824.618383
-1430.659305
-946.735953
-493.341994
-119.194544
271.516726
581.032803
872.361156
1143.228321
1284.507957
1442.676194
1561.221176
1576.485872
1670.997077
1737.252355
1708.346866
1743.098409
1787.268594
1784.995128
1815.524521
1851.250406
1901.266645
1954.855473
1984.410523
2065.605716
2131.860994
2160.766483
2264.371549
2340.370250
2349.139331
2433.907113
2506.333225
2544.982137
2628.775576
2672.945762
2710.620331
2755.764859
2756.739201
2786.943813
2760.311790
2651.835011
2615.784346
2454.043521
2177.655083
1998.051315
1691.783046
1302.695680
978.239688
518.350114
58.460539
-357.583631
-857.421241
-1255.927249
-1683.988308
-2148.749594
-2435.531017
-2800.259825
-3153.621306
-3328.028581
-3618.057811
-3852.549529
-3954.530692
-4178.954206
-4294.251380
-4339.720689
-4446.573563
-4405.001624
-4397.206885
-4347.840208
-4095.810328
-3932.445599
-3669.373173
-3232.218253
-2914.582657
-2468.983436
-1942.513803
-1528.093537
-1022.085093
-556.999026
-161.416044
271.191945
579.733680
864.566418
1149.074375
1290.354011
1450.146151
1574.861968
1586.554076
1658.005846
1723.286781
1711.269893
1722.312439
1736.602793
1760.636570
1788.892498
1822.994479
1886.326729
1927.249107
1976.615784
2036.700227
2097.434232
2149.723936
2177.330302
2241.961676
2280.610588
2273.140630
2349.139331
2380.967847
2390.386489
2498.863267
2512.828841
2540.110425
2647.612861
2645.014615
2697.953881
2730.431958
2623.903865
2618.057811
2471.906463
2201.688860
2056.836635
1695.355635
1272.166288
955.505034
431.308867
-38.973693
-455.667424
-1025.982462
-1422.864566
-1839.233517
-2324.455992
-2581.682364
-2925.625203
-3258.850276
-3405.326405
-3695.355635
-3899.967522
-3975.316661
-4199.740175
-4291.003573
-4321.532965
-4447.223124
-4401.753816
-4360.831439
-4312.763884
-4069.503085
-3884.053264
-3628.126015
-3198.116272
-2848.327379
-2421.890224
-1899.317960
-1469.957778
-979.214031
-489.444625
-93.212082
340.695031
693.082170
955.505034
1256.576811
1438.454044
1560.571614
1718.739851
1755.764859
1785.644690
1858.395583
1810.328029
1803.182852
1856.446898
1826.567067
1840.857421
1878.856772
1884.378045
1957.453719
2005.521273
2028.580708
2136.083144
2176.355960
2193.244560
2293.926600
2316.011692
2332.900292
2419.616759
2421.565443
2448.522247
2522.247483
2513.478402
2567.067230
2625.527769
2593.374472
2626.177330
2602.143553
2511.854498
2493.341994
2303.020461
2044.819747
1884.702826
1522.897044
1139.655732
815.849302
315.037350
-131.211432
-561.870737
-1100.682040
-1495.940240
-1920.428711
-2383.890874
-2668.074050
-3044.819747
-3391.360831
-3563.169860
-3846.053914
-4032.802858
-4124.715817
-4342.643715
-4410.847678
-4423.514128
-4503.410198
-4425.787593
-4362.780123
-4272.815849
-4008.444300
-3815.849302
-3518.674894
-3075.998701
-2739.850601
-2291.003573
-1781.747321
-1368.626177
-852.224748
-372.848327
12.991231
455.017863
783.696005
1060.084443
1375.771354
1563.494641
1719.714193
1869.113348
1910.360507
1978.239688
2024.033777
1995.453069
2002.923027
2000.000000
1966.222800
1936.992530
1922.377395
1928.548230
1929.847353
1933.744722
1949.009419
1974.017538
2020.785969
2053.588828
2110.750244
2174.407275
2184.150698
2238.713868
2301.396557
2316.661254
2392.335174
2421.240663
2424.163690
2507.957129
2481.974667
2475.479052
2514.127964
2403.702501
2351.737577
2246.183826
1972.718415
1821.695356
1548.879506
1122.442351
836.310490
385.514778
-111.724586
-474.829490
-997.726535
-1429.360182
-1794.413771
-2287.430984
-2589.152322
-2891.848003
-3270.867165
-3438.454044
-3683.663527
-3923.351738
-3996.427411
-4203.962325
-4304.319584
-4292.627476
-4403.702501
-4353.036700
-4267.294576
-4211.107502
-3945.761611
-3728.808055
-3478.402079
-3037.349789
-2690.808704
-2272.491069
-1737.901916
-1326.404677
-848.652160
-362.130562
8.769081
432.932770
788.892498
1048.717116
1345.891523
1540.110425
1665.475804
1811.951932
1874.959402
1914.257876
1959.077623
1937.317311
1923.676518
1918.155245
1884.378045
1873.335499
1855.797337
1838.908737
1856.771679
1860.669048
1869.438129
1916.856122
1938.941215
1966.872361
2014.939916
2044.494966
2081.195193
2127.638844
2168.236440
2213.705749
2258.200715
2303.345242
2354.011043
2404.676843
2440.077947
2448.197467
2464.761286
2443.000974
2366.027931
2296.524846
2126.989282
1890.224099
1683.338746
1348.814550
966.547580
618.057811
147.775252
-308.866515
-731.081520
-1227.021760
-1637.219877
-2042.221500
-2478.077298
-2779.798636
-3115.297174
-3435.206236
-3620.331276
-3855.147775
-4046.118870
-4153.296525
-4312.439104
-4371.549204
-4381.292627
-4408.574212
-4330.951608
-4249.106853
-4120.493667
-3851.250406
-3604.417019
-3284.507957
-2855.797337
-2469.957778
-2010.392985
-1489.769406
-1033.127639
-553.751218
-71.776551
341.994154
733.030205
1064.956155
1334.524196
1588.827541
1767.132186
1871.711595
1960.376746
2007.794739
2019.486846
2032.802858
2007.145177
1945.761611
1921.078272
1892.497564
1844.105229
1832.413121
1811.951932
1789.217278
1797.012017
1788.567717
1794.413771
1817.473206
1817.148425
1857.421241
1893.471906
1881.130237
1928.873011
1999.025658
2022.085093
2085.092563
2147.450471
2178.304644
2263.721988
2322.507308
2341.994154
2398.181228
2368.626177
2302.046119
2270.867165
2082.169536
1867.814225
1682.039623
1316.661254
958.752842
612.861319
114.322832
-307.242611
-731.731082
-1253.004222
-1652.159792
-2076.323482
-2499.837610
-2776.875609
-3130.886652
-3434.556674
-3602.793115
-3857.096460
-4009.743423
-4082.819097
-4243.585580
-4274.764534
-4277.687561
-4310.490419
-4200.714518
-4114.322832
-3991.230919
-3716.791166
-3494.965898
-3188.697629
-2768.431309
-2411.172459
-1954.205911
-1446.573563
-1024.683339
-521.597921
-38.648912
348.814550
786.943813
1139.330952
1399.480351
1684.637869
1861.318610
1991.880481
2114.972394
2119.519324
2122.442351
2133.484898
2062.682689
2006.820396
1956.479376
1865.540760
1820.721013
1772.328678
1724.585905
1724.261124
1706.398181
1710.620331
1752.517051
1769.730432
1798.960702
1851.250406
1901.591426
1943.812926
1979.538811
2019.811627
2059.110101
2113.673271
2151.347840
2166.612537
2219.227022
2236.115622
2233.842157
2263.721988
2202.663202
2134.459240
2085.742124
1881.455018
1706.073400
1529.392660
1155.569990
848.327379
517.700552
29.555050
-355.959727
-806.105879
-1304.969146
-1670.022735
-2150.698279
-2568.366353
-2854.173433
-3251.380318
-3517.050991
-3708.996427
-3985.709646
-4091.588178
-4194.218902
-4331.601169
-4287.106203
-4300.422215
-4293.277038
-4135.433582
-4045.144527
-3838.259175
-3547.905164
-3334.199415
-2954.205911
-2539.136083
-2186.424164
-1671.646639
-1186.748944
-765.183501
-241.636895
198.441052
594.348815
1014.939916
1319.909061
1591.101007
1847.677817
1973.367977
2077.622605
2159.467360
2163.364729
2158.168236
2108.801559
2019.811627
1961.351088
1881.455018
1789.217278
1729.457616
1650.535888
1577.135434
1550.178629
1520.623579
1502.111075
1504.059760
1507.632348
1536.213056
1565.768107
1596.297499
1641.766807
1687.236116
1751.217928
1814.225398
1859.694706
1931.471257
2013.316012
2090.613836
2138.031829
2180.253329
2243.910361
2238.713868
2213.705749
2210.133160
2057.161416
1858.720364
1711.919454
1401.753816
1055.862293
731.081520
268.268918
-160.766483
-598.246184
-1115.621955
-1523.221825
-1972.393634
-2408.249432
-2699.902566
-3082.819097
-3391.360831
-3542.059110
-3794.088990
-3946.735953
-4011.692108
-4163.689510
-4181.552452
-4163.364729
-4177.005521
-4060.734005
-3991.555700
-3850.276064
-3549.529068
-3347.515427
-3031.178954
-2596.622280
-2255.602468
-1783.046444
-1266.320234
-856.771679
-356.609289
122.767132
515.427087
929.847353
1247.807730
1517.050991
1786.294251
1923.676518
2033.452420
2124.066255
2099.382917
2098.408574
2078.272166
1951.607665
1857.421241
1773.952582
1651.835011
1578.109776
1489.444625
1391.036051
1364.404027
1325.755115
1310.815200
1343.293277
1334.199415
1375.771354
1460.214355
1478.077298
1554.725560
1639.168561
1667.099708
1779.473855
1845.079571
1872.036375
1978.889250
2041.571939
2101.981163
2190.646314
2192.270218
2234.166937
2269.243261
2205.586229
2189.022410
2037.999350
1808.704125
1663.202338
1335.498538
963.949334
634.946411
127.638844
-323.806431
-755.115297
-1299.123092
-1721.338097
-2164.014290
-2619.032153
-2910.685287
-3281.584930
-3581.682364
-3720.688535
-3946.086392
-4065.930497
-4114.647613
-4240.012991
-4209.808379
-4146.476129
-4115.946736
-3970.120169
-3860.344268
-3667.749269
-3353.361481
-3107.827217
-2749.269243
-2325.105554
-1959.727184
-1465.410848
-969.145827
-526.794414
-24.683339
416.368951
832.737902
1216.953556
1488.145502
1771.029555
1985.709646
2082.169536
2173.108152
2162.715167
2100.682040
2076.973043
1972.068854
1842.481325
1718.090289
1570.639818
1480.025982
1380.643066
1285.482299
1248.782072
1176.680741
1141.929198
1179.928548
1174.082494
1188.697629
1252.354661
1288.405326
1336.148100
1393.309516
1444.949659
1532.315687
1611.562196
1675.544008
1766.482624
1844.754791
1941.864242
2081.195193
2158.168236
2208.184475
2291.653134
2311.789542
2294.900942
2288.405326
2151.347840
1942.838584
1747.645339
1428.710620
1063.981812
687.560896
201.364079
-262.747645
-729.782397
-1267.619357
-1700.227347
-2135.433582
-2581.032803
-2873.010718
-3197.466710
-3500.162390
-3632.023384
-3800.909386
-3919.129588
-3937.966872
-4028.580708
-4017.213381
-3925.300422
-3890.873660
-3748.944462
-3613.510880
-3484.248133
-3182.851575
-2936.667749
-2657.031504
-2224.748295
-1889.899318
-1483.923352
-968.496265
-581.032803
-129.912309
345.566742
701.526470
1087.041247
1376.420916
1586.229295
1837.609614
1942.513803
1987.008769
2042.871062
1943.488146
1875.933745
1826.567067
1644.689834
1511.204937
1388.113024
1225.397856
1143.553102
1067.229620
989.931796
974.017538
939.915557
980.837934
1048.392335
1059.759662
1167.586879
1278.012342
1322.507308
1425.138032
1528.093537
1595.323157
1697.629100
1782.721663
1855.147775
1938.291653
2002.273465
2090.938616
2185.125041
2211.107502
2247.158168
2282.559272
2246.508607
2217.927899
2147.775252
1934.069503
1722.312439
1501.461513
1125.690159
748.944462
357.258850
-138.681390
-604.417019
-1082.169536
-1574.861968
-1986.359208
-2421.890224
-2798.960702
-3067.229620
-3384.540435
-3599.870088
-3692.107827
-3828.840533
-3862.942514
-3851.575187
-3885.677168
-3781.747321
-3652.159792
-3558.298149
-3383.890874
-3227.671322
-3006.170835
-2711.269893
-2481.000325
-2137.382267
-1753.166613
-1457.616109
-1036.375447
-594.998376
-247.158168
167.911660
539.460864
843.780448
1159.792140
1372.523547
1551.152972
1721.987658
1770.055213
1784.345567
1760.311790
1671.321858
1612.536538
1516.076648
1353.036700
1238.064307
1129.912309
1009.743423
944.137707
911.984411
871.386814
840.532640
866.190322
938.941215
1011.042546
1077.947386
1177.330302
1301.396557
1404.676843
1496.265021
1623.579084
1728.158493
1816.823644
1919.454368
1964.598896
2027.281585
2118.869763
2140.305294
2188.048068
2233.842157
2188.372848
2197.141929
2162.390386
2061.058785
2001.948685
1777.200390
1504.059760
1336.472881
984.410523
583.955830
252.679441
-228.970445
-673.595323
-1089.639493
-1588.827541
-1945.436830
-2317.960377
-2736.278012
-2963.949334
-3216.953556
-3445.924001
-3502.435856
-3611.562196
-3652.159792
-3605.391361
-3631.373823
-3519.324456
-3368.301397
-3291.328353
-3104.254628
-2957.778500
-2787.268594
-2479.376421
-2282.559272
-2026.632023
-1653.134134
-1415.069828
-1098.733355
-696.005196
-394.608639
-39.623254
272.815849
525.495291
851.899968
1038.973693
1179.278987
1404.027282
1466.385190
1468.658655
1514.777525
1457.616109
1416.044170
1386.489120
1256.252030
1165.313413
1090.613836
1010.392985
984.410523
937.966872
936.018188
966.547580
950.633323
1033.127639
1171.809029
1218.252679
1305.943488
1438.129263
1529.392660
1623.254303
1704.124716
1801.558948
1889.899318
1902.565768
1931.146476
1985.060084
1993.179604
2019.811627
2031.503735
1999.675219
1971.419292
1938.941215
1900.617083
1818.447548
1716.791166
1593.049691
1344.917181
1114.972394
931.471257
564.793764
193.569341
-118.220201
-553.751218
-956.804157
-1336.472881
-1732.705424
-2025.982462
-2368.301397
-2685.936993
-2834.686587
-3031.828516
-3164.339071
-3164.014290
-3237.739526
-3229.944787
-3160.766483
-3153.621306
-3021.760312
-2900.941864
-2851.250406
-2709.645989
-2600.194868
-2440.727509
-2218.252679
-2099.058136
-1872.036375
-1575.186749
-1400.454693
-1109.775901
-763.884378
-503.734979
-190.646314
83.143878
317.960377
605.391361
797.661578
951.607665
1150.373498
1224.423514
1251.380318
1309.840857
1314.063007
1311.789542
1289.704449
1215.979214
1179.278987
1157.518675
1121.143228
1109.126340
1107.502436
1127.314063
1160.441702
1175.056837
1246.508607
1354.335823
1404.676843
1470.607340
1563.169860
1624.878207
1674.569665
1718.090289
1760.311790
1792.465086
1746.995778
1718.415070
1733.679766
1690.159143
1652.484573
1626.826892
1570.315037
1542.708672
1499.188048
1449.821371
1415.394609
1335.498538
1254.303345
1126.014940
935.043845
807.080221
586.229295
269.892822
38.973693
-270.867165
-639.493342
-932.445599
-1256.901591
-1551.477753
-1822.020136
-2132.510555
-2309.840857
-2465.735628
-2659.629750
-2718.090289
-2784.995128
-2857.096460
-2819.421890
-2835.336148
-2815.849302
-2712.569016
-2690.159143
-2619.681715
-2518.999675
-2456.316986
-2310.490419
-2194.543683
-2077.622605
-1845.404352
-1693.406950
-1514.777525
-1212.731406
-977.590127
-717.115947
-415.394609
-164.339071
138.356609
408.574212
614.160442
878.207210
1066.255278
1198.441052
1344.592400
1405.975966
1480.025982
1548.879506
1507.632348
1515.427087
1523.546606
1454.368301
1446.573563
1427.411497
1395.258201
1413.445924
1381.617408
1376.745697
1428.061059
1419.941539
1435.206236
1472.880805
1468.333875
1482.299448
1477.427736
1444.300097
1444.949659
1415.069828
1340.370250
1295.550503
1249.431634
1193.244560
1140.630075
1099.382917
1073.400455
1038.324131
1001.299123
999.675219
1000.324781
970.769730
951.607665
919.454368
829.490094
752.517051
645.339396
455.017863
291.003573
79.246509
-218.252679
-471.906463
-739.201039
-1040.597597
-1302.046119
-1591.750568
-1841.831764
-2024.358558
-2244.559922
-2393.309516
-2462.812601
-2577.460214
-2640.142904
-2640.142904
-2667.424488
-2644.689834
-2605.716142
-2595.972718
-2544.982137
-2493.666775
-2434.231893
-2339.071127
-2243.910361
-2098.733355
-1938.291653
-1791.815525
-1543.033452
-1256.901591
-1013.965573
-701.851250
-378.694381
-88.665151
240.662553
531.341345
795.063332
1075.349139
1257.875934
1407.924651
1565.118545
1636.570315
1698.928223
1741.149724
1706.722962
1685.612212
1655.732381
1578.434557
1541.409549
1505.034102
1424.813251
1365.703150
1318.285158
1288.405326
1253.004222
1201.364079
1175.706398
1148.424813
1099.382917
1067.879182
1037.999350
1003.897369
971.744073
921.078272
876.908087
848.652160
821.045794
798.311140
797.336798
794.088990
800.909386
829.165313
872.036375
927.573888
983.111400
1008.119519
1036.700227
1093.536863
1063.981812
999.025658
961.026307
825.267944
643.065930
465.735628
199.415395
-57.161416
-324.455992
-669.373173
-949.983761
-1243.910361
-1566.092887
-1779.149074
-2004.222150
-2231.243910
-2360.831439
-2513.803183
-2614.810003
-2637.544657
-2704.449497
-2718.739851
-2707.697304
-2708.671647
-2640.792465
-2611.886976
-2552.452095
-2403.702501
-2332.250731
-2202.663202
-1977.590127
-1819.746671
-1570.964599
-1273.140630
-1021.435531
-672.296200
-362.780123
-62.682689
346.541085
626.826892
880.155895
1202.338422
1389.412147
1569.665476
1751.867489
1799.610263
1868.788568
1897.369276
1835.011367
1812.601494
1734.978889
1644.040273
1568.691133
1421.890224
1329.327704
1251.055538
1100.357259
1040.597597
978.889250
853.523871
801.558948
740.175382
686.911335
674.569665
596.622280
577.784995
596.947061
536.862618
550.828191
582.007145
556.674245
598.895745
637.869438
661.903215
744.072751
799.285482
874.634622
978.239688
1043.845404
1153.621306
1233.192595
1271.516726
1369.600520
1350.763235
1265.021111
1244.559922
1105.878532
910.360507
727.833712
424.163690
136.083144
-158.817798
-540.435206
-822.020136
-1134.134459
-1506.008444
-1733.679766
-1968.496265
-2219.551803
-2341.019812
-2493.017213
-2605.391361
-2623.579084
-2714.842481
-2724.585905
-2675.868789
-2687.885677
-2627.476453
-2571.938941
-2535.888275
-2371.224424
-2254.303345
-2141.604417
-1903.540110
-1717.440728
-1496.265021
-1175.056837
-894.446249
-562.520299
-231.893472
52.289704
435.531017
748.294901
967.521923
1269.568042
1475.154271
1591.750568
1735.628451
1769.080870
1782.396882
1789.542059
1687.236116
1594.024034
1483.598571
1322.507308
1223.124391
1083.468659
922.052614
838.908737
699.902566
587.853199
569.665476
488.145502
417.992855
409.223774
396.882105
405.326405
403.052939
409.548555
473.855148
483.923352
491.068529
573.887626
608.314388
641.442027
725.885028
773.627801
836.310490
930.172134
1012.666450
1114.972394
1211.107502
1292.952257
1393.634297
1457.291328
1511.529717
1579.084118
1521.273141
1425.138032
1371.224424
1203.637545
962.000650
738.551478
446.248782
106.852874
-227.671322
-583.955830
-914.257876
-1239.038649
-1556.024683
-1802.533290
-2047.417993
-2257.875934
-2369.600520
-2481.649886
-2570.639818
-2583.955830
-2614.160442
-2617.408249
-2559.597272
-2509.905814
-2457.291328
-2403.377720
-2319.259500
-2180.253329
-2071.126989
-1937.966872
-1725.235466
-1540.759987
-1335.498538
-1038.973693
-758.038324
-469.957778
-139.006171
155.569990
450.470932
741.799285
983.760961
1195.518025
1366.352712
1472.880805
1539.460864
1548.554726
1522.247483
1492.367652
1395.258201
1253.329003
1145.177006
1031.178954
899.642741
794.413771
691.133485
592.724911
515.427087
452.419617
412.146801
384.865216
349.464112
328.678142
325.755115
324.455992
347.840208
367.002273
379.993504
433.907113
472.880805
496.589802
581.357584
658.655408
711.594674
792.465086
859.369925
936.992530
1052.614485
1138.681390
1228.320883
1333.874635
1394.933420
1469.957778
1549.204287
1585.254953
1610.912634
1572.913284
1471.256902
1397.206885
1258.200715
1033.777200
816.498863
547.580383
227.346541
-77.297824
-398.181228
-703.150373
-995.777850
-1306.593050
-1562.520299
-1779.473855
-1975.316661
-2107.502436
-2218.902241
-2315.362131
-2359.207535
-2398.506008
-2412.796362
-2365.378370
-2325.430335
-2308.541734
-2269.568042
-2204.287106
-2109.451120
-2027.931146
-1932.770380
-1791.815525
-1653.783696
-1508.281910
-1305.293927
-1075.024359
-842.481325
-599.220526
-344.917181
-86.716466
164.988633
413.770705
634.296850
821.370575
980.837934
1083.143878
1149.074375
1215.979214
1237.414745
1200.714518
1140.305294
1070.802209
1013.640792
938.616434
844.430010
793.439428
734.654108
652.159792
619.356934
616.433907
596.947061
584.605391
586.229295
597.271842
611.886976
619.681715
650.860669
689.509581
698.928223
708.346866
726.209808
743.423189
785.644690
813.575836
807.405002
826.242286
867.814225
892.822345
935.693407
1004.222150
1058.785320
1111.075024
1169.535563
1259.175057
1341.344592
1362.780123
1390.711270
1422.864566
1363.104904
1272.815849
1199.740175
1041.571939
836.635271
618.707373
337.772004
63.007470
-206.560572
-512.179279
-783.371224
-1057.161416
-1320.233842
-1504.709321
-1691.783046
-1850.925625
-1929.522572
-2036.700227
-2119.844105
-2113.348490
-2145.177006
-2173.432933
-2149.723936
-2150.373498
-2147.775252
-2143.877882
-2138.681390
-2075.349139
-2049.691458
-2021.110750
-1907.437480
-1816.498863
-1693.406950
-1481.649886
-1291.653134
-1080.220851
-806.105879
-556.674245
-274.439753
22.734654
259.175057
510.555375
724.585905
881.455018
1052.289704
1139.655732
1183.176356
1253.978564
1231.243910
1177.330302
1165.638194
1101.331601
1039.948035
995.128288
924.975641
888.600195
845.079571
806.755440
820.071452
791.815525
762.585255
777.200390
763.559597
756.414420
752.517051
720.038974
715.167262
698.278662
659.629750
646.963300
624.878207
601.169211
594.024034
572.588503
577.460214
602.143553
616.758688
666.125365
730.431958
795.388113
881.779799
977.590127
1092.237740
1199.415395
1275.414095
1361.481000
1427.411497
1448.197467
1420.266320
1351.412796
1270.867165
1126.014940
919.779149
712.893797
456.966548
171.809029
-88.665151
-382.916531
-660.928873
-903.215330
-1168.561221
-1374.797012
-1544.007795
-1728.158493
-1850.925625
-1963.299773
-2070.477428
-2128.288405
-2219.551803
-2292.302696
-2306.268269
-2377.395258
-2435.855797
-2444.624878
-2473.855148
-2451.770055
-2418.317636
-2379.343943
-2253.653784
-2126.339721
-1973.043196
-1720.363754
-1481.325106
-1221.175706
-897.044495
-600.194868
-271.841507
61.383566
319.584281
609.613511
866.839883
1032.478077
1211.107502
1320.233842
1385.839558
1468.658655
1441.701851
1411.172459
1419.941539
1350.438454
1297.823969
1273.790192
1202.987983
1162.390386
1123.091913
1077.297824
1074.374797
1019.162066
962.650211
951.607665
886.326729
830.464437
792.465086
697.304320
643.390711
590.776226
492.367652
444.624878
410.198116
358.233193
343.293277
312.763884
322.507308
374.147450
386.164339
457.616109
555.699903
600.194868
698.928223
823.644040
914.907437
1019.486846
1094.511205
1163.689510
1245.859045
1261.123741
1269.892822
1258.525495
1170.185125
1094.186424
974.667100
773.303020
607.664826
406.950309
128.937967
-106.528094
-360.506658
-623.579084
-859.045145
-1113.023709
-1311.464761
-1495.940240
-1704.449497
-1825.592725
-1924.001299
-2057.161416
-2129.587528
-2194.543683
-2271.191945
-2288.730107
-2329.977265
-2378.694381
-2374.472231
-2390.711270
-2375.446574
-2320.233842
-2270.542384
-2154.270867
-2008.444300
-1875.608964
-1644.040273
-1380.643066
-1148.749594
-838.259175
-521.922702
-245.209484
67.879182
352.387139
618.382592
877.232868
1048.717116
1208.184475
1358.557973
1430.334524
1502.760637
1546.606041
1522.897044
1527.443975
1505.034102
1447.223124
1435.855797
1392.010393
1321.208184
1291.653134
1232.867814
1180.253329
1149.399156
1065.605716
1007.469958
955.180253
844.105229
766.482624
692.432608
580.708022
487.171159
384.215654
285.482299
222.474829
146.151348
79.571289
61.708347
32.802858
20.461189
55.537512
92.887301
151.672621
215.004872
277.687561
372.523547
464.761286
550.503410
654.433258
742.124066
823.644040
911.334849
971.419292
1030.204612
1081.195193
1069.827866
1042.221500
1018.512504
937.966872
816.823644
688.210458
521.597921
332.575512
120.168886
-104.904190
-311.139981
-531.016564
-767.456967
-971.744073
-1153.621306
-1339.720689
-1498.213706
-1638.519000
-1772.328678
-1892.822345
-2006.170835
-2100.357259
-2170.834687
-2238.713868
-2312.763884
-2367.976616
-2389.736928
-2377.395258
-2360.831439
-2320.558623
-2218.902241
-2096.459890
-1952.906788
-1751.217928
-1504.384540
-1235.466060
-951.282884
-651.185450
-325.755115
2.598246
304.319584
603.442676
902.890549
1144.527444
1336.472881
1524.520948
1688.860019
1798.960702
1862.617733
1894.121468
1911.334849
1910.685287
1870.412472
1822.020136
1765.508282
1682.039623
1590.451445
1490.094186
1386.164339
1278.986684
1135.108802
980.188373
846.378694
688.210458
507.957129
343.618058
189.996752
25.657681
-157.518675
-317.635596
-415.069828
-518.999675
-629.425138
-680.740500
-705.099058
-719.389412
-679.766158
-619.032153
-534.589152
-418.642416
-302.046119
-144.852225
37.674570
210.782722
399.155570
586.554076
773.303020
973.367977
1125.365378
1267.944138
1431.308867
1532.965248
1575.186749
1600.844430
1605.391361
1571.614160
1460.214355
1313.738227
1162.715167
937.642092
683.013966
448.197467
170.185125
-121.143228
-401.753816
-694.056512
-949.658980
-1196.492368
-1449.496590
-1659.629750
-1852.224748
-2026.956804
-2181.227671
-2338.746346
-2436.505359
-2505.034102
-2611.886976
-2664.176681
-2665.800585
-2662.552777
-2617.733030
-2539.136083
-2417.992855
-2239.688210
-2058.135758
-1810.977590
-1492.367652
-1199.415395
-873.660279
-501.461513
-143.228321
232.218253
581.357584
894.446249
1227.021760
1496.589802
1698.928223
1883.078922
2023.384216
2122.117571
2166.287756
2134.134459
2107.502436
2046.443651
1913.283534
1798.311140
1657.681065
1479.051640
1305.618707
1119.194544
945.761611
776.226047
560.246833
366.677493
198.765833
3.897369
-178.954206
-354.660604
-521.273141
-657.031504
-800.584605
-926.274765
-998.376096
-1050.990581
-1074.374797
-1065.280935
-1029.230270
-936.342968
-830.789217
-696.329977
-502.111075
-315.362131
-128.937967
94.835986
329.977265
561.545956
788.242936
988.307892
1209.483599
1421.240663
1576.161091
1736.927574
1881.130237
1980.513154
2063.007470
2094.835986
2086.716466
2054.238389
1963.624553
1835.985710
1666.774927
1444.949659
1200.389737
916.856122
611.237415
302.370900
-43.195843
-387.788243
-704.449497
-1015.914258
-1320.558623
-1597.921403
-1847.677817
-2057.161416
-2244.559922
-2410.198116
-2520.948360
-2610.587853
-2677.492692
-2702.500812
-2713.218577
-2697.304320
-2633.322507
-2556.999026
-2451.120494
-2310.490419
-2151.347840
-1950.958103
-1723.936343
-1465.735628
-1175.381617
-880.805456
-572.263722
-224.098733
109.775901
423.189347
741.799285
1039.298474
1301.071777
1528.418318
1718.090289
1861.643391
1955.505034
1996.427411
1995.453069
1947.060734
1855.797337
1740.175382
1589.801884
1410.198116
1231.243910
1032.153297
827.866190
640.142904
449.821371
266.969795
88.989932
-79.571289
-215.329652
-355.634946
-496.589802
-608.639169
-707.697304
-805.781098
-879.181552
-931.471257
-971.744073
-975.641442
-958.428061
-914.907437
-831.763560
-729.132835
-587.853199
-421.890224
-244.235141
-29.230270
194.218902
413.445924
661.253654
902.565768
1114.972394
1334.848977
1544.332576
1731.406301
1893.471906
2026.956804
2145.501786
2240.662553
2284.832738
2309.191296
2307.892173
2253.004222
2165.962975
2034.101981
1863.592075
1671.321858
1424.488470
1145.177006
857.421241
530.042222
190.971095
-150.373498
-498.213706
-827.866190
-1160.116921
-1481.325106
-1752.517051
-2010.717766
-2248.132511
-2436.505359
-2604.092238
-2734.978889
-2828.515752
-2896.719714
-2918.804807
-2913.933095
-2895.745372
-2832.413121
-2738.226697
-2611.237415
-2451.120494
-2276.388438
-2060.734005
-1809.028905
-1551.152972
-1256.576811
-928.873011
-601.818772
-269.243261
63.007470
390.711270
714.842481
1003.897369
1261.773303
1496.589802
1677.817473
1811.627152
1908.736603
1957.778500
1966.547580
1926.599545
1833.062683
1721.662878
1589.477103
1419.291978
1237.739526
1047.093212
840.207860
641.117246
440.727509
245.859045
75.024359
-104.904190
-277.362780
-418.642416
-553.751218
-678.142254
-771.354336
-859.369925
-926.274765
-967.521923
-997.726535
-979.538811
-940.565119
-880.480676
-782.072101
-664.826242
-511.204937
-316.336473
-124.391036
88.665151
332.250731
557.648587
793.764209
1038.648912
1251.380318
1460.214355
1642.416369
1789.542059
1938.941215
2048.067554
2125.690159
2193.569341
2215.979214
2209.808379
2187.723287
2125.690159
2051.640143
1952.906788
1797.661578
1629.425138
1425.138032
1190.321533
948.684638
656.706723
341.669373
35.401104
-303.670023
-642.416369
-952.906788
-1278.012342
-1576.485872
-1846.378694
-2099.382917
-2295.875284
-2465.410848
-2609.938292
-2685.612212
-2744.072751
-2775.251705
-2742.124066
-2696.005196
-2620.656057
-2503.085417
-2394.283858
-2253.653784
-2068.528743
-1891.198441
-1683.988308
-1466.385190
-1243.260799
-983.436181
-738.226697
-483.273790
-191.945437
64.631374
310.165638
571.614160
797.012017
1005.521273
1200.064956
1341.344592
1465.735628
1548.554726
1571.938941
1587.853199
1563.819422
1484.897694
1392.335174
1256.901591
1098.408574
950.958103
767.781747
579.084118
413.770705
232.867814
63.007470
-79.896070
-209.808379
-310.165638
-410.847678
-495.940240
-538.161741
-584.605391
-619.681715
-615.134784
-610.263072
-594.348815
-561.545956
-522.897044
-455.017863
-369.600520
-292.627476
-188.372848
-64.956155
65.930497
214.680091
365.378370
523.546606
688.535239
840.857421
989.607015
1148.424813
1277.037999
1382.266970
1475.479052
1549.529068
1599.545307
1622.604742
1627.476453
1627.476453
1595.972718
1538.161741
1486.196817
1414.420266
1339.071127
1252.679441
1152.971744
1046.443651
927.249107
787.268594
637.219877
473.530367
295.875284
99.058136
-115.946736
-330.951608
-552.127314
-775.576486
-994.478727
-1197.791491
-1386.489120
-1560.246833
-1708.671647
-1813.900617
-1899.642741
-1965.898019
-1997.401754
-2007.469958
-1993.179604
-1962.974992
-1916.856122
-1855.147775
-1792.465086
-1721.662878
-1633.322507
-1537.187399
-1434.231893
-1317.635596
-1198.116272
-1064.306593
-917.830464
-771.679117
-604.092238
-428.710620
-260.149399
-78.921728
90.613836
251.705099
420.266320
556.999026
673.270542
783.371224
859.369925
918.155245
954.530692
960.376746
950.633323
907.112699
848.652160
788.892498
701.851250
608.314388
517.050991
415.394609
324.780773
241.636895
161.740825
98.733355
44.494966
-2.923027
-32.478077
-60.734005
-75.673920
-70.152647
-77.622605
-78.596947
-70.802209
-68.528743
-56.187074
-37.674570
-21.110750
1.948685
21.760312
61.383566
118.544982
166.937317
237.739526
319.584281
400.129912
503.734979
611.886976
707.697304
820.721013
921.078272
1012.666450
1102.955505
1167.262098
1233.192595
1283.858396
1296.524846
1311.789542
1324.780773
1304.644365
1291.977915
1270.217603
1234.166937
1196.167587
1144.202663
1094.186424
1038.648912
952.257226
863.916856
762.585255
632.023384
495.940240
339.395908
154.270867
-27.606366
-229.620006
-442.351413
-649.561546
-864.566418
-1063.981812
-1259.824618
-1452.419617
-1609.288730
-1759.337447
-1899.642741
-1993.504385
-2076.323482
-2149.074375
-2183.825918
-2201.688860
-2196.492368
-2171.809029
-2138.681390
-2068.528743
-1986.683988
-1900.292303
-1778.174732
-1639.818123
-1498.213706
-1333.549854
-1151.997402
-966.222800
-761.286132
-551.477753
-347.190646
-134.134459
81.519974
286.456642
475.479052
652.159792
817.797986
962.974992
1065.930497
1166.287756
1245.534264
1277.687561
1294.900942
1298.148750
1273.140630
1223.773953
1162.065606
1084.118220
998.051315
891.848003
784.670348
680.740500
564.468983
455.017863
351.412796
240.337772
147.450471
61.383566
-28.905489
-99.058136
-157.193894
-209.483599
-254.628126
-283.858396
-288.730107
-292.302696
-292.952257
-265.670672
-231.893472
-196.492368
-131.860994
-54.563170
27.931146
122.442351
224.098733
343.293277
472.556025
592.400130
721.013316
851.575187
973.043196
1090.613836
1192.270218
1281.260149
1360.506658
1416.044170
1448.847028
1470.932121
1472.880805
1450.470932
1411.822020
1366.027931
1305.943488
1226.372199
1135.758363
1038.324131
924.650861
789.542059
645.988957
493.017213
327.379019
138.681390
-66.580058
-272.491069
-489.769406
-721.338097
-946.086392
-1169.860344
-1387.788243
-1587.203638
-1773.303020
-1937.317311
-2073.075674
-2191.620656
-2279.636246
-2331.925950
-2355.310166
-2350.763235
-2316.336473
-2257.551153
-2175.056837
-2075.024359
-1958.428061
-1819.097109
-1660.604092
-1498.863267
-1322.832088
-1132.835336
-938.291653
-741.149724
-538.811302
-332.900292
-135.108802
60.734005
256.901591
442.676194
614.485222
774.926924
917.180903
1039.298474
1144.527444
1225.073076
1281.584930
1317.635596
1326.404677
1301.396557
1265.021111
1206.235791
1118.220201
1023.708996
912.309191
787.593374
658.980188
521.597921
395.258201
278.012342
154.270867
50.341020
-33.777200
-113.348490
-169.860344
-215.654433
-251.705099
-267.294576
-271.841507
-269.243261
-253.653784
-230.919130
-203.637545
-164.988633
-129.262748
-81.844755
-33.777200
20.461189
85.742124
151.672621
223.449172
300.422215
392.659955
486.196817
578.109776
677.817473
774.602144
867.164664
952.906788
1032.802858
1107.502436
1155.245209
1184.150698
1208.834037
1203.637545
1179.928548
1151.347840
1099.058136
1035.076323
965.898019
881.455018
799.935044
722.962001
629.749919
543.033452
458.265671
364.404027
274.439753
172.458590
68.203962
-38.648912
-169.210783
-305.293927
-433.582332
-583.955830
-742.773628
-898.018837
-1056.836635
-1200.714518
-1346.216304
-1481.974667
-1585.254953
-1683.338746
-1760.636570
-1805.131536
-1832.088340
-1835.660929
-1810.003248
-1771.679117
-1709.970770
-1634.621630
-1553.101656
-1451.120494
-1340.045469
-1232.218253
-1113.673271
-994.803508
-876.908087
-748.944462
-630.074700
-502.760637
-369.925300
-247.482949
-121.143228
6.495615
129.587528
255.602468
371.224424
486.846379
596.297499
686.586554
773.303020
848.652160
903.215330
945.112049
967.521923
972.068854
971.744073
943.488146
897.044495
848.976941
784.345567
711.594674
635.595973
558.947710
488.145502
418.642416
346.865866
296.849627
260.474180
222.474829
197.791491
181.877233
172.133810
164.014290
152.322183
153.296525
155.569990
141.929198
132.835336
126.014940
114.647613
104.579409
100.357259
100.682040
109.451120
120.493667
139.655732
176.031179
215.329652
261.448522
317.960377
380.643066
453.393959
518.674894
576.161091
643.065930
706.722962
747.320559
781.097759
808.379344
822.994479
826.242286
811.302371
792.140305
767.781747
727.508931
681.390062
639.818123
589.477103
530.367002
469.308217
410.198116
350.113673
277.362780
194.868464
116.921078
22.409873
-90.613836
-211.432283
-339.720689
-474.829490
-627.151673
-791.165963
-943.812926
-1095.160766
-1252.354661
-1394.608639
-1516.076648
-1628.126015
-1726.209808
-1797.986359
-1842.481325
-1860.669048
-1863.592075
-1846.703475
-1789.542059
-1716.791166
-1634.621630
-1532.965248
-1416.044170
-1281.260149
-1144.852225
-1010.392985
-858.070802
-699.577785
-551.152972
-392.010393
-231.243910
-68.203962
93.536863
248.782072
408.249432
568.041572
709.321208
840.857421
973.367977
1081.195193
1171.809029
1242.286457
1292.627476
1329.327704
1332.900292
1308.866515
1276.388438
1218.252679
1135.758363
1046.443651
942.513803
829.490094
710.945112
581.032803
463.786944
352.387139
230.269568
125.365378
38.648912
-41.896720
-112.374147
-182.851575
-231.893472
-255.602468
-293.926600
-318.285158
-323.806431
-330.302046
-333.225073
-327.703800
-314.063007
-286.456642
-260.474180
-235.790841
-186.099383
-137.057486
-85.742124
-11.042546
67.879182
149.074375
242.611237
332.250731
430.659305
534.264372
622.279961
708.671647
791.490744
859.694706
915.881780
950.308542
975.966223
992.854823
977.914907
948.684638
920.428711
867.814225
802.858071
737.901916
658.005846
581.682364
503.734979
418.642416
345.891523
269.243261
180.253329
98.083793
12.016889
-81.195193
-172.783371
-290.354011
-405.651185
-518.025333
-656.057161
-794.738551
-927.249107
-1056.187074
-1185.125041
-1303.670023
-1408.249432
-1481.325106
-1544.982137
-1594.998376
-1596.947061
-1582.981487
-1556.674245
-1496.914583
-1417.668074
-1318.609938
-1209.808379
-1100.032478
-973.367977
-836.960052
-709.645989
-580.383241
-453.718740
-331.276388
-208.509256
-96.135109
15.264696
135.108802
237.739526
334.524196
440.077947
535.888275
620.331276
697.304320
765.183501
827.216629
871.386814
889.574537
906.463137
898.668399
871.386814
832.088340
770.379994
694.706073
613.186099
512.504060
403.052939
302.370900
187.073725
83.468659
-8.444300
-100.032478
-173.432933
-241.312114
-290.678792
-309.840857
-331.601169
-339.071127
-314.063007
-292.302696
-259.175057
-212.081845
-168.886002
-113.673271
-57.810978
-15.589477
34.426762
87.690809
126.989282
173.757714
213.380968
254.952907
305.943488
346.216304
389.412147
447.223124
495.940240
540.110425
598.895745
647.288081
694.056512
734.978889
770.379994
799.610263
808.379344
805.456317
793.764209
765.508282
720.688535
669.373173
606.040922
529.717441
446.248782
358.557973
274.439753
192.919779
110.425463
33.452420
-28.580708
-82.494316
-126.339721
-165.313413
-199.090614
-217.603118
-242.936018
-270.867165
-287.755765
-316.011692
-351.412796
-387.463462
-433.582332
-484.248133
-540.435206
-607.340045
-665.151023
-721.013316
-782.396882
-829.490094
-861.318610
-886.651510
-897.044495
-896.719714
-887.625853
-855.147775
-821.370575
-778.174732
-725.560247
-671.646639
-617.408249
-569.990257
-522.247483
-476.778175
-436.505359
-407.924651
-378.694381
-351.737577
-333.874635
-307.892173
-282.884053
-250.405976
-209.808379
-171.484248
-119.519324
-58.460539
1.623904
62.682689
131.211432
200.389737
268.593699
328.678142
381.617408
431.633647
467.034752
492.367652
505.358883
508.931471
503.734979
489.769406
468.658655
449.821371
421.890224
391.685612
371.873985
350.763235
334.524196
326.729458
324.455992
325.430335
334.524196
338.421565
344.592400
351.737577
351.088016
345.891523
340.045469
323.481650
297.174407
261.773303
216.303995
178.304644
130.561871
79.896070
34.101981
-9.743423
-49.366677
-77.622605
-97.434232
-98.408574
-93.536863
-87.041247
-58.785320
-22.085093
13.316012
56.187074
104.579409
151.347840
196.817148
240.337772
277.037999
311.139981
341.994154
363.104904
379.993504
397.856447
410.198116
417.668074
429.684963
439.103605
447.223124
453.718740
458.915232
467.359532
470.607340
470.607340
467.359532
456.316986
431.633647
395.907762
352.711919
290.354011
219.227022
131.860994
29.230270
-84.118220
-203.962325
-333.549854
-468.009094
-604.417019
-736.602793
-860.344268
-974.667100
-1069.503085
-1154.270867
-1222.799610
-1271.841507
-1296.524846
-1310.490419
-1307.567392
-1287.106203
-1253.653784
-1210.133160
-1158.168236
-1095.810328
-1031.503735
-959.077623
-880.480676
-800.909386
-717.115947
-628.450796
-531.016564
-425.787593
-317.960377
-202.338422
-81.844755
44.819747
179.278987
309.516077
437.479701
561.545956
676.518350
775.576486
858.395583
925.949984
970.769730
997.401754
999.675219
973.692757
934.069503
873.335499
797.336798
709.321208
615.459565
519.324456
420.915882
320.883404
226.047418
146.151348
68.528743
0.324781
-53.264047
-102.305943
-141.929198
-168.561221
-188.048068
-206.560572
-219.227022
-226.372199
-230.269568
-224.423514
-219.876583
-206.560572
-189.347191
-167.586879
-137.707048
-101.006820
-51.964924
2.598246
67.229620
136.083144
213.380968
296.200065
378.369601
462.487821
540.110425
618.382592
689.834362
744.722312
788.567717
818.772329
837.284833
840.857421
828.840533
800.259825
757.388763
708.022085
645.014615
576.161091
500.811952
422.215005
347.840208
272.166288
198.765833
129.262748
61.708347
3.247808
-49.041897
-100.682040
-152.971744
-200.714518
-248.457291
-295.875284
-347.840208
-399.155570
-452.419617
-510.555375
-567.716791
-623.579084
-677.492692
-730.107178
-774.926924
-812.926275
-838.583956
-860.669048
-871.711595
-869.762910
-859.045145
-839.558298
-813.251056
-774.277363
-733.354985
-689.834362
-646.963300
-602.143553
-555.699903
-511.854498
-478.726859
-443.325755
-403.377720
-370.250081
-343.293277
-315.686911
-285.807080
-259.499838
-229.620006
-197.466710
-157.193894
-116.271517
-76.973043
-30.204612
23.059435
74.050016
126.664501
177.979864
230.919130
278.012342
317.310815
354.335823
382.266970
399.805132
411.497239
414.420266
413.770705
407.924651
392.659955
374.797012
358.557973
336.472881
317.310815
306.593050
298.148750
294.576161
294.900942
294.900942
298.798311
304.969146
310.490419
319.584281
326.729458
326.079896
327.054238
320.558623
311.464761
297.823969
278.986684
258.850276
235.466060
210.133160
185.125041
166.287756
143.553102
126.339721
114.972394
107.502436
107.177655
112.698928
115.621955
127.963625
145.501786
156.219552
177.005521
198.116272
209.808379
223.773953
232.867814
239.688210
244.235141
244.884703
243.585580
235.141280
229.620006
223.773953
215.654433
206.885352
196.167587
189.996752
187.723287
183.176356
177.005521
171.484248
165.313413
160.116921
153.296525
140.630075
122.117571
96.459890
65.280935
27.606366
-18.512504
-72.426112
-134.459240
-204.287106
-278.986684
-356.934070
-439.753167
-520.298798
-599.220526
-679.766158
-751.542709
-815.849302
-877.557649
-925.949984
-966.222800
-993.504385
-1008.119519
-1016.563819
-1015.264696
-1008.119519
-989.931796
-963.299773
-927.573888
-885.677168
-839.883079
-782.721663
-724.261124
-658.655408
-588.502761
-510.230594
-422.864566
-336.148100
-242.611237
-140.305294
-37.349789
68.528743
172.783371
276.388438
380.318285
483.598571
577.784995
658.655408
732.055862
792.140305
841.506983
875.933745
894.771030
897.044495
888.600195
869.438129
832.088340
787.918155
734.654108
676.518350
610.587853
544.982137
478.402079
407.599870
343.293277
284.507957
227.346541
177.330302
131.860994
90.938616
55.212731
23.708996
0.000000
-24.033777
-44.494966
-57.810978
-70.477428
-82.494316
-87.690809
-92.237740
-94.511205
-88.015589
-77.947386
-64.631374
-51.315362
-27.931146
4.222150
39.298474
75.024359
115.946736
156.219552
196.817148
236.765184
271.841507
301.396557
320.883404
338.746346
345.241962
345.566742
338.421565
319.909061
296.524846
266.969795
231.893472
191.945437
152.971744
111.724586
72.426112
37.999350
-0.324781
-38.973693
-66.255278
-93.536863
-116.921078
-141.929198
-164.663852
-186.424164
-212.406626
-234.491718
-257.875934
-280.610588
-303.994804
-332.250731
-359.857096
-384.865216
-412.471582
-440.402728
-463.137382
-485.222475
-502.760637
-518.674894
-532.640468
-533.290029
-539.785645
-538.486522
-531.016564
-519.324456
-506.658006
-490.743748
-466.385190
-444.300097
-419.291978
-392.984735
-370.899643
-342.318935
-315.686911
-285.807080
-253.329003
-223.773953
-185.774602
-147.125690
-112.374147
-68.853524
-22.409873
19.811627
65.930497
119.194544
169.860344
223.124391
267.294576
314.063007
363.104904
401.429035
440.727509
469.632998
494.316336
514.452744
526.469633
527.768756
532.965248
525.495291
510.880156
490.418967
464.761286
434.556674
401.429035
365.053589
321.532965
278.661903
234.816499
189.022410
143.228321
99.058136
52.289704
7.145177
-27.606366
-64.306593
-103.929847
-132.185775
-154.920429
-176.680741
-194.868464
-209.158818
-220.850926
-228.645664
-232.867814
-229.620006
-222.150049
-211.432283
-196.167587
-177.330302
-151.997402
-117.895421
-87.041247
-50.990581
-8.119519
34.101981
79.896070
129.587528
176.680741
224.098733
269.568042
310.815200
350.438454
384.540435
412.146801
436.505359
457.291328
468.658655
474.829490
476.128613
466.709971
454.693082
440.402728
411.172459
379.668724
349.139331
313.413446
272.491069
228.645664
186.099383
138.681390
83.793439
27.931146
-26.632023
-84.443001
-146.151348
-207.210133
-267.294576
-326.729458
-385.839558
-443.000974
-496.265021
-545.631699
-589.152322
-629.100357
-658.330627
-678.467035
-695.680416
-703.150373
-697.629100
-691.783046
-678.791816
-658.005846
-629.100357
-592.075349
-550.828191
-509.581033
-462.163040
-415.069828
-365.378370
-312.763884
-261.448522
-209.483599
-157.193894
-105.553751
-53.264047
-2.273465
44.170185
88.665151
134.134459
173.757714
206.885352
242.286457
270.217603
291.977915
311.789542
323.481650
332.250731
332.250731
329.002923
320.883404
303.994804
284.183176
259.824618
232.218253
199.740175
164.663852
129.912309
89.314713
49.366677
13.640792
-20.136408
-49.691458
-75.024359
-97.109451
-112.049367
-123.091913
-132.185775
-128.937967
-123.091913
-113.998051
-94.511205
-71.451770
-46.443651
-19.162066
19.162066
57.161416
94.835986
137.057486
179.278987
229.620006
276.063657
318.934719
362.455343
403.377720
443.000974
477.102956
506.658006
533.939591
554.075999
562.520299
569.015914
565.443326
555.050341
538.811302
514.452744
487.171159
453.718740
414.095486
369.925300
323.806431
275.738876
220.201364
164.663852
111.724586
54.238389
-3.572589
-54.238389
-111.399805
-162.715167
-210.457941
-259.175057
-301.071777
-339.071127
-373.173108
-402.403378
-423.514128
-443.325755
-454.043521
-462.487821
-464.436505
-458.590451
-453.718740
-445.274440
-427.736278
-410.847678
-392.659955
-369.600520
-352.711919
-332.250731
-305.943488
-288.080546
-264.696330
-247.482949
-227.346541
-205.911010
-189.347191
-171.484248
-154.920429
-136.407925
-124.391036
-108.801559
-93.536863
-86.066905
-76.648262
-69.827866
-66.904839
-59.434881
-56.511854
-56.187074
-56.511854
-58.785320
-56.187074
-56.187074
-56.511854
-55.862293
-50.665801
-46.768431
-39.948035
-33.127639
-25.008120
-13.965573
-6.495615
3.572589
14.290354
26.632023
37.349789
47.093212
58.135758
73.725235
85.417343
93.536863
105.228970
116.271517
126.339721
132.185775
140.305294
151.997402
160.116921
166.937317
178.304644
189.347191
198.116272
206.560572
215.329652
221.500487
228.970445
235.466060
239.038649
243.910361
244.884703
244.235141
245.209484
240.987334
234.816499
230.919130
226.047418
217.278337
206.235791
197.141929
185.125041
170.185125
156.869113
144.202663
130.237090
116.596297
103.280286
91.912959
79.571289
66.255278
51.964924
38.648912
28.255927
12.016889
-4.222150
-14.615135
-28.255927
-50.665801
-62.357908
-79.246509
-96.784670
-113.673271
-131.211432
-143.228321
-153.621306
-163.689510
-175.706398
-183.176356
-190.971095
-195.518025
-199.740175
-201.364079
-199.415395
-194.868464
-194.543683
-194.543683
-189.347191
-187.723287
-188.697629
-187.073725
-180.902891
-182.851575
-179.278987
-176.031179
-172.458590
-169.535563
-164.988633
-155.569990
-143.877882
-132.510555
-119.194544
-101.656382
-83.143878
-60.084443
-43.520624
-25.657681
-3.247808
15.264696
32.153297
49.041897
61.708347
75.349139
83.468659
92.562520
100.032478
100.682040
99.707697
100.682040
100.032478
101.006820
97.434232
93.861643
90.938616
86.066905
81.519974
75.349139
69.503085
63.332251
52.939266
43.845404
35.401104
21.435531
9.093862
-2.273465
-13.640792
-26.956804
-39.298474
-48.717116
-51.964924
-56.836635
-60.084443
-57.486197
-52.289704
-43.845404
-31.503735
-21.110750
-7.145177
9.743423
30.204612
51.315362
67.879182
85.417343
103.280286
115.621955
130.886652
145.826567
152.646963
163.364729
168.561221
173.757714
175.706398
175.706398
171.809029
165.313413
156.869113
145.501786
133.809678
121.792790
102.305943
80.220851
61.058785
35.076323
12.666450
-15.264696
-44.170185
-73.400455
-104.579409
-132.185775
-155.245209
-178.954206
-203.962325
-222.474829
-234.491718
-242.936018
-244.884703
-244.884703
-242.611237
-234.166937
-222.474829
-204.611887
-187.073725
-164.339071
-137.707048
-110.100682
-81.844755
-54.887951
-26.956804
0.000000
29.555050
57.486197
81.519974
105.553751
130.886652
148.749594
166.937317
182.526794
193.244560
202.013641
212.406626
220.201364
219.227022
218.577460
211.107502
204.936668
192.270218
175.706398
156.869113
131.211432
104.904190
76.973043
46.118870
11.367327
-23.059435
-57.810978
-88.989932
-116.596297
-143.553102
-168.561221
-188.697629
-202.987983
-215.979214
-224.098733
-230.594349
-231.243910
-225.722637
-226.047418
-218.577460
-209.158818
-201.688860
-187.398506
-169.860344
-157.843456
-141.929198
-119.194544
-100.357259
-82.169536
-56.511854
-33.452420
-8.119519
18.512504
43.845404
72.101332
99.058136
121.143228
143.228321
163.689510
176.680741
189.347191
197.791491
201.688860
200.064956
195.518025
187.723287
179.603767
162.065606
146.800909
134.459240
116.921078
99.058136
83.793439
72.101332
51.640143
36.050666
19.811627
7.145177
-3.572589
-15.589477
-28.580708
-41.896720
-54.563170
-67.554401
-77.297824
-88.340370
-97.109451
-103.280286
-111.075024
-119.519324
-115.946736
-112.049367
-113.023709
-106.203313
-96.784670
-88.989932
-75.349139
-61.058785
-48.717116
-35.725885
-18.512504
-5.196492
9.093862
23.059435
33.452420
45.794089
56.836635
63.981812
68.853524
76.648262
83.143878
88.015589
91.912959
96.135109
100.357259
99.707697
102.630724
107.502436
105.878532
107.502436
103.929847
100.357259
97.109451
90.613836
82.494316
71.126989
62.033128
53.264047
35.725885
21.110750
8.119519
-3.247808
-13.965573
-30.529393
-37.025008
-38.324131
-46.443651
-51.315362
-50.016239
-50.665801
-44.494966
-37.349789
-38.324131
-34.426762
-30.854173
-27.281585
-20.785969
-15.589477
-9.418642
-5.846054
-6.170835
-6.495615
-1.623904
0.974342
5.196492
7.469958
12.991231
18.837285
18.837285
18.837285
18.837285
18.837285
19.162066
17.862943
9.743423
3.247808
-4.222150
-16.888600
-29.555050
-40.597597
-52.289704
-65.930497
-76.973043
-89.964274
-102.630724
-108.151997
-113.673271
-121.792790
-126.339721
-125.365378
-125.365378
-126.014940
-123.416694
-118.220201
-114.322832
-111.399805
-107.177655
-106.203313
-107.177655
-101.656382
-100.032478
-100.682040
-100.032478
-100.682040
-98.083793
-93.212082
-100.357259
-99.382917
-94.511205
-92.237740
-84.118220
-80.220851
-75.349139
-67.554401
-61.383566
-55.862293
-50.016239
-42.546281
-33.777200
-28.255927
-22.409873
-16.563819
-11.367327
-2.923027
5.521273
13.965573
23.384216
36.375447
48.717116
63.332251
86.066905
104.254628
120.818448
143.228321
169.535563
193.244560
217.927899
241.961676
263.072426
279.961026
297.499188
310.815200
320.883404
329.977265
334.848977
333.225073
328.678142
323.156869
313.738227
303.020461
289.379669
271.516726
252.354661
223.124391
196.817148
173.432933
146.476129
115.621955
86.391686
52.939266
21.760312
-9.418642
-41.896720
-72.101332
-104.579409
-129.262748
-156.219552
-180.253329
-198.441052
-215.329652
-232.543033
-242.611237
-247.482949
-253.978564
-253.329003
-246.508607
-238.064307
-224.748295
-212.406626
-195.518025
-172.133810
-154.920429
-132.185775
-107.502436
-88.989932
-65.280935
-43.195843
-25.657681
-2.598246
14.290354
26.307243
39.623254
47.093212
53.264047
57.486197
62.357908
63.332251
59.434881
56.187074
52.614485
48.392335
40.922377
32.153297
19.811627
6.495615
-2.923027
-9.418642
-24.683339
-37.349789
-47.417993
-65.280935
-77.297824
-92.887301
-107.502436
-118.544982
-130.237090
-142.903540
-154.920429
-162.065606
-171.809029
-176.031179
-175.056837
-176.031179
-170.509906
-163.039948
-155.245209
-140.954855
-125.365378
-111.399805
-89.314713
-68.203962
-43.520624
-19.486846
1.299123
28.255927
53.913608
75.998701
97.759013
121.792790
139.006171
161.091263
175.056837
190.971095
208.184475
219.876583
229.944787
235.141280
239.363430
238.064307
239.038649
237.414745
231.893472
224.098733
208.184475
196.167587
179.603767
156.219552
132.185775
104.254628
75.673920
46.768431
16.239039
-13.965573
-44.494966
-71.776551
-99.058136
-127.638844
-147.450471
-164.014290
-181.552452
-198.116272
-206.235791
-211.432283
-214.030529
-207.210133
-201.688860
-191.295875
-178.304644
-164.663852
-147.775252
-129.262748
-107.502436
-85.092563
-60.084443
-37.025008
-10.392985
12.341669
37.999350
63.007470
86.391686
105.878532
128.288405
141.929198
156.869113
173.432933
182.526794
188.372848
191.945437
189.347191
182.526794
177.005521
162.390386
148.424813
135.433582
113.348490
93.536863
70.477428
43.845404
20.461189
-7.145177
-30.529393
-53.913608
-76.323482
-98.408574
-119.194544
-136.732705
-150.698279
-163.689510
-174.082494
-178.954206
-183.825918
-188.048068
-184.475479
-174.082494
-166.937317
-154.595648
-142.253979
-126.989282
-110.100682
-99.382917
-79.896070
-62.357908
-46.443651
-26.956804
-12.666450
5.846054
19.162066
33.127639
47.093212
50.665801
61.383566
71.451770
78.272166
81.195193
85.092563
88.340370
87.690809
88.340370
87.366028
88.015589
85.417343
79.571289
71.776551
67.554401
63.007470
59.110101
52.614485
49.041897
42.221500
35.076323
30.204612
23.384216
19.162066
14.939916
10.717766
6.495615
6.170835
6.495615
6.170835
6.495615
5.846054
10.392985
12.991231
12.016889
13.965573
16.239039
11.692108
13.965573
18.187723
12.341669
6.495615
0.649562
-4.871712
-8.119519
-14.615135
-19.162066
-23.384216
-29.555050
-35.401104
-38.973693
-44.819747
-50.341020
-50.016239
-50.341020
-49.691458
-50.341020
-49.691458
-44.819747
-41.247158
-36.375447
-31.503735
-25.332900
-20.461189
-16.239039
-8.444300
-4.546931
-0.324781
2.273465
7.469958
11.042546
13.965573
18.187723
19.486846
24.033777
25.982462
24.358558
27.281585
31.503735
31.503735
31.503735
31.828516
31.178954
31.828516
31.178954
27.606366
22.409873
19.486846
15.589477
11.692108
6.495615
0.974342
-3.247808
-7.145177
-13.640792
-22.409873
-27.931146
-33.777200
-40.272816
-43.845404
-49.041897
-50.016239
-51.964924
-57.161416
-55.862293
-57.161416
-52.289704
-45.794089
-43.520624
-43.845404
-37.349789
-31.828516
-30.854173
-26.956804
-22.409873
-18.512504
-19.162066
-13.640792
-12.666450
-11.042546
-5.521273
-6.820396
-3.897369
0.649562
4.871712
7.794739
12.016889
14.615135
18.837285
23.708996
25.982462
31.178954
31.503735
31.178954
31.178954
31.828516
29.879831
24.683339
20.785969
14.615135
10.717766
3.897369
-6.170835
-11.692108
-16.563819
-24.358558
-29.555050
-35.401104
-41.896720
-44.170185
-44.494966
-50.016239
-50.016239
-50.016239
-50.341020
-45.469308
-43.520624
-44.170185
-43.845404
-39.948035
-35.076323
-31.828516
-28.580708
-20.461189
-14.615135
-10.717766
-5.846054
1.948685
10.717766
19.811627
25.982462
36.375447
44.494966
50.341020
59.759662
67.554401
70.802209
77.297824
81.519974
86.391686
88.665151
87.690809
87.366028
89.964274
88.340370
82.169536
80.545632
74.699578
67.554401
58.460539
50.016239
38.648912
29.230270
17.538162
5.846054
-5.521273
-18.837285
-29.879831
-39.948035
-51.964924
-61.708347
-69.178305
-73.725235
-77.947386
-82.169536
-81.195193
-82.169536
-80.220851
-75.673920
-71.451770
-65.280935
-61.383566
-56.187074
-48.717116
-34.426762
-28.255927
-19.811627
-10.392985
-2.598246
8.444300
18.187723
26.307243
35.076323
43.845404
52.614485
61.708347
68.853524
74.050016
79.896070
86.066905
88.015589
93.212082
94.511205
94.511205
92.887301
87.041247
88.665151
82.819097
75.673920
72.426112
65.930497
58.785320
52.289704
44.170185
38.973693
32.478077
23.384216
18.512504
14.290354
8.119519
2.273465
-0.649562
0.649562
-0.649562
0.649562
-1.948685
-5.846054
-7.145177
-3.897369
-0.974342
-7.145177
-1.948685
0.649562
-0.649562
5.846054
3.897369
0.000000
5.846054
6.495615
6.495615
6.495615
0.324781
0.649562
-2.923027
-10.392985
-14.615135
-18.512504
-24.033777
-33.127639
-39.948035
-44.819747
-53.913608
-63.332251
-69.827866
-79.246509
-86.716466
-91.912959
-98.408574
-100.682040
-105.228970
-107.177655
-106.528094
-106.852874
-106.528094
-104.904190
-97.759013
-94.186424
-93.212082
-83.143878
-73.400455
-65.605716
-53.913608
-43.195843
-31.178954
-21.110750
-12.341669
-0.649562
10.392985
16.239039
22.085093
30.529393
31.828516
37.025008
32.478077
31.178954
29.555050
23.059435
15.914258
9.418642
1.623904
-7.794739
-15.589477
-25.008120
-33.127639
-41.896720
-50.665801
-57.810978
-62.357908
-69.503085
-74.050016
-78.272166
-82.169536
-81.519974
-87.690809
-82.494316
-81.195193
-80.220851
-73.400455
-68.203962
-60.734005
-49.691458
-36.700227
-23.384216
-11.042546
6.820396
29.230270
48.392335
70.802209
88.015589
104.904190
123.416694
137.057486
150.373498
161.740825
168.886002
178.954206
181.877233
182.526794
180.578110
175.706398
171.159467
167.586879
159.792140
151.023059
141.929198
129.587528
118.869763
104.904190
95.160766
82.819097
63.981812
48.717116
36.050666
19.486846
6.820396
-7.794739
-21.110750
-35.725885
-47.093212
-53.264047
-62.357908
-69.178305
-68.528743
-71.776551
-76.323482
-70.802209
-65.280935
-61.058785
-56.187074
-48.392335
-39.948035
-36.375447
-29.555050
-19.486846
-13.640792
-9.093862
-5.196492
-0.324781
0.000000
0.000000
-0.324781
0.974342
4.222150
-0.649562
0.649562
-4.871712
-6.820396
-6.170835
-6.170835
-6.170835
-6.170835
-6.170835
-11.367327
-13.640792
-18.512504
-19.162066
-21.435531
-26.632023
-29.879831
-35.725885
-38.648912
-44.819747
-49.041897
-54.563170
-56.511854
-57.161416
-62.357908
-63.332251
-59.110101
-56.511854
-54.563170
-49.691458
-44.494966
-34.426762
-26.956804
-20.461189
-12.016889
-0.649562
8.444300
16.888600
25.332900
37.349789
45.469308
56.187074
66.580058
76.648262
88.665151
99.382917
105.553751
113.023709
119.194544
121.143228
126.014940
125.365378
120.818448
119.194544
116.271517
106.203313
97.759013
85.092563
75.024359
59.110101
45.144527
31.178954
17.213381
9.093862
-3.897369
-16.563819
-25.982462
-34.426762
-43.520624
-50.016239
-55.862293
-62.357908
-62.357908
-67.229620
-69.178305
-68.528743
-69.178305
-68.853524
-69.178305
-69.178305
-64.306593
-58.460539
-54.563170
-44.170185
-39.298474
-34.751543
-23.708996
-15.589477
-9.418642
-0.974342
6.495615
11.042546
15.914258
19.162066
18.837285
18.512504
19.486846
16.239039
11.692108
7.145177
0.000000
-8.769081
-17.213381
-22.409873
-31.828516
-38.648912
-45.144527
-54.887951
-56.187074
-57.486197
-62.357908
-63.007470
-62.357908
-63.657032
-68.853524
-69.178305
-67.879182
-62.682689
-62.357908
-56.511854
-56.836635
-54.238389
-49.041897
-45.144527
-37.025008
-30.529393
-25.008120
-17.862943
-11.042546
-3.572589
5.521273
12.666450
18.187723
24.033777
30.529393
37.999350
42.546281
45.469308
49.691458
50.990581
46.118870
44.170185
41.571939
37.025008
37.025008
27.606366
20.461189
14.290354
4.871712
-1.623904
-6.170835
-10.392985
-16.888600
-24.358558
-30.204612
-31.828516
-37.025008
-37.674570
-37.349789
-37.999350
-33.452420
-30.529393
-27.281585
-21.760312
-19.162066
-14.615135
-2.923027
2.273465
8.119519
16.239039
25.008120
33.777200
39.623254
47.417993
56.836635
62.682689
66.255278
73.400455
75.349139
77.297824
82.819097
80.220851
85.742124
85.417343
80.870412
74.699578
68.528743
67.554401
56.187074
46.118870
37.349789
28.255927
16.239039
4.546931
-6.820396
-18.187723
-27.281585
-38.973693
-47.093212
-52.939266
-61.383566
-62.357908
-65.930497
-69.827866
-68.203962
-63.332251
-62.682689
-60.409224
-53.588828
-46.443651
-40.272816
-31.503735
-23.059435
-12.991231
-1.948685
5.521273
19.811627
30.204612
37.999350
48.067554
59.110101
64.631374
73.400455
80.870412
82.169536
87.690809
93.861643
92.887301
87.690809
86.066905
79.246509
74.374797
68.203962
61.383566
50.665801
40.272816
32.153297
18.837285
7.794739
-1.623904
-15.589477
-27.281585
-36.700227
-49.041897
-60.084443
-72.101332
-78.921728
-85.742124
-92.237740
-97.109451
-99.707697
-104.254628
-104.254628
-100.032478
-96.784670
-90.289055
-85.092563
-75.998701
-67.229620
-59.434881
-47.093212
-31.503735
-23.384216
-8.119519
4.546931
19.486846
31.828516
42.871062
53.913608
61.708347
74.050016
80.870412
84.767782
89.314713
93.536863
94.511205
93.861643
94.511205
89.964274
86.066905
80.220851
74.699578
66.904839
58.135758
48.067554
34.751543
22.085093
8.769081
-0.974342
-14.290354
-33.777200
-45.144527
-61.383566
-75.349139
-84.118220
-95.810328
-101.981163
-107.827217
-113.023709
-112.698928
-113.023709
-112.049367
-106.852874
-102.955505
-89.639493
-76.973043
-66.255278
-50.341020
-38.648912
-26.632023
-11.692108
0.974342
13.965573
21.435531
33.127639
42.871062
51.640143
56.836635
61.058785
63.332251
62.357908
63.007470
62.682689
58.460539
54.887951
48.392335
44.170185
41.247158
29.879831
20.461189
9.093862
0.974342
-7.469958
-17.538162
-28.580708
-36.700227
-48.067554
-59.434881
-66.255278
-70.477428
-74.374797
-79.246509
-81.844755
-81.519974
-77.622605
-71.126989
-65.605716
-56.836635
-49.691458
-43.845404
-32.802858
-19.486846
-8.444300
3.572589
13.316012
21.110750
32.153297
39.623254
45.144527
50.990581
56.836635
55.862293
58.135758
62.682689
63.332251
58.460539
56.187074
55.862293
50.341020
46.443651
37.674570
33.127639
25.657681
18.837285
12.016889
2.923027
-2.273465
-8.444300
-15.914258
-22.085093
-27.606366
-34.101981
-37.349789
-40.922377
-44.170185
-43.845404
-43.520624
-44.494966
-41.247158
-37.349789
-36.700227
-28.255927
-19.162066
-12.341669
-5.521273
3.247808
13.965573
24.683339
32.153297
41.896720
48.717116
55.537512
62.357908
63.657032
70.152647
75.024359
75.349139
75.024359
75.673920
74.699578
69.503085
65.930497
59.110101
54.238389
48.067554
40.597597
29.230270
19.811627
14.939916
4.871712
0.000000
-5.196492
-14.615135
-20.461189
-26.307243
-30.854173
-31.828516
-37.025008
-37.674570
-37.025008
-31.503735
-31.828516
-29.879831
-25.332900
-21.110750
-16.888600
-11.042546
-6.170835
-2.273465
4.222150
9.418642
18.187723
18.512504
20.136408
26.632023
31.178954
31.503735
31.503735
31.503735
31.178954
31.503735
29.555050
24.358558
20.461189
15.914258
12.016889
7.145177
0.649562
-9.093862
-14.290354
-24.033777
-35.076323
-42.871062
-52.289704
-58.135758
-65.605716
-70.152647
-74.374797
-78.921728
-84.767782
-88.665151
-87.041247
-92.237740
-93.212082
-87.690809
-83.468659
-81.195193
-75.673920
-65.930497
-61.058785
-51.964924
-44.170185
-33.777200
-23.384216
-12.991231
-1.948685
5.846054
14.290354
24.683339
35.725885
43.195843
52.939266
56.836635
62.357908
67.879182
74.050016
75.024359
76.648262
82.169536
81.519974
81.519974
82.169536
78.596947
75.024359
71.776551
64.631374
60.084443
50.341020
44.494966
40.272816
30.854173
19.486846
12.016889
5.846054
-3.897369
-11.692108
-21.760312
-25.008120
-28.255927
-36.700227
-41.571939
-48.392335
-50.665801
-50.016239
-50.341020
-50.341020
-50.341020
-50.016239
-50.990581
-46.118870
-43.520624
-41.896720
-34.101981
-31.178954
-25.657681
-20.136408
-16.239039
-10.717766
-4.546931
0.974342
7.145177
11.692108
16.563819
24.358558
27.606366
32.478077
36.375447
38.324131
37.025008
38.973693
41.571939
37.999350
36.700227
31.828516
29.879831
23.708996
18.187723
12.666450
5.521273
-3.572589
-9.418642
-14.615135
-20.785969
-25.982462
-34.426762
-37.999350
-41.247158
-48.067554
-50.016239
-50.665801
-50.016239
-51.964924
-55.862293
-49.366677
-44.494966
-43.195843
-33.777200
-24.033777
-19.486846
-11.692108
0.000000
8.769081
17.538162
25.008120
30.204612
38.648912
47.093212
50.016239
56.836635
62.682689
62.682689
62.682689
63.657032
60.084443
56.511854
52.614485
48.392335
43.195843
37.674570
36.700227
27.281585
20.136408
16.563819
8.769081
2.598246
-1.299123
-6.495615
-13.640792
-20.785969
-25.008120
-29.879831
-31.828516
-31.178954
-31.503735
-31.178954
-31.503735
-31.178954
-31.828516
-26.307243
-25.332900
-23.708996
-18.837285
-14.290354
-11.692108
-7.145177
-0.649562
0.649562
5.846054
6.495615
6.495615
6.170835
6.170835
6.495615
6.170835
6.495615
1.948685
-0.649562
0.649562
-0.324781
1.948685
0.974342
-0.324781
0.649562
6.170835
6.170835
6.495615
5.846054
10.717766
13.316012
12.016889
18.187723
14.615135
17.862943
19.162066
13.640792
12.341669
12.991231
8.769081
6.170835
1.623904
-0.649562
0.649562
-5.521273
-6.170835
-6.170835
-6.170835
-6.170835
-11.042546
-12.991231
-12.341669
-12.666450
-12.341669
-12.991231
-12.341669
-12.666450
-12.016889
-14.615135
-19.162066
-18.512504
-18.837285
-18.837285
-18.837285
-18.512504
-19.162066
-18.512504
-19.162066
-15.589477
-9.093862
-5.521273
-6.820396
-4.546931
-0.324781
0.324781
5.846054
6.170835
5.846054
6.495615
5.846054
6.820396
4.871712
0.324781
-1.948685
-6.820396
-6.495615
-6.495615
-6.170835
-6.495615
-6.495615
-6.170835
-6.170835
-6.495615
-6.495615
-6.170835
-6.170835
-6.170835
-6.495615
-6.170835
-6.495615
-5.846054
-6.170835
-6.170835
-6.495615
-6.170835
-6.495615
-6.170835
-6.820396
-4.222150
0.324781
-0.324781
0.974342
6.170835
6.495615
5.846054
11.042546
12.991231
17.862943
19.162066
18.837285
19.162066
18.512504
18.837285
18.837285
19.162066
18.837285
18.837285
19.162066
14.615135
12.016889
12.991231
12.666450
12.666450
12.341669
12.666450
12.341669
12.666450
12.341669
12.666450
12.666450
12.341669
12.666450
12.341669
12.991231
12.341669
13.316012
16.563819
12.991231
7.794739
5.846054
6.495615
6.495615
6.495615
6.170835
6.820396
5.521273
0.000000
0.324781
-0.324781
-4.871712
-7.145177
