-2564.551158
-2583.252896
-2553.088803
-2388.392857
-2312.379344
-2273.166023
-2057.794402
-1799.589768
-1549.227799
-1242.760618
-1056.949807
-895.270270
-646.114865
-521.838803
-413.248069
-206.925676
-62.741313
141.771236
395.149614
507.360039
646.114865
826.496139
879.584942
935.086873
965.250965
869.329151
824.686293
776.423745
637.065637
618.967181
654.560811
646.718147
676.278958
619.570463
515.805985
551.399614
619.570463
659.990347
702.220077
679.295367
684.121622
793.918919
888.030888
979.126448
1154.078185
1321.790541
1492.519305
1666.867761
1770.028958
1915.419884
2096.404440
2150.096525
2100.024131
1954.633205
1767.615830
1662.644788
1572.755792
1488.899614
1448.479730
1328.426641
1081.081081
770.390927
425.313707
139.358108
-113.416988
-478.402510
-961.027992
-1478.040541
-1914.816602
-2160.955598
-2286.438224
-2469.232625
-2705.115830
-2943.412162
-3149.734556
-3243.243243
-3288.489382
-3332.528958
-3294.522201
-3261.341699
-3257.722008
-3151.544402
-2939.189189
-2582.649614
-2126.568533
-1777.268340
-1513.634170
-1206.563707
-872.345560
-531.491313
-252.171815
-128.499035
3.619691
235.883205
460.304054
714.888996
965.250965
1123.310811
1312.741313
1444.860039
1463.561776
1525.699807
1536.558880
1436.414093
1344.111969
1211.389961
1084.700772
1116.071429
1123.914093
1072.635135
1052.726834
1008.083977
1038.851351
1205.357143
1291.626448
1304.898649
1357.384170
1341.095560
1348.334942
1450.289575
1560.690154
1777.268340
2056.587838
2207.408301
2357.625483
2565.757722
2714.768340
2858.952703
2874.034749
2617.639961
2332.890927
2078.305985
1784.507722
1621.018340
1522.683398
1265.082046
971.283784
599.058880
111.003861
-190.033784
-449.444981
-930.863900
-1468.991313
-2140.444015
-2824.565637
-3153.354247
-3419.401544
-3782.577220
-4046.211390
-4372.586873
-4634.411197
-4621.138996
-4628.378378
-4565.637066
-4315.878378
-4206.081081
-4116.795367
-3900.217181
-3713.199807
-3296.935328
-2706.925676
-2293.074324
-1891.288610
-1417.109073
-947.755792
-320.342664
281.732625
631.032819
950.772201
1230.694981
1411.679537
1654.198842
1842.422780
1949.203668
2111.486486
2176.037645
2170.608108
2256.877413
2331.684363
2344.956564
2293.074324
2101.833977
1861.124517
1694.618726
1513.030888
1294.642857
1112.451737
950.772201
881.998069
955.598456
1006.274131
1060.569498
1192.688224
1272.924710
1341.698842
1451.496139
1529.922780
1722.972973
2013.151544
2178.450772
2349.782819
2565.154440
2715.974903
2919.884170
3017.615830
2842.664093
2665.902510
2480.091699
2212.234556
2095.801158
1902.147683
1467.181467
1082.890927
612.331081
86.269305
-189.430502
-571.307915
-1126.327220
-1590.854247
-2252.654440
-2850.506757
-3146.114865
-3620.897683
-4102.919884
-4453.426641
-4952.944015
-5214.768340
-5241.312741
-5378.257722
-5239.502896
-5001.809846
-4928.209459
-4653.112934
-4351.472008
-4071.549228
-3484.555985
-2955.477799
-2568.170849
-2060.207529
-1631.274131
-1143.822394
-509.773166
-87.475869
247.948842
663.610039
956.201737
1333.856178
1716.336873
1863.537645
2053.571429
2193.532819
2158.542471
2204.995174
2207.408301
2135.014479
2143.460425
2024.613900
1844.835907
1788.730695
1678.933398
1574.565637
1510.014479
1306.105212
1162.524131
1166.747104
1170.970077
1262.065637
1379.705598
1385.135135
1485.883205
1639.720077
1760.376448
2023.407336
2343.750000
2587.475869
2894.546332
3179.898649
3388.634170
3672.779923
3810.931467
3643.822394
3401.906371
3071.307915
2678.571429
2503.619691
2273.769305
1850.265444
1508.204633
1059.362934
609.314672
404.802124
-24.734556
-632.842664
-1180.622587
-1998.672780
-2701.496139
-3159.990347
-3827.220077
-4368.967181
-4796.694015
-5383.083977
-5658.783784
-5760.738417
-5924.831081
-5757.118726
-5558.035714
-5491.071429
-5203.909266
-4934.845560
-4656.732625
-4136.100386
-3727.075290
-3360.883205
-2817.326255
-2346.766409
-1801.399614
-1107.022201
-586.389961
-71.187259
457.287645
804.777992
1205.357143
1569.136100
1745.897683
1955.236486
2090.974903
2116.312741
2197.152510
2226.713320
2241.795367
2305.743243
2282.215251
2219.473938
2188.103282
2110.883205
2039.092664
1980.574324
1883.445946
1822.514479
1771.235521
1716.336873
1729.609073
1779.681467
1867.760618
2022.200772
2192.929537
2393.822394
2685.207529
3003.137066
3314.430502
3626.327220
3862.210425
4058.277027
4215.733591
4183.759653
3970.801158
3685.448842
3300.555019
2924.710425
2597.128378
2090.371622
1556.467181
1088.923745
568.894788
190.637066
-160.472973
-742.639961
-1313.344595
-1948.600386
-2721.404440
-3326.496139
-4013.030888
-4808.156371
-5389.116795
-6026.785714
-6587.234556
-6774.251931
-6946.790541
-6947.997104
-6696.428571
-6540.781853
-6206.563707
-5698.600386
-5263.634170
-4668.798263
-4065.516409
-3652.268340
-3156.973938
-2615.226834
-2074.686293
-1371.259653
-725.748069
-203.305985
439.792471
1060.569498
1632.480695
2252.051158
2624.879344
2813.103282
2996.500965
3005.550193
3012.789575
3042.953668
2895.752896
2744.329151
2580.839768
2360.038610
2271.959459
2200.168919
2059.604247
1967.905405
1828.547297
1703.064672
1708.494208
1654.802124
1539.575290
1447.273166
1290.419884
1183.638996
1218.026062
1319.377413
1555.260618
1917.833012
2299.710425
2755.791506
3273.407336
3702.944015
4095.077220
4390.685328
4383.445946
4230.815637
3961.148649
3566.602317
3309.604247
2963.320463
2375.120656
1886.462355
1380.912162
913.368726
682.311776
276.906371
-244.932432
-725.144788
-1398.407336
-2011.944981
-2567.567568
-3366.916023
-4157.818533
-4926.399614
-5766.771236
-6349.541506
-6770.632239
-7111.486486
-7125.361969
-7060.207529
-6956.443050
-6573.962355
-6134.773166
-5596.042471
-4909.507722
-4406.370656
-3955.719112
-3436.896718
-2996.500965
-2431.225869
-1824.927606
-1411.679537
-912.162162
-368.001931
156.250000
899.493243
1543.194981
2057.794402
2565.757722
2822.152510
3033.904440
3239.020270
3220.318533
3152.147683
2937.982625
2563.344595
2321.428571
2075.892857
1916.023166
1891.288610
1748.914093
1662.644788
1645.752896
1669.884170
1850.868726
1932.915058
1890.685328
1868.363900
1750.120656
1709.700772
1790.540541
1832.770270
2004.102317
2262.306950
2532.577220
3001.327220
3537.644788
4013.634170
4506.515444
4768.943050
4766.529923
4722.490347
4481.780888
4165.057915
3881.515444
3288.489382
2570.583977
1967.302124
1283.180502
781.250000
394.546332
-266.650579
-851.230695
-1387.548263
-2021.597490
-2414.333977
-2943.412162
-3750.000000
-4425.072394
-5234.073359
-6012.910232
-6523.889961
-7139.237452
-7550.675676
-7680.381274
-7845.680502
-7684.604247
-7249.638031
-6759.169884
-6020.752896
-5320.342664
-4747.224903
-4011.824324
-3288.489382
-2632.118726
-1974.541506
-1558.277027
-1218.026062
-723.334942
-249.155405
285.955598
877.775097
1324.806950
1832.166988
2368.484556
2784.749035
3230.574324
3553.933398
3683.035714
3738.537645
3622.707529
3441.119691
3263.151544
2971.766409
2618.243243
2243.605212
1902.750965
1671.694015
1546.814672
1496.742278
1528.112934
1619.208494
1746.500965
1867.760618
1961.269305
2013.754826
2046.935328
2101.230695
2145.270270
2200.772201
2348.576255
2602.557915
2934.362934
3262.548263
3531.611969
3780.164093
3957.528958
4030.526062
4010.014479
3859.797297
3664.937259
3404.319498
2939.792471
2395.632239
1813.465251
1190.878378
635.255792
-21.114865
-804.174710
-1479.850386
-2108.470077
-2664.092664
-3138.875483
-3768.701737
-4391.891892
-4876.930502
-5380.670849
-5814.430502
-6231.901544
-6689.792471
-6941.361004
-7072.273166
-7136.824324
-6970.921815
-6700.651544
-6316.361004
-5784.869691
-5274.493243
-4632.601351
-3835.062741
-3100.265444
-2360.641892
-1727.799228
-1240.347490
-609.917954
-13.875483
484.435328
1006.877413
1328.426641
1626.447876
2017.977799
2256.877413
2565.757722
2873.431467
2970.559846
3105.694981
3153.354247
3098.455598
3184.724903
3117.760618
2877.654440
2663.489382
2323.238417
2072.876448
1981.780888
1797.779923
1674.107143
1641.529923
1578.788610
1646.356178
1751.930502
1791.143822
1946.790541
2083.132239
2176.037645
2410.714286
2655.043436
2990.468147
3456.201737
3739.140927
3984.073359
4210.304054
4271.838803
4350.265444
4278.474903
3982.866795
3705.357143
3356.056950
2870.415058
2388.392857
1806.829151
1184.242278
700.410232
111.003861
-615.347490
-1238.537645
-1887.065637
-2471.042471
-2957.287645
-3671.573359
-4434.121622
-5045.246139
-5689.551158
-6214.406371
-6647.562741
-7148.889961
-7421.573359
-7501.206564
-7509.652510
-7302.123552
-6991.433398
-6592.664093
-6023.769305
-5446.428571
-4844.956564
-4119.208494
-3358.470077
-2607.987452
-1909.387066
-1336.269305
-779.440154
-170.728764
414.454633
959.218147
1412.282819
1767.615830
2148.889961
2500.000000
2813.103282
3110.521236
3246.259653
3330.719112
3371.742278
3299.951737
3288.489382
3213.079151
2996.500965
2802.847490
2511.462355
2233.349421
2105.453668
1917.833012
1780.284749
1706.081081
1590.250965
1639.720077
1742.881274
1804.416023
1968.508687
2105.453668
2279.198842
2588.682432
2890.323359
3243.846525
3607.022201
3852.557915
4073.962355
4246.500965
4286.920849
4265.202703
4127.654440
3826.616795
3550.916988
3234.797297
2764.237452
2287.041506
1712.113900
1046.694015
527.268340
-103.764479
-853.040541
-1464.768340
-2139.237452
-2752.775097
-3245.053089
-3949.083012
-4630.188224
-5190.033784
-5837.958494
-6332.046332
-6764.599421
-7244.208494
-7448.117761
-7503.016409
-7500.603282
-7273.769305
-6964.888996
-6532.335907
-5906.732625
-5293.798263
-4650.699807
-3895.390927
-3138.875483
-2367.277992
-1627.051158
-1034.628378
-419.884170
202.702703
721.525097
1256.636100
1651.182432
1967.905405
2390.202703
2654.440154
2896.959459
3121.380309
3104.488417
3188.344595
3238.416988
3117.760618
3166.023166
3087.596525
2870.415058
2794.401544
2521.718147
2283.421815
2224.300193
1987.210425
1842.422780
1734.435328
1520.873552
1568.532819
1651.785714
1681.949807
1849.662162
1960.666023
2135.617761
2505.429537
2855.333012
3214.285714
3592.543436
3835.666023
4063.103282
4256.756757
4268.219112
4221.163127
4066.119691
3731.901544
3434.483591
3045.970077
2495.173745
2045.125483
1490.709459
878.378378
394.546332
-286.558880
-959.821429
-1476.230695
-2140.444015
-2674.348456
-3207.046332
-3953.909266
-4517.374517
-5069.980695
-5671.452703
-6056.346525
-6517.857143
-6958.252896
-7123.552124
-7273.166023
-7246.018340
-6979.971042
-6703.667954
-6251.206564
-5672.659266
-5098.334942
-4371.380309
-3597.369691
-2875.844595
-2123.552124
-1504.584942
-967.664093
-334.821429
211.751931
702.220077
1159.507722
1417.109073
1703.667954
2035.472973
2236.365830
2459.580116
2544.642857
2494.570463
2576.013514
2589.888996
2599.541506
2692.446911
2591.698842
2495.173745
2448.117761
2267.736486
2204.391892
2161.558880
2013.754826
1937.138031
1783.301158
1661.438224
1737.451737
1791.143822
1914.816602
2098.817568
2238.778958
2556.708494
2998.310811
3427.244208
3902.630309
4271.235521
4537.886100
4788.851351
4891.409266
4846.163127
4709.821429
4415.419884
4037.765444
3622.104247
3028.474903
2397.442085
1795.970077
1114.261583
481.418919
-158.059846
-921.814672
-1543.798263
-2090.371622
-2681.587838
-3172.055985
-3790.419884
-4484.797297
-4993.967181
-5564.068533
-6090.130309
-6487.089768
-6994.449807
-7319.618726
-7454.150579
-7591.698842
-7453.547297
-7188.103282
-6905.164093
-6371.259653
-5783.059846
-5118.243243
-4243.484556
-3434.483591
-2615.830116
-1753.740347
-1090.130309
-395.752896
310.690154
818.050193
1350.144788
1758.566602
1961.872587
2256.877413
2460.183398
2589.285714
2775.096525
2775.096525
2763.634170
2856.539575
2837.837838
2871.018340
2901.785714
2770.873552
2726.833977
2658.663127
2490.950772
2414.937259
2252.654440
2096.404440
2013.754826
1823.721042
1716.940154
1652.992278
1595.077220
1666.867761
1730.212355
1893.098456
2232.142857
2588.079151
3042.350386
3494.208494
3845.921815
4264.599421
4549.951737
4675.434363
4704.995174
4463.682432
4181.346525
3888.151544
3385.617761
2839.044402
2208.011583
1510.617761
929.054054
316.119691
-331.805019
-927.244208
-1540.781853
-2084.338803
-2583.252896
-3135.859073
-3662.524131
-4203.667954
-4708.011583
-5201.496139
-5736.003861
-6204.150579
-6630.067568
-6955.236486
-7147.080116
-7267.133205
-7233.349421
-7028.233591
-6721.163127
-6263.272201
-5702.220077
-5058.518340
-4280.284749
-3504.464286
-2734.676641
-1925.072394
-1204.150579
-487.451737
215.974903
761.944981
1268.701737
1648.769305
1852.075290
2078.305985
2201.375483
2260.497104
2332.287645
2295.487452
2278.595560
2329.874517
2358.832046
2443.894788
2507.239382
2481.298263
2512.668919
2531.973938
2510.255792
2533.180502
2479.488417
2384.169884
2299.710425
2145.873552
2048.745174
1990.830116
1905.164093
1900.941120
1944.377413
2080.719112
2393.219112
2781.129344
3220.318533
3668.556950
4086.027992
4495.053089
4809.362934
4986.124517
5000.000000
4834.097490
4563.223938
4160.231660
3627.533784
2974.782819
2232.142857
1510.014479
784.266409
50.675676
-633.445946
-1316.361004
-1905.164093
-2396.838803
-2950.651544
-3442.929537
-3933.397683
-4469.111969
-4878.740347
-5354.729730
-5859.676641
-6234.314672
-6667.471042
-6986.003861
-7144.666988
-7335.304054
-7320.222008
-7139.840734
-6924.469112
-6466.578185
-5915.781853
-5302.847490
-4480.574324
-3680.622587
-2852.316602
-1947.997104
-1159.507722
-346.283784
432.553089
1042.471042
1601.110039
2012.548263
2280.405405
2503.016409
2570.583977
2586.269305
2548.262548
2442.688224
2413.127413
2357.022201
2315.395753
2373.310811
2390.202703
2451.134170
2542.833012
2556.105212
2645.390927
2696.669884
2668.918919
2688.223938
2573.600386
2429.416023
2335.304054
2128.378378
2009.531853
1937.741313
1859.917954
2015.564672
2220.680502
2496.380309
2964.527027
3381.998069
3840.492278
4312.861969
4583.735521
4812.982625
4882.963320
4736.969112
4547.538610
4137.910232
3564.792471
2930.139961
2120.535714
1356.177606
588.199807
-261.221042
-1003.257722
-1770.028958
-2436.052124
-2897.562741
-3415.178571
-3856.177606
-4258.566602
-4746.018340
-5054.898649
-5387.306950
-5779.440154
-6053.330116
-6418.315637
-6682.553089
-6791.747104
-6940.757722
-6912.403475
-6779.681467
-6607.142857
-6195.101351
-5729.367761
-5162.282819
-4382.842664
-3618.484556
-2752.775097
-1829.753861
-1041.867761
-155.646718
659.387066
1313.344595
1967.302124
2354.609073
2610.400579
2870.415058
2864.382239
2823.359073
2761.221042
2506.636100
2398.648649
2277.388996
2105.453668
2150.699807
2107.866795
2081.925676
2240.588803
2255.670849
2364.261583
2545.246139
2533.783784
2637.548263
2654.440154
2531.370656
2516.288610
2331.081081
2124.155405
2039.092664
1878.619691
1914.213320
2088.561776
2238.778958
2611.607143
2982.022201
3354.247104
3839.285714
4116.795367
4339.406371
4502.292471
4409.387066
4319.498069
4092.060811
3585.907336
3066.481660
2373.914093
1538.368726
770.390927
-109.194015
-990.588803
-1727.195946
-2438.465251
-3030.888031
-3491.192085
-3984.676641
-4394.908301
-4683.277027
-5003.619691
-5265.444015
-5493.484556
-5789.092664
-5957.408301
-6062.379344
-6213.199807
-6253.619691
-6303.692085
-6296.452703
-6081.684363
-5840.371622
-5479.609073
-4933.638996
-4390.685328
-3671.573359
-2846.283784
-2110.883205
-1240.347490
-415.661197
273.889961
1051.520270
1625.844595
2057.794402
2542.833012
2726.230695
2811.293436
2874.034749
2638.151544
2487.331081
2361.848456
2069.256757
1963.079151
1844.232625
1683.759653
1805.019305
1862.934363
1926.278958
2169.401544
2259.290541
2436.052124
2684.604247
2709.942085
2814.309846
2826.978764
2657.456564
2635.135135
2511.462355
2396.235521
2472.852317
2464.406371
2609.194015
2887.306950
3076.134170
3452.582046
3811.534749
4009.411197
4251.327220
4299.589768
4248.310811
4240.468147
3973.817568
3582.287645
3097.249035
2390.202703
1680.743243
918.194981
25.941120
-813.827220
-1669.884170
-2473.455598
-3150.337838
-3804.898649
-4383.445946
-4822.031853
-5180.381274
-5474.179537
-5716.095560
-5932.070463
-6085.907336
-6148.045367
-6175.193050
-6205.357143
-6195.101351
-6171.573359
-6064.792471
-5840.371622
-5580.357143
-5234.073359
-4769.546332
-4245.897683
-3604.005792
-2903.595560
-2185.086873
-1380.912162
-574.927606
171.332046
898.286680
1498.552124
2000.482625
2472.249035
2765.444015
2922.297297
2979.609073
2877.051158
2761.824324
2615.226834
2393.219112
2197.755792
1993.846525
1816.481660
1779.078185
1773.045367
1809.242278
1928.692085
2033.059846
2209.218147
2413.730695
2533.783784
2656.250000
2709.338803
2672.538610
2688.223938
2628.499035
2586.872587
2639.358108
2646.597490
2767.253861
2951.254826
3101.472008
3409.749035
3686.655405
3836.872587
4028.716216
4069.136100
4043.798263
4051.640927
3805.501931
3408.542471
2942.205598
2284.628378
1640.323359
961.027992
101.351351
-716.698842
-1525.096525
-2319.618726
-2977.799228
-3629.946911
-4244.087838
-4701.375483
-5117.639961
-5475.989382
-5707.046332
-5914.575290
-6032.818533
-6051.520270
-6111.848456
-6119.691120
-6049.107143
-5966.457529
-5786.076255
-5564.671815
-5345.680502
-4969.232625
-4484.194015
-3967.181467
-3304.174710
-2667.712355
-2030.646718
-1241.554054
-531.491313
168.315637
880.188224
1368.243243
1859.917954
2320.222008
2522.321429
2740.709459
2803.450772
2677.968147
2650.820463
2488.537645
2288.248069
2213.441120
1984.797297
1830.960425
1823.721042
1721.163127
1765.805985
1852.075290
1848.455598
2034.266409
2180.260618
2259.893822
2443.291506
2464.406371
2487.934363
2588.079151
2542.229730
2582.046332
2678.571429
2699.686293
2871.018340
3039.333977
3180.501931
3480.333012
3702.340734
3841.095560
3993.122587
3991.916023
3961.148649
3932.794402
3702.340734
3325.289575
2871.018340
2273.166023
1672.297297
1044.280888
246.138996
-542.953668
-1313.344595
-2077.099421
-2725.627413
-3353.040541
-3987.693050
-4481.780888
-4898.045367
-5275.699807
-5531.491313
-5749.276062
-5915.178571
-5979.126448
-6056.346525
-6094.956564
-6009.893822
-5916.385135
-5758.325290
-5536.920849
-5330.598456
-4966.819498
-4484.194015
-3983.470077
-3389.237452
-2800.434363
-2207.408301
-1480.453668
-784.266409
-127.895753
533.904440
1031.611969
1476.230695
1910.593629
2174.831081
2387.789575
2514.478764
2453.547297
2383.566602
2300.313707
2145.270270
2075.289575
1944.980695
1765.202703
1739.864865
1707.890927
1725.386100
1856.298263
1902.147683
2018.581081
2214.044402
2311.172780
2480.091699
2603.161197
2623.672780
2740.106178
2778.112934
2789.575290
2909.628378
2969.353282
3100.265444
3296.935328
3393.460425
3605.212355
3848.334942
3959.338803
4101.713320
4114.382239
4021.476834
3997.345560
3803.692085
3448.359073
3043.556950
2475.265444
1863.537645
1267.495174
483.228764
-340.250965
-1104.609073
-1914.213320
-2638.754826
-3301.158301
-4006.394788
-4563.827220
-4981.901544
-5413.248069
-5691.361004
-5907.939189
-6135.979730
-6164.937259
-6184.845560
-6220.439189
-6073.841699
-5973.093629
-5819.256757
-5513.392857
-5305.260618
-4956.563707
-4471.525097
-4044.401544
-3447.152510
-2860.159266
-2334.700772
-1595.680502
-933.880309
-298.021236
418.677606
882.601351
1371.862934
1852.678571
2084.338803
2392.615830
2547.659266
2471.042471
2504.826255
2369.691120
2221.887066
2223.093629
2013.151544
1873.190154
1836.993243
1687.982625
1733.228764
1786.317568
1769.425676
1923.865830
2029.440154
2148.286680
2352.799228
2445.101351
2577.220077
2714.165058
2772.683398
2880.670849
2948.238417
3053.812741
3211.872587
3319.256757
3501.447876
3657.697876
3798.865830
3994.932432
4009.411197
4020.270270
4019.666988
3822.997104
3700.530888
3406.732625
2880.670849
2470.439189
1843.026062
1134.169884
561.052124
-337.837838
-1142.012548
-1792.953668
-2686.414093
-3284.869691
-3859.194015
-4588.561776
-4908.904440
-5331.805019
-5771.597490
-5823.479730
-6088.320463
-6201.134170
-6070.825290
-6223.455598
-6088.923745
-5853.040541
-5822.273166
-5430.139961
-5136.944981
-4926.399614
-4326.134170
-3897.804054
-3402.509653
-2676.761583
-2212.234556
-1554.054054
-789.695946
-275.699807
416.264479
983.952703
1337.475869
1840.612934
2122.345560
2281.008687
2501.809846
2446.911197
2393.822394
2393.822394
2223.093629
2151.906371
2065.033784
1885.255792
1841.819498
1758.566602
1674.107143
1716.940154
1702.461390
1754.343629
1896.114865
1986.607143
2141.047297
2294.280888
2407.697876
2588.079151
2712.958494
2825.168919
2960.907336
3062.861969
3207.649614
3365.709459
3507.480695
3666.143822
3799.469112
3918.918919
3990.709459
3985.883205
3972.007722
3850.748069
3690.878378
3454.995174
2981.418919
2531.370656
1987.210425
1280.767375
694.980695
-97.731660
-982.142857
-1637.910232
-2463.803089
-3164.213320
-3668.556950
-4414.816602
-4880.550193
-5212.355212
-5712.475869
-5816.240347
-5972.490347
-6225.265444
-6075.048263
-6138.996139
-6131.153475
-5802.968147
-5758.928571
-5480.815637
-5057.311776
-4902.871622
-4361.727799
-3830.236486
-3459.218147
-2732.263514
-2224.300193
-1730.815637
-930.863900
-414.454633
182.794402
856.660232
1192.688224
1690.999035
2085.545367
2202.582046
2465.612934
2478.885135
2354.609073
2386.583012
2187.500000
2037.282819
2005.308880
1774.251931
1706.684363
1684.362934
1551.640927
1627.051158
1659.628378
1665.057915
1862.331081
1958.856178
2067.446911
2280.405405
2357.625483
2493.363900
2662.282819
2710.545367
2857.142857
2994.087838
3082.770270
3294.522201
3462.837838
3599.782819
3795.849421
3906.250000
4003.378378
4051.640927
3981.056950
3905.646718
3730.694981
3478.523166
3132.842664
2612.210425
2083.735521
1480.453668
791.505792
121.862934
-707.046332
-1513.634170
-2208.614865
-2969.956564
-3570.222008
-4139.720077
-4784.025097
-5156.250000
-5504.946911
-5843.991313
-5915.178571
-6085.907336
-6170.366795
-6037.041506
-6049.710425
-5885.014479
-5597.249035
-5453.064672
-5086.872587
-4729.729730
-4439.551158
-3887.548263
-3408.542471
-2927.123552
-2267.736486
-1759.773166
-1192.084942
-505.550193
5.429537
587.596525
1132.963320
1460.545367
1870.777027
2155.526062
2283.421815
2455.357143
2429.416023
2322.031853
2273.166023
2090.974903
1941.361004
1834.580116
1627.051158
1540.781853
1499.758687
1423.141892
1499.758687
1529.922780
1556.467181
1742.277992
1868.363900
2017.977799
2230.333012
2320.825290
2493.967181
2677.364865
2767.857143
2973.576255
3120.777027
3241.433398
3457.408301
3570.222008
3721.645753
3911.076255
3973.817568
4056.467181
4035.352317
3909.266409
3822.393822
3587.113900
3298.141892
2930.743243
2366.674710
1867.157336
1268.701737
560.448842
-82.046332
-913.368726
-1700.048263
-2338.320463
-3099.058880
-3686.655405
-4241.071429
-4868.484556
-5185.810811
-5527.268340
-5835.545367
-5869.329151
-6054.536680
-6113.055019
-5972.490347
-5987.572394
-5757.722008
-5460.304054
-5308.880309
-4897.442085
-4550.555019
-4227.195946
-3614.261583
-3165.419884
-2686.414093
-2034.266409
-1605.333012
-1019.546332
-357.142857
78.426641
653.354247
1110.038610
1371.259653
1777.871622
2002.895753
2106.660232
2295.487452
2209.821429
2120.535714
2138.634170
1954.633205
1891.891892
1835.786680
1616.795367
1621.018340
1624.638031
1566.119691
1700.048263
1707.890927
1739.261583
1960.062741
2022.200772
2176.037645
2376.930502
2404.078185
2610.400579
2783.542471
2856.539575
3106.901544
3224.541506
3324.686293
3572.635135
3671.573359
3827.823359
4006.394788
4003.981660
4073.962355
4022.080116
3853.764479
3733.711390
3427.244208
3058.638996
2627.292471
2014.961390
1463.561776
828.909266
99.541506
-572.514479
-1416.505792
-2180.260618
-2820.945946
-3539.454633
-4069.739382
-4587.355212
-5136.944981
-5412.041506
-5685.931467
-5883.807915
-5879.584942
-6020.149614
-6041.867761
-5918.194981
-5864.502896
-5602.678571
-5323.962355
-5127.895753
-4750.241313
-4390.685328
-3978.040541
-3415.781853
-2936.172780
-2406.491313
-1833.373552
-1310.328185
-704.029923
-80.839768
480.212355
991.192085
1417.712355
1762.186293
2054.174710
2299.710425
2437.258687
2461.389961
2425.796332
2296.694015
2179.657336
2093.991313
1915.419884
1773.045367
1622.224903
1457.528958
1454.512548
1425.555019
1432.794402
1528.716216
1537.162162
1669.280888
1862.331081
1972.731660
2199.565637
2328.667954
2425.193050
2643.581081
2723.214286
2870.415058
3039.937259
3059.242278
3223.334942
3347.007722
3395.873552
3592.543436
3627.533784
3648.045367
3712.596525
3546.090734
3470.077220
3313.827220
2957.890927
2693.050193
2195.945946
1635.497104
1183.638996
482.625483
-155.646718
-822.876448
-1690.395753
-2289.454633
-2936.776062
-3617.277992
-4031.732625
-4635.617761
-5065.757722
-5226.833977
-5574.324324
-5666.023166
-5696.790541
-5883.807915
-5711.269305
-5571.911197
-5476.592664
-5091.698842
-4903.474903
-4646.476834
-4170.487452
-3883.928571
-3429.054054
-2913.851351
-2574.203668
-2035.472973
-1529.319498
-1104.005792
-503.740347
-13.875483
390.323359
847.611004
1165.540541
1461.148649
1767.615830
1926.278958
2020.994208
2075.289575
2028.233591
1993.846525
1980.574324
1890.082046
1788.127413
1705.477799
1591.457529
1557.070463
1584.218147
1555.863900
1610.159266
1669.884170
1715.130309
1906.370656
2060.207529
2194.739382
2413.730695
2523.527992
2685.207529
2899.975869
2988.658301
3158.783784
3297.538610
3361.486486
3532.215251
3622.104247
3678.812741
3790.419884
3770.511583
3744.570463
3670.366795
3462.234556
3278.233591
2940.395753
2528.957529
2101.230695
1503.981660
957.408301
347.490347
-374.034749
-993.605212
-1735.641892
-2414.333977
-2918.677606
-3575.048263
-4062.500000
-4470.318533
-4974.058880
-5156.853282
-5372.828185
-5632.842664
-5605.091699
-5733.590734
-5741.433398
-5496.500965
-5459.700772
-5206.925676
-4879.946911
-4727.919884
-4272.442085
-3889.961390
-3552.726834
-2941.602317
-2542.229730
-2066.843629
-1436.414093
-1039.454633
-453.064672
107.987452
460.304054
979.126448
1295.246139
1550.434363
1937.741313
2031.853282
2175.434363
2296.694015
2153.716216
2182.673745
2106.660232
1934.121622
1940.757722
1732.625483
1601.713320
1627.654440
1493.122587
1545.608108
1600.506757
1541.988417
1693.412162
1765.202703
1856.901544
2065.033784
2122.345560
2260.497104
2410.111004
2474.058880
2649.010618
2721.404440
2795.608108
2942.808880
2966.336873
3103.885135
3216.698842
3239.623552
3378.378378
3378.981660
3357.263514
3358.470077
3150.337838
2991.674710
2748.552124
2322.635135
1962.475869
1426.761583
828.305985
296.211390
-442.808880
-1082.287645
-1707.287645
-2449.324324
-2977.195946
-3558.759653
-4117.398649
-4438.947876
-4861.848456
-5104.367761
-5169.522201
-5374.638031
-5338.441120
-5275.699807
-5279.922780
-5001.206564
-4841.940154
-4675.434363
-4321.307915
-4145.752896
-3809.724903
-3389.840734
-3141.891892
-2686.414093
-2293.677606
-1955.236486
-1406.853282
-1019.546332
-582.166988
-45.246139
299.831081
762.548263
1155.284749
1395.390927
1769.425676
1944.377413
2055.381274
2215.250965
2131.394788
2119.932432
2092.181467
1898.527992
1844.232625
1669.280888
1471.404440
1459.942085
1324.203668
1274.131274
1323.600386
1263.875483
1379.102317
1500.965251
1577.582046
1810.448842
1927.485521
2068.653475
2302.726834
2384.773166
2545.246139
2692.446911
2720.801158
2874.638031
2914.454633
2917.471042
3042.350386
2991.674710
3011.583012
3059.845560
2919.884170
2893.943050
2790.781853
2555.501931
2437.258687
2130.188224
1767.012548
1468.991313
955.598456
493.484556
25.337838
-623.190154
-1138.996139
-1722.369691
-2377.533784
-2838.441120
-3392.253861
-3888.151544
-4195.825290
-4583.132239
-4806.346525
-4925.193050
-5102.557915
-5063.947876
-4990.347490
-4933.035714
-4707.408301
-4534.266409
-4306.225869
-3947.876448
-3684.242278
-3353.040541
-2977.195946
-2679.777992
-2293.677606
-1907.577220
-1579.391892
-1184.845560
-816.240347
-482.625483
-106.780888
244.329151
532.094595
851.833977
1142.615830
1323.600386
1545.608108
1712.717181
1764.599421
1898.527992
1938.344595
1890.082046
1947.997104
1858.711390
1771.838803
1824.927606
1690.395753
1663.851351
1717.543436
1593.267375
1687.379344
1768.219112
1742.881274
1947.393822
2008.928571
2064.430502
2296.090734
2324.444981
2440.878378
2626.085907
2595.921815
2756.394788
2859.555985
2820.342664
2989.261583
2977.799228
2934.966216
3013.392857
2849.300193
2772.683398
2695.463320
2379.946911
2224.300193
1937.138031
1500.965251
1231.298263
738.416988
229.850386
-166.505792
-810.207529
-1317.567568
-1786.920849
-2440.878378
-2826.978764
-3258.928571
-3737.331081
-3918.315637
-4245.897683
-4482.987452
-4471.525097
-4639.840734
-4610.279923
-4469.715251
-4514.961390
-4300.193050
-4092.060811
-3979.850386
-3621.500965
-3418.194981
-3219.111969
-2814.913127
-2616.433398
-2293.074324
-1873.793436
-1648.769305
-1245.777027
-876.568533
-600.868726
-127.895753
202.099421
518.219112
913.368726
1099.179537
1379.102317
1644.546332
1718.750000
1899.131274
1931.708494
1865.347490
1919.039575
1787.524131
1692.808880
1655.405405
1443.653475
1394.184363
1343.508687
1216.216216
1311.534749
1306.708494
1319.980695
1493.122587
1513.634170
1657.818533
1846.042471
1859.917954
2017.977799
2097.007722
2078.909266
2226.110039
2212.837838
2176.640927
2247.828185
2156.732625
2160.352317
2217.060811
2113.899614
2149.493243
2150.096525
2047.538610
2109.073359
2032.456564
1882.842664
1851.472008
1610.159266
1361.003861
1171.573359
721.525097
346.283784
-24.734556
-630.429537
-1044.280888
-1522.683398
-2127.775097
-2467.422780
-2913.248069
-3349.420849
-3502.654440
-3819.980695
-3982.263514
-3937.017375
-4106.539575
-4013.634170
-3824.806950
-3829.029923
-3559.966216
-3366.916023
-3298.745174
-2956.684363
-2816.119691
-2682.794402
-2357.022201
-2288.851351
-2102.437259
-1803.209459
-1712.717181
-1394.787645
-1105.815637
-947.755792
-535.111004
-253.378378
26.544402
477.195946
707.649614
1014.720077
1365.830116
1488.899614
1737.451737
1890.082046
1870.173745
1999.879344
1946.187259
1840.009653
1870.173745
1683.156371
1596.283784
1593.870656
1412.282819
1435.207529
1443.653475
1361.003861
1506.998069
1525.699807
1544.401544
1732.022201
1732.625483
1813.465251
1960.062741
1908.180502
1978.764479
2016.167954
1919.642857
1982.384170
1910.593629
1813.465251
1877.413127
1754.946911
1720.559846
1757.963320
1598.093629
1601.110039
1579.391892
1400.820463
1395.994208
1214.406371
969.473938
891.047297
556.225869
263.634170
52.485521
-427.123552
-742.036680
-1056.949807
-1567.929537
-1821.307915
-2177.244208
-2601.351351
-2735.279923
-3043.556950
-3269.787645
-3270.994208
-3472.490347
-3480.936293
-3381.394788
-3476.110039
-3312.620656
-3166.023166
-3160.593629
-2900.579151
-2781.129344
-2715.371622
-2422.779923
-2328.064672
-2182.070463
-1878.619691
-1781.491313
-1524.493243
-1199.324324
-1041.264479
-673.865830
-342.664093
-127.292471
299.831081
577.944015
809.000965
1187.258687
1345.921815
1534.749035
1777.871622
1792.953668
1906.973938
1986.607143
1887.668919
1941.964286
1885.859073
1745.897683
1783.301158
1678.330116
1587.234556
1634.290541
1511.824324
1495.535714
1558.880309
1448.479730
1484.676641
1499.155405
1381.515444
1430.984556
1414.092664
1304.898649
1344.111969
1276.544402
1189.671815
1248.793436
1175.796332
1137.186293
1202.944015
1125.723938
1124.517375
1203.547297
1123.914093
1148.648649
1196.911197
1069.015444
1078.064672
1038.851351
851.833977
808.397683
629.222973
348.093629
222.611004
-85.062741
-393.339768
-576.737452
-968.870656
-1258.445946
-1475.024131
-1846.042471
-2031.250000
-2225.506757
-2523.527992
-2595.921815
-2738.899614
-2886.100386
-2835.424710
-2928.330116
-2942.808880
-2836.631274
-2882.480695
-2793.798263
-2660.472973
-2650.820463
-2481.298263
-2350.989382
-2273.166023
-2024.613900
-1844.835907
-1675.313707
-1362.210425
-1158.301158
-921.814672
-545.970077
-306.467181
7.239382
376.447876
581.563707
906.732625
1242.157336
1377.292471
1658.421815
1833.976834
1847.249035
2040.902510
2070.463320
2010.738417
2115.709459
1978.764479
1862.934363
1903.957529
1690.999035
1608.349421
1587.837838
1330.236486
1291.023166
1233.711390
1015.926641
1048.503861
942.929537
786.679537
839.165058
726.351351
653.957529
718.508687
600.265444
593.629344
635.859073
559.845560
635.859073
688.344595
688.947876
796.935328
860.883205
914.575290
1043.074324
1096.766409
1140.805985
1196.307915
1185.448842
1157.697876
1131.756757
1037.041506
889.237452
738.416988
519.425676
276.906371
54.898649
-260.617761
-583.976834
-848.214286
-1205.357143
-1495.535714
-1725.386100
-2041.505792
-2233.349421
-2400.458494
-2622.466216
-2674.348456
-2759.411197
-2858.952703
-2796.211390
-2839.647683
-2831.201737
-2681.587838
-2673.745174
-2571.790541
-2404.681467
-2356.418919
-2156.129344
-1951.013514
-1815.878378
-1525.096525
-1279.560811
-1049.107143
-673.865830
-369.208494
-57.311776
351.110039
648.527992
962.837838
1315.154440
1538.972008
1762.789575
1986.607143
2066.240347
2148.286680
2205.598456
2127.171815
2083.735521
1999.276062
1796.573359
1671.694015
1516.650579
1289.816602
1166.143822
992.398649
798.141892
724.541506
580.357143
459.097490
434.362934
296.211390
233.470077
222.611004
128.499035
129.102317
141.167954
99.541506
165.299228
198.479730
226.833977
370.415058
451.858108
557.432432
728.764479
852.437259
1017.736486
1203.547297
1324.203668
1475.627413
1602.919884
1654.802124
1708.494208
1709.700772
1625.844595
1513.634170
1345.921815
1095.559846
840.371622
529.078185
153.836873
-174.951737
-546.573359
-938.706564
-1234.314672
-1570.945946
-1870.777027
-2070.463320
-2310.569498
-2458.373552
-2530.164093
-2655.043436
-2664.092664
-2653.233591
-2699.686293
-2629.102317
-2585.062741
-2572.997104
-2446.307915
-2387.186293
-2306.346525
-2141.650579
-2034.869691
-1838.803089
-1587.837838
-1376.689189
-1061.172780
-743.846525
-440.395753
-50.072394
293.194981
648.527992
1012.910232
1279.560811
1564.913127
1779.078185
1905.767375
2028.836873
2032.456564
1993.243243
1934.121622
1760.376448
1605.936293
1424.951737
1181.225869
1004.464286
778.836873
560.448842
422.297297
235.279923
118.243243
44.642857
-76.616795
-95.318533
-123.672780
-173.745174
-133.928571
-153.836873
-150.820463
-81.443050
-71.790541
9.652510
98.938224
147.200772
293.798263
417.471042
559.845560
770.994208
924.227799
1125.723938
1351.351351
1496.138996
1707.890927
1885.859073
1967.905405
2099.420849
2122.345560
2094.594595
2078.909266
1925.675676
1753.740347
1535.352317
1208.373552
918.798263
580.357143
170.125483
-177.364865
-585.786680
-976.110039
-1275.941120
-1634.893822
-1923.262548
-2141.047297
-2392.012548
-2531.370656
-2630.912162
-2746.138996
-2728.040541
-2726.833977
-2722.007722
-2603.764479
-2542.229730
-2449.927606
-2284.025097
-2191.119691
-2033.059846
-1847.249035
-1730.815637
-1510.617761
-1292.833012
-1125.120656
-846.404440
-612.934363
-375.844595
-42.229730
202.702703
465.733591
771.597490
971.283784
1202.944015
1403.233591
1484.676641
1587.234556
1607.142857
1550.434363
1506.394788
1364.623552
1198.721042
1041.867761
826.496139
643.098456
462.113900
269.666988
135.738417
1.206564
-99.541506
-144.184363
-196.066602
-199.686293
-179.174710
-156.853282
-82.046332
-18.701737
41.023166
138.754826
213.561776
291.988417
398.166023
475.386100
576.134170
695.583977
790.299228
918.194981
1061.776062
1176.399614
1332.046332
1472.611004
1597.490347
1749.517375
1863.537645
1951.616795
2027.027027
2048.141892
2036.679537
1982.987452
1861.124517
1703.064672
1487.089768
1204.150579
903.716216
567.688224
207.528958
-146.597490
-532.697876
-877.775097
-1186.052124
-1487.693050
-1718.750000
-1923.865830
-2106.660232
-2211.027992
-2288.248069
-2331.684363
-2320.825290
-2315.395753
-2281.611969
-2230.936293
-2195.945946
-2127.775097
-2073.479730
-2032.456564
-1968.508687
-1911.196911
-1846.645753
-1747.104247
-1635.497104
-1505.791506
-1353.161197
-1170.366795
-958.011583
-716.095560
-448.841699
-204.512548
68.170849
340.250965
560.448842
810.207529
995.415058
1096.766409
1215.009653
1248.793436
1221.042471
1222.852317
1114.864865
994.208494
917.591699
749.276062
656.973938
593.629344
457.890927
432.553089
401.785714
341.457529
401.182432
393.943050
395.752896
468.146718
433.759653
454.874517
487.451737
424.710425
425.916988
392.133205
309.483591
325.772201
296.814672
276.303089
351.713320
363.175676
452.461390
596.645753
705.236486
895.873552
1084.700772
1243.967181
1453.909266
1631.877413
1782.697876
1937.138031
2003.499035
2042.712355
2052.968147
1982.987452
1878.619691
1729.609073
1508.204633
1262.065637
1000.241313
699.203668
404.198842
112.210425
-210.545367
-494.691120
-744.449807
-1001.447876
-1201.737452
-1386.341699
-1585.424710
-1713.923745
-1855.694981
-1995.656371
-2069.860039
-2194.739382
-2305.743243
-2382.963320
-2506.636100
-2581.443050
-2628.499035
-2729.850386
-2746.742278
-2746.138996
-2749.155405
-2635.135135
-2519.908301
-2369.087838
-2113.899614
-1879.826255
-1573.962355
-1201.134170
-871.742278
-477.195946
-98.938224
226.230695
588.199807
878.981660
1107.022201
1339.888996
1447.273166
1533.542471
1612.572394
1563.706564
1538.972008
1484.676641
1360.400579
1306.105212
1215.612934
1111.245174
1089.527027
1002.051158
954.391892
964.647683
901.303089
892.253861
877.775097
791.505792
760.135135
680.501931
554.416023
488.055019
356.539575
231.660232
138.754826
13.875483
-52.485521
-74.806950
-104.367761
-61.534749
33.783784
144.184363
325.168919
518.219112
742.639961
997.224903
1233.108108
1472.611004
1704.271236
1884.049228
2036.076255
2135.014479
2168.194981
2151.906371
2079.512548
1944.980695
1747.707529
1521.476834
1237.331081
928.450772
620.173745
284.749035
-31.973938
-342.060811
-666.626448
-926.640927
-1186.052124
-1429.174710
-1611.969112
-1821.911197
-2006.515444
-2139.840734
-2312.982625
-2437.861969
-2551.882239
-2708.735521
-2798.624517
-2892.736486
-3001.930502
-3017.012548
-3047.779923
-3044.160232
-2942.205598
-2863.175676
-2696.669884
-2464.406371
-2248.431467
-1917.833012
-1577.582046
-1227.075290
-792.109073
-413.248069
-16.891892
408.421815
751.085907
1096.163127
1394.787645
1605.333012
1811.655405
1935.931467
1992.639961
2041.505792
2008.325290
1952.220077
1885.255792
1762.186293
1671.090734
1560.690154
1432.191120
1344.715251
1232.504826
1137.789575
1060.569498
966.457529
878.378378
770.390927
660.593629
548.383205
393.943050
240.709459
78.426641
-102.557915
-254.584942
-409.628378
-544.160232
-619.570463
-684.724903
-693.774131
-636.462355
-549.589768
-397.562741
-213.561776
4.222973
261.221042
520.632239
796.332046
1066.602317
1302.485521
1521.476834
1701.254826
1840.612934
1941.964286
1981.177606
1976.954633
1923.262548
1820.101351
1675.916988
1500.965251
1294.642857
1068.412162
815.637066
567.084942
299.831081
33.783784
-209.942085
-479.609073
-714.285714
-946.549228
-1195.704633
-1395.390927
-1605.333012
-1820.101351
-1989.020270
-2193.532819
-2358.228764
-2509.049228
-2687.017375
-2796.211390
-2907.215251
-3023.648649
-3041.143822
-3065.878378
-3061.655405
-2940.999035
-2851.110039
-2677.364865
-2410.111004
-2185.086873
-1843.026062
-1465.371622
-1122.104247
-677.485521
-270.270270
110.400579
548.383205
907.335907
1227.678571
1555.260618
1777.268340
1977.557915
2156.129344
2229.729730
2304.536680
2322.031853
2285.231660
2265.926641
2195.342664
2096.404440
2022.200772
1908.180502
1798.986486
1705.477799
1576.375483
1443.653475
1298.865830
1124.517375
941.722973
744.449807
512.186293
257.601351
-2.413127
-287.162162
-571.911197
-825.892857
-1075.651544
-1292.229730
-1452.099421
-1577.582046
-1627.654440
-1613.175676
-1549.227799
-1394.787645
-1205.357143
-982.746139
-676.278958
-374.034749
-51.882239
298.021236
607.504826
913.368726
1209.580116
1427.968147
1656.008687
1840.612934
1932.311776
2046.935328
2097.007722
2085.545367
2098.214286
2028.233591
1921.452703
1842.422780
1663.851351
1491.312741
1329.633205
1068.412162
839.165058
588.803089
263.030888
-1.809846
-311.896718
-675.072394
-971.283784
-1330.236486
-1680.139961
-1956.443050
-2301.520270
-2577.220077
-2793.798263
-3052.002896
-3191.964286
-3284.266409
-3394.063707
-3369.932432
-3324.686293
-3250.482625
-3032.697876
-2836.631274
-2577.823359
-2209.821429
-1893.098456
-1492.519305
-1040.661197
-649.734556
-185.207529
261.221042
645.511583
1082.287645
1452.702703
1750.120656
2077.702703
2294.884170
2461.389961
2624.276062
2670.125483
2698.479730
2686.414093
2585.666023
2486.124517
2346.766409
2146.476834
1971.525097
1742.277992
1470.801158
1242.157336
959.821429
663.006757
395.752896
76.013514
-241.312741
-530.888031
-862.089768
-1160.714286
-1429.174710
-1714.527027
-1924.469112
-2097.611004
-2247.224903
-2293.677606
-2296.090734
-2249.638031
-2088.561776
-1908.180502
-1664.454633
-1319.377413
-984.555985
-602.678571
-172.538610
220.801158
638.875483
1047.900579
1412.282819
1777.268340
2073.479730
2322.635135
2556.105212
2719.594595
2845.077220
2916.867761
2925.313707
2917.471042
2843.870656
2741.312741
2609.194015
2400.458494
2197.152510
1944.377413
1633.687259
1353.161197
992.398649
605.694981
254.584942
-179.174710
-570.101351
-953.185328
-1403.233591
-1753.740347
-2108.470077
-2484.917954
-2720.197876
-2982.022201
-3210.666023
-3294.522201
-3428.450772
-3455.598456
-3376.568533
-3351.833977
-3180.501931
-2968.146718
-2801.640927
-2488.537645
-2182.673745
-1891.891892
-1489.502896
-1170.366795
-812.620656
-393.943050
-76.616795
302.847490
667.229730
935.690154
1251.206564
1519.063707
1713.923745
1930.501931
2054.174710
2125.361969
2201.978764
2177.244208
2135.617761
2055.984556
1903.354247
1744.691120
1558.277027
1338.682432
1103.402510
856.056950
600.868726
340.250965
82.649614
-162.282819
-419.884170
-632.842664
-848.214286
-1058.156371
-1215.612934
-1391.771236
-1528.112934
-1607.142857
-1708.494208
-1746.500965
-1732.022201
-1724.782819
-1610.159266
-1481.056950
-1339.285714
-1087.113900
-850.627413
-573.117761
-215.974903
82.046332
423.503861
804.777992
1104.609073
1450.289575
1772.442085
1998.672780
2259.290541
2457.770270
2583.856178
2728.040541
2785.352317
2796.814672
2828.185328
2764.840734
2692.446911
2626.689189
2458.373552
2305.743243
2136.221042
1885.859073
1655.405405
1388.151544
1064.189189
764.961390
405.405405
26.544402
-331.201737
-728.764479
-1111.848456
-1473.214286
-1849.662162
-2177.847490
-2470.439189
-2761.221042
-2960.907336
-3134.652510
-3266.167954
-3319.860039
-3334.338803
-3295.125483
-3188.947876
-3061.052124
-2884.290541
-2659.266409
-2427.606178
-2138.030888
-1844.835907
-1551.037645
-1225.868726
-907.335907
-596.042471
-264.237452
33.180502
332.408301
628.016409
889.237452
1154.681467
1375.482625
1566.119691
1744.691120
1862.934363
1955.839768
2013.151544
2011.944981
1986.607143
1903.957529
1775.458494
1616.795367
1418.918919
1192.688224
953.185328
681.105212
410.231660
136.944981
-138.754826
-387.306950
-634.652510
-855.453668
-1052.726834
-1227.075290
-1362.210425
-1457.528958
-1537.162162
-1573.962355
-1572.152510
-1546.211390
-1459.942085
-1358.590734
-1222.249035
-1037.041506
-833.132239
-599.058880
-337.837838
-59.121622
229.850386
520.632239
822.876448
1116.071429
1391.167954
1664.454633
1903.354247
2115.106178
2319.015444
2471.042471
2580.839768
2674.951737
2708.735521
2716.578185
2693.653475
2611.003861
2516.891892
2389.599421
2204.391892
2017.977799
1800.796332
1545.004826
1296.452703
1000.844595
688.947876
386.703668
44.642857
-286.558880
-610.521236
-957.408301
-1267.495174
-1573.359073
-1872.586873
-2103.040541
-2328.667954
-2532.577220
-2655.646718
-2770.873552
-2834.218147
-2829.995174
-2829.995174
-2749.155405
-2638.151544
-2527.147683
-2343.750000
-2163.972008
-1977.557915
-1725.989382
-1507.601351
-1272.924710
-1006.877413
-786.076255
-543.556950
-292.591699
-79.633205
155.646718
374.638031
550.796332
754.705598
922.417954
1053.933398
1187.258687
1268.098456
1332.046332
1376.689189
1365.226834
1333.856178
1272.321429
1169.160232
1046.694015
903.716216
739.623552
565.878378
384.290541
205.719112
38.610039
-131.515444
-287.765444
-415.057915
-515.202703
-608.711390
-683.518340
-721.525097
-756.515444
-764.961390
-756.515444
-749.276062
-702.220077
-658.180502
-612.331081
-525.458494
-450.048263
-360.762548
-222.611004
-116.433398
11.462355
171.935328
314.913127
491.071429
668.436293
825.289575
1000.241313
1160.111004
1300.072394
1450.289575
1555.863900
1647.562741
1721.766409
1752.533784
1773.045367
1771.838803
1729.609073
1681.949807
1617.398649
1518.460425
1428.571429
1321.187259
1190.878378
1079.271236
957.408301
831.322394
713.079151
582.770270
456.081081
334.821429
186.414093
45.246139
-99.541506
-268.460425
-419.884170
-583.976834
-767.977799
-924.831081
-1096.766409
-1262.668919
-1386.944981
-1528.112934
-1636.100386
-1714.527027
-1798.986486
-1837.596525
-1853.281853
-1865.950772
-1837.596525
-1804.416023
-1754.343629
-1671.090734
-1601.713320
-1503.981660
-1398.407336
-1303.088803
-1181.225869
-1066.602317
-959.821429
-819.860039
-695.583977
-580.357143
-436.172780
-315.516409
-182.794402
-49.469112
60.931467
190.033784
301.640927
407.215251
513.392857
582.770270
647.321429
700.410232
717.905405
734.194015
729.367761
697.997104
667.229730
618.363900
550.193050
489.261583
420.487452
342.060811
264.840734
195.463320
131.515444
72.997104
29.560811
-16.891892
-59.121622
-81.443050
-109.797297
-129.705598
-127.292471
-140.564672
-123.672780
-103.161197
-104.367761
-70.583977
-31.370656
-6.636100
58.518340
111.607143
162.282819
238.899614
301.640927
379.464286
466.940154
540.540541
635.255792
727.557915
816.240347
920.004826
993.605212
1079.874517
1173.986486
1243.363900
1319.377413
1373.672780
1404.440154
1434.000965
1441.240347
1425.555019
1405.646718
1356.177606
1291.023166
1224.662162
1144.425676
1060.569498
954.391892
854.247104
753.499035
628.619691
511.583012
381.877413
237.693050
104.971042
-62.138031
-228.643822
-398.166023
-609.917954
-797.538610
-1011.100386
-1248.793436
-1441.843629
-1662.644788
-1870.173745
-2020.994208
-2201.978764
-2334.097490
-2410.111004
-2491.554054
-2498.793436
-2472.249035
-2451.737452
-2332.890927
-2217.664093
-2093.388031
-1883.445946
-1713.923745
-1522.683398
-1286.800193
-1098.576255
-874.758687
-642.495174
-464.527027
-246.742278
-48.865830
121.259653
320.342664
480.212355
629.826255
796.332046
918.194981
1045.487452
1161.317568
1226.472008
1302.485521
1347.731660
1350.748069
1351.954633
1307.915058
1233.711390
1154.078185
1020.149614
886.824324
744.449807
570.704633
416.264479
249.155405
77.823359
-64.551158
-198.479730
-311.293436
-404.802124
-481.418919
-519.425676
-535.714286
-531.491313
-492.277992
-453.667954
-394.546332
-312.500000
-235.279923
-144.184363
-44.642857
54.898649
165.299228
263.030888
361.969112
468.146718
562.861969
667.229730
770.994208
862.693050
974.903475
1081.684363
1167.953668
1274.131274
1350.144788
1420.125483
1488.296332
1514.840734
1537.162162
1540.178571
1491.916023
1441.843629
1373.069498
1262.065637
1154.078185
1009.290541
847.007722
699.203668
527.871622
352.316602
215.974903
50.675676
-97.731660
-224.420849
-366.192085
-468.146718
-586.389961
-704.029923
-785.472973
-901.303089
-1014.116795
-1098.576255
-1217.422780
-1319.980695
-1415.902510
-1538.368726
-1621.621622
-1702.461390
-1795.366795
-1831.563707
-1857.504826
-1875.603282
-1832.770270
-1800.796332
-1738.658301
-1621.018340
-1525.096525
-1392.374517
-1237.331081
-1099.179537
-933.880309
-775.820463
-625.603282
-462.717181
-325.772201
-195.463320
-57.311776
48.865830
157.456564
258.807915
339.044402
425.313707
502.533784
565.878378
629.826255
677.485521
713.079151
754.705598
783.663127
791.505792
793.918919
789.092664
769.787645
740.830116
694.980695
643.701737
569.498069
498.914093
415.057915
336.631274
256.394788
169.522201
100.748069
35.593629
-25.337838
-65.154440
-90.492278
-98.334942
-86.872587
-74.806950
-44.642857
2.413127
49.469112
114.020270
177.968147
222.611004
287.765444
333.011583
368.001931
410.231660
433.156371
454.874517
475.386100
482.022201
496.500965
506.756757
519.425676
539.937259
554.416023
576.737452
611.124517
640.685328
678.692085
712.475869
737.813707
763.151544
769.787645
763.754826
751.085907
717.302124
672.659266
615.347490
548.383205
478.402510
386.100386
303.450772
218.388031
137.548263
66.964286
-5.429537
-68.774131
-108.590734
-141.771236
-174.951737
-190.637066
-212.958494
-229.850386
-252.775097
-295.004826
-339.647683
-395.149614
-468.750000
-553.812741
-662.403475
-758.325290
-866.312741
-991.795367
-1101.592664
-1203.547297
-1301.278958
-1376.085907
-1430.381274
-1480.453668
-1486.486486
-1481.056950
-1464.768340
-1407.456564
-1342.905405
-1271.718147
-1172.779923
-1088.923745
-985.159266
-876.568533
-784.869691
-675.072394
-571.911197
-477.195946
-374.638031
-279.319498
-174.951737
-52.485521
50.072394
161.679537
292.591699
412.041506
536.920849
677.485521
784.266409
900.096525
1009.893822
1088.320463
1168.556950
1215.009653
1228.281853
1246.983591
1219.232625
1165.540541
1109.435328
1012.910232
918.194981
812.620656
671.452703
556.829151
443.412162
313.103282
212.958494
108.590734
8.445946
-49.469112
-115.830116
-167.712355
-199.083012
-233.470077
-245.535714
-255.188224
-269.666988
-252.171815
-247.345560
-252.775097
-229.850386
-220.197876
-209.338803
-176.761583
-149.613900
-113.416988
-65.154440
-13.272201
57.915058
129.705598
205.115830
298.624517
386.100386
478.402510
576.737452
666.626448
746.862934
818.653475
867.519305
906.129344
921.211390
918.798263
890.444015
843.388031
783.059846
700.410232
608.108108
499.517375
393.339768
277.509653
159.869691
51.882239
-51.882239
-157.456564
-251.568533
-335.424710
-410.834942
-472.369691
-535.714286
-591.216216
-627.413127
-679.295367
-717.302124
-748.069498
-792.109073
-819.256757
-850.627413
-886.824324
-915.781853
-938.103282
-959.218147
-956.805019
-954.995174
-951.375483
-919.401544
-888.030888
-833.132239
-771.597490
-705.839768
-618.363900
-533.904440
-451.858108
-360.762548
-284.145753
-212.958494
-132.118726
-82.649614
-25.941120
21.718147
41.023166
71.790541
89.888996
94.715251
120.053089
129.705598
130.308880
158.663127
173.745174
199.686293
233.470077
258.204633
293.194981
331.805019
355.936293
382.480695
407.215251
416.867761
432.553089
424.107143
413.851351
393.943050
360.159266
329.995174
283.542471
240.709459
209.338803
177.364865
143.581081
126.689189
113.416988
103.161197
106.177606
103.764479
114.020270
134.531853
157.456564
173.745174
191.240347
198.479730
208.132239
209.942085
210.545367
206.322394
197.876448
187.620656
173.141892
164.695946
157.456564
144.184363
139.358108
139.358108
142.374517
152.630309
150.820463
159.266409
177.364865
196.066602
207.528958
222.611004
230.453668
244.932432
235.279923
236.486486
240.106178
215.974903
199.686293
182.191120
156.853282
134.531853
104.971042
68.774131
48.262548
16.288610
-6.032819
-19.908301
-30.767375
-36.196911
-34.387066
-36.196911
-27.750965
-11.462355
-12.668919
13.875483
24.131274
25.337838
35.593629
34.990347
31.973938
20.511583
-3.016409
-24.734556
-50.072394
-90.492278
-132.118726
-183.397683
-229.247104
-285.352317
-349.903475
-414.454633
-471.163127
-529.681467
-586.993243
-632.842664
-679.898649
-720.921815
-751.689189
-785.472973
-808.397683
-822.876448
-828.305985
-826.496139
-828.305985
-824.686293
-809.604247
-790.299228
-747.466216
-712.475869
-663.610039
-595.439189
-534.507722
-458.494208
-360.159266
-266.047297
-164.092664
-45.849421
67.567568
196.066602
316.119691
431.949807
556.225869
658.180502
754.102317
839.768340
900.699807
948.962355
982.142857
991.192085
991.192085
974.903475
940.516409
901.906371
843.991313
780.043436
715.492278
635.859073
563.465251
485.038610
398.769305
329.995174
252.171815
174.348456
103.764479
21.718147
-52.485521
-115.830116
-194.860039
-253.981660
-314.309846
-387.910232
-428.330116
-474.179537
-509.773166
-514.599421
-526.665058
-510.979730
-467.543436
-429.536680
-363.778958
-275.699807
-196.669884
-90.492278
17.495174
115.830116
230.453668
328.185328
428.330116
529.681467
606.901544
681.105212
736.607143
772.804054
805.381274
816.843629
815.637066
813.223938
791.505792
760.135135
716.095560
661.196911
612.934363
551.399614
487.451737
418.677606
342.664093
261.824324
174.348456
80.839768
-16.891892
-112.210425
-209.338803
-314.309846
-414.454633
-524.251931
-632.842664
-737.813707
-830.115830
-916.988417
-1004.464286
-1069.618726
-1120.294402
-1164.937259
-1184.845560
-1189.671815
-1179.416023
-1155.284749
-1114.261583
-1067.205598
-1004.464286
-926.640927
-853.643822
-772.200772
-685.328185
-602.075290
-519.425676
-433.759653
-346.887066
-266.047297
-189.430502
-107.384170
-34.387066
42.833012
112.210425
182.794402
254.584942
316.119691
371.621622
431.949807
480.212355
518.822394
559.845560
587.596525
606.901544
617.760618
615.347490
602.678571
590.009653
551.399614
513.996139
472.972973
413.248069
361.969112
304.657336
238.296332
180.984556
123.069498
59.724903
16.288610
-30.164093
-69.980695
-87.475869
-114.623552
-129.102317
-127.292471
-129.102317
-108.590734
-83.856178
-56.708494
-13.272201
21.114865
58.518340
112.210425
154.440154
194.860039
239.502896
281.732625
317.326255
346.887066
371.621622
394.546332
417.471042
433.156371
450.651544
454.271236
454.874517
465.733591
477.195946
475.989382
466.336873
463.320463
440.395753
418.074324
389.116795
348.696911
305.863900
253.981660
196.669884
141.167954
72.393822
-1.206564
-64.551158
-129.102317
-179.777992
-228.643822
-273.286680
-299.831081
-321.549228
-337.234556
-337.234556
-340.854247
-340.854247
-323.962355
-314.913127
-306.467181
-284.145753
-274.493243
-261.221042
-256.998069
-253.378378
-243.725869
-244.932432
-244.932432
-244.329151
-246.742278
-256.998069
-255.791506
-256.998069
-255.188224
-261.824324
-277.509653
-287.765444
-295.004826
-307.673745
-325.772201
-339.647683
-359.555985
-378.257722
-399.372587
-424.710425
-442.205598
-453.064672
-463.923745
-466.940154
-465.733591
-466.940154
-456.081081
-434.362934
-412.644788
-371.621622
-333.011583
-279.319498
-212.355212
-150.217181
-75.410232
-3.619691
65.757722
147.200772
225.024131
295.608108
369.811776
434.966216
489.864865
542.350386
590.009653
626.206564
655.767375
675.072394
679.898649
677.485521
669.039575
647.321429
618.967181
585.183398
543.556950
492.277992
440.395753
378.861004
316.119691
263.030888
190.033784
121.259653
57.915058
-5.429537
-59.724903
-117.639961
-168.315637
-201.496139
-249.758687
-283.542471
-296.814672
-313.706564
-314.913127
-309.483591
-293.798263
-273.286680
-244.329151
-204.512548
-150.217181
-100.748069
-44.039575
21.718147
74.203668
138.754826
197.876448
250.965251
304.657336
349.903475
387.910232
418.677606
450.651544
463.923745
471.766409
479.005792
471.766409
457.890927
437.379344
407.818533
376.447876
342.060811
296.211390
243.122587
187.017375
129.102317
62.741313
0.000000
-65.757722
-138.151544
-211.751931
-282.335907
-356.539575
-421.090734
-486.245174
-545.970077
-601.472008
-655.767375
-691.964286
-723.938224
-739.020270
-745.656371
-746.259653
-737.210425
-715.492278
-692.567568
-654.560811
-611.124517
-564.068533
-510.376448
-456.684363
-390.323359
-331.201737
-275.699807
-210.545367
-145.994208
-82.046332
-16.288610
40.419884
98.334942
156.853282
212.355212
264.237452
306.467181
351.110039
392.133205
427.123552
453.667954
474.179537
489.261583
498.914093
502.533784
492.277992
475.989382
458.494208
427.123552
395.149614
363.175676
330.598456
288.972008
237.693050
199.686293
162.282819
117.036680
71.790541
27.750965
-8.445946
-48.262548
-85.666023
-107.384170
-136.341699
-167.712355
-184.000965
-200.892857
-212.958494
-222.007722
-220.197876
-211.751931
-203.305985
-193.050193
-173.141892
-138.754826
-114.020270
-88.682432
-44.642857
-11.462355
28.354247
65.154440
97.731660
140.564672
172.538610
205.115830
229.247104
247.345560
267.857143
281.129344
279.319498
279.922780
279.922780
267.253861
252.171815
230.453668
202.702703
179.174710
147.804054
105.574324
77.220077
41.626448
-3.619691
-45.849421
-80.839768
-114.623552
-157.456564
-188.827220
-214.165058
-237.693050
-261.221042
-277.509653
-299.831081
-314.309846
-324.565637
-326.375483
-326.375483
-320.342664
-311.293436
-303.450772
-287.765444
-273.889961
-249.758687
-217.784749
-185.207529
-153.836873
-120.656371
-89.888996
-48.262548
-12.668919
18.701737
50.675676
83.252896
114.623552
138.151544
155.646718
177.968147
198.479730
198.479730
206.322394
215.974903
218.388031
208.735521
201.496139
187.620656
173.141892
153.836873
133.325290
116.433398
92.302124
68.170849
53.692085
32.577220
13.875483
-1.809846
-12.065637
-19.908301
-24.131274
-28.354247
-38.006757
-28.354247
-24.131274
-19.908301
-10.255792
6.032819
11.462355
15.082046
23.527992
24.734556
34.990347
34.990347
34.387066
35.593629
34.387066
24.734556
21.114865
6.636100
-9.652510
-18.098456
-41.023166
-57.915058
-75.410232
-100.748069
-118.846525
-138.754826
-162.282819
-173.141892
-193.050193
-198.479730
-202.099421
-211.148649
-208.735521
-210.545367
-208.735521
-196.066602
-178.571429
-162.886100
-141.771236
-117.639961
-83.252896
-54.295367
-32.577220
9.049228
45.246139
76.013514
108.590734
140.564672
172.538610
205.115830
236.486486
256.998069
276.906371
290.781853
309.483591
314.309846
304.054054
301.037645
287.162162
269.063707
255.791506
217.784749
186.414093
154.440154
114.623552
87.475869
46.452703
8.445946
-22.924710
-55.501931
-82.046332
-97.731660
-121.259653
-127.895753
-133.325290
-144.787645
-140.564672
-139.358108
-140.564672
-135.738417
-123.672780
-114.020270
-101.954633
-92.905405
-77.823359
-55.501931
-41.023166
-20.511583
-2.413127
19.908301
45.246139
68.170849
86.872587
106.780888
125.482625
142.374517
149.613900
158.663127
164.695946
158.059846
146.597490
136.341699
120.656371
87.475869
64.551158
36.800193
-1.206564
-27.750965
-65.154440
-106.177606
-136.341699
-170.125483
-191.240347
-220.801158
-247.948842
-267.253861
-284.749035
-299.831081
-314.913127
-323.962355
-328.788610
-336.027992
-339.647683
-334.821429
-327.582046
-317.326255
-308.277027
-284.145753
-257.601351
-232.866795
-199.686293
-166.505792
-121.862934
-79.633205
-36.800193
7.239382
56.708494
99.541506
146.597490
183.397683
214.165058
254.584942
279.319498
310.086873
342.060811
354.126448
364.382239
375.844595
384.893822
383.687259
385.497104
378.257722
366.795367
356.539575
340.854247
325.168919
307.070463
285.352317
256.998069
223.214286
194.256757
171.935328
138.754826
95.921815
64.551158
26.544402
-13.875483
-44.039575
-76.616795
-109.797297
-137.548263
-157.456564
-180.381274
-200.289575
-215.371622
-221.404440
-222.007722
-211.751931
-209.338803
-206.925676
-195.463320
-180.984556
-155.646718
-141.167954
-121.862934
-96.525097
-77.823359
-60.931467
-45.246139
-28.957529
-13.272201
3.016409
14.478764
23.527992
30.767375
39.816602
47.055985
47.055985
47.055985
59.121622
50.675676
46.452703
42.833012
25.941120
21.114865
3.619691
-17.495174
-30.767375
-57.311776
-86.872587
-108.590734
-140.564672
-162.282819
-183.397683
-214.165058
-237.693050
-247.345560
-263.634170
-268.460425
-267.253861
-269.063707
-255.791506
-243.122587
-228.643822
-206.322394
-181.587838
-158.059846
-126.085907
-106.177606
-66.361004
-28.354247
3.016409
47.055985
77.823359
117.036680
155.043436
186.414093
218.991313
260.617761
296.211390
322.755792
344.473938
361.365830
377.654440
392.736486
404.198842
408.421815
407.215251
400.579151
388.513514
368.001931
350.506757
326.375483
291.385135
261.824324
223.817568
182.794402
142.977799
106.780888
63.947876
20.511583
-21.718147
-55.501931
-86.269305
-119.449807
-147.200772
-170.125483
-199.686293
-208.132239
-218.991313
-220.801158
-227.437259
-232.263514
-222.611004
-214.165058
-208.735521
-206.322394
-193.050193
-184.000965
-168.315637
-158.663127
-142.374517
-128.499035
-118.846525
-111.607143
-100.144788
-93.508687
-88.079151
-79.029923
-70.583977
-68.774131
-70.583977
-69.377413
-70.583977
-69.377413
-76.013514
-92.302124
-92.302124
-96.525097
-105.574324
-114.020270
-117.639961
-114.623552
-123.672780
-129.705598
-127.895753
-128.499035
-127.895753
-118.846525
-114.623552
-106.177606
-88.079151
-69.377413
-55.501931
-33.783784
-10.255792
17.495174
39.816602
57.311776
91.698842
112.813707
133.928571
160.472973
176.761583
193.050193
208.735521
222.611004
231.056950
239.502896
245.535714
244.329151
246.138996
238.899614
226.833977
220.197876
210.545367
197.876448
180.984556
165.902510
155.646718
138.151544
123.672780
110.400579
89.888996
74.806950
64.551158
48.262548
34.387066
24.734556
12.668919
4.222973
-4.826255
-10.859073
-17.495174
-24.131274
-22.924710
-23.527992
-23.527992
-23.527992
-23.527992
-23.527992
-23.527992
-24.131274
-15.685328
-10.255792
-13.272201
-9.652510
-1.809846
-10.255792
-12.668919
-10.255792
-15.685328
-24.734556
-32.577220
-36.800193
-46.452703
-60.328185
-76.616795
-86.269305
-97.731660
-112.210425
-123.672780
-139.358108
-156.250000
-164.695946
-172.538610
-185.810811
-199.686293
-209.338803
-220.801158
-221.404440
-225.627413
-235.279923
-225.024131
-225.627413
-235.279923
-228.040541
-222.007722
-215.974903
-198.479730
-186.414093
-170.125483
-145.390927
-130.308880
-103.764479
-74.806950
-51.882239
-19.305019
13.272201
43.436293
77.823359
106.177606
134.531853
171.332046
191.843629
227.437259
253.378378
266.047297
289.575290
312.500000
323.359073
333.614865
339.044402
337.234556
338.441120
331.201737
323.359073
313.103282
298.624517
274.493243
252.775097
223.817568
188.827220
163.489382
131.515444
92.905405
53.692085
24.131274
-11.462355
-55.501931
-96.525097
-129.102317
-160.472973
-184.000965
-208.132239
-225.024131
-240.709459
-255.791506
-256.394788
-256.998069
-255.188224
-247.948842
-229.247104
-199.686293
-180.381274
-156.250000
-124.276062
-91.698842
-59.724903
-26.544402
4.222973
38.006757
61.534749
89.888996
117.036680
137.548263
152.630309
161.076255
173.745174
174.348456
176.158301
167.712355
162.886100
153.836873
136.341699
125.482625
104.971042
80.236486
57.915058
29.560811
-0.603282
-25.337838
-59.121622
-80.236486
-111.003861
-143.581081
-168.918919
-191.843629
-217.784749
-233.470077
-240.709459
-256.394788
-255.791506
-256.998069
-255.188224
-246.138996
-238.899614
-218.991313
-196.669884
-175.555019
-143.581081
-111.003861
-80.236486
-58.518340
-26.544402
5.429537
38.610039
61.534749
89.285714
112.210425
124.879344
150.820463
167.712355
174.951737
191.240347
199.083012
197.876448
202.702703
193.050193
184.604247
187.017375
174.348456
162.282819
149.010618
132.118726
122.466216
101.954633
83.856178
68.170849
51.278958
36.196911
19.908301
4.222973
-12.668919
-28.957529
-36.196911
-45.246139
-56.708494
-67.567568
-71.187259
-68.774131
-70.583977
-68.774131
-71.187259
-65.757722
-58.518340
-53.692085
-36.800193
-28.354247
-15.082046
-1.809846
9.049228
27.750965
35.593629
45.246139
63.344595
71.187259
69.377413
75.410232
83.252896
80.839768
82.046332
80.839768
82.046332
78.426641
66.361004
56.105212
45.849421
47.055985
39.816602
28.354247
18.098456
7.239382
-4.222973
-12.668919
-12.065637
-27.147683
-35.593629
-45.246139
-45.849421
-55.501931
-58.518340
-60.328185
-70.583977
-68.774131
-70.583977
-69.377413
-69.980695
-70.583977
-69.377413
-69.980695
-68.170849
-57.915058
-57.915058
-57.915058
-48.262548
-46.452703
-47.055985
-46.452703
-47.055985
-47.055985
-45.849421
-46.452703
-55.501931
-60.328185
-53.088803
-52.485521
-60.931467
-56.708494
-67.567568
-69.377413
-76.616795
-82.649614
-89.285714
-94.111969
-102.557915
-96.525097
-91.698842
-105.574324
-93.508687
-94.111969
-88.682432
-80.839768
-71.187259
-60.328185
-48.865830
-34.387066
-25.337838
-12.065637
4.826255
19.908301
41.023166
57.311776
67.567568
85.062741
99.541506
111.003861
121.862934
129.102317
140.564672
157.456564
168.315637
176.761583
184.604247
197.273166
196.669884
202.702703
209.942085
219.594595
220.801158
208.735521
211.751931
203.305985
196.669884
183.397683
166.505792
156.853282
140.564672
123.672780
101.954633
80.236486
59.121622
37.403475
16.891892
-8.445946
-36.196911
-55.501931
-73.600386
-87.475869
-109.194015
-125.482625
-135.135135
-147.200772
-153.836873
-162.886100
-167.109073
-163.489382
-162.886100
-163.489382
-155.646718
-150.217181
-142.977799
-128.499035
-117.036680
-114.623552
-97.128378
-76.013514
-62.138031
-39.213320
-22.924710
-5.429537
15.685328
31.370656
45.246139
55.501931
65.757722
77.823359
82.046332
81.443050
81.443050
81.443050
76.013514
63.344595
48.865830
31.370656
18.098456
-5.429537
-28.354247
-57.915058
-87.475869
-109.797297
-135.135135
-159.266409
-176.158301
-199.083012
-208.735521
-217.784749
-222.007722
-222.611004
-234.073359
-225.024131
-214.165058
-197.876448
-180.381274
-159.266409
-131.515444
-107.987452
-78.426641
-45.246139
-13.272201
18.098456
55.501931
96.525097
126.689189
158.663127
194.256757
224.420849
253.981660
277.509653
298.021236
319.136100
334.218147
344.473938
356.539575
353.523166
348.696911
345.077220
329.391892
310.086873
279.922780
247.948842
215.371622
182.191120
139.358108
97.731660
58.518340
17.495174
-21.114865
-63.344595
-100.144788
-131.515444
-163.489382
-185.810811
-204.512548
-219.594595
-237.693050
-245.535714
-253.981660
-257.601351
-255.791506
-256.998069
-253.981660
-243.725869
-229.850386
-212.355212
-197.876448
-171.332046
-150.820463
-127.895753
-100.748069
-75.410232
-49.469112
-24.734556
6.032819
27.750965
53.692085
76.616795
94.715251
106.780888
116.433398
123.069498
132.722008
129.705598
129.102317
124.276062
115.226834
106.177606
88.079151
77.823359
62.741313
46.452703
30.767375
13.875483
-1.809846
-18.701737
-32.577220
-43.436293
-60.931467
-72.393822
-80.839768
-88.682432
-97.731660
-104.971042
-106.177606
-115.830116
-105.574324
-105.574324
-98.938224
-92.302124
-91.095560
-74.203668
-64.551158
-53.088803
-38.610039
-22.321429
-6.636100
9.652510
27.147683
48.262548
63.947876
79.633205
96.525097
106.177606
113.416988
122.466216
129.102317
127.895753
128.499035
128.499035
128.499035
127.895753
129.102317
123.672780
115.226834
117.036680
106.177606
96.525097
89.285714
78.426641
67.567568
56.708494
47.055985
28.957529
9.652510
-0.603282
-15.685328
-31.370656
-47.659266
-63.344595
-74.806950
-89.285714
-96.525097
-104.367761
-104.971042
-104.367761
-105.574324
-104.367761
-97.731660
-83.856178
-82.046332
-70.583977
-58.518340
-51.278958
-42.833012
-34.387066
-18.098456
-10.255792
-2.413127
6.032819
13.875483
22.321429
29.560811
38.610039
45.246139
50.675676
59.121622
57.915058
58.518340
57.915058
57.915058
47.659266
46.452703
39.213320
27.147683
17.495174
9.049228
0.603282
-14.478764
-25.337838
-39.816602
-56.105212
-72.393822
-82.649614
-89.285714
-98.938224
-104.971042
-104.971042
-104.367761
-105.574324
-101.351351
-91.698842
-85.062741
-70.583977
-58.518340
-51.882239
-34.990347
-19.305019
-7.239382
2.413127
17.495174
33.783784
54.295367
65.154440
82.649614
92.302124
101.351351
104.971042
110.400579
117.639961
115.830116
116.433398
116.433398
115.226834
105.574324
98.334942
80.236486
65.154440
48.262548
35.593629
19.305019
-1.206564
-19.908301
-45.849421
-65.154440
-81.443050
-101.351351
-112.210425
-123.672780
-130.912162
-139.358108
-139.961390
-139.358108
-131.515444
-124.276062
-112.210425
-104.971042
-94.111969
-70.583977
-55.501931
-37.403475
-14.478764
4.826255
23.527992
42.833012
57.915058
76.616795
97.731660
105.574324
115.226834
133.928571
141.167954
150.820463
151.423745
150.820463
151.423745
151.423745
141.167954
130.912162
119.449807
102.557915
84.459459
63.344595
50.072394
24.131274
4.222973
-15.082046
-36.800193
-56.708494
-68.170849
-81.443050
-97.128378
-109.797297
-115.830116
-121.862934
-128.499035
-115.830116
-117.639961
-110.400579
-102.557915
-94.111969
-82.046332
-70.583977
-52.485521
-38.610039
-27.147683
-11.462355
2.413127
10.859073
25.941120
37.403475
47.659266
62.138031
71.790541
79.633205
83.856178
92.905405
93.508687
93.508687
92.905405
93.508687
92.302124
83.252896
79.029923
69.980695
54.898649
46.452703
42.833012
21.114865
3.016409
-6.032819
-19.305019
-39.816602
-48.262548
-44.642857
-53.692085
-57.915058
-61.534749
-71.187259
-68.774131
-70.583977
-69.377413
-70.583977
-68.170849
-57.915058
-58.518340
-57.311776
-59.121622
-53.088803
-45.849421
-46.452703
-36.800193
-33.783784
-39.213320
-47.055985
-47.055985
-42.229730
-33.180502
-37.403475
-38.006757
-34.387066
-34.387066
-35.593629
-28.957529
-21.718147
-23.527992
-10.859073
-13.272201
-9.049228
-1.206564
4.222973
11.462355
13.875483
23.527992
23.527992
28.354247
42.833012
45.849421
50.675676
58.518340
59.121622
56.708494
62.741313
69.980695
75.410232
83.856178
80.236486
83.856178
73.600386
75.410232
74.806950
68.170849
60.328185
58.518340
53.692085
45.246139
34.990347
22.321429
15.685328
9.652510
1.206564
-19.305019
-22.924710
-31.370656
-35.593629
-34.990347
-34.990347
-41.626448
-37.403475
-33.783784
-36.196911
-33.783784
-36.196911
-32.577220
-23.527992
-22.924710
-23.527992
-23.527992
-22.321429
-11.462355
-12.065637
-11.462355
-4.222973
-9.652510
-12.668919
-10.859073
-13.272201
-2.413127
-2.413127
-12.668919
-2.413127
0.603282
0.000000
0.603282
-0.603282
0.000000
-0.603282
1.206564
-1.206564
1.809846
-9.049228
-9.652510
-4.826255
-13.272201
-10.255792
-1.809846
0.603282
-0.603282
0.603282
-0.603282
5.429537
13.272201
10.859073
14.478764
23.527992
23.527992
23.527992
23.527992
23.527992
23.527992
22.924710
11.462355
12.668919
6.636100
-0.603282
-6.032819
-13.272201
-19.305019
-32.577220
-34.387066
-36.800193
-48.262548
-57.915058
-58.518340
-57.915058
-58.518340
-57.915058
-59.724903
-55.501931
-47.659266
-42.229730
-34.387066
-35.593629
-30.767375
-17.495174
-12.065637
-6.636100
6.636100
12.065637
26.544402
36.196911
42.833012
51.278958
62.138031
72.997104
83.252896
92.905405
92.905405
93.508687
92.905405
94.111969
92.905405
94.715251
87.475869
81.443050
79.029923
62.138031
52.485521
34.990347
23.527992
9.049228
-10.859073
-21.718147
-38.610039
-50.072394
-65.154440
-80.236486
-82.046332
-95.921815
-106.177606
-104.367761
-104.971042
-104.971042
-104.367761
-104.971042
-95.921815
-92.302124
-83.856178
-71.187259
-61.534749
-50.675676
-28.957529
-12.668919
-3.016409
16.288610
34.387066
45.849421
63.947876
82.649614
91.095560
98.938224
109.797297
117.639961
115.830116
127.292471
127.292471
117.036680
116.433398
107.384170
94.111969
81.443050
68.774131
51.882239
35.593629
22.924710
5.429537
-13.272201
-27.147683
-41.023166
-60.931467
-84.459459
-93.508687
-101.351351
-112.813707
-120.053089
-127.895753
-136.341699
-141.167954
-138.754826
-141.771236
-135.135135
-126.689189
-118.243243
-106.780888
-96.525097
-85.062741
-68.170849
-53.692085
-32.577220
-18.701737
-3.016409
20.511583
36.800193
48.865830
66.964286
78.426641
87.475869
92.905405
100.144788
106.780888
104.367761
104.971042
104.367761
106.177606
94.715251
93.508687
90.492278
80.839768
73.600386
60.931467
50.675676
44.039575
30.767375
16.891892
11.462355
0.000000
-14.478764
-21.718147
-27.147683
-38.006757
-47.659266
-45.246139
-50.675676
-58.518340
-59.121622
-53.692085
-45.849421
-47.055985
-46.452703
-43.436293
-29.560811
-23.527992
-21.718147
-9.652510
-1.206564
7.239382
12.668919
19.908301
25.941120
33.180502
35.593629
42.833012
48.262548
56.105212
60.328185
56.105212
47.659266
45.849421
46.452703
47.659266
38.006757
34.990347
28.354247
22.321429
15.685328
9.652510
2.413127
-9.652510
-16.288610
-25.337838
-32.577220
-47.055985
-58.518340
-57.311776
-61.534749
-69.980695
-71.187259
-81.443050
-80.839768
-82.046332
-80.236486
-69.980695
-69.980695
-69.980695
-68.170849
-58.518340
-51.882239
-42.833012
-36.196911
-30.767375
-22.321429
-13.875483
-2.413127
0.603282
10.859073
21.718147
24.734556
35.593629
45.849421
47.055985
45.849421
54.898649
47.659266
52.485521
50.675676
45.246139
47.055985
46.452703
37.403475
34.387066
31.370656
22.321429
14.478764
7.239382
-4.826255
-11.462355
-17.495174
-24.131274
-25.941120
-36.800193
-33.783784
-36.196911
-33.783784
-36.196911
-28.354247
-22.924710
-22.924710
-12.668919
-9.652510
1.809846
10.255792
15.082046
24.131274
31.370656
43.436293
54.295367
60.328185
74.806950
83.252896
91.698842
94.715251
92.302124
101.954633
106.177606
98.938224
91.698842
94.111969
89.888996
79.633205
63.947876
49.469112
38.610039
21.718147
9.652510
-3.016409
-23.527992
-42.833012
-51.882239
-63.344595
-79.029923
-92.905405
-102.557915
-109.194015
-121.259653
-129.102317
-127.292471
-128.499035
-127.292471
-129.705598
-121.862934
-116.433398
-108.590734
-92.302124
-84.459459
-70.583977
-49.469112
-39.213320
-25.941120
-5.429537
9.049228
30.164093
47.659266
62.741313
74.806950
85.062741
100.144788
106.177606
103.161197
114.020270
111.003861
103.161197
106.177606
97.128378
86.269305
79.633205
66.361004
53.692085
40.419884
18.098456
2.413127
-9.049228
-25.337838
-38.006757
-47.055985
-66.964286
-80.839768
-86.269305
-99.541506
-105.574324
-115.226834
-117.036680
-116.433398
-116.433398
-117.036680
-114.020270
-104.367761
-96.525097
-78.426641
-64.551158
-50.675676
-30.164093
-8.445946
5.429537
27.750965
44.039575
54.898649
71.187259
87.475869
102.557915
112.813707
119.449807
130.308880
139.961390
139.961390
139.358108
139.961390
138.151544
129.102317
126.085907
110.400579
99.541506
88.682432
74.806950
53.692085
35.593629
19.305019
-2.413127
-17.495174
-34.387066
-49.469112
-66.964286
-79.029923
-86.872587
-96.525097
-109.797297
-115.830116
-121.862934
-129.102317
-127.292471
-129.705598
-118.243243
-117.036680
-109.797297
-97.731660
-83.856178
-73.600386
-61.534749
-45.246139
-29.560811
-14.478764
-3.619691
16.891892
36.196911
46.452703
53.692085
65.757722
71.790541
86.269305
94.111969
92.302124
95.921815
104.367761
106.177606
97.128378
91.698842
85.666023
76.616795
69.980695
57.915058
44.642857
35.593629
21.114865
5.429537
-11.462355
-22.924710
-25.337838
-42.229730
-55.501931
-62.741313
-70.583977
-79.633205
-82.649614
-80.839768
-85.062741
-94.715251
-91.698842
-81.443050
-80.839768
-71.790541
-64.551158
-53.692085
-43.436293
-31.973938
-21.718147
-7.842664
9.049228
13.875483
28.957529
44.039575
50.072394
59.724903
66.964286
76.013514
82.649614
81.443050
82.046332
82.046332
82.046332
81.443050
81.443050
72.997104
61.534749
54.898649
44.039575
33.783784
22.321429
12.668919
-0.603282
-16.891892
-28.354247
-38.610039
-53.088803
-69.377413
-83.252896
-92.302124
-94.715251
-92.302124
-94.715251
-91.095560
-101.351351
-103.161197
-94.111969
-89.285714
-82.046332
-76.616795
-60.328185
-51.278958
-38.610039
-25.337838
-10.255792
10.859073
22.321429
36.196911
47.659266
60.931467
77.220077
88.682432
93.508687
93.508687
103.764479
105.574324
103.764479
106.177606
96.525097
93.508687
88.079151
80.839768
79.633205
66.964286
54.295367
35.593629
24.734556
10.255792
-5.429537
-16.288610
-30.767375
-42.833012
-48.262548
-62.741313
-71.187259
-80.236486
-82.046332
-82.046332
-94.111969
-90.492278
-80.839768
-82.649614
-78.426641
-66.964286
-56.708494
-41.626448
-30.767375
-16.288610
-0.603282
8.445946
21.718147
33.783784
47.055985
60.328185
68.774131
76.013514
88.682432
93.508687
93.508687
104.367761
94.715251
92.905405
89.888996
77.823359
68.170849
56.708494
46.452703
35.593629
22.321429
5.429537
-10.255792
-25.337838
-42.229730
-56.105212
-66.964286
-85.062741
-94.111969
-101.351351
-111.003861
-117.639961
-126.689189
-128.499035
-127.895753
-129.705598
-124.879344
-116.433398
-108.590734
-100.748069
-90.492278
-75.410232
-59.724903
-42.833012
-27.750965
-10.859073
1.206564
19.305019
37.403475
52.485521
63.344595
79.633205
92.302124
98.334942
111.003861
117.036680
116.433398
127.292471
118.846525
115.830116
116.433398
105.574324
103.764479
88.682432
79.633205
71.790541
58.518340
42.833012
26.544402
10.859073
-5.429537
-16.891892
-27.147683
-38.006757
-47.659266
-63.344595
-70.583977
-76.013514
-83.252896
-80.839768
-82.649614
-80.839768
-83.252896
-79.633205
-70.583977
-66.964286
-56.105212
-42.229730
-32.577220
-25.337838
-16.891892
-6.636100
6.032819
11.462355
23.527992
37.403475
47.055985
58.518340
68.170849
70.583977
68.774131
69.980695
69.980695
69.980695
69.980695
69.377413
59.724903
47.659266
46.452703
40.419884
30.767375
24.131274
19.305019
3.016409
-12.065637
-21.114865
-32.577220
-38.006757
-51.278958
-57.311776
-67.567568
-69.980695
-72.997104
-82.649614
-80.839768
-82.046332
-81.443050
-82.046332
-72.393822
-69.980695
-68.774131
-54.898649
-47.055985
-45.849421
-33.783784
-16.288610
-10.859073
3.016409
19.908301
24.131274
31.973938
37.403475
44.642857
53.692085
60.328185
70.583977
80.839768
82.046332
81.443050
80.839768
82.046332
75.410232
68.774131
71.187259
66.361004
54.898649
45.849421
45.849421
33.783784
25.941120
16.891892
11.462355
4.222973
-7.842664
-18.701737
-23.527992
-25.337838
-39.816602
-45.849421
-48.262548
-57.311776
-58.518340
-57.915058
-58.518340
-57.915058
-61.534749
-70.583977
-65.154440
-53.088803
-45.849421
-47.055985
-46.452703
-46.452703
-31.973938
-22.321429
-24.131274
-14.478764
-10.859073
-1.809846
2.413127
10.255792
15.685328
24.131274
22.924710
24.131274
34.387066
34.990347
34.990347
34.990347
34.387066
34.990347
34.387066
35.593629
34.387066
35.593629
24.131274
24.131274
19.908301
10.859073
12.065637
2.413127
-1.206564
-10.859073
-12.065637
-10.859073
-13.272201
-22.321429
-24.131274
-22.321429
-31.973938
-35.593629
-34.387066
-35.593629
-25.941120
-22.924710
-23.527992
-24.131274
-19.305019
-10.255792
-12.668919
-12.065637
-4.222973
4.826255
12.065637
16.891892
29.560811
35.593629
34.990347
44.039575
47.659266
57.311776
59.121622
57.915058
57.915058
57.915058
58.518340
57.915058
59.121622
56.708494
48.262548
44.039575
35.593629
26.544402
22.321429
13.272201
10.255792
-4.222973
-12.065637
-13.272201
-24.734556
-30.164093
-39.816602
-46.452703
-46.452703
-54.898649
-59.724903
-56.708494
-60.328185
-69.980695
-69.377413
-69.980695
-69.377413
-70.583977
-61.534749
-57.311776
-56.708494
-45.849421
-34.990347
-35.593629
-29.560811
-22.924710
-16.288610
-9.652510
-13.272201
-1.809846
0.603282
11.462355
10.859073
16.288610
24.734556
22.924710
24.131274
22.924710
23.527992
23.527992
23.527992
22.924710
25.337838
27.147683
13.875483
17.495174
19.908301
10.255792
12.065637
11.462355
11.462355
12.065637
4.826255
-1.206564
9.652510
12.065637
11.462355
2.413127
-2.413127
4.222973
12.065637
11.462355
11.462355
11.462355
12.065637
10.255792
21.718147
15.685328
9.652510
12.668919
12.065637
23.527992
22.924710
23.527992
22.924710
23.527992
22.924710
23.527992
22.924710
24.131274
16.288610
10.859073
12.668919
7.842664
9.049228
2.413127
-10.255792
-4.222973
-10.859073
-11.462355
-12.668919
-24.131274
-22.321429
-24.131274
-22.321429
-27.750965
-35.593629
-34.387066
-36.196911
-30.164093
-21.718147
-24.131274
-22.321429
-24.131274
-22.321429
-13.875483
-21.114865
-25.941120
-18.098456
-12.065637
-5.429537
0.603282
0.000000
-0.603282
0.603282
-1.206564
4.826255
12.065637
12.065637
11.462355
12.065637
10.859073
13.272201
5.429537
3.016409
12.668919
10.859073
12.668919
3.016409
-1.206564
0.603282
-1.809846
-12.065637
-11.462355
-11.462355
-11.462355
-12.668919
