1485.365565
1537.504444
1523.877237
1440.336533
1352.055931
1245.408224
1104.396255
904.135561
671.880555
519.611328
480.507169
481.099656
453.252755
315.203223
-51.546392
-579.452542
-985.898803
-1196.231781
-1286.289845
-1350.278469
-1505.510132
-1690.366157
-1838.487973
-2014.456689
-2143.618912
-2215.309871
-2384.168740
-2578.504562
-2692.854604
-2744.400995
-2667.377651
-2475.411779
-2243.156772
-1978.907453
-1819.528380
-1837.895485
-1847.375281
-1761.464629
-1642.374689
-1439.151558
-1112.691077
-760.753644
-446.735395
-179.523640
70.505984
376.229411
587.747363
635.146344
737.054153
892.285816
969.309160
1099.063870
1307.619386
1516.767390
1698.660979
1742.505036
1733.617727
1714.065648
1580.163526
1437.966584
1489.512975
1576.016116
1543.429316
1573.646167
1698.660979
1799.976301
1833.155587
1774.499348
1725.915393
1743.690011
1666.074179
1589.643323
1707.548288
1849.745230
1973.575068
2148.951298
2193.980329
1965.872734
1558.241498
1151.795236
956.866927
947.387131
913.022870
868.586325
846.664297
591.894774
141.604456
-211.517952
-546.273255
-874.511198
-1179.642138
-1605.047991
-2010.309278
-2313.662756
-2581.466998
-2604.574002
-2530.513094
-2730.181301
-3055.456808
-3336.295770
-3582.177983
-3645.574120
-3580.993009
-3460.718095
-3194.098827
-2932.219457
-2718.924043
-2376.466406
-1957.577912
-1624.600071
-1283.919896
-946.202157
-724.019434
-456.807679
-75.838369
354.899870
888.730892
1323.616542
1540.466880
1793.458941
1966.465221
1994.904610
2090.887546
2144.211399
2128.806731
2156.061145
2079.630288
1956.392938
1927.953549
1821.305842
1652.446972
1519.137339
1227.041119
814.077497
460.955089
114.350041
-142.196943
-279.061500
-438.440574
-565.825335
-617.964214
-731.129281
-790.970494
-710.392227
-678.397914
-655.290911
-579.452542
-551.013153
-443.772959
-194.928309
66.951061
460.955089
950.349567
1357.980803
1782.201683
2182.723071
2413.793103
2465.339495
2336.769759
2160.801043
2099.182368
2204.645100
2438.677568
2677.449935
2813.129518
2653.750444
2268.041237
1907.216495
1485.958052
1057.589762
669.510606
85.318166
-527.906150
-1051.072402
-1487.143026
-1645.929613
-1764.427065
-2140.656476
-2601.611565
-3137.220050
-3684.085792
-4020.026069
-4258.205949
-4395.070506
-4403.365328
-4384.998223
-4323.379547
-4113.046569
-3778.291267
-3407.986728
-3004.502903
-2720.701505
-2638.938263
-2512.145989
-2232.492001
-1803.531224
-1238.890864
-771.418415
-324.090532
182.486077
535.608484
860.883991
1216.968835
1456.333689
1654.224434
1762.057116
1802.346250
1922.028676
2028.083896
2157.246119
2316.032705
2350.396966
2254.414030
2099.774855
1972.982581
1868.704823
1711.695699
1544.614291
1417.229530
1338.428724
1286.882332
1263.182842
1311.174310
1394.715014
1399.454912
1371.608010
1395.899988
1419.006991
1423.746889
1496.030335
1659.556820
1868.112336
2172.650788
2571.394715
2968.953667
3171.584311
2922.739661
2404.905795
1965.280246
1643.559663
1504.325157
1564.758858
1519.729826
1206.896552
839.554450
475.767271
184.263538
21.329541
-447.920370
-1192.084370
-1906.031520
-2804.242209
-3530.039104
-3788.956037
-4021.803531
-4162.223012
-4307.974879
-4761.227634
-5020.144567
-5053.323854
-5142.196943
-4972.745586
-4816.921436
-4949.638583
-4925.939092
-4676.501955
-4223.249200
-3437.611091
-2662.637753
-2061.263183
-1449.816329
-1002.488446
-672.473042
-67.543548
589.524825
1045.740017
1477.070743
1737.172651
1900.106648
2250.859107
2543.547814
2845.123830
3224.315677
3293.636687
3217.205830
3165.066951
2998.578031
2882.450527
2742.031046
2440.455030
2130.584192
1748.429909
1357.388316
1182.604574
1093.731485
918.355255
674.842991
401.706363
171.821306
23.699490
-59.841213
-72.875933
-77.615831
-125.014812
-127.977248
21.922029
302.760991
613.816803
930.797488
1231.781017
1509.657542
1831.970613
2258.561441
2819.646878
3367.105107
3559.070980
3345.775566
2960.066359
2567.839791
2414.385591
2409.645693
2366.394123
2241.971798
1800.568788
1295.769641
1022.633013
756.606233
484.654580
-5.924873
-851.996682
-1711.695699
-2627.088518
-3407.394241
-3748.666904
-4040.763124
-4403.957815
-4762.412608
-5226.922621
-5487.024529
-5458.585140
-5362.602204
-5173.006280
-5115.535016
-5257.731959
-5255.362010
-4991.705178
-4463.799028
-3780.661216
-3073.231426
-2468.894419
-1949.283090
-1421.969428
-889.915867
-158.786586
600.189596
1076.549354
1468.775921
1751.984832
1936.248371
2251.451594
2532.883043
2771.062922
2960.066359
2928.072046
2927.479559
3011.020263
3020.500059
3011.612750
2813.722005
2440.455030
2054.153336
1617.490224
1318.284157
1103.803768
816.447446
552.790615
292.688707
126.199787
104.870245
98.352885
100.722834
68.136035
-15.404669
-54.508828
35.549236
257.731959
540.348383
825.334755
1135.798080
1474.700794
1885.294466
2437.492594
3131.887664
3897.973694
4358.928783
4267.093257
3867.164356
3397.321958
3109.373148
3117.667970
3075.601375
2776.987795
2249.674132
1672.591539
1340.206186
1276.810049
1170.754829
740.016590
-18.367105
-992.416163
-2028.676383
-2904.965043
-3590.472805
-4186.514990
-4766.560019
-5417.111032
-6055.812300
-6401.824861
-6378.717858
-6139.945491
-5811.707548
-5708.022278
-5865.031402
-5933.759924
-5800.450290
-5404.668800
-4854.840621
-4384.998223
-3911.008413
-3384.287238
-2742.031046
-1907.216495
-952.719517
4.739898
792.155469
1315.914208
1728.285342
2094.442469
2403.720820
2709.444247
2887.782913
2916.222301
2928.072046
2961.843820
3137.812537
3423.391397
3537.148951
3511.671999
3382.509776
3099.300865
2843.346368
2584.429435
2242.564285
1906.031520
1440.336533
934.352411
706.244816
580.637516
558.123000
628.036497
539.163408
489.394478
523.166252
560.492949
764.308567
940.869771
942.054746
982.936367
1092.546510
1273.847612
1709.325749
2346.249556
3027.017419
3746.889442
4100.604337
3913.970850
3650.906506
3295.414149
3012.797725
2966.583718
2542.955326
1832.563100
1182.604574
570.565233
436.663112
557.530513
295.651144
-148.121815
-793.932930
-1662.519256
-2319.587629
-2936.366868
-3685.270767
-4402.772840
-5239.957341
-6075.956867
-6626.970020
-6863.372437
-6759.687167
-6387.605166
-6046.332504
-5944.424695
-5777.343287
-5467.472449
-5046.214006
-4439.507051
-4054.982818
-3876.644152
-3572.698187
-3231.425524
-2617.608721
-1763.242090
-1011.968243
-176.561204
633.368883
1305.841924
2115.772011
2886.597938
3445.905913
3791.325986
3682.308330
3343.405617
3176.324209
3093.968480
3069.084015
3080.341273
2906.150018
2718.924043
2709.444247
2805.427183
3011.020263
3064.344117
2714.184145
2239.009361
1689.773670
1109.136154
753.051309
404.668800
38.511672
-248.844650
-539.755895
-519.018841
-170.636331
199.075720
620.334163
885.768456
948.572106
1097.878896
1317.691670
1560.611447
1986.609788
2387.131177
2756.843228
3309.633843
3554.331082
3495.082356
3533.001540
3382.509776
3375.399929
3461.310582
2996.800569
2511.553502
2065.410594
1475.885768
1317.691670
1102.618794
491.171940
-44.436545
-792.747956
-1492.475412
-1877.592132
-2496.148833
-3127.147766
-3694.750563
-4490.460955
-5189.003436
-5725.204408
-6108.543666
-6234.743453
-6285.697358
-6389.975116
-6429.079275
-6233.558478
-5864.438915
-5298.613580
-4696.054035
-4408.697713
-4135.561085
-3774.143856
-3386.064700
-2773.432871
-2295.888138
-1897.144211
-1274.440100
-720.464510
-27.254414
811.115061
1517.359877
2292.333215
2865.268397
3197.653750
3523.521744
3612.394834
3601.730063
3560.848442
3274.084607
2946.439152
2641.308212
2418.533002
2461.192084
2571.987202
2589.169333
2619.386183
2576.727100
2456.452186
2377.651380
2180.353122
1823.675791
1430.264249
910.060434
414.741083
181.301102
20.737054
-8.294822
131.532172
212.702927
408.816210
805.782676
1189.714421
1674.369001
2231.899514
2638.345776
3088.636094
3581.585496
3640.241735
3464.273018
3298.376585
2839.791444
2628.865979
2547.102737
2041.711103
1839.672947
1627.562507
1198.009243
1291.029743
1106.173717
641.071217
434.293163
-295.058656
-1054.034838
-1571.868705
-2515.108425
-3256.309989
-3846.427302
-4739.898092
-5290.911245
-5706.244816
-6088.991587
-6007.228345
-5941.462259
-5959.829364
-5771.418415
-5596.042185
-5381.561796
-4998.815025
-4676.501955
-4510.605522
-4236.876407
-3941.817751
-3620.689655
-3036.497215
-2598.649129
-2115.772011
-1361.535727
-745.348975
54.508828
925.465103
1540.466880
2310.107833
2843.346368
3114.705534
3537.148951
3698.305486
3777.106292
3817.987913
3536.556464
3312.003792
3108.780661
2881.265553
2895.485247
2846.308804
2653.157957
2540.585377
2439.270056
2391.278588
2321.957578
2084.370186
1737.172651
1294.584666
823.557294
403.483825
89.465576
-189.595924
-469.842398
-639.886242
-726.981870
-647.588577
-362.009717
18.367105
511.316507
1000.118497
1496.030335
2084.962673
2655.527906
3144.922384
3241.497808
3114.113047
3004.502903
2740.253585
2595.094205
2372.911482
1996.089584
1849.152743
1582.533476
1388.197654
1432.041711
1168.977367
962.791800
776.750800
231.070032
-231.662519
-833.037090
-1641.782202
-2222.419718
-3057.826757
-3995.734092
-4604.218509
-5218.035312
-5500.059249
-5497.689300
-5651.735988
-5626.851523
-5466.879962
-5258.916933
-4844.175850
-4435.952127
-4194.217324
-4020.026069
-3812.655528
-3675.198483
-3436.426117
-3111.743098
-2876.525655
-2407.868231
-1910.771418
-1443.891456
-609.669392
186.633487
929.020026
1785.164119
2329.067425
2825.571750
3357.032824
3662.163763
3943.002725
3957.222420
3622.467117
3338.073231
3039.459652
2732.551250
2560.729944
2354.544377
2151.321247
2058.893234
2061.263183
2120.511909
2172.058301
2091.480033
1813.011020
1506.102619
1168.384880
778.528262
447.920370
-7.109847
-480.507169
-818.817395
-1107.951179
-1096.101434
-849.626733
-523.166252
-31.994312
523.758739
1203.934115
1968.242683
2731.958763
3407.394241
3651.498993
3673.421021
3567.365802
3328.000948
3242.090295
2896.670222
2430.975234
2173.835763
1650.669511
1426.116838
1516.767390
1279.179998
1321.839080
1212.228937
654.105937
405.261287
-162.933997
-931.982462
-1409.527195
-2441.640005
-3530.039104
-4280.720465
-5214.480389
-5692.617609
-5888.138405
-6323.024055
-6365.683138
-6200.971679
-6022.633013
-5447.920370
-4898.684678
-4568.669274
-4194.809812
-3957.222420
-3817.395426
-3444.128451
-3160.327053
-3049.531935
-2715.961607
-2490.816447
-2188.055457
-1383.457756
-626.259035
199.075720
1147.055338
1789.904017
2555.397559
3393.174547
3940.632776
4453.134258
4621.400640
4301.457519
3947.742624
3528.854130
3076.193862
2733.736225
2330.252400
1885.886953
1609.195402
1520.322313
1559.426472
1740.727574
1876.407157
1794.643915
1680.293874
1464.036023
1154.165185
891.693329
436.663112
-95.390449
-604.337007
-1139.945491
-1394.715014
-1374.570447
-1166.607418
-751.273848
-235.809930
595.449698
1628.747482
2701.741913
3723.189951
4187.107477
4400.402891
4495.793340
4246.356203
4133.783624
3716.080104
2983.765849
2561.914919
1849.745230
1342.576135
1337.243749
999.526010
1004.858396
1076.549354
590.117312
469.249911
178.931153
-439.033061
-713.354663
-1586.088399
-2778.765257
-3642.611684
-4825.808745
-5708.022278
-6185.567010
-6922.621164
-7215.309871
-7134.731603
-7012.679227
-6381.680294
-5646.996090
-5065.173599
-4357.151321
-3807.915630
-3445.313426
-2988.505747
-2702.334400
-2615.831260
-2387.723664
-2273.966110
-2147.766323
-1644.744638
-1139.945491
-448.512857
446.735395
1182.012087
2156.653632
3162.104515
3937.670340
4709.088755
5000.000000
4923.569143
4815.143974
4350.633961
3861.239483
3330.370897
2495.556346
1901.884109
1460.481100
1123.355848
1178.457163
1187.936959
1265.552791
1507.880081
1519.729826
1597.345657
1621.045148
1407.157246
1149.425287
670.695580
88.280602
-402.298851
-856.144093
-1081.289252
-1088.399099
-955.089466
-533.831023
213.887901
1182.012087
2283.445906
3287.119327
3943.595213
4432.397203
4711.458704
4699.608958
4585.258917
4092.902003
3333.333333
2637.753288
1725.915393
1051.664889
690.840147
193.150847
-12.442232
-190.780898
-548.050717
-540.348383
-633.961370
-908.875459
-1059.959711
-1789.311530
-2651.972983
-3314.966228
-4366.038630
-5180.708615
-5898.210688
-6837.895485
-7236.046925
-7452.897263
-7465.339495
-6894.181775
-6319.469131
-5594.264723
-4637.990283
-3855.907098
-3040.052139
-2234.269463
-1715.250622
-1320.654106
-1029.742861
-976.419007
-876.288660
-654.105937
-455.622704
-84.133191
376.821898
886.360943
1648.892049
2460.599597
3195.283801
3871.904254
4252.281076
4396.255481
4450.171821
4252.873563
3884.938974
3363.550184
2650.788008
1986.017301
1369.830549
870.956274
589.524825
399.336414
366.157128
414.741083
537.978433
778.528262
958.051902
1107.358692
1135.205593
1019.670577
907.097997
688.470198
497.096812
410.593672
350.752459
543.903306
917.762768
1429.671762
2218.864794
2858.158550
3399.691907
4041.948098
4307.974879
4549.709681
4713.236165
4358.928783
4085.792155
3523.521744
2620.571158
2099.182368
1335.466287
553.383102
107.240194
-722.834459
-1309.989335
-1531.579571
-2050.598412
-2221.827231
-2412.608129
-3063.159142
-3368.290082
-3827.467709
-4510.013035
-4850.693210
-5508.354070
-6187.344472
-6479.440692
-6928.546036
-7078.445313
-6819.528380
-6641.782202
-6140.537978
-5429.553265
-4834.696054
-3946.557649
-3011.612750
-2321.365091
-1497.215310
-846.664297
-438.440574
171.821306
546.865742
789.193032
1201.564166
1323.616542
1608.010428
2052.375874
2183.908046
2560.137457
2832.681597
2856.381088
3182.841569
3240.905321
3242.090295
3395.544496
3069.084015
2827.349212
2604.574002
2052.968361
1795.236402
1467.590947
1029.150373
897.025714
610.854367
434.293163
533.238535
436.070624
491.764427
625.666548
633.368883
860.883991
1067.069558
1225.263657
1558.833985
1913.141367
2336.177272
2878.895604
3392.582059
3744.519493
3996.919066
4130.228700
4107.121697
4142.670933
3973.812063
3630.169451
3368.882569
2781.135206
2226.567129
1845.005332
1199.194217
757.198720
278.469013
-460.955089
-878.658609
-1430.856737
-2090.887546
-2432.160209
-3124.777817
-3865.386894
-4306.789904
-5057.471264
-5594.857211
-5945.609669
-6582.533476
-6790.496504
-6882.924517
-7032.823794
-6698.660979
-6401.232374
-6064.107122
-5401.113876
-4867.875341
-4230.359047
-3390.804598
-2763.360588
-2146.581349
-1490.105463
-1070.624482
-553.383102
28.439389
412.963621
957.459415
1411.897144
1726.507880
2281.668444
2625.903543
2896.670222
3249.792629
3246.237706
3269.937196
3289.489276
3062.566655
3021.685034
2832.089110
2477.189240
2371.726508
2024.528973
1689.773670
1576.608603
1209.266501
1045.740017
971.679109
719.872023
769.640953
734.684204
648.181064
788.600545
726.389383
774.380851
930.797488
982.936367
1230.596042
1475.293281
1807.678635
2344.472094
2886.597938
3503.377177
3954.852471
4226.804124
4455.504207
4517.122882
4498.163289
4293.755184
3925.820595
3441.758502
2767.507999
2204.645100
1629.339969
966.939211
456.215191
-217.442825
-819.409883
-1219.338784
-1787.534068
-2146.581349
-2529.920607
-3239.720346
-3692.973101
-4233.913971
-4886.834933
-5222.182723
-5822.964806
-6409.527195
-6690.366157
-7089.110084
-7111.032113
-6895.959237
-6769.759450
-6297.547103
-5763.716080
-5199.075720
-4344.116601
-3521.744282
-2799.502311
-2054.745823
-1461.666074
-971.679109
-395.781491
49.176443
414.148596
831.259628
1037.445195
1357.388316
1808.863609
2010.309278
2335.584785
2585.614409
2561.914919
2753.288304
2869.415808
2866.453371
3025.239957
2875.933167
2670.932575
2658.490342
2376.466406
2192.795355
2084.370186
1709.325749
1532.764546
1382.865268
1189.121934
1240.075838
1189.121934
1162.460007
1250.148122
1256.072994
1408.342221
1592.605759
1771.536912
2026.306434
2250.859107
2630.643441
3073.823913
3540.111388
4029.505866
4230.359047
4337.599242
4418.769996
4290.792748
4105.936722
3758.739187
3205.948572
2593.316744
1921.436189
1308.804361
771.418415
149.306790
-459.770115
-1039.815144
-1554.686574
-1955.207963
-2396.018486
-2797.132362
-3272.307145
-3896.788719
-4363.076194
-4847.138287
-5360.232255
-5705.652328
-6205.119090
-6610.380377
-6808.863609
-6975.945017
-6810.048584
-6526.839673
-6241.853300
-5733.499230
-5173.598768
-4501.718213
-3625.429553
-2817.276929
-2103.922266
-1400.047399
-850.811708
-356.084844
198.483233
595.449698
996.563574
1359.758265
1473.515819
1750.799858
2008.531817
2082.592724
2375.281431
2517.478374
2474.226804
2634.790852
2637.753288
2631.828416
2785.282616
2603.981514
2470.671881
2464.747008
2130.584192
2003.199431
1895.959237
1498.400284
1431.449224
1311.766797
1068.254533
1106.766205
983.528854
951.534542
1146.462851
1187.936959
1420.191966
1717.620571
1892.404313
2248.489157
2631.235928
2993.245645
3470.790378
3890.863846
4211.991942
4414.030098
4409.882688
4382.628273
4286.645337
3950.705060
3572.698187
3027.017419
2279.890982
1669.629103
1061.144685
446.142908
-87.688115
-777.935774
-1398.269937
-1829.600664
-2316.625193
-2693.447091
-3034.719754
-3646.166607
-4135.561085
-4493.423391
-5037.919185
-5361.417230
-5719.872023
-6280.364972
-6516.767390
-6746.652447
-6827.230715
-6522.099775
-6376.940396
-6062.922147
-5482.877118
-5005.924873
-4211.991942
-3271.714658
-2569.617253
-1809.456097
-1144.092902
-645.218628
38.511672
574.120156
923.095153
1356.795829
1489.512975
1615.120275
1908.993957
1933.285934
2067.780543
2222.419718
2096.219931
2160.801043
2228.344591
2215.309871
2413.793103
2405.498282
2327.289963
2404.905795
2264.486314
2195.165304
2234.861950
1968.835170
1794.051428
1657.779358
1401.232374
1404.194810
1277.995023
1118.615950
1177.864676
1068.847020
1197.416756
1531.579571
1701.030928
2093.257495
2487.261524
2852.233677
3469.012916
3958.999882
4390.923095
4777.224790
4787.889560
4729.825809
4642.730181
4288.422799
3905.083541
3400.284394
2571.987202
1803.531224
1118.615950
375.636924
-178.931153
-763.123593
-1463.443536
-1953.430501
-2423.272900
-2856.381088
-3076.193862
-3477.307738
-4041.948098
-4380.850812
-4860.173006
-5378.006873
-5651.143500
-6182.012087
-6647.707074
-6868.704823
-7186.870482
-7091.480033
-6834.340562
-6670.221590
-6091.954023
-5505.391634
-4855.433108
-3826.875222
-2941.699253
-2109.254651
-1216.376348
-613.224316
39.104159
723.426946
1111.506103
1589.643323
1919.658727
1965.280246
2208.200024
2250.266619
2192.795355
2395.425998
2318.402654
2276.928546
2444.602441
2382.983766
2498.518782
2644.863135
2523.403247
2649.603034
2690.484655
2494.371371
2559.544970
2378.836355
2023.936485
1920.843702
1612.750326
1397.084963
1332.503851
975.234032
865.031402
846.071809
725.796895
984.713829
1205.119090
1410.712170
1882.924517
2255.599005
2736.698661
3377.177391
3856.499585
4326.341984
4668.207134
4665.244697
4582.888968
4412.252637
3992.179168
3550.776158
2984.358336
2106.884702
1359.758265
725.204408
-37.326697
-564.047873
-1100.841332
-1815.380969
-2166.133428
-2503.851167
-2912.667378
-2990.283209
-3418.651499
-3951.890034
-4097.641901
-4623.178102
-5071.690959
-5266.619268
-5921.910179
-6289.844768
-6474.700794
-6864.557412
-6684.441285
-6478.255718
-6387.605166
-5797.487854
-5284.986373
-4653.987439
-3570.328238
-2735.513686
-1901.884109
-975.234032
-419.480981
305.723427
1035.075246
1341.391160
1756.724730
1914.326342
1817.158431
2049.413438
1998.459533
1861.594976
2018.604100
1796.421377
1712.880673
1961.132836
1874.629695
2062.448157
2294.110677
2103.329778
2342.694632
2478.966702
2284.630880
2550.657661
2423.865387
2045.266027
2047.635976
1640.597227
1371.608010
1387.605166
945.609669
838.369475
864.438915
638.701268
982.936367
1296.362128
1461.666074
2066.003081
2474.819291
2920.962199
3679.345894
4107.121697
4537.267449
4954.378481
4917.644271
4903.424576
4779.594739
4255.836000
3809.693092
3223.723190
2298.850575
1564.758858
871.548762
63.396137
-485.839554
-1120.985899
-1882.924517
-2254.414030
-2607.536438
-2960.066359
-3045.977011
-3480.270174
-4006.398862
-4187.107477
-4649.247541
-5068.136035
-5307.500889
-5950.349567
-6382.272781
-6573.646167
-6926.176087
-6834.340562
-6643.559663
-6602.085555
-6085.436663
-5569.380258
-5007.702334
-3956.037445
-3098.115891
-2301.220524
-1331.318877
-713.354663
7.702334
848.441759
1272.070150
1740.135087
2011.494253
1927.953549
2146.581349
2201.682664
2044.081052
2162.578505
1979.499941
1787.534068
1975.352530
1955.207963
2081.407750
2330.844887
2227.752103
2412.015642
2620.571158
2526.365683
2740.253585
2694.632065
2372.911482
2318.995142
1967.650196
1642.967176
1605.047991
1224.078682
1028.557886
1001.895959
738.831615
908.282972
1174.902240
1238.890864
1699.253466
2069.558005
2361.061737
3067.306553
3549.591184
3935.300391
4474.463799
4595.331200
4611.328356
4666.429672
4271.833156
3859.462022
3456.570684
2602.204053
1803.531224
1140.537978
264.249319
-385.709207
-918.355255
-1717.028084
-2214.124896
-2497.333807
-2931.626970
-3036.497215
-3211.873445
-3733.262235
-3890.863846
-4133.191136
-4616.660742
-4744.045503
-5194.335822
-5804.597701
-5964.569262
-6344.353596
-6520.914800
-6306.434412
-6407.749733
-6185.567010
-5690.247660
-5353.122408
-4495.793340
-3582.177983
-2912.074890
-1913.733855
-1175.494727
-516.056405
449.105344
971.086622
1458.703638
1930.323498
1898.329186
2084.962673
2202.275151
1991.942173
2089.702571
1917.881266
1598.530632
1707.548288
1603.863017
1602.085555
1887.071928
1829.008176
2002.014457
2362.246712
2381.798791
2675.672473
2871.785757
2654.935419
2691.669629
2509.183553
2143.026425
2081.407750
1696.883517
1315.321721
1246.000711
957.459415
906.505510
1108.543666
1108.543666
1400.047399
1815.380969
2136.509065
2751.510843
3306.671407
3735.632184
4290.792748
4619.623178
4760.635146
4821.661334
4610.735869
4238.653869
3777.698779
3107.595687
2252.044081
1436.189122
660.030809
-184.856026
-899.395663
-1565.943832
-2279.890982
-2664.415215
-2971.323617
-3327.408461
-3422.206423
-3704.822846
-4038.985662
-4046.095509
-4347.079038
-4706.126318
-4883.280009
-5442.587984
-5841.924399
-6011.375755
-6420.191966
-6482.995616
-6435.004147
-6531.579571
-6143.500415
-5696.172532
-5205.000592
-4248.726152
-3463.088044
-2657.305368
-1617.490224
-849.626733
33.179287
929.612513
1439.744046
1975.945017
2315.440218
2433.345183
2672.710037
2647.233084
2516.885887
2440.455030
2139.471501
1999.052020
1986.017301
1872.259746
1956.392938
2013.864202
2045.858514
2324.920014
2495.556346
2656.120393
2904.372556
2868.823320
2813.722005
2767.507999
2512.738476
2288.778291
2028.083896
1603.270530
1281.549947
1000.710985
725.204408
664.178220
649.366039
677.805427
938.499822
1282.142434
1721.175495
2281.075957
2809.574594
3369.475056
3871.904254
4249.911127
4470.908875
4450.171821
4322.194573
4008.768811
3489.157483
2896.077734
2050.598412
1193.269345
484.654580
-392.226567
-1100.841332
-1702.808390
-2460.599597
-2803.649722
-3064.936604
-3434.056168
-3438.203579
-3659.793814
-3899.751155
-3793.103448
-4092.902003
-4339.376703
-4436.544614
-4995.260102
-5277.284038
-5502.429198
-6016.708141
-6067.662045
-6157.127622
-6299.324565
-5937.314848
-5655.883399
-5194.928309
-4323.972035
-3615.949757
-2737.291148
-1712.880673
-922.502666
-7.702334
870.956274
1465.813485
2052.968361
2451.712288
2625.311056
2798.317336
2761.583126
2588.576846
2444.602441
2204.052613
1974.167555
1882.924517
1774.499348
1724.137931
1802.938737
1887.071928
2095.627444
2355.136865
2538.215428
2779.357744
2896.077734
2870.008295
2894.300273
2742.031046
2498.518782
2259.153928
1824.268278
1417.229530
1113.876052
764.308567
571.750207
482.284631
395.781491
548.050717
881.028558
1251.925584
1843.820358
2510.368527
3028.794881
3647.944069
4193.624837
4409.290200
4611.920844
4598.886124
4193.032350
3829.837658
3163.289489
2221.827231
1575.423628
636.923806
-348.382510
-909.467946
-1837.895485
-2538.807916
-2737.291148
-3288.896789
-3446.498400
-3403.839317
-3825.097760
-3719.042541
-3659.793814
-4041.355611
-3925.228108
-4212.584429
-4791.444484
-4830.548643
-5339.495201
-5822.964806
-5813.485010
-6257.850456
-6355.610854
-6020.855552
-5994.193625
-5410.001185
-4624.363076
-4104.751748
-3047.754473
-2080.222775
-1318.284157
-120.274914
714.539637
1324.209030
2163.170992
2525.180709
2807.204645
3162.104515
3016.352648
2961.251333
2890.745349
2461.192084
2354.544377
2211.162460
1886.479441
1964.095272
1913.733855
1864.557412
2182.130584
2268.633724
2453.489750
2795.354900
2769.877948
2880.080578
2963.621282
2707.666785
2628.865979
2374.096457
1853.892641
1576.016116
1158.905084
716.909586
547.458230
246.474701
83.540704
204.408105
301.576016
685.507762
1259.627918
1722.360469
2390.093613
3057.826757
3558.478493
4086.977130
4356.558834
4405.735277
4359.521270
4002.843939
3524.706719
2865.860884
1991.349686
1198.601730
310.463325
-591.894774
-1329.541415
-2143.618912
-2736.698661
-3089.821069
-3481.455149
-3585.140419
-3680.530869
-3895.011257
-3804.360706
-3870.719280
-4043.725560
-4018.841095
-4346.486551
-4676.501955
-4880.317573
-5369.119564
-5615.594265
-5771.418415
-6108.543666
-6041.592606
-5902.358099
-5734.091717
-5075.245882
-4444.246949
-3731.484773
-2694.039578
-1846.190307
-904.135561
205.593080
966.346724
1790.496504
2535.252992
2819.054390
3202.393649
3410.356677
3256.902477
3293.044200
3074.416400
2668.562626
2579.097049
2256.783979
1990.164711
2070.150492
1899.514160
1931.508473
2175.020737
2150.728759
2396.018486
2629.458467
2563.099893
2740.253585
2707.074298
2457.637161
2402.535845
2037.563692
1624.007584
1373.977959
906.505510
593.672236
385.709207
39.696647
25.476952
128.569736
254.769522
718.094561
1122.763361
1606.825453
2308.922858
2825.571750
3421.021448
3932.337955
4104.751748
4311.529802
4251.096101
3934.115417
3601.730063
2881.265553
2118.141960
1398.862424
408.223723
-379.784335
-1170.162342
-2060.670696
-2529.920607
-3031.164830
-3467.235454
-3534.779002
-3828.652684
-3937.670340
-3796.658372
-3997.511554
-3985.661808
-4021.803531
-4396.255481
-4476.833748
-4738.713118
-5180.708615
-5281.431449
-5601.967058
-5852.589169
-5727.574357
-5756.013746
-5482.284631
-4891.574831
-4411.660149
-3599.360114
-2697.002014
-1919.658727
-846.664297
122.644863
914.207845
1779.239246
2324.327527
2725.441403
3136.627563
3219.575779
3215.428368
3135.442588
2820.239365
2585.021922
2351.581941
2045.266027
1918.473753
1818.935893
1732.432753
1835.525536
1923.213651
2047.635976
2288.778291
2441.640005
2570.802228
2702.926887
2675.672473
2623.533594
2523.995734
2262.708852
2011.494253
1740.135087
1384.050243
1113.876052
886.360943
675.435478
647.588577
724.611921
879.843583
1187.936959
1565.351345
2019.196587
2562.507406
3084.488683
3487.380021
3785.993601
3961.369831
3920.488210
3796.065885
3464.273018
2808.982107
2172.650788
1384.050243
411.778647
-357.269819
-1276.217561
-2216.494845
-2782.320180
-3464.865505
-3965.517241
-4129.636213
-4526.602678
-4601.256073
-4459.059130
-4642.730181
-4496.385828
-4403.365328
-4640.952720
-4505.865624
-4618.438204
-4942.528736
-4883.280009
-5119.682427
-5305.723427
-5127.977248
-5221.590236
-5027.254414
-4478.018723
-4123.118853
-3405.024292
-2555.990046
-1913.141367
-883.398507
114.942529
870.363787
1827.230715
2464.154521
2874.155706
3428.131295
3572.698187
3574.475649
3620.689655
3255.125015
2950.586562
2730.773788
2289.963266
2085.555161
1926.768574
1650.077023
1638.819765
1613.935300
1593.198246
1813.603508
1930.323498
1998.459533
2122.881858
2102.144804
2084.370186
2099.774855
1972.982581
1789.311530
1569.498756
1283.327408
1067.069558
898.210688
726.981870
655.290911
646.403602
706.837303
936.129873
1230.596042
1614.527788
2113.402062
2542.955326
3032.349804
3438.796066
3643.796658
3913.378362
3929.375518
3716.672592
3508.709563
2886.005451
2234.269463
1640.004740
655.290911
-114.350041
-897.618201
-1939.803294
-2492.593909
-3120.630406
-3804.360706
-3924.043133
-4325.157009
-4599.478611
-4424.102382
-4687.166726
-4653.394952
-4439.507051
-4711.458704
-4598.886124
-4576.371608
-4908.164474
-4765.967532
-4867.282853
-5082.355729
-4819.291385
-4847.730774
-4723.308449
-4165.777936
-3893.233795
-3320.298614
-2478.374215
-1926.176087
-1013.745704
-81.763242
534.423510
1436.189122
2109.847138
2490.223960
3079.748785
3279.416993
3271.714658
3430.501244
3170.991824
2921.554687
2806.019671
2347.434530
2111.624600
1975.352530
1615.120275
1612.157839
1605.640479
1484.773077
1690.366157
1747.244934
1767.981988
1986.609788
1964.687759
1974.167555
2034.008769
1856.262590
1765.019552
1647.114587
1419.006991
1307.026899
1137.575542
985.898803
971.086622
948.572106
1060.552198
1250.740609
1433.819173
1765.019552
2118.141960
2455.859699
2891.930323
3175.139235
3365.920133
3609.432397
3546.036260
3422.798910
3267.567247
2677.449935
2176.205712
1630.524944
671.880555
40.881621
-685.507762
-1706.955800
-2168.503377
-2842.161394
-3606.469961
-3723.782439
-4253.466050
-4634.435360
-4438.914563
-4824.031283
-4856.618083
-4572.816684
-4946.083659
-4796.184382
-4610.735869
-4968.005688
-4701.978907
-4660.504799
-4931.271478
-4554.449579
-4499.940751
-4462.614054
-3819.172888
-3564.995853
-3127.740254
-2269.226212
-1815.973457
-1067.069558
-123.829838
363.787179
1109.136154
1827.230715
2144.211399
2703.519374
3057.826757
3066.121578
3294.229174
3222.538215
2979.025951
2966.583718
2646.048110
2348.619505
2250.859107
1906.624008
1747.244934
1728.285342
1541.651854
1603.270530
1675.553976
1604.455504
1709.325749
1719.990520
1675.553976
1737.765138
1645.929613
1513.804953
1425.524351
1265.552791
1123.355848
1037.445195
911.837895
809.337599
808.152625
810.522574
891.693329
1134.613106
1307.619386
1567.128807
1971.205119
2204.052613
2581.466998
2957.103922
3025.239957
3259.864913
3266.974760
2992.653158
2933.996919
2444.009954
1850.930205
1495.437848
633.368883
-33.771774
-533.831023
-1512.619979
-1991.942173
-2454.082237
-3232.610499
-3367.697595
-3745.111980
-4220.286764
-4046.687996
-4304.419955
-4463.206541
-4189.477426
-4493.423391
-4494.015879
-4252.281076
-4548.524707
-4425.287356
-4315.084726
-4608.365920
-4320.417111
-4130.821187
-4135.561085
-3572.698187
-3277.047043
-2989.098234
-2187.462970
-1737.765138
-1153.572698
-267.804242
120.274914
747.126437
1474.108307
1705.770826
2240.194336
2627.088518
2567.839791
2852.826164
2845.123830
2584.429435
2698.186989
2423.272900
2143.618912
2182.723071
1839.080460
1725.915393
1817.158431
1565.351345
1643.559663
1719.398033
1541.651854
1717.620571
1735.987676
1601.493068
1734.210214
1600.308093
1461.073587
1526.839673
1321.246593
1207.489039
1192.676857
949.757080
908.875459
949.164593
853.774144
978.196469
1122.763361
1184.974523
1502.547695
1817.158431
2031.638820
2388.908638
2644.863135
2743.808508
2979.618438
3045.977011
2877.710629
2840.976419
2512.145989
1975.945017
1722.360469
1116.838488
398.743927
8.887309
-814.077497
-1494.845361
-1788.719043
-2571.394715
-2987.320773
-3144.329897
-3806.730655
-3868.941818
-3868.941818
-4360.706245
-4158.668089
-4182.960066
-4540.822372
-4203.697121
-4322.787060
-4545.562270
-4166.962910
-4351.818936
-4376.703401
-3936.485366
-4065.055101
-3803.175732
-3243.867757
-3184.619031
-2623.533594
-1975.945017
-1723.545444
-950.349567
-311.648300
31.401825
816.447446
1288.067307
1555.871549
2143.618912
2307.737884
2400.758384
2710.629221
2579.689537
2529.920607
2615.831260
2319.587629
2238.416874
2224.789667
1929.731011
1933.285934
1897.144211
1664.889205
1769.166963
1714.658135
1566.536319
1722.360469
1609.195402
1500.177746
1615.712762
1427.301813
1366.868112
1404.787297
1133.428131
1083.659201
1064.107122
844.886835
888.730892
844.294348
695.580045
845.479322
899.988150
988.861239
1255.480507
1366.275625
1588.458348
1900.106648
2099.182368
2371.726508
2539.400403
2592.131769
2669.747600
2600.426591
2502.073705
2252.636568
1836.118023
1493.067899
937.314848
375.044437
-73.468420
-801.042778
-1341.391160
-1735.987676
-2392.463562
-2683.374807
-2986.728285
-3500.414741
-3498.044792
-3699.490461
-4000.473990
-3831.022633
-4044.910534
-4174.072757
-3934.707904
-4175.850219
-4166.962910
-3947.742624
-4174.665245
-3977.959474
-3754.591776
-3850.574713
-3423.983884
-3137.220050
-2999.763005
-2391.871075
-2037.563692
-1645.337125
-891.693329
-485.839554
2.962436
657.068373
975.234032
1469.960896
1924.991113
2054.745823
2323.735040
2442.232492
2409.645693
2511.553502
2422.680412
2267.448750
2205.237587
2028.083896
1926.176087
1865.149899
1712.880673
1640.597227
1571.276218
1488.920488
1464.628510
1410.712170
1362.720702
1317.099182
1242.445787
1189.121934
1128.688233
1071.216969
1004.858396
898.210688
833.629577
744.164000
673.065529
673.065529
611.446854
615.594265
680.175376
740.016590
950.942055
1153.572698
1330.133902
1655.409409
1888.849390
2160.801043
2510.368527
2595.686693
2760.990639
2889.560374
2717.146581
2704.111862
2450.527314
1948.690603
1719.990520
1163.052494
542.125844
200.260694
-586.562389
-1146.462851
-1420.784453
-2145.988861
-2441.640005
-2656.712881
-3274.084607
-3277.639531
-3428.723782
-3870.719280
-3669.866098
-3868.941818
-4154.520678
-3858.869534
-4115.416519
-4210.214480
-3878.421614
-4152.150729
-4052.020382
-3745.111980
-3977.366987
-3624.244579
-3242.090295
-3267.567247
-2689.892167
-2282.853419
-2045.266027
-1215.783861
-750.088873
-350.752459
446.735395
801.635265
1238.298377
1875.222183
2002.606944
2259.746415
2554.212584
2451.712288
2563.692381
2587.391871
2322.550065
2307.737884
2194.572817
1956.392938
1946.913141
1775.684323
1597.345657
1639.412253
1529.802109
1465.220998
1520.914800
1413.674606
1383.457756
1412.489631
1299.324565
1248.963147
1194.454319
1030.927835
923.095153
807.560137
626.851523
539.163408
466.879962
331.792866
316.980685
351.937433
386.301695
573.527669
796.895367
944.424695
1276.810049
1615.120275
1841.450409
2262.116364
2518.070861
2584.429435
2879.488091
2876.525655
2742.031046
2808.982107
2378.243868
1962.910297
1776.869297
1070.624482
591.894774
250.622112
-609.669392
-1001.895959
-1368.645574
-2135.916578
-2272.188648
-2593.909231
-3170.991824
-3050.124422
-3318.521152
-3640.834222
-3359.402773
-3647.351582
-3806.730655
-3542.481337
-3892.048821
-3901.528617
-3696.528025
-4081.644745
-3976.182012
-3813.248015
-4043.133073
-3666.903662
-3416.281550
-3401.469368
-2790.022515
-2415.570565
-2059.485721
-1238.890864
-834.222064
-343.050124
430.738239
769.048465
1274.440100
1822.490816
1906.624008
2219.457282
2450.527314
2326.104989
2457.637161
2377.058893
2085.555161
2093.849982
1887.071928
1657.186870
1692.143619
1482.403128
1396.492475
1522.692262
1407.157246
1455.741202
1589.050835
1485.365565
1560.018960
1606.825453
1439.744046
1440.336533
1350.870956
1099.656357
1030.927835
826.519730
552.198128
489.394478
298.613580
132.717147
168.858870
96.575424
147.529328
360.232255
449.697831
706.837303
1026.187937
1249.555635
1638.819765
1942.173243
2137.694040
2464.747008
2585.614409
2673.895011
2803.057234
2631.235928
2511.553502
2305.960422
1846.782794
1578.386065
1110.321128
492.949402
167.081408
-429.553265
-963.976774
-1182.604574
-1739.542600
-2055.338310
-2148.951298
-2620.571158
-2688.707193
-2729.588814
-3137.812537
-3081.526247
-3204.763598
-3563.810878
-3439.388553
-3649.129044
-3931.745467
-3783.623652
-4021.803531
-4121.933878
-3876.644152
-4020.026069
-3890.863846
-3513.449461
-3469.605403
-3024.054983
-2482.521626
-2235.454438
-1568.906269
-963.976774
-577.082593
166.488920
670.103093
988.268752
1565.943832
1819.528380
1991.942173
2331.437374
2285.815855
2281.668444
2373.503970
2147.173836
2085.555161
2051.783387
1794.051428
1769.759450
1731.840265
1583.718450
1680.293874
1674.369001
1629.339969
1765.019552
1749.022396
1725.322906
1779.239246
1656.594383
1536.911956
1439.744046
1198.601730
983.528854
798.672829
505.391634
268.396729
105.462733
-107.240194
-228.700083
-261.879370
-331.200379
-270.174191
-109.610143
13.034720
262.471857
585.969902
818.817395
1136.390568
1475.293281
1674.961488
1939.210807
2158.431094
2174.428250
2262.708852
2279.890982
2095.034957
2043.488565
1866.927361
1472.923332
1299.324565
991.823676
521.388790
334.162815
-71.690959
-550.420666
-678.397914
-1080.104278
-1421.376940
-1463.443536
-1875.222183
-2090.295059
-2076.075364
-2480.744164
-2589.761820
-2626.496030
-3075.008887
-3121.222894
-3229.055575
-3643.204171
-3590.472805
-3741.557057
-4028.913378
-3830.430146
-3906.268515
-3937.670340
-3546.628747
-3471.975353
-3214.243394
-2631.235928
-2384.761228
-1871.074772
-1204.526603
-886.360943
-272.544140
319.350634
606.114469
1144.685389
1497.807797
1616.897737
1965.280246
2075.482877
2049.413438
2204.052613
2113.994549
2015.049176
2084.370186
1958.762887
1914.918829
1987.202275
1901.884109
1951.060552
2060.670696
2026.898922
2086.147648
2132.361654
2048.820950
2023.936485
1926.176087
1702.808390
1497.807797
1219.338784
873.326223
569.380258
240.549828
-116.127503
-395.189003
-625.666548
-831.259628
-929.020026
-977.011494
-991.231189
-881.028558
-732.314255
-574.712644
-287.356322
-18.367105
238.179879
590.117312
840.739424
1105.581230
1411.304657
1565.351345
1763.834578
1933.285934
1920.251215
2015.641664
2042.303590
1942.173243
1957.577912
1807.678635
1625.192558
1590.828297
1348.501007
1145.870364
1035.075246
668.325631
432.515701
249.437137
-184.856026
-433.108188
-740.609077
-1238.890864
-1465.813485
-1835.525536
-2320.772603
-2538.215428
-2954.141486
-3354.070387
-3496.859818
-3865.386894
-4098.234388
-4113.046569
-4353.596398
-4341.154165
-4176.442706
-4193.624837
-3918.710748
-3596.397677
-3414.504088
-2920.962199
-2498.518782
-2161.986017
-1550.539163
-1120.985899
-713.947150
-115.535016
250.029624
661.808271
1171.347316
1423.154402
1773.906861
2141.841450
2279.298495
2554.212584
2760.990639
2798.909823
2967.176206
3011.020263
2949.994075
3011.612750
2922.739661
2791.207489
2757.435715
2558.359995
2388.316151
2265.671288
1985.424813
1757.317218
1537.504444
1180.827112
894.655765
562.270411
141.604456
-186.633487
-556.345539
-945.017182
-1221.116246
-1492.475412
-1726.507880
-1827.823202
-1904.254059
-1906.624008
-1798.198839
-1653.631947
-1440.929020
-1155.942647
-849.034246
-516.056405
-154.639175
226.330134
590.709800
984.121341
1361.535727
1676.146463
2013.864202
2327.882451
2548.880199
2774.025358
2971.323617
3041.237113
3122.407868
3136.627563
2989.098234
2906.742505
2737.291148
2381.798791
2148.358810
1786.349093
1275.625074
967.531698
489.986965
-78.800806
-415.926058
-994.193625
-1541.651854
-1838.487973
-2433.937670
-2896.077734
-3151.439744
-3728.522337
-4030.690840
-4194.809812
-4649.247541
-4724.493423
-4767.152506
-5021.329541
-4822.253822
-4697.239009
-4667.022159
-4201.919659
-3912.193388
-3607.062448
-2927.479559
-2496.148833
-1982.462377
-1233.558478
-776.750800
-174.783742
527.906150
937.314848
1486.550539
2000.236995
2257.376466
2657.897855
2941.106766
3045.384524
3277.047043
3343.998104
3303.708970
3377.769878
3275.269582
3149.069795
3084.488683
2851.048702
2646.048110
2449.934826
2121.104396
1842.635383
1519.729826
1109.728641
772.010902
368.527077
-70.505984
-430.738239
-827.112217
-1222.301221
-1517.359877
-1844.412845
-2108.662164
-2250.859107
-2407.868231
-2459.414623
-2401.350871
-2340.324683
-2162.578505
-1875.814670
-1616.897737
-1257.257969
-836.592013
-463.325039
-8.887309
454.437730
841.924399
1270.292689
1678.516412
2012.679227
2371.134021
2681.004858
2923.332148
3172.769285
3389.027136
3533.594028
3671.643560
3776.513805
3775.921318
3771.773907
3710.747719
3499.229767
3277.047043
3013.982699
2574.357151
2141.248963
1661.926769
996.563574
421.258443
-171.228819
-899.988150
-1459.888612
-2060.078208
-2736.698661
-3135.442588
-3586.917881
-4045.503022
-4219.694277
-4521.270293
-4760.635146
-4716.198602
-4835.881029
-4828.178694
-4616.660742
-4619.623178
-4428.249793
-4092.902003
-3952.482522
-3578.030572
-3167.436900
-2920.962199
-2398.980922
-1913.733855
-1529.802109
-884.583481
-359.639768
113.165067
779.120749
1253.703045
1744.282498
2304.775447
2624.718569
2969.546155
3269.937196
3358.810286
3488.564996
3485.602560
3317.928665
3202.986136
2936.959355
2628.865979
2368.171584
1962.910297
1599.123119
1271.477663
867.401351
572.935182
257.139472
-91.835526
-324.683019
-617.371727
-869.178813
-1042.777580
-1298.139590
-1471.738358
-1625.785046
-1823.675791
-1902.476597
-2012.679227
-2106.884702
-2073.112928
-2075.482877
-1989.572224
-1782.794170
-1628.154995
-1338.428724
-953.312004
-610.261879
-123.829838
353.122408
772.010902
1314.136746
1768.574476
2161.986017
2615.831260
2917.407276
3171.584311
3447.683375
3559.070980
3666.311174
3776.513805
3726.152388
3716.080104
3681.715843
3536.556464
3461.903069
3324.446024
3087.451120
2897.855196
2631.235928
2269.818699
1965.280246
1548.761702
1052.849864
589.524825
16.589643
-556.345539
-1073.586918
-1682.663823
-2268.041237
-2778.172769
-3323.853537
-3749.851878
-4080.459770
-4431.804716
-4637.397796
-4768.929968
-4856.618083
-4781.372200
-4668.207134
-4529.565114
-4259.390923
-4006.991350
-3718.450053
-3310.818817
-2982.580875
-2628.865979
-2218.864794
-1892.996801
-1500.177746
-1077.734329
-741.794051
-329.422917
86.503140
434.293163
870.363787
1280.957459
1602.085555
1979.499941
2285.223368
2500.888731
2737.883636
2865.860884
2882.450527
2900.225145
2801.279772
2622.941107
2451.712288
2153.098708
1803.531224
1485.365565
1088.399099
696.172532
364.972153
-26.069440
-379.191847
-633.961370
-907.097997
-1107.951179
-1227.633606
-1374.570447
-1434.411660
-1428.486788
-1453.963740
-1420.784453
-1363.313189
-1334.281313
-1243.038275
-1146.462851
-1073.586918
-943.239720
-787.415571
-634.553857
-425.405854
-175.968717
87.688115
397.558952
740.609077
1075.364380
1440.336533
1812.418533
2145.396374
2476.596753
2768.692973
2983.765849
3170.991824
3307.263894
3369.475056
3386.657187
3325.630999
3221.945728
3108.188174
2944.661690
2765.138050
2551.842635
2293.518189
2062.448157
1812.418533
1549.354189
1293.992179
973.456571
658.845835
373.266975
23.107003
-308.685863
-649.958526
-1065.292096
-1417.822017
-1761.464629
-2159.023581
-2471.856855
-2795.354900
-3125.962792
-3314.373741
-3506.932101
-3666.903662
-3692.380614
-3743.927006
-3725.559900
-3577.438085
-3464.273018
-3278.232018
-3030.572343
-2831.496623
-2548.287712
-2248.489157
-2013.271715
-1708.733262
-1429.079275
-1208.674014
-931.982462
-690.247660
-472.804835
-219.220287
-13.627207
184.856026
412.371134
604.929494
794.525418
981.158905
1118.615950
1248.963147
1363.905676
1430.264249
1470.553383
1470.553383
1416.044555
1336.651262
1236.520915
1104.988743
947.387131
769.048465
588.339851
404.076312
225.145159
69.913497
-85.910653
-205.593080
-299.798554
-373.859462
-390.449105
-397.558952
-398.151440
-353.122408
-314.018249
-266.026780
-171.228819
-127.384761
-72.875933
21.329541
51.546392
113.757554
207.370542
234.032468
324.683019
433.108188
501.836711
652.920962
795.117905
901.173125
1087.214125
1243.038275
1376.347909
1577.793577
1695.106055
1792.866453
1916.696291
1954.615476
2002.014457
2045.266027
2004.384406
1976.537504
1939.210807
1861.002488
1817.158431
1737.765138
1644.152151
1585.495912
1477.070743
1397.677450
1325.986491
1210.451475
1115.653513
982.936367
822.372319
681.360351
460.362602
229.292570
-1.777462
-315.203223
-597.227160
-887.545918
-1258.442943
-1547.576727
-1852.115180
-2201.090177
-2421.495438
-2682.189833
-2929.257021
-3041.237113
-3213.058419
-3336.295770
-3331.555872
-3407.394241
-3389.027136
-3288.896789
-3291.266738
-3177.509184
-3020.500059
-2931.034483
-2728.996327
-2523.995734
-2372.318995
-2095.034957
-1831.970613
-1602.678042
-1271.477663
-959.829364
-676.620453
-303.945965
27.254414
331.792866
680.767863
970.494134
1241.260813
1528.617135
1730.062804
1895.959237
2066.003081
2148.358810
2181.538097
2208.200024
2150.136272
2050.005925
1957.577912
1793.458941
1625.192558
1465.220998
1253.703045
1067.662045
909.467946
703.874867
533.831023
400.521389
219.220287
87.095627
-25.476952
-190.188411
-290.318758
-387.486669
-521.388790
-590.709800
-671.880555
-768.455978
-773.788364
-788.600545
-795.117905
-709.207252
-648.773551
-536.793459
-350.159972
-188.410949
29.031876
283.208911
513.686456
789.785520
1061.737173
1292.214717
1553.501600
1768.574476
1948.690603
2132.361654
2255.006517
2355.136865
2443.417467
2467.116957
2478.966702
2471.264368
2407.868231
2361.654224
2291.148240
2180.945610
2094.442469
1965.872734
1802.938737
1673.776514
1489.512975
1275.032587
1073.586918
782.083185
488.801991
202.630643
-186.041000
-546.273255
-904.135561
-1352.648418
-1733.617727
-2106.292215
-2529.920607
-2838.606470
-3150.847257
-3464.865505
-3626.614528
-3800.805783
-3954.259983
-3941.817751
-3958.999882
-3943.595213
-3783.031165
-3675.198483
-3518.781846
-3248.607655
-3066.714066
-2814.314492
-2484.299088
-2256.783979
-1933.878422
-1579.571039
-1312.951772
-948.572106
-574.120156
-286.763835
97.760398
444.957933
715.724612
1081.881740
1365.683138
1569.498756
1851.522692
2008.531817
2115.772011
2268.633724
2276.336059
2259.746415
2272.781135
2156.061145
2052.375874
1952.245527
1729.470316
1557.056523
1376.940396
1128.095746
939.092310
726.389383
472.804835
306.908401
108.425169
-103.092784
-228.107596
-381.561796
-513.093968
-573.527669
-665.955682
-716.909586
-702.689892
-721.649485
-689.655172
-628.036497
-588.932338
-500.059249
-402.298851
-315.795710
-179.523640
-55.693803
71.098471
250.029624
396.373978
552.790615
731.129281
878.658609
1041.592606
1207.489039
1335.466287
1468.183434
1574.238654
1657.186870
1750.207371
1795.828890
1826.045740
1850.337718
1828.415689
1809.456097
1785.756606
1708.140775
1634.672355
1537.504444
1419.599479
1301.102026
1164.829956
1014.930679
855.551606
700.319943
548.050717
395.781491
246.474701
100.130347
-52.138879
-178.931153
-325.867994
-487.617016
-614.409290
-785.638109
-966.939211
-1116.246001
-1333.688826
-1539.874393
-1706.955800
-1945.135680
-2128.806731
-2275.151084
-2491.408935
-2609.313900
-2694.632065
-2839.198957
-2848.678753
-2843.938855
-2879.488091
-2767.507999
-2680.412371
-2624.126081
-2406.683256
-2250.859107
-2116.956985
-1830.785638
-1653.631947
-1454.556227
-1144.092902
-965.161749
-739.424102
-433.700675
-270.766679
-29.624363
248.252163
388.671644
635.146344
878.066122
995.971087
1233.558478
1425.524351
1507.880081
1701.030928
1797.013864
1829.600664
1954.022989
1951.653039
1911.363906
1935.063396
1824.268278
1719.990520
1661.334281
1465.220998
1300.509539
1171.347316
936.722360
777.343287
612.631828
381.561796
248.252163
93.020500
-87.095627
-154.639175
-263.656831
-369.712051
-391.041593
-459.770115
-504.799147
-488.801991
-523.166252
-531.461074
-508.946558
-530.868586
-507.761583
-473.989809
-454.437730
-388.079156
-312.833274
-248.844650
-127.384761
4.739898
135.679583
292.096220
449.105344
610.261879
785.638109
943.832208
1081.289252
1214.006399
1329.541415
1413.674606
1485.365565
1532.172058
1532.764546
1550.539163
1532.172058
1481.218154
1440.929020
1369.238061
1279.179998
1219.931271
1119.208437
1020.263064
945.609669
835.407039
745.348975
667.140656
545.088281
446.735395
327.645456
167.673895
39.696647
-150.491764
-369.712051
-544.495793
-799.857803
-1057.589762
-1269.107714
-1556.464036
-1791.681479
-1994.312122
-2255.006517
-2404.905795
-2544.732788
-2723.071454
-2749.140893
-2799.502311
-2865.860884
-2772.247897
-2740.846072
-2690.484655
-2487.854011
-2395.425998
-2243.156772
-1978.314966
-1829.600664
-1598.530632
-1298.732077
-1129.280720
-847.849271
-548.050717
-367.342102
-59.248726
215.665363
393.411542
695.580045
924.280128
1080.104278
1350.870956
1513.212466
1631.117431
1835.525536
1906.624008
1946.320654
2051.190899
2021.566536
1972.390094
1964.095272
1826.638227
1702.215902
1599.123119
1371.608010
1193.269345
1028.557886
764.901055
569.972746
382.154284
122.644863
-54.508828
-222.775210
-434.293163
-560.492949
-683.137813
-831.852115
-892.285816
-946.202157
-1006.635857
-988.268752
-972.864083
-957.459415
-856.144093
-775.565825
-697.357507
-557.530513
-440.810523
-327.645456
-161.749022
-33.771774
88.873089
254.177035
369.119564
488.209503
631.591421
731.129281
840.739424
965.754236
1045.147529
1141.722953
1247.185686
1306.434412
1376.347909
1440.336533
1458.111151
1480.625667
1491.290437
1448.631354
1385.235217
1318.876644
1195.046806
1067.069558
945.017182
763.716080
597.227160
450.290319
273.729115
121.459889
0.592487
-130.939685
-220.997749
-280.838962
-363.194691
-389.856618
-396.373978
-440.810523
-434.885650
-422.443417
-455.622704
-473.397322
-482.877118
-560.492949
-609.076905
-657.660860
-786.823083
-867.401351
-945.609669
-1086.621638
-1161.867520
-1236.520915
-1363.905676
-1389.382628
-1424.931864
-1495.437848
-1449.223842
-1436.189122
-1445.076431
-1328.356440
-1280.364972
-1245.408224
-1102.026306
-1045.740017
-988.861239
-849.626733
-812.892523
-751.866335
-623.889086
-607.299443
-532.646048
-415.926058
-397.558952
-288.541296
-161.749022
-114.350041
38.511672
180.708615
269.581704
463.917526
607.891930
718.687048
903.543074
1003.673421
1086.029150
1213.413912
1235.928428
1252.518071
1280.364972
1208.674014
1155.350160
1088.991587
942.647233
846.071809
726.981870
561.085437
466.879962
336.532765
200.853182
128.569736
14.812182
-71.098471
-111.980092
-205.000592
-250.029624
-273.729115
-353.714895
-367.342102
-394.004029
-464.510013
-463.325039
-487.617016
-521.981277
-500.651736
-516.648892
-522.573765
-478.137220
-457.400166
-417.111032
-334.755303
-274.914089
-177.153691
-49.768930
49.768930
191.373385
335.347790
452.660268
615.001777
757.198720
875.103685
1015.523166
1125.725797
1218.746297
1312.359284
1361.535727
1406.564759
1443.298969
1433.226686
1431.449224
1409.527195
1343.761109
1305.249437
1253.703045
1171.347316
1109.728641
1029.150373
942.647233
882.213532
790.378007
708.614765
638.108781
530.868586
441.403010
350.752459
221.590236
111.387605
-5.924873
-174.191255
-315.795710
-475.767271
-678.397914
-840.739424
-1022.633013
-1218.153810
-1382.272781
-1570.091243
-1744.282498
-1870.482285
-2012.086740
-2125.251807
-2186.277995
-2255.599005
-2288.778291
-2281.668444
-2266.856263
-2218.864794
-2137.101552
-2055.338310
-1945.135680
-1802.938737
-1665.481692
-1505.510132
-1318.284157
-1150.610262
-967.531698
-749.496386
-564.047873
-364.379666
-139.234506
52.731366
254.769522
460.955089
633.368883
833.037090
1025.002962
1160.090058
1306.434412
1432.041711
1508.472568
1594.975708
1644.744638
1647.114587
1642.374689
1592.605759
1513.212466
1424.931864
1286.289845
1127.503259
979.973931
792.155469
593.079749
408.223723
199.075720
5.332385
-171.821306
-351.937433
-523.758739
-662.400758
-788.008058
-904.728048
-978.196469
-1041.000118
-1067.662045
-1060.552198
-1045.147529
-1007.228345
-934.352411
-854.959118
-744.756488
-615.594265
-490.579453
-347.197535
-179.523640
-23.699490
136.864557
322.313070
481.692144
651.735988
826.519730
975.826520
1144.685389
1298.139590
1429.079275
1584.310937
1701.030928
1796.421377
1903.661571
1959.355374
1992.534661
2035.193743
2012.086740
1964.687759
1914.918829
1794.051428
1671.999052
1540.466880
1340.798673
1161.275033
959.829364
716.909586
508.946558
292.096220
52.731366
-141.604456
-343.642612
-542.125844
-681.952838
-840.739424
-979.973931
-1064.107122
-1166.014931
-1252.518071
-1288.067307
-1355.018367
-1394.715014
-1401.232374
-1444.483944
-1462.258561
-1463.443536
-1487.735514
-1482.995616
-1478.848205
-1487.735514
-1460.481100
-1432.041711
-1411.897144
-1355.018367
-1298.732077
-1251.333096
-1155.942647
-1064.699609
-982.343880
-868.586325
-772.603389
-674.842991
-566.417822
-478.729707
-391.634080
-295.651144
-233.439981
-162.933997
-93.020500
-56.286290
1.184975
49.176443
82.355729
138.642019
175.968717
215.665363
278.469013
321.720583
366.749615
431.330726
468.657424
511.908994
556.345539
565.825335
596.634672
608.484418
604.929494
616.779239
593.672236
560.492949
545.088281
499.466761
457.400166
433.108188
379.191847
343.642612
316.388198
258.324446
228.107596
192.558360
143.974405
126.792274
106.055220
61.618675
58.063752
46.214006
21.329541
34.956748
29.624363
22.514516
33.179287
34.956748
34.364261
49.176443
47.398981
56.878777
70.505984
67.543548
85.910653
107.240194
119.682427
136.864557
176.561204
208.555516
249.437137
290.318758
340.680175
396.966465
453.252755
510.724019
568.195284
633.368883
686.100249
747.126437
804.005214
841.331911
879.843583
918.355255
934.944899
939.684797
937.314848
915.392819
878.066122
831.852115
756.606233
678.990402
592.487262
478.137220
376.229411
263.656831
140.419481
26.661927
-91.243038
-218.035312
-330.015405
-443.772959
-551.605640
-651.735988
-744.756488
-840.739424
-931.982462
-1018.485603
-1102.026306
-1173.124778
-1248.370660
-1312.359284
-1375.755421
-1424.931864
-1462.258561
-1485.958052
-1495.437848
-1493.067899
-1477.070743
-1440.336533
-1381.680294
-1304.064463
-1215.191373
-1112.098590
-993.008650
-867.993838
-725.796895
-579.452542
-431.923214
-284.986373
-133.902121
10.072283
147.529328
285.578860
404.668800
511.316507
610.854367
694.395071
760.753644
805.190188
838.961962
869.771300
883.990994
874.511198
861.476478
847.256784
808.152625
760.161157
712.169688
650.551013
588.339851
522.573765
439.625548
359.639768
273.136628
173.598768
79.985780
-20.144567
-122.644863
-206.185567
-289.726271
-366.157128
-423.628392
-478.729707
-519.611328
-530.276099
-540.940870
-526.721175
-487.617016
-451.475293
-390.449105
-311.055812
-225.145159
-125.014812
-22.514516
71.690959
184.263538
299.798554
402.298851
504.799147
602.559545
686.692736
779.713236
854.959118
916.577794
976.419007
1019.078090
1051.072402
1071.809456
1075.956867
1075.956867
1073.586918
1046.924991
1014.338192
980.566418
911.245408
843.109373
770.825927
670.695580
576.490105
469.842398
348.382510
229.292570
112.572580
-20.737054
-139.826994
-255.954497
-382.154284
-482.877118
-583.599953
-691.432634
-770.233440
-843.701860
-914.800332
-955.089466
-994.193625
-1022.633013
-1029.150373
-1032.112810
-1019.078090
-987.083778
-959.829364
-918.355255
-857.921555
-794.525418
-726.981870
-645.218628
-572.342695
-487.024529
-397.558952
-318.758147
-233.439981
-163.526484
-91.835526
-24.884465
27.254414
77.023344
129.162223
165.303946
196.113284
220.997749
229.292570
238.179879
240.549828
225.737647
215.665363
190.780898
157.601612
126.792274
93.020500
45.621519
9.479796
-31.994312
-85.318166
-129.754710
-179.523640
-216.850338
-251.214599
-292.096220
-322.313070
-344.235099
-373.266975
-378.599360
-377.414386
-376.821898
-364.972153
-346.605048
-316.980685
-284.393886
-241.734803
-190.780898
-130.939685
-57.471264
7.109847
77.615831
164.118971
231.662519
296.836118
370.897026
417.703519
463.325039
515.463918
537.978433
565.232847
585.377414
582.414978
590.117312
586.562389
558.715488
542.125844
516.648892
478.729707
462.732551
426.590828
394.004029
372.674487
332.385354
296.836118
267.804242
228.107596
199.075720
172.413793
127.384761
102.500296
68.728522
31.994312
9.479796
-15.404669
-37.326697
-57.471264
-77.615831
-79.393293
-85.910653
-89.465576
-71.690959
-63.396137
-50.361417
-25.476952
-9.479796
8.294822
37.919185
55.101315
77.615831
100.130347
101.907809
127.977248
135.679583
113.165067
125.014812
113.757554
93.612987
90.058064
63.396137
34.364261
21.329541
-15.404669
-47.991468
-61.026188
-104.277758
-125.014812
-132.124659
-163.526484
-172.413793
-173.006280
-190.188411
-187.225975
-181.893589
-184.856026
-177.153691
-170.636331
-171.821306
-157.601612
-148.714303
-148.121815
-136.864557
-138.049532
-133.902121
-126.199787
-126.199787
-126.199787
-125.014812
-122.052376
-126.199787
-124.422325
-131.532172
-149.306790
-161.156535
-173.598768
-202.038156
-225.145159
-252.992061
-293.873682
-329.422917
-369.119564
-411.778647
-453.845242
-496.504325
-542.125844
-574.712644
-594.857211
-626.851523
-632.776395
-632.776395
-639.886242
-618.556701
-590.117312
-551.605640
-491.764427
-437.848086
-375.044437
-290.911245
-207.370542
-120.867401
-20.737054
69.913497
164.711459
269.581704
354.307382
447.920370
538.570921
606.114469
686.100249
752.458822
796.895367
849.034246
889.915867
915.392819
935.537386
939.684797
936.129873
926.057590
904.135561
866.216376
821.779832
767.863491
703.282379
641.663704
571.750207
491.764427
408.816210
327.645456
239.957341
158.194099
77.615831
1.184975
-63.988624
-127.977248
-186.041000
-233.439981
-274.321602
-301.576016
-320.535608
-332.385354
-331.792866
-322.313070
-310.463325
-285.578860
-252.399573
-222.775210
-184.856026
-146.344354
-109.610143
-58.656239
-20.144567
5.924873
53.916341
82.948217
101.315322
127.384761
145.751866
161.156535
173.006280
166.488920
159.971561
155.231663
132.124659
116.719991
92.428013
49.176443
16.589643
-30.809338
-76.430857
-120.867401
-175.376229
-231.070032
-278.469013
-339.495201
-395.781491
-436.070624
-491.171940
-535.015997
-569.380258
-610.854367
-632.776395
-648.773551
-662.993246
-664.178220
-656.475886
-648.773551
-628.628984
-606.706956
-584.192440
-542.718332
-506.576609
-465.694988
-411.186159
-367.342102
-318.165659
-260.694395
-206.778054
-150.491764
-86.503140
-25.476952
35.549236
104.870245
161.749022
219.220287
291.503733
343.642612
396.373978
453.845242
494.726863
535.015997
581.822491
607.299443
626.851523
649.366039
652.920962
652.328475
652.328475
639.886242
631.591421
612.039341
579.452542
564.047873
533.831023
494.726863
466.879962
428.960777
383.339258
340.680175
293.873682
245.289726
193.150847
133.309634
74.060908
24.291978
-31.994312
-86.503140
-138.049532
-196.113284
-238.772366
-277.876526
-316.980685
-357.862306
-382.154284
-401.706363
-417.111032
-429.553265
-432.515701
-420.073468
-406.446261
-390.449105
-366.749615
-334.162815
-303.353478
-270.174191
-227.515108
-197.298258
-162.341510
-122.644863
-82.355729
-47.398981
-15.997156
14.812182
36.141723
65.173599
78.800806
90.058064
104.870245
112.572580
115.535016
112.572580
103.685271
100.130347
88.873089
79.393293
64.581112
42.066596
22.514516
4.739898
-24.884465
-43.251570
-57.471264
-84.725678
-101.907809
-117.904965
-139.826994
-148.714303
-157.009124
-161.749022
-157.009124
-148.121815
-140.419481
-120.274914
-116.127503
-91.243038
-53.323854
-34.364261
-1.184975
39.696647
65.173599
107.240194
146.344354
169.451357
218.627800
242.919777
265.434293
303.945965
311.055812
322.905558
341.272663
342.457637
344.235099
333.570328
319.943121
311.055812
298.021093
277.284038
260.101908
233.439981
199.668207
178.931153
141.604456
104.870245
74.653395
42.659083
11.257258
-19.552080
-52.138879
-78.208319
-102.500296
-129.162223
-143.381917
-167.673895
-186.041000
-198.483233
-209.740491
-224.552672
-227.515108
-236.994905
-239.364854
-245.882214
-251.214599
-244.697239
-251.807086
-252.992061
-247.067188
-242.327290
-252.992061
-251.214599
-251.807086
-251.807086
-252.399573
-251.807086
-251.807086
-251.807086
-250.622112
-252.992061
-247.067188
-238.772366
-241.142315
-231.070032
-220.405261
-213.887901
-199.075720
-184.856026
-173.598768
-156.416637
-142.789430
-129.754710
-108.425169
-81.170755
-46.806494
-23.107003
10.072283
56.286290
98.945373
147.529328
200.853182
253.584548
299.798554
343.050124
396.373978
445.550421
479.322195
510.724019
537.978433
557.530513
562.270411
569.972746
572.935182
555.160564
535.608484
507.169096
476.359758
439.625548
398.151440
351.344946
305.130940
247.067188
187.225975
133.309634
77.023344
28.439389
-22.514516
-85.910653
-143.974405
-187.225975
-228.700083
-271.951653
-303.353478
-336.532765
-363.194691
-380.376822
-389.856618
-389.264131
-381.561796
-370.897026
-349.567484
-315.203223
-293.281194
-252.992061
-203.223131
-159.379073
-115.535016
-63.396137
-14.219694
30.809338
81.170755
104.870245
139.234506
173.598768
190.780898
214.480389
228.700083
228.700083
232.255007
228.700083
209.740491
205.593080
181.893589
148.714303
117.904965
85.910653
46.806494
10.072283
-29.624363
-75.245882
-121.459889
-169.451357
-202.630643
-246.474701
-289.726271
-321.128096
-352.529921
-384.524233
-407.038749
-427.775803
-435.478137
-436.663112
-446.735395
-433.700675
-425.405854
-415.926058
-384.524233
-361.417230
-334.162815
-291.503733
-258.916933
-219.220287
-164.118971
-120.274914
-72.283446
-7.109847
40.881621
95.390449
158.194099
206.185567
254.769522
305.723427
346.605048
382.746771
418.888494
442.587984
473.989809
489.986965
492.949402
502.429198
504.799147
502.429198
492.356914
479.322195
453.252755
436.663112
412.963621
379.191847
339.495201
294.466169
247.659675
205.593080
157.009124
98.945373
52.138879
-1.184975
-53.323854
-97.760398
-146.344354
-189.003436
-231.070032
-268.989217
-291.503733
-312.240787
-333.570328
-343.050124
-347.197535
-356.084844
-343.050124
-335.347790
-318.165659
-289.133784
-270.174191
-247.067188
-213.295414
-172.413793
-144.566892
-105.462733
-68.136035
-30.216850
8.294822
45.621519
84.725678
113.165067
146.936841
175.968717
197.298258
217.442825
237.587392
239.957341
241.142315
235.809930
228.700083
222.182723
198.483233
175.376229
151.084252
117.904965
89.465576
58.656239
23.699490
2.962436
-27.846901
-58.063752
-80.578268
-104.870245
-124.422325
-142.196943
-155.824150
-174.191255
-183.671051
-199.668207
-205.593080
-209.148003
-216.850338
-221.590236
-229.885057
-218.035312
-218.035312
-208.555516
-190.780898
-176.561204
-155.824150
-138.642019
-122.644863
-94.797962
-71.690959
-50.953904
-30.216850
-15.997156
0.592487
15.404669
28.439389
34.364261
34.364261
33.771774
35.549236
30.809338
23.107003
21.922029
26.661927
35.549236
33.179287
43.844057
53.916341
61.026188
70.505984
85.910653
93.020500
105.462733
115.535016
113.757554
122.644863
130.347198
137.457045
137.457045
136.864557
138.642019
136.272070
139.826994
148.714303
149.306790
158.786586
161.749022
171.821306
171.821306
171.821306
171.228819
181.301102
180.708615
168.266382
155.231663
138.049532
118.497452
95.982936
74.060908
39.696647
18.959592
-10.072283
-39.696647
-61.618675
-85.318166
-109.610143
-127.384761
-139.234506
-148.121815
-156.416637
-161.749022
-159.379073
-161.156535
-159.971561
-161.156535
-154.639175
-147.529328
-138.049532
-126.199787
-116.719991
-109.610143
-99.537860
-84.133191
-78.208319
-63.396137
-41.474108
-28.439389
-5.924873
26.069440
43.251570
62.803650
84.725678
102.500296
121.459889
133.309634
140.419481
149.899277
139.826994
126.199787
114.942529
96.575424
70.505984
51.546392
26.661927
-2.369949
-29.031876
-68.136035
-98.945373
-120.867401
-151.084252
-179.523640
-201.445669
-225.145159
-244.697239
-254.769522
-270.174191
-275.506577
-282.616424
-287.356322
-286.171347
-284.986373
-273.729115
-263.656831
-250.622112
-232.847494
-212.110440
-183.671051
-151.084252
-114.942529
-70.505984
-30.809338
17.774618
63.396137
113.165067
170.043844
218.035312
264.841806
311.648300
352.529921
389.264131
416.518545
439.033061
454.437730
459.770115
464.510013
459.177628
448.512857
433.700675
413.556109
389.856618
364.972153
332.977841
300.983529
270.766679
234.032468
191.965873
143.974405
109.017656
72.875933
19.552080
-26.661927
-74.653395
-127.384761
-171.821306
-208.555516
-253.584548
-289.726271
-321.128096
-350.159972
-366.157128
-382.746771
-389.856618
-388.671644
-389.856618
-380.376822
-353.122408
-328.830430
-303.945965
-268.396729
-228.700083
-195.520796
-164.711459
-132.124659
-94.797962
-52.731366
-21.922029
13.034720
48.583955
78.800806
110.795118
133.902121
152.861713
171.228819
191.373385
196.113284
206.778054
216.850338
218.035312
216.257850
202.038156
185.448513
170.636331
153.454201
123.237350
91.835526
53.916341
12.442232
-24.884465
-61.618675
-103.685271
-145.751866
-169.451357
-195.520796
-225.145159
-240.549828
-256.546984
-272.544140
-281.431449
-277.284038
-268.396729
-260.694395
-239.957341
-223.367698
-201.445669
-174.191255
-151.084252
-118.497452
-86.503140
-56.286290
-15.997156
19.552080
52.138879
94.205475
125.014812
167.081408
200.260694
231.070032
264.249319
288.541296
308.685863
325.275507
340.087688
350.752459
356.084844
353.714895
356.084844
347.790023
331.792866
314.610736
293.873682
266.026780
234.032468
202.038156
171.821306
132.124659
95.390449
64.581112
21.329541
-8.887309
-43.844057
-84.133191
-116.719991
-144.566892
-165.303946
-182.486077
-206.185567
-227.515108
-238.179879
-245.882214
-260.694395
-263.656831
-263.064344
-263.656831
-263.064344
-249.437137
-233.439981
-223.367698
-207.370542
-191.373385
-168.266382
-149.899277
-122.644863
-94.205475
-75.245882
-51.546392
-27.254414
-4.739898
20.737054
46.806494
66.951061
87.688115
98.945373
109.610143
124.422325
126.199787
136.864557
135.087096
125.607299
125.014812
114.942529
103.092784
86.503140
75.838369
65.766086
50.953904
30.809338
12.442232
0.592487
-12.442232
-28.439389
-39.104159
-49.176443
-58.063752
-55.693803
-62.211162
-69.321010
-68.136035
-69.321010
-61.026188
-48.583955
-46.214006
-43.251570
-34.364261
-31.401825
-21.329541
-14.219694
0.000000
11.257258
21.922029
31.401825
39.696647
46.806494
56.286290
66.358573
74.060908
80.578268
79.393293
80.578268
80.578268
76.430857
64.581112
57.471264
53.323854
32.586799
14.812182
5.332385
-11.849745
-23.699490
-36.141723
-52.731366
-62.211162
-74.653395
-80.578268
-80.578268
-79.393293
-81.170755
-76.430857
-68.728522
-64.581112
-51.546392
-45.029032
-33.771774
-15.997156
-2.962436
8.887309
22.514516
31.994312
43.844057
61.026188
69.913497
79.393293
97.760398
102.500296
109.610143
115.535016
113.757554
114.942529
113.757554
114.942529
113.165067
100.130347
88.280602
74.060908
57.471264
42.659083
24.291978
-8.294822
-27.846901
-47.398981
-77.615831
-95.390449
-119.682427
-134.494608
-145.159379
-161.749022
-174.191255
-183.078564
-183.078564
-183.671051
-178.338666
-168.858870
-161.749022
-146.936841
-132.124659
-111.980092
-91.835526
-69.321010
-46.806494
-19.552080
8.294822
30.809338
63.396137
81.170755
106.055220
127.384761
145.751866
165.303946
181.301102
196.705771
213.295414
216.850338
220.997749
229.292570
228.700083
220.997749
207.963029
191.965873
180.708615
166.488920
135.087096
117.904965
95.982936
63.396137
32.586799
0.000000
-30.216850
-63.988624
-88.873089
-114.350041
-143.974405
-164.118971
-186.041000
-211.517952
-216.257850
-223.960185
-228.700083
-232.847494
-240.549828
-230.477545
-223.960185
-213.295414
-202.038156
-183.671051
-165.303946
-145.751866
-127.977248
-105.462733
-81.170755
-58.063752
-33.771774
-11.257258
6.517360
31.994312
52.138879
74.060908
90.650551
106.647707
122.052376
132.717147
146.936841
150.491764
159.971561
160.564048
160.564048
151.676739
148.121815
136.864557
122.644863
111.980092
90.650551
77.023344
63.396137
47.398981
26.069440
9.479796
-5.332385
-22.514516
-34.364261
-47.398981
-58.063752
-65.173599
-71.098471
-77.615831
-82.948217
-91.243038
-91.835526
-91.835526
-90.650551
-77.615831
-69.321010
-65.766086
-54.508828
-46.214006
-42.659083
-26.661927
-17.182131
-5.924873
4.147411
15.404669
35.549236
47.398981
57.471264
71.098471
81.170755
87.688115
97.760398
101.907809
109.610143
116.127503
104.870245
101.315322
104.277758
100.130347
92.428013
87.688115
79.393293
71.098471
59.841213
53.323854
43.844057
27.846901
22.514516
14.812182
9.479796
2.962436
-10.664771
-10.664771
-14.219694
-25.476952
-34.956748
-33.179287
-37.326697
-46.214006
-44.436545
-53.916341
-58.063752
-66.951061
-78.208319
-81.763242
-90.650551
-91.835526
-91.243038
-91.835526
-90.650551
-98.945373
-94.205475
-90.650551
-84.725678
-78.800806
-82.355729
-75.245882
-68.136035
-68.136035
-69.321010
-68.728522
-69.321010
-67.543548
-69.913497
-63.396137
-56.286290
-56.878777
-48.583955
-40.289134
-34.364261
-28.439389
-20.144567
-7.109847
9.479796
11.257258
16.589643
29.031876
35.549236
45.029032
56.286290
58.656239
72.283446
82.355729
77.615831
87.095627
83.540704
82.948217
93.020500
90.650551
92.428013
91.243038
91.835526
91.243038
91.835526
91.243038
91.835526
90.058064
79.985780
80.578268
77.023344
68.136035
61.026188
52.731366
43.844057
29.031876
17.774618
9.479796
1.777462
-12.442232
-22.514516
-26.069440
-42.659083
-47.398981
-44.436545
-54.508828
-56.286290
-63.396137
-69.913497
-68.136035
-69.321010
-68.728522
-68.728522
-68.728522
-68.136035
-59.841213
-55.101315
-46.806494
-42.659083
-31.994312
-21.922029
-15.997156
-1.777462
9.479796
17.182131
27.846901
36.141723
43.251570
58.656239
68.136035
77.023344
79.393293
85.910653
92.428013
91.835526
89.465576
78.800806
72.875933
63.396137
58.063752
45.029032
31.994312
23.107003
10.072283
-5.924873
-21.922029
-37.919185
-53.916341
-69.321010
-82.355729
-90.650551
-105.462733
-114.942529
-122.644863
-135.087096
-138.049532
-137.457045
-138.049532
-136.864557
-138.049532
-135.679583
-123.829838
-114.350041
-114.942529
-102.500296
-79.985780
-65.766086
-45.029032
-20.144567
-5.924873
10.664771
29.624363
55.101315
75.838369
90.058064
111.387605
126.199787
136.272070
154.639175
159.379073
162.933997
172.413793
171.228819
172.413793
169.451357
156.416637
149.306790
141.011968
117.904965
103.685271
90.650551
66.358573
49.176443
33.179287
10.072283
-15.404669
-36.734210
-53.916341
-76.430857
-95.982936
-111.387605
-125.014812
-134.494608
-145.751866
-156.416637
-161.156535
-158.786586
-161.749022
-156.416637
-148.121815
-147.529328
-132.124659
-110.795118
-95.982936
-79.393293
-56.286290
-31.994312
-5.924873
18.959592
44.436545
68.136035
90.650551
110.795118
132.124659
146.344354
162.341510
174.783742
182.486077
190.780898
184.263538
183.078564
178.931153
166.488920
152.861713
131.532172
114.942529
94.205475
72.283446
52.138879
29.031876
1.184975
-17.774618
-42.066596
-64.581112
-85.910653
-106.055220
-123.829838
-141.011968
-147.529328
-164.118971
-171.821306
-177.153691
-184.263538
-182.486077
-184.856026
-177.746178
-167.081408
-155.824150
-146.344354
-125.014812
-104.870245
-78.800806
-53.916341
-33.771774
-13.034720
11.257258
31.994312
49.176443
73.468420
83.540704
100.130347
101.907809
108.425169
115.535016
114.350041
112.572580
103.092784
100.130347
86.503140
78.208319
66.358573
56.878777
43.251570
31.401825
17.774618
5.924873
-3.554924
-14.812182
-23.107003
-29.624363
-43.844057
-55.693803
-62.803650
-69.913497
-68.136035
-69.321010
-68.728522
-68.728522
-69.321010
-61.618675
-50.953904
-40.881621
-26.069440
-14.812182
0.592487
17.774618
39.104159
52.731366
70.505984
80.578268
95.982936
103.092784
104.870245
114.942529
122.052376
127.384761
123.829838
111.980092
103.685271
100.130347
89.465576
75.245882
63.988624
48.583955
34.364261
25.476952
14.219694
3.554924
-6.517360
-16.589643
-27.846901
-42.066596
-53.323854
-59.248726
-69.321010
-78.800806
-82.948217
-92.428013
-90.650551
-92.428013
-88.280602
-79.393293
-80.578268
-72.283446
-61.618675
-50.361417
-36.734210
-26.069440
-15.404669
1.184975
13.034720
26.069440
36.141723
42.659083
52.138879
58.063752
56.878777
56.878777
58.063752
52.731366
44.436545
35.549236
33.179287
18.959592
10.072283
0.000000
-18.367105
-24.291978
-33.771774
-40.289134
-52.731366
-66.951061
-69.913497
-80.578268
-98.352885
-103.092784
-105.462733
-122.052376
-126.199787
-126.199787
-125.607299
-126.792274
-119.089940
-114.350041
-106.055220
-90.650551
-81.763242
-62.211162
-49.176443
-30.809338
-11.257258
7.702334
31.401825
55.693803
71.690959
90.058064
107.240194
122.052376
138.642019
151.084252
159.971561
161.156535
170.043844
164.118971
171.821306
176.561204
162.933997
161.156535
155.824150
140.419481
133.902121
120.867401
100.722834
88.280602
71.098471
48.583955
24.291978
2.962436
-16.589643
-40.289134
-63.988624
-90.650551
-114.350041
-132.717147
-142.196943
-158.786586
-171.228819
-171.821306
-171.228819
-173.006280
-164.118971
-159.971561
-156.416637
-139.234506
-123.237350
-110.795118
-93.612987
-66.951061
-49.176443
-29.031876
-10.664771
8.294822
30.809338
46.806494
69.321010
87.688115
100.130347
114.942529
131.532172
142.196943
153.454201
160.564048
161.156535
172.413793
163.526484
159.971561
155.231663
143.381917
133.902121
119.089940
96.575424
68.136035
50.361417
24.291978
-5.924873
-21.329541
-46.214006
-72.875933
-90.650551
-116.719991
-136.864557
-148.121815
-154.639175
-162.933997
-171.821306
-171.228819
-177.746178
-175.376229
-169.451357
-161.749022
-147.529328
-132.124659
-116.127503
-100.130347
-85.318166
-65.173599
-46.806494
-26.661927
-6.517360
17.182131
45.029032
63.988624
86.503140
102.500296
119.089940
133.902121
144.566892
151.084252
159.971561
159.971561
159.971561
159.971561
152.269226
136.864557
121.459889
113.757554
88.280602
70.505984
54.508828
33.179287
8.294822
-9.479796
-29.031876
-47.398981
-67.543548
-84.133191
-100.130347
-113.757554
-118.497452
-131.532172
-137.457045
-137.457045
-137.457045
-137.457045
-138.049532
-135.087096
-123.237350
-114.350041
-100.130347
-88.280602
-75.245882
-53.916341
-42.066596
-25.476952
-2.962436
16.589643
39.104159
58.656239
75.245882
90.058064
107.832682
114.350041
120.274914
128.569736
136.864557
136.864557
138.049532
135.679583
126.199787
123.237350
106.647707
93.612987
82.355729
68.136035
59.248726
46.214006
33.179287
23.699490
10.664771
-2.962436
-10.072283
-19.552080
-33.179287
-39.104159
-51.546392
-58.063752
-56.878777
-67.543548
-65.173599
-55.101315
-59.248726
-50.361417
-45.621519
-42.066596
-32.586799
-25.476952
-13.627207
-4.147411
7.702334
17.182131
26.069440
32.586799
38.511672
45.621519
50.953904
57.471264
56.878777
56.878777
57.471264
56.286290
47.398981
40.881621
28.439389
21.329541
10.072283
-7.702334
-20.737054
-31.994312
-47.991468
-63.988624
-74.060908
-90.650551
-103.092784
-108.425169
-121.459889
-125.607299
-133.309634
-138.049532
-145.751866
-150.491764
-141.011968
-134.494608
-125.014812
-127.384761
-117.312478
-100.722834
-88.873089
-71.098471
-52.731366
-39.696647
-15.404669
5.924873
19.552080
40.881621
58.656239
72.875933
92.428013
111.387605
119.682427
132.717147
136.864557
144.566892
150.491764
148.121815
149.306790
147.529328
139.826994
125.607299
114.942529
107.832682
94.205475
74.060908
64.581112
46.214006
26.661927
11.849745
-10.072283
-26.069440
-41.474108
-55.693803
-65.766086
-72.283446
-87.095627
-93.612987
-90.650551
-93.020500
-84.133191
-79.393293
-80.578268
-65.173599
-53.916341
-39.696647
-29.624363
-10.664771
8.294822
26.661927
39.696647
57.471264
77.023344
91.835526
105.462733
113.757554
120.274914
134.494608
136.272070
126.199787
136.864557
127.384761
116.127503
106.647707
94.205475
80.578268
69.913497
52.138879
26.661927
6.517360
-15.997156
-33.179287
-55.693803
-79.393293
-98.352885
-120.867401
-144.566892
-155.824150
-175.376229
-189.003436
-195.520796
-205.000592
-206.185567
-205.593080
-206.778054
-199.668207
-188.410949
-173.006280
-151.676739
-135.087096
-118.497452
-95.390449
-72.283446
-46.806494
-21.329541
3.554924
37.326697
60.433701
81.763242
101.907809
124.422325
137.457045
149.306790
170.636331
171.228819
174.783742
184.263538
186.633487
183.078564
183.671051
181.301102
166.488920
155.231663
144.566892
123.829838
103.092784
86.503140
63.988624
44.436545
21.922029
2.369949
-23.699490
-48.583955
-69.913497
-90.058064
-111.980092
-125.014812
-127.977248
-136.864557
-145.751866
-149.306790
-148.714303
-139.234506
-136.864557
-130.939685
-114.942529
-113.757554
-99.537860
-84.133191
-73.468420
-56.878777
-45.029032
-31.994312
-8.887309
1.184975
15.997156
37.919185
49.176443
59.248726
69.913497
79.393293
91.243038
90.650551
95.982936
104.277758
101.907809
104.277758
98.352885
90.058064
81.763242
78.208319
68.136035
56.286290
47.398981
33.771774
18.367105
2.962436
-6.517360
-18.959592
-24.291978
-37.919185
-46.806494
-46.214006
-62.803650
-69.321010
-68.136035
-69.321010
-68.136035
-69.913497
-64.581112
-56.286290
-56.878777
-44.436545
-35.549236
-33.771774
-26.069440
-17.182131
-11.257258
1.184975
13.627207
23.699490
36.734210
49.768930
57.471264
56.878777
64.581112
72.283446
79.985780
80.578268
79.985780
79.985780
79.985780
79.985780
72.875933
60.433701
56.878777
53.323854
37.326697
27.846901
19.552080
11.257258
-4.147411
-14.812182
-26.069440
-34.956748
-34.956748
-47.991468
-61.026188
-67.543548
-72.875933
-80.578268
-79.985780
-79.393293
-88.873089
-92.428013
-91.243038
-91.243038
-91.835526
-83.540704
-79.393293
-80.578268
-71.690959
-61.026188
-50.361417
-42.659083
-34.956748
-27.254414
-19.552080
-10.664771
-4.147411
4.739898
11.849745
16.589643
28.439389
34.956748
33.771774
35.549236
37.326697
42.066596
46.806494
45.621519
45.621519
46.214006
39.104159
33.179287
35.549236
33.179287
35.549236
27.846901
21.922029
23.107003
22.514516
23.107003
21.329541
11.257258
11.849745
10.664771
13.034720
7.109847
-0.592487
-0.592487
5.332385
13.034720
10.072283
14.219694
23.107003
21.922029
26.661927
35.549236
33.179287
43.251570
46.214006
45.029032
55.693803
57.471264
56.878777
56.878777
56.878777
57.471264
58.063752
54.508828
43.844057
47.398981
40.881621
33.771774
24.291978
23.107003
18.959592
10.072283
1.777462
-0.592487
0.000000
-11.257258
-23.699490
-35.549236
-32.586799
-43.251570
-55.693803
-62.211162
-69.913497
-67.543548
-75.245882
-86.503140
-92.428013
-91.243038
-91.835526
-91.243038
-84.133191
-82.355729
-79.393293
-81.170755
-75.838369
-68.136035
-67.543548
-53.323854
-47.398981
-40.289134
-35.549236
-27.846901
-22.514516
-14.812182
-10.664771
-10.072283
1.184975
0.000000
11.257258
10.664771
16.589643
24.884465
21.329541
26.069440
34.364261
34.364261
33.771774
34.956748
33.179287
35.549236
30.216850
21.922029
23.107003
23.107003
23.107003
23.107003
23.107003
14.219694
10.664771
12.442232
10.664771
11.849745
10.664771
11.257258
11.849745
10.664771
18.959592
23.699490
21.922029
23.699490
21.329541
26.069440
34.364261
34.364261
34.364261
34.364261
33.771774
34.956748
33.771774
34.364261
33.771774
34.364261
34.364261
34.364261
34.364261
25.476952
21.922029
24.291978
21.922029
24.291978
17.774618
11.257258
8.887309
-0.592487
0.000000
0.592487
-6.517360
-14.219694
-21.922029
-31.401825
-34.956748
-43.844057
-46.214006
-45.621519
-45.621519
-45.621519
-45.621519
-53.323854
-58.063752
-46.214006
-46.214006
-45.621519
-46.214006
-39.696647
-33.179287
-36.141723
-26.661927
-22.514516
-21.922029
-11.257258
-11.849745
-1.184975
0.000000
1.184975
10.072283
17.182131
24.291978
21.922029
23.699490
32.586799
39.104159
34.956748
34.364261
34.364261
34.956748
33.771774
34.956748
31.994312
21.922029
23.107003
21.922029
12.442232
1.184975
-0.592487
0.000000
-2.962436
-14.219694
-23.699490
-22.514516
-25.476952
-36.734210
-46.214006
-45.621519
-46.806494
-45.621519
-45.621519
-45.621519
-46.214006
-43.844057
-33.771774
-42.066596
-35.549236
-24.884465
-17.182131
-10.072283
-1.184975
0.000000
4.739898
21.329541
21.922029
29.031876
40.289134
46.214006
46.214006
56.286290
56.878777
58.063752
69.321010
68.136035
69.321010
64.581112
55.101315
59.248726
49.768930
46.214006
42.066596
33.771774
24.291978
14.812182
7.702334
-2.369949
-14.219694
-21.922029
-27.254414
-34.956748
-33.771774
-42.659083
-50.953904
-58.063752
-56.878777
-57.471264
-56.878777
-56.878777
-56.878777
-58.063752
-47.991468
-46.214006
-39.104159
-33.771774
-26.661927
-18.959592
-8.294822
0.592487
1.184975
10.072283
17.774618
24.291978
38.511672
47.398981
45.621519
55.693803
57.471264
56.286290
58.656239
55.693803
63.396137
65.173599
56.286290
52.731366
42.066596
36.734210
30.216850
22.514516
13.627207
3.554924
-3.554924
-11.257258
-15.404669
-29.031876
-34.364261
-45.621519
-45.029032
-49.768930
-58.063752
-56.878777
-56.878777
-58.656239
-52.731366
-47.991468
-56.878777
-57.471264
-53.916341
-55.693803
-52.138879
-44.436545
