-183.800623
-244.236760
-290.965732
-256.697819
-190.031153
-101.557632
29.906542
213.707165
413.084112
586.915888
706.542056
806.230530
875.389408
874.143302
839.252336
859.190031
968.847352
1150.778816
1369.470405
1557.632399
1692.211838
1734.579439
1674.143302
1540.186916
1399.376947
1289.719626
1223.676012
1218.691589
1270.404984
1363.239875
1449.221184
1459.813084
1343.925234
1105.295950
758.878505
375.700935
49.844237
-156.386293
-246.728972
-287.850467
-365.109034
-479.127726
-646.105919
-910.280374
-1214.330218
-1542.056075
-1828.037383
-2026.168224
-2196.884735
-2323.364486
-2323.987539
-2266.043614
-2234.890966
-2261.682243
-2361.370717
-2486.604361
-2572.585670
-2612.461059
-2570.093458
-2402.492212
-2179.439252
-1921.495327
-1624.299065
-1335.202492
-1111.526480
-981.931464
-947.040498
-918.380062
-811.838006
-639.252336
-366.978193
16.199377
408.722741
758.255452
987.538941
1076.012461
1112.772586
1145.794393
1156.386293
1156.386293
1186.915888
1262.305296
1401.246106
1597.507788
1783.177570
1932.710280
1997.507788
1923.987539
1758.255452
1585.669782
1477.258567
1487.227414
1604.984424
1755.140187
1919.003115
2058.566978
2145.171340
2179.439252
2162.616822
2072.897196
1949.532710
1824.922118
1688.473520
1553.271028
1461.682243
1457.943925
1532.710280
1614.953271
1619.314642
1498.442368
1247.975078
886.604361
449.844237
6.853583
-393.769470
-697.196262
-923.364486
-1094.704050
-1214.953271
-1322.118380
-1457.320872
-1670.404984
-2021.183801
-2454.828660
-2851.090343
-3167.601246
-3361.993769
-3431.775701
-3397.507788
-3247.975078
-3034.267913
-2845.482866
-2725.856698
-2643.613707
-2581.931464
-2522.741433
-2428.660436
-2278.504673
-2042.990654
-1704.672897
-1280.996885
-809.968847
-313.395639
155.140187
526.479751
777.570093
862.928349
788.161994
701.557632
672.274143
705.919003
859.813084
1101.557632
1375.077882
1636.137072
1743.925234
1678.504673
1552.024922
1381.931464
1115.264798
795.638629
509.657321
343.925234
382.554517
569.470405
769.470405
937.071651
1019.314642
990.654206
928.348910
809.345794
685.981308
675.389408
757.009346
894.080997
1130.218069
1453.582555
1849.221184
2280.996885
2542.679128
2633.644860
2630.529595
2464.174455
2198.130841
1943.925234
1749.532710
1720.872274
1856.697819
1987.538941
2064.797508
2046.105919
1768.224299
1284.112150
722.741433
94.704050
-449.221184
-887.227414
-1343.302181
-1733.333333
-2008.099688
-2228.660436
-2353.271028
-2436.137072
-2654.205607
-2977.570093
-3350.155763
-3796.884735
-4128.348910
-4285.358255
-4353.271028
-4251.090343
-4016.199377
-3783.177570
-3476.635514
-3101.557632
-2788.161994
-2478.504673
-2222.429907
-2082.242991
-1892.834891
-1611.214953
-1307.165109
-901.557632
-418.068536
82.866044
580.062305
915.264798
1023.052960
1046.105919
1060.436137
1066.043614
1143.925234
1238.006231
1325.856698
1469.158879
1570.093458
1656.074766
1787.538941
1851.713396
1779.439252
1632.398754
1427.414330
1260.436137
1239.252336
1266.666667
1302.803738
1376.947040
1436.137072
1514.641745
1649.844237
1767.601246
1887.227414
2026.168224
2092.211838
2162.616822
2291.588785
2462.928349
2685.358255
2859.190031
2894.080997
2831.152648
2709.034268
2500.934579
2296.573209
2126.479751
1975.700935
1856.074766
1712.149533
1443.613707
1072.897196
618.691589
118.380062
-343.302181
-793.769470
-1280.373832
-1803.115265
-2332.087227
-2840.498442
-3228.660436
-3434.890966
-3577.570093
-3745.794393
-3997.507788
-4337.071651
-4629.906542
-4796.261682
-4839.252336
-4785.046729
-4639.252336
-4467.289720
-4260.436137
-3953.894081
-3579.439252
-3125.233645
-2607.476636
-2117.757009
-1676.012461
-1287.227414
-920.249221
-515.887850
-38.006231
393.146417
737.071651
1047.352025
1257.320872
1439.875389
1634.890966
1814.953271
2029.283489
2231.775701
2320.872274
2323.364486
2301.557632
2257.943925
2226.791277
2212.461059
2090.342679
1900.311526
1741.433022
1611.214953
1616.199377
1714.018692
1754.517134
1766.978193
1743.302181
1672.274143
1668.535826
1746.417445
1821.806854
1933.333333
2036.137072
2115.264798
2293.457944
2537.071651
2768.224299
2980.062305
3099.688474
3026.168224
2823.676012
2530.218069
2198.753894
1988.785047
1866.666667
1739.563863
1582.554517
1273.520249
809.968847
326.479751
-153.271028
-598.753894
-978.816199
-1433.644860
-2035.514019
-2667.912773
-3300.311526
-3801.246106
-4080.996885
-4290.342679
-4504.049844
-4739.563863
-4995.638629
-5183.800623
-5213.084112
-5163.862928
-5063.551402
-4896.573209
-4752.024922
-4587.538941
-4327.102804
-4000.000000
-3515.264798
-2912.772586
-2350.155763
-1809.968847
-1274.766355
-782.554517
-289.096573
181.931464
531.464174
828.660436
1041.121495
1144.548287
1325.856698
1558.255452
1839.875389
2162.616822
2387.538941
2497.819315
2544.548287
2526.479751
2479.127726
2429.283489
2295.327103
2097.819315
1910.903427
1755.140187
1709.657321
1793.769470
1898.442368
2033.644860
2151.401869
2190.031153
2245.482866
2331.464174
2415.576324
2565.109034
2690.965732
2776.947040
2949.532710
3109.034268
3287.850467
3528.971963
3685.981308
3743.302181
3704.672897
3447.352025
3067.289720
2772.585670
2492.211838
2262.928349
2042.990654
1539.563863
960.124611
416.822430
-180.062305
-615.576324
-1030.529595
-1623.676012
-2272.897196
-2987.538941
-3751.401869
-4337.694704
-4719.003115
-5150.778816
-5499.065421
-5819.314642
-6220.560748
-6364.485981
-6393.769470
-6370.093458
-6150.155763
-5985.669782
-5829.906542
-5530.218069
-5190.031153
-4709.034268
-4039.875389
-3395.638629
-2826.791277
-2233.021807
-1734.579439
-1216.822430
-548.286604
4.361371
519.626168
999.376947
1250.467290
1518.380062
1852.336449
2137.694704
2457.943925
2682.866044
2754.517134
2821.806854
2866.666667
2859.813084
2896.573209
2910.903427
2809.345794
2682.866044
2516.510903
2378.193146
2390.654206
2416.199377
2461.059190
2518.380062
2477.881620
2467.912773
2487.227414
2531.464174
2714.641745
2898.442368
3065.420561
3279.127726
3469.781931
3710.903427
3979.439252
4143.925234
4179.439252
4099.065421
3778.193146
3360.747664
3040.498442
2666.043614
2378.816199
2124.610592
1638.629283
1183.800623
702.180685
107.165109
-311.526480
-780.685358
-1420.560748
-2102.803738
-2915.887850
-3773.831776
-4400.000000
-4898.442368
-5459.190031
-5870.404984
-6311.526480
-6737.071651
-6829.283489
-6869.158879
-6795.638629
-6510.280374
-6355.140187
-6166.355140
-5862.928349
-5566.978193
-5082.866044
-4434.267913
-3866.043614
-3297.819315
-2696.573209
-2190.031153
-1555.763240
-832.398754
-221.806854
447.352025
1016.822430
1363.239875
1749.532710
2041.121495
2262.928349
2566.978193
2726.479751
2755.140187
2798.130841
2786.292835
2838.006231
2985.046729
3024.922118
2991.900312
2947.663551
2787.538941
2648.598131
2617.445483
2546.417445
2553.894081
2595.638629
2567.601246
2606.230530
2629.906542
2607.476636
2720.872274
2854.205607
3016.822430
3318.380062
3585.046729
3833.644860
4085.981308
4215.576324
4259.813084
4234.890966
3974.454829
3606.230530
3278.504673
2862.928349
2534.579439
2209.345794
1670.404984
1146.417445
606.230530
33.021807
-389.408100
-827.414330
-1403.738318
-1993.146417
-2709.034268
-3514.018692
-4152.024922
-4750.155763
-5386.292835
-5905.919003
-6476.012461
-6965.732087
-7139.563863
-7200.623053
-7074.143302
-6780.685358
-6547.663551
-6269.158879
-5905.919003
-5570.716511
-5081.619938
-4495.327103
-3980.685358
-3403.738318
-2821.183801
-2282.866044
-1621.806854
-925.233645
-298.442368
357.009346
893.457944
1318.380062
1791.277259
2137.071651
2385.669782
2663.551402
2768.224299
2791.277259
2822.429907
2728.971963
2705.919003
2731.464174
2664.174455
2619.937695
2601.246106
2527.725857
2480.996885
2463.551402
2385.046729
2373.208723
2367.601246
2292.834891
2297.819315
2294.080997
2262.305296
2358.255452
2474.766355
2651.090343
2973.831776
3305.919003
3646.105919
4044.236760
4352.024922
4585.669782
4738.317757
4659.813084
4430.529595
4145.171340
3760.124611
3353.271028
2957.632399
2440.498442
1877.258567
1349.532710
757.009346
246.105919
-195.015576
-764.485981
-1328.348910
-1963.862928
-2725.233645
-3464.174455
-4175.077882
-4895.950156
-5583.177570
-6230.529595
-6887.850467
-7361.993769
-7649.844237
-7849.844237
-7813.084112
-7640.498442
-7393.769470
-6971.962617
-6520.872274
-6027.414330
-5420.560748
-4849.844237
-4267.289720
-3651.090343
-3067.289720
-2454.205607
-1786.915888
-1157.009346
-528.348910
148.909657
766.978193
1384.423676
1957.632399
2383.800623
2803.115265
3157.009346
3346.417445
3472.897196
3474.766355
3376.323988
3330.218069
3252.959502
3134.579439
3066.666667
2974.454829
2862.305296
2808.099688
2755.763240
2745.794393
2788.161994
2774.454829
2763.239875
2744.548287
2653.582555
2582.554517
2548.286604
2533.333333
2596.261682
2737.071651
2936.448598
3216.822430
3558.878505
3877.258567
4228.660436
4478.504673
4530.841121
4462.305296
4198.130841
3879.750779
3526.479751
3087.850467
2609.345794
1970.093458
1282.242991
608.099688
-1.869159
-497.196262
-1016.199377
-1540.186916
-2158.878505
-2814.953271
-3408.722741
-4018.068536
-4566.978193
-5194.392523
-5889.096573
-6529.595016
-7144.548287
-7575.700935
-7870.404984
-8021.806854
-7995.015576
-7864.174455
-7558.878505
-7122.741433
-6524.610592
-5817.445483
-5119.626168
-4396.261682
-3727.102804
-3049.844237
-2370.716511
-1742.056075
-1095.950156
-527.725857
-25.545171
499.065421
961.993769
1400.623053
1862.928349
2265.420561
2649.221184
3019.937695
3297.196262
3510.903427
3677.258567
3742.056075
3711.526480
3649.221184
3522.741433
3347.040498
3197.507788
2973.831776
2786.292835
2690.342679
2582.554517
2566.355140
2595.638629
2621.806854
2712.772586
2773.831776
2818.068536
2926.479751
3079.127726
3240.498442
3444.236760
3624.299065
3781.308411
4016.822430
4197.507788
4278.504673
4309.034268
4175.077882
3938.940810
3674.766355
3312.149533
2959.501558
2608.099688
2107.788162
1540.809969
942.056075
266.666667
-314.018692
-892.211838
-1563.862928
-2226.791277
-2932.710280
-3676.635514
-4334.579439
-4947.663551
-5558.878505
-6087.227414
-6616.199377
-7125.233645
-7466.666667
-7710.280374
-7832.398754
-7766.355140
-7652.959502
-7429.283489
-7084.735202
-6687.850467
-6123.364486
-5461.682243
-4780.062305
-4045.482866
-3285.981308
-2568.224299
-1817.445483
-1109.034268
-482.242991
135.825545
637.383178
1059.813084
1482.866044
1852.336449
2198.753894
2564.485981
2849.221184
3102.180685
3363.239875
3528.971963
3650.467290
3740.186916
3686.604361
3624.299065
3525.856698
3340.186916
3216.822430
3077.881620
2940.809969
2879.127726
2834.267913
2813.084112
2856.697819
2887.850467
2884.735202
2970.093458
3084.112150
3234.890966
3519.003115
3746.417445
3972.585670
4224.922118
4352.647975
4483.489097
4559.501558
4482.866044
4302.803738
4012.461059
3666.666667
3275.389408
2902.803738
2441.121495
1868.535826
1302.180685
625.545171
3.738318
-547.663551
-1190.654206
-1814.953271
-2500.311526
-3241.121495
-3923.987539
-4561.370717
-5163.862928
-5757.632399
-6344.548287
-6966.978193
-7492.834891
-7850.467290
-8104.672897
-8156.386293
-8100.934579
-7961.993769
-7642.990654
-7233.021807
-6687.227414
-6014.330218
-5295.327103
-4561.993769
-3801.246106
-3016.199377
-2245.482866
-1474.143302
-801.869159
-201.246106
368.847352
861.682243
1342.679128
1779.439252
2152.024922
2499.065421
2803.115265
3082.242991
3340.809969
3561.993769
3730.218069
3850.467290
3890.965732
3865.420561
3810.591900
3691.588785
3536.448598
3322.118380
3066.666667
2854.828660
2669.158879
2550.778816
2507.165109
2494.080997
2519.626168
2576.947040
2715.264798
2933.956386
3191.277259
3458.566978
3674.766355
3882.242991
4061.682243
4219.937695
4355.763240
4396.261682
4317.757009
4102.180685
3833.644860
3518.380062
3150.155763
2778.816199
2257.943925
1689.096573
1135.825545
496.573209
-51.713396
-574.454829
-1186.292835
-1781.931464
-2442.990654
-3171.339564
-3839.252336
-4484.112150
-5160.747664
-5775.700935
-6350.155763
-6938.317757
-7338.940810
-7666.666667
-7927.102804
-7940.186916
-7927.102804
-7798.753894
-7479.750779
-7130.218069
-6621.183801
-5950.778816
-5272.897196
-4516.510903
-3700.934579
-2940.809969
-2151.401869
-1381.931464
-756.386293
-148.286604
405.607477
849.844237
1317.757009
1703.426791
2007.476636
2334.579439
2595.638629
2824.299065
3104.049844
3314.641745
3470.404984
3631.775701
3692.834891
3723.987539
3732.710280
3637.383178
3512.149533
3342.679128
3143.302181
2974.454829
2834.890966
2718.380062
2633.644860
2601.246106
2621.183801
2693.457944
2864.174455
3079.127726
3340.809969
3637.383178
3904.049844
4173.831776
4400.623053
4603.738318
4730.841121
4750.155763
4641.121495
4375.077882
4092.211838
3728.348910
3304.049844
2890.342679
2331.464174
1723.364486
1146.417445
490.342679
-89.719626
-633.644860
-1277.258567
-1904.049844
-2569.470405
-3288.473520
-3934.579439
-4547.040498
-5220.560748
-5831.152648
-6429.283489
-7049.844237
-7469.158879
-7829.283489
-8116.510903
-8192.523364
-8229.906542
-8140.186916
-7831.152648
-7450.467290
-6923.364486
-6216.822430
-5510.280374
-4743.925234
-3894.080997
-3109.034268
-2276.635514
-1464.174455
-806.230530
-142.056075
447.975078
927.725857
1401.869159
1771.339564
2042.367601
2322.118380
2548.909657
2753.271028
3008.099688
3214.953271
3406.853583
3595.015576
3705.919003
3793.769470
3839.875389
3803.738318
3742.056075
3597.507788
3421.806854
3278.504673
3123.987539
3010.591900
2897.196262
2779.439252
2738.940810
2760.124611
2842.990654
3013.707165
3228.660436
3466.666667
3748.909657
4039.875389
4305.295950
4579.439252
4756.386293
4808.722741
4741.433022
4469.781931
4140.186916
3784.423676
3327.725857
2844.859813
2252.336449
1555.140187
883.489097
192.523364
-461.682243
-1041.121495
-1667.289720
-2337.071651
-2981.308411
-3628.660436
-4246.728972
-4771.962617
-5337.071651
-5899.688474
-6425.545171
-6985.669782
-7419.937695
-7737.694704
-8041.121495
-8177.570093
-8236.137072
-8189.408100
-7925.233645
-7550.778816
-7019.937695
-6329.595016
-5578.193146
-4770.716511
-3876.012461
-2978.816199
-2057.943925
-1173.831776
-433.021807
254.828660
880.996885
1383.800623
1839.252336
2184.423676
2413.707165
2644.236760
2829.283489
2992.523364
3162.616822
3277.258567
3376.323988
3481.619938
3566.978193
3686.604361
3813.707165
3860.436137
3844.859813
3751.401869
3607.476636
3494.704050
3348.909657
3198.753894
3045.482866
2852.336449
2720.249221
2669.781931
2696.573209
2846.105919
3067.289720
3304.672897
3616.822430
3940.809969
4241.744548
4600.623053
4858.566978
4976.323988
5000.000000
4813.084112
4540.186916
4211.214953
3723.364486
3162.616822
2487.850467
1714.018692
966.978193
238.629283
-470.404984
-1102.180685
-1752.647975
-2446.105919
-3065.420561
-3671.028037
-4257.943925
-4742.679128
-5296.573209
-5868.535826
-6361.370717
-6889.096573
-7309.034268
-7642.367601
-7970.716511
-8183.177570
-8302.803738
-8320.872274
-8154.517134
-7838.629283
-7380.685358
-6734.579439
-5981.308411
-5144.548287
-4186.915888
-3223.052960
-2268.535826
-1320.249221
-501.557632
251.713396
933.956386
1446.105919
1884.112150
2193.769470
2400.000000
2601.246106
2732.710280
2818.691589
2909.034268
2965.732087
3041.744548
3169.470405
3279.127726
3391.277259
3513.395639
3598.753894
3644.859813
3656.074766
3629.283489
3573.831776
3495.950156
3361.993769
3188.785047
2987.538941
2803.115265
2675.389408
2617.445483
2671.651090
2807.476636
2998.753894
3290.342679
3598.753894
3948.286604
4344.548287
4643.613707
4871.028037
4948.286604
4816.199377
4607.476636
4293.457944
3833.644860
3297.196262
2584.423676
1769.470405
975.700935
148.909657
-644.859813
-1358.878505
-2100.934579
-2802.492212
-3390.031153
-3973.831776
-4444.859813
-4814.330218
-5286.604361
-5717.757009
-6133.333333
-6604.984424
-6935.202492
-7229.906542
-7555.763240
-7758.878505
-7912.772586
-7957.632399
-7772.585670
-7486.604361
-7079.127726
-6489.096573
-5829.906542
-5054.828660
-4107.788162
-3150.778816
-2146.417445
-1119.626168
-233.021807
612.461059
1386.292835
2004.361371
2525.856698
2850.467290
3009.968847
3122.741433
3155.763240
3160.747664
3153.894081
3087.227414
3045.482866
3049.221184
3073.520249
3158.255452
3269.781931
3338.940810
3407.476636
3445.482866
3466.043614
3519.626168
3504.672897
3438.629283
3308.411215
3076.012461
2856.697819
2681.619938
2555.140187
2512.772586
2536.448598
2605.607477
2788.161994
3054.205607
3347.040498
3717.757009
4043.613707
4294.704050
4461.059190
4454.828660
4418.068536
4269.158879
3945.171340
3507.788162
2834.267913
2045.482866
1239.875389
366.355140
-484.735202
-1325.233645
-2179.439252
-2963.239875
-3610.591900
-4198.130841
-4671.028037
-5041.121495
-5474.143302
-5829.906542
-6158.878505
-6503.426791
-6688.473520
-6906.542056
-7158.255452
-7295.950156
-7438.629283
-7468.535826
-7352.647975
-7205.607477
-6940.809969
-6513.395639
-6001.246106
-5319.003115
-4442.990654
-3553.271028
-2577.570093
-1592.523364
-706.542056
213.707165
1049.221184
1726.479751
2314.018692
2695.327103
2923.364486
3105.919003
3181.308411
3185.046729
3134.579439
2990.031153
2849.844237
2776.323988
2715.887850
2760.747664
2849.221184
2928.971963
3059.190031
3190.654206
3336.448598
3505.919003
3631.152648
3686.604361
3675.389408
3583.800623
3465.420561
3376.947040
3300.311526
3247.352025
3235.514019
3238.629283
3333.333333
3510.903427
3727.102804
4021.183801
4282.242991
4491.588785
4639.875389
4663.551402
4626.168224
4469.781931
4166.978193
3693.457944
3042.990654
2293.457944
1476.012461
604.984424
-283.489097
-1193.769470
-2109.034268
-2971.339564
-3738.940810
-4438.006231
-5016.199377
-5499.688474
-5956.386293
-6313.395639
-6641.121495
-6897.196262
-7042.990654
-7228.037383
-7385.669782
-7466.666667
-7528.971963
-7474.766355
-7327.102804
-7137.071651
-6843.613707
-6408.099688
-5877.881620
-5193.146417
-4381.931464
-3565.109034
-2676.635514
-1780.062305
-916.510903
-5.607477
839.252336
1573.208723
2202.492212
2644.859813
2981.931464
3265.420561
3426.791277
3481.619938
3441.744548
3288.473520
3137.694704
3033.644860
2963.862928
2966.355140
2984.423676
2995.638629
3042.990654
3111.526480
3213.707165
3330.218069
3427.414330
3486.604361
3510.903427
3514.641745
3517.757009
3538.317757
3533.956386
3510.280374
3489.096573
3489.096573
3558.878505
3657.943925
3770.716511
3907.165109
4005.607477
4064.797508
4077.258567
4046.728972
3943.925234
3760.124611
3436.137072
2953.894081
2402.492212
1760.747664
1039.875389
300.311526
-540.186916
-1423.052960
-2248.598131
-3060.436137
-3800.000000
-4467.289720
-5092.211838
-5663.551402
-6152.647975
-6574.454829
-6910.280374
-7107.165109
-7278.504673
-7420.560748
-7462.305296
-7466.043614
-7347.040498
-7150.155763
-6917.133956
-6608.722741
-6219.314642
-5746.417445
-5152.647975
-4445.482866
-3687.227414
-2893.457944
-2083.489097
-1274.143302
-452.336449
340.809969
1049.221184
1669.781931
2154.517134
2524.610592
2845.482866
3099.065421
3285.981308
3370.093458
3357.009346
3312.772586
3253.582555
3198.753894
3168.224299
3110.280374
3052.959502
3008.099688
2980.062305
3014.953271
3092.211838
3153.894081
3211.838006
3272.897196
3310.903427
3345.171340
3412.461059
3478.504673
3515.264798
3558.878505
3591.277259
3687.227414
3839.252336
3964.485981
4095.327103
4195.015576
4218.068536
4200.623053
4160.747664
4036.760125
3844.859813
3585.046729
3128.348910
2637.383178
2110.280374
1455.451713
818.068536
69.158879
-807.476636
-1626.168224
-2446.105919
-3238.629283
-3908.411215
-4575.700935
-5219.937695
-5741.433022
-6234.890966
-6660.436137
-6924.610592
-7175.700935
-7404.361371
-7533.956386
-7660.436137
-7644.236760
-7482.866044
-7305.919003
-7014.953271
-6652.336449
-6238.006231
-5674.766355
-4991.277259
-4249.844237
-3451.090343
-2649.844237
-1854.205607
-1036.760125
-259.190031
478.504673
1152.647975
1709.034268
2160.124611
2502.803738
2772.585670
3022.429907
3164.485981
3214.330218
3245.482866
3215.576324
3203.738318
3238.629283
3236.760125
3253.582555
3267.289720
3247.975078
3317.757009
3386.292835
3429.906542
3512.149533
3540.809969
3550.778816
3577.570093
3585.669782
3637.383178
3715.887850
3743.302181
3810.591900
3912.772586
4015.576324
4173.831776
4285.981308
4337.694704
4405.607477
4355.763240
4259.190031
4180.062305
3953.894081
3693.457944
3326.479751
2776.947040
2237.383178
1603.115265
871.028037
168.847352
-647.352025
-1524.610592
-2296.573209
-3072.897196
-3821.183801
-4445.482866
-5118.380062
-5723.987539
-6184.423676
-6677.881620
-7011.838006
-7236.137072
-7512.149533
-7621.183801
-7672.897196
-7697.819315
-7528.348910
-7327.725857
-7114.641745
-6753.894081
-6359.501558
-5895.950156
-5231.775701
-4537.071651
-3786.292835
-2935.202492
-2153.271028
-1319.626168
-467.289720
247.352025
975.077882
1573.208723
2021.183801
2466.043614
2785.046729
3048.598131
3292.211838
3365.732087
3363.862928
3395.638629
3337.694704
3322.118380
3358.878505
3290.342679
3302.803738
3317.757009
3280.996885
3392.523364
3476.635514
3517.133956
3615.576324
3610.591900
3586.292835
3633.021807
3644.859813
3680.373832
3738.940810
3711.526480
3755.140187
3877.881620
3925.856698
4035.514019
4116.510903
4099.065421
4117.757009
4047.975078
3947.663551
3876.635514
3667.289720
3360.747664
2970.093458
2451.090343
1874.143302
1274.143302
568.847352
-206.853583
-1006.853583
-1861.059190
-2634.267913
-3368.224299
-4114.018692
-4758.878505
-5399.376947
-5990.031153
-6462.305296
-6863.551402
-7141.433022
-7346.417445
-7517.757009
-7616.199377
-7605.607477
-7509.034268
-7308.411215
-7051.713396
-6785.669782
-6416.199377
-5972.585670
-5442.367601
-4774.454829
-4079.750779
-3367.601246
-2617.445483
-1861.682243
-1077.881620
-315.887850
391.277259
1034.890966
1566.978193
2013.707165
2424.922118
2777.570093
3056.074766
3240.498442
3321.495327
3360.747664
3377.570093
3392.523364
3427.414330
3407.476636
3343.302181
3285.981308
3242.367601
3264.174455
3312.772586
3334.579439
3365.109034
3411.214953
3452.959502
3515.264798
3645.482866
3732.087227
3801.869159
3873.520249
3902.180685
4013.084112
4121.495327
4166.978193
4231.152648
4226.168224
4148.909657
4071.651090
3947.663551
3750.155763
3515.264798
3161.370717
2704.672897
2266.043614
1728.971963
1130.841121
576.323988
-114.641745
-844.236760
-1542.679128
-2287.850467
-2978.193146
-3641.121495
-4353.271028
-4996.261682
-5570.716511
-6148.286604
-6588.785047
-6943.925234
-7294.704050
-7515.887850
-7665.420561
-7742.679128
-7630.529595
-7476.012461
-7254.205607
-6878.504673
-6479.127726
-5979.439252
-5331.464174
-4676.635514
-3959.501558
-3203.738318
-2507.165109
-1755.763240
-984.423676
-333.956386
310.903427
899.065421
1343.925234
1805.607477
2200.623053
2504.049844
2820.560748
3008.722741
3117.133956
3273.520249
3360.747664
3451.090343
3576.947040
3591.900312
3600.623053
3630.529595
3597.507788
3636.760125
3686.604361
3635.514019
3631.775701
3634.890966
3585.046729
3638.629283
3703.426791
3713.395639
3803.738318
3856.074766
3903.426791
4079.127726
4186.915888
4290.342679
4426.168224
4437.383178
4429.283489
4404.984424
4264.797508
4084.735202
3831.775701
3403.115265
2928.971963
2423.052960
1779.439252
1127.102804
445.482866
-343.302181
-1093.457944
-1857.943925
-2612.461059
-3271.028037
-3952.024922
-4606.230530
-5173.208723
-5723.364486
-6193.769470
-6584.423676
-6937.071651
-7228.660436
-7458.566978
-7638.006231
-7702.180685
-7657.320872
-7563.239875
-7371.962617
-7090.342679
-6722.741433
-6221.183801
-5638.629283
-4973.208723
-4234.890966
-3492.834891
-2708.411215
-1898.442368
-1121.495327
-375.077882
308.411215
900.311526
1441.121495
1909.034268
2312.149533
2666.043614
2937.071651
3112.149533
3224.922118
3322.118380
3390.654206
3454.205607
3510.280374
3538.940810
3551.401869
3575.077882
3623.052960
3667.912773
3725.856698
3761.993769
3764.485981
3796.261682
3823.052960
3858.566978
3923.364486
3951.401869
3971.962617
4007.476636
4018.068536
4069.158879
4117.133956
4114.018692
4102.180685
4054.828660
3971.339564
3880.996885
3745.171340
3531.464174
3276.012461
2884.112150
2421.183801
1955.140187
1385.046729
765.109034
113.395639
-640.498442
-1362.616822
-2050.467290
-2771.339564
-3424.922118
-4089.719626
-4771.339564
-5342.056075
-5870.404984
-6332.710280
-6656.074766
-6980.062305
-7230.529595
-7352.647975
-7454.205607
-7419.314642
-7276.012461
-7146.417445
-6900.934579
-6565.109034
-6193.769470
-5646.105919
-5034.890966
-4428.037383
-3707.165109
-3010.591900
-2317.757009
-1523.364486
-826.791277
-190.031153
456.074766
947.040498
1407.476636
1893.457944
2246.728972
2581.308411
2857.320872
2981.308411
3116.510903
3254.828660
3316.510903
3416.822430
3466.666667
3421.183801
3454.828660
3469.158879
3469.158879
3548.286604
3557.009346
3550.155763
3586.915888
3598.130841
3667.912773
3783.177570
3840.498442
3922.741433
4011.214953
4062.928349
4173.208723
4269.158879
4312.149533
4366.355140
4327.102804
4241.121495
4176.323988
4023.676012
3824.922118
3594.392523
3233.021807
2815.576324
2376.323988
1833.644860
1273.520249
690.342679
4.361371
-672.274143
-1340.809969
-2029.283489
-2650.467290
-3270.404984
-3920.872274
-4492.834891
-5039.252336
-5570.716511
-5988.785047
-6374.454829
-6740.186916
-6995.015576
-7205.607477
-7339.563863
-7324.610592
-7272.274143
-7151.401869
-6911.526480
-6614.953271
-6223.676012
-5689.096573
-5105.295950
-4473.520249
-3786.915888
-3119.003115
-2395.015576
-1650.467290
-991.277259
-357.009346
224.299065
692.834891
1132.087227
1540.186916
1885.358255
2201.869159
2425.545171
2586.915888
2764.485981
2914.018692
3041.744548
3199.376947
3299.688474
3387.538941
3495.950156
3580.685358
3705.295950
3825.545171
3884.735202
3947.040498
4026.791277
4064.797508
4137.694704
4202.492212
4229.283489
4295.327103
4315.264798
4333.333333
4429.906542
4459.190031
4454.205607
4485.358255
4423.676012
4342.056075
4264.797508
4081.619938
3862.928349
3595.638629
3159.501558
2725.856698
2269.781931
1655.451713
1051.090343
400.623053
-353.894081
-1050.467290
-1760.124611
-2481.619938
-3114.641745
-3770.093458
-4439.252336
-4981.931464
-5489.096573
-5965.732087
-6322.118380
-6663.551402
-6970.716511
-7163.862928
-7338.317757
-7381.931464
-7298.442368
-7227.414330
-7062.305296
-6779.439252
-6461.059190
-6031.775701
-5489.096573
-4905.919003
-4243.613707
-3586.915888
-2930.841121
-2193.769470
-1471.028037
-808.722741
-159.501558
413.084112
905.919003
1373.208723
1772.585670
2136.448598
2458.566978
2666.043614
2847.975078
3027.414330
3149.532710
3274.766355
3378.193146
3439.252336
3511.526480
3553.894081
3603.738318
3717.133956
3786.915888
3809.345794
3880.373832
3920.249221
3963.862928
4024.299065
4055.451713
4114.641745
4160.747664
4169.470405
4216.199377
4298.442368
4317.757009
4328.348910
4327.102804
4246.105919
4147.663551
4019.314642
3816.822430
3599.376947
3289.096573
2842.367601
2440.498442
1980.685358
1404.361371
847.352025
225.545171
-475.389408
-1127.725857
-1804.984424
-2487.850467
-3071.651090
-3712.772586
-4350.155763
-4857.320872
-5364.485981
-5826.168224
-6162.616822
-6509.034268
-6803.738318
-6989.408100
-7161.993769
-7185.669782
-7105.295950
-7047.975078
-6859.813084
-6552.647975
-6224.922118
-5755.763240
-5204.361371
-4633.021807
-3984.423676
-3340.809969
-2721.495327
-2002.492212
-1340.809969
-766.978193
-171.339564
322.741433
753.894081
1199.376947
1554.517134
1879.750779
2188.161994
2374.454829
2574.454829
2804.361371
2958.255452
3132.710280
3280.996885
3360.747664
3476.635514
3567.601246
3636.137072
3780.062305
3862.928349
3878.504673
3956.386293
3999.376947
4039.875389
4132.710280
4155.763240
4195.015576
4262.928349
4254.205607
4314.018692
4429.906542
4449.844237
4462.928349
4469.781931
4376.323988
4274.766355
4133.956386
3894.704050
3634.890966
3257.943925
2760.124611
2310.903427
1784.423676
1166.978193
595.015576
-79.750779
-788.785047
-1439.875389
-2126.479751
-2768.224299
-3349.532710
-3985.046729
-4552.024922
-5022.429907
-5502.803738
-5872.897196
-6167.601246
-6486.604361
-6713.395639
-6885.981308
-7027.414330
-7007.476636
-6942.056075
-6876.012461
-6669.158879
-6388.161994
-6054.828660
-5569.470405
-5026.168224
-4446.105919
-3791.900312
-3175.077882
-2518.380062
-1794.392523
-1156.386293
-550.778816
43.613707
502.803738
934.579439
1355.763240
1694.080997
2024.299065
2269.158879
2418.691589
2612.461059
2783.177570
2901.557632
3066.043614
3176.323988
3252.959502
3355.763240
3434.267913
3556.386293
3710.903427
3770.716511
3833.021807
3928.971963
3952.647975
4011.838006
4089.096573
4108.411215
4161.370717
4185.669782
4181.931464
4275.389408
4333.333333
4325.233645
4361.993769
4331.464174
4231.152648
4149.532710
3978.816199
3756.386293
3512.149533
3085.358255
2621.183801
2193.146417
1622.429907
1033.021807
464.797508
-228.660436
-912.149533
-1541.433022
-2208.099688
-2776.323988
-3343.302181
-3968.224299
-4469.158879
-4925.856698
-5409.968847
-5743.302181
-6038.006231
-6358.255452
-6558.255452
-6752.024922
-6876.635514
-6825.545171
-6793.769470
-6721.495327
-6489.719626
-6244.859813
-5916.510903
-5436.760125
-4927.102804
-4342.056075
-3718.380062
-3123.987539
-2453.582555
-1766.355140
-1173.831776
-565.109034
-1.246106
438.629283
869.158879
1247.975078
1571.962617
1878.504673
2087.850467
2241.744548
2445.482866
2590.031153
2703.426791
2876.635514
2996.884735
3104.672897
3238.006231
3334.579439
3497.819315
3666.666667
3750.155763
3879.127726
4003.738318
4054.828660
4146.417445
4239.252336
4274.143302
4327.102804
4331.464174
4315.887850
4391.277259
4396.261682
4350.778816
4373.208723
4309.657321
4188.785047
4096.573209
3912.149533
3705.295950
3456.074766
3029.283489
2604.361371
2185.046729
1596.261682
1021.806854
463.551402
-236.760125
-913.395639
-1561.370717
-2240.498442
-2818.691589
-3406.230530
-4049.844237
-4532.710280
-4998.753894
-5485.358255
-5811.838006
-6099.065421
-6388.161994
-6575.700935
-6749.532710
-6831.775701
-6766.355140
-6732.087227
-6621.183801
-6347.040498
-6079.750779
-5727.102804
-5236.760125
-4732.710280
-4153.271028
-3538.317757
-2969.470405
-2309.034268
-1643.613707
-1080.996885
-499.688474
39.252336
475.389408
896.573209
1259.190031
1581.308411
1897.196262
2089.719626
2264.174455
2486.604361
2639.875389
2781.308411
2950.155763
3075.389408
3210.591900
3338.317757
3427.414330
3584.423676
3715.264798
3745.794393
3843.613707
3946.417445
3975.700935
4030.529595
4084.735202
4114.018692
4167.601246
4162.616822
4153.271028
4239.875389
4262.928349
4218.691589
4259.813084
4238.629283
4140.809969
4057.943925
3888.473520
3683.489097
3434.267913
3008.099688
2560.747664
2141.433022
1537.071651
896.573209
309.034268
-396.884735
-1097.819315
-1745.794393
-2436.137072
-3003.738318
-3552.024922
-4162.616822
-4607.476636
-4989.408100
-5425.545171
-5733.333333
-5975.077882
-6232.398754
-6389.408100
-6542.679128
-6640.498442
-6580.685358
-6554.517134
-6506.542056
-6259.190031
-5980.685358
-5664.174455
-5217.445483
-4726.479751
-4145.794393
-3516.510903
-2917.757009
-2223.052960
-1506.542056
-905.919003
-314.641745
262.928349
740.186916
1153.894081
1487.850467
1770.093458
2018.068536
2147.663551
2223.676012
2360.124611
2456.074766
2487.227414
2553.894081
2635.514019
2740.186916
2833.644860
2933.333333
3095.327103
3253.582555
3355.763240
3478.504673
3636.760125
3759.501558
3825.545171
3888.473520
3960.747664
4008.722741
4018.068536
4012.461059
4051.713396
4090.965732
4048.598131
4034.267913
4079.750779
4048.598131
3962.616822
3870.404984
3737.694704
3558.878505
3286.604361
2917.133956
2565.109034
2114.641745
1500.311526
936.448598
352.647975
-338.317757
-1004.361371
-1699.688474
-2377.570093
-2972.585670
-3633.644860
-4224.922118
-4647.975078
-5127.725857
-5590.031153
-5870.404984
-6135.825545
-6336.448598
-6457.320872
-6583.800623
-6550.155763
-6461.059190
-6425.545171
-6229.906542
-5917.133956
-5652.959502
-5308.411215
-4867.289720
-4395.015576
-3853.582555
-3333.956386
-2781.931464
-2137.071651
-1580.062305
-1074.143302
-509.034268
19.314642
462.305296
872.897196
1251.090343
1611.214953
1915.264798
2115.264798
2342.679128
2571.339564
2704.672897
2802.492212
2929.595016
3048.598131
3128.971963
3186.292835
3265.420561
3381.308411
3462.305296
3504.672897
3606.853583
3749.532710
3818.691589
3885.981308
4011.214953
4122.118380
4185.046729
4239.252336
4295.950156
4376.947040
4403.738318
4340.186916
4350.155763
4328.971963
4171.339564
4018.691589
3833.021807
3557.632399
3269.158879
2856.697819
2387.538941
1998.753894
1433.644860
791.900312
287.850467
-340.186916
-1032.398754
-1634.890966
-2289.096573
-2884.735202
-3427.414330
-4084.735202
-4583.177570
-4968.847352
-5491.588785
-5865.420561
-6112.772586
-6424.299065
-6604.361371
-6734.579439
-6848.598131
-6742.679128
-6655.451713
-6588.161994
-6259.813084
-5912.149533
-5586.292835
-5069.158879
-4524.610592
-3945.794393
-3282.242991
-2702.803738
-2053.582555
-1329.595016
-793.146417
-252.959502
327.102804
758.255452
1156.386293
1507.165109
1784.423676
2083.489097
2279.127726
2371.339564
2544.548287
2692.211838
2741.433022
2826.791277
2920.872274
3002.492212
3080.373832
3124.610592
3215.576324
3348.286604
3380.062305
3416.199377
3530.218069
3593.769470
3627.414330
3677.258567
3727.102804
3775.077882
3799.376947
3802.492212
3855.451713
3928.348910
3905.295950
3881.619938
3921.495327
3879.127726
3783.177570
3699.688474
3548.909657
3366.978193
3124.610592
2728.971963
2359.501558
1988.785047
1414.953271
861.059190
327.725857
-337.694704
-990.654206
-1614.953271
-2262.305296
-2808.099688
-3400.623053
-4038.006231
-4464.797508
-4890.342679
-5369.470405
-5669.158879
-5938.940810
-6211.214953
-6361.370717
-6515.887850
-6557.009346
-6442.367601
-6416.199377
-6287.850467
-5963.862928
-5697.819315
-5355.763240
-4861.059190
-4378.816199
-3806.230530
-3218.068536
-2694.080997
-2033.644860
-1404.361371
-910.903427
-357.632399
148.286604
547.663551
952.024922
1271.651090
1565.732087
1872.274143
2033.021807
2177.570093
2394.392523
2517.757009
2632.398754
2775.700935
2866.043614
2983.800623
3064.174455
3116.510903
3270.404984
3381.931464
3420.560748
3521.495327
3613.084112
3689.096573
3762.616822
3803.115265
3882.242991
3962.616822
3965.109034
3991.277259
4081.619938
4125.856698
4136.448598
4148.909657
4146.417445
4124.610592
4026.791277
3901.557632
3764.485981
3526.479751
3190.654206
2791.277259
2357.009346
1858.566978
1250.467290
616.199377
-3.738318
-706.542056
-1428.037383
-2094.080997
-2735.825545
-3332.087227
-3922.118380
-4485.981308
-4917.133956
-5309.034268
-5694.080997
-5962.616822
-6174.454829
-6366.355140
-6488.473520
-6578.193146
-6570.716511
-6467.912773
-6400.000000
-6241.121495
-5947.040498
-5636.760125
-5264.797508
-4790.031153
-4256.074766
-3653.582555
-3040.498442
-2430.529595
-1728.348910
-1046.728972
-449.221184
151.401869
711.526480
1182.554517
1588.161994
1912.772586
2206.853583
2444.859813
2534.579439
2597.507788
2688.473520
2714.018692
2691.588785
2677.258567
2679.127726
2702.180685
2692.211838
2710.280374
2805.607477
2899.065421
2968.224299
3052.959502
3189.408100
3330.841121
3409.345794
3484.735202
3609.968847
3677.258567
3678.504673
3712.149533
3754.517134
3783.800623
3779.439252
3728.971963
3734.579439
3737.694704
3638.006231
3550.778816
3493.457944
3323.364486
3107.788162
2846.105919
2518.380062
2185.046729
1711.526480
1155.140187
657.943925
56.074766
-664.797508
-1309.034268
-1970.093458
-2643.613707
-3280.373832
-3935.202492
-4481.619938
-4936.448598
-5442.367601
-5830.529595
-6056.697819
-6305.919003
-6475.389408
-6523.364486
-6527.725857
-6423.052960
-6297.196262
-6151.401869
-5829.283489
-5491.588785
-5185.046729
-4730.841121
-4226.168224
-3744.548287
-3193.769470
-2636.760125
-2053.582555
-1426.168224
-913.395639
-379.439252
208.722741
647.352025
1036.137072
1447.975078
1765.109034
2033.644860
2249.221184
2381.931464
2545.171340
2644.859813
2648.598131
2707.165109
2754.517134
2736.448598
2744.548287
2754.517134
2783.800623
2833.644860
2845.482866
2915.887850
3021.183801
3072.274143
3158.878505
3271.651090
3380.062305
3492.834891
3578.193146
3674.143302
3798.753894
3850.467290
3910.280374
3987.538941
3990.654206
3983.177570
3919.003115
3820.560748
3727.102804
3518.380062
3251.090343
3007.476636
2622.429907
2160.747664
1738.940810
1177.570093
603.115265
57.943925
-628.660436
-1258.566978
-1856.697819
-2545.171340
-3109.657321
-3638.629283
-4240.498442
-4685.981308
-5102.180685
-5531.464174
-5780.062305
-6042.990654
-6284.735202
-6327.725857
-6428.660436
-6476.635514
-6322.741433
-6226.791277
-6056.074766
-5722.741433
-5429.283489
-5011.838006
-4494.704050
-4025.545171
-3409.968847
-2758.878505
-2201.869159
-1523.364486
-852.959502
-285.981308
310.280374
813.707165
1244.859813
1675.389408
1941.433022
2157.009346
2393.769470
2452.336449
2477.258567
2535.825545
2506.542056
2486.604361
2467.912773
2395.015576
2426.791277
2444.859813
2419.314642
2523.364486
2603.115265
2651.090343
2766.978193
2864.797508
2977.570093
3109.657321
3139.563863
3224.299065
3361.370717
3360.747664
3398.130841
3492.834891
3507.165109
3559.501558
3598.753894
3583.800623
3661.059190
3669.158879
3581.931464
3583.800623
3499.688474
3290.965732
3109.657321
2826.791277
2451.090343
2054.205607
1493.457944
897.819315
352.024922
-366.355140
-1110.280374
-1757.009346
-2470.404984
-3152.647975
-3749.532710
-4358.255452
-4844.236760
-5244.236760
-5664.797508
-5912.149533
-6046.728972
-6211.214953
-6266.043614
-6218.691589
-6163.862928
-6009.345794
-5831.152648
-5631.775701
-5299.688474
-4983.177570
-4668.535826
-4215.576324
-3730.218069
-3270.404984
-2733.333333
-2170.716511
-1581.308411
-968.224299
-423.052960
140.809969
722.118380
1176.323988
1562.616822
1957.632399
2251.713396
2451.090343
2580.062305
2636.760125
2681.619938
2645.482866
2535.202492
2466.666667
2396.261682
2262.305296
2178.816199
2134.579439
2115.264798
2135.825545
2137.071651
2186.292835
2323.364486
2420.560748
2513.395639
2697.819315
2844.859813
2955.140187
3099.688474
3208.099688
3328.971963
3439.875389
3459.190031
3528.971963
3611.838006
3566.355140
3552.024922
3573.208723
3483.489097
3385.046729
3254.828660
3041.121495
2859.190031
2571.962617
2147.040498
1801.246106
1353.894081
746.417445
228.660436
-371.962617
-1054.205607
-1662.305296
-2357.009346
-3018.068536
-3539.563863
-4163.239875
-4710.903427
-5057.943925
-5467.912773
-5791.277259
-5953.894081
-6123.987539
-6163.239875
-6113.395639
-6099.065421
-5900.934579
-5636.760125
-5449.221184
-5092.834891
-4685.981308
-4328.348910
-3847.975078
-3380.062305
-2896.573209
-2314.018692
-1829.283489
-1329.595016
-728.971963
-265.420561
188.161994
669.158879
1027.414330
1377.570093
1680.373832
1861.682243
2073.520249
2221.183801
2244.859813
2327.102804
2352.024922
2304.049844
2317.757009
2279.127726
2224.299065
2237.383178
2186.915888
2174.454829
2244.859813
2236.760125
2267.289720
2386.292835
2444.859813
2537.071651
2678.504673
2774.454829
2907.788162
3055.451713
3141.433022
3287.850467
3422.429907
3467.289720
3560.124611
3636.137072
3624.922118
3624.922118
3588.161994
3476.635514
3360.124611
3168.224299
2885.358255
2619.937695
2277.881620
1811.214953
1364.485981
864.797508
255.451713
-314.641745
-900.934579
-1542.056075
-2126.479751
-2720.249221
-3280.373832
-3730.841121
-4195.638629
-4627.414330
-4886.604361
-5132.087227
-5380.062305
-5474.766355
-5538.317757
-5567.601246
-5494.080997
-5445.482866
-5316.510903
-5090.965732
-4927.725857
-4677.881620
-4297.819315
-3967.601246
-3582.554517
-3112.772586
-2657.320872
-2136.448598
-1608.099688
-1115.887850
-547.663551
-15.576324
378.816199
814.953271
1217.445483
1472.897196
1706.542056
1871.028037
1952.024922
2012.461059
1978.816199
1910.280374
1899.065421
1807.476636
1677.881620
1649.221184
1629.906542
1600.000000
1633.021807
1702.180685
1809.968847
1954.517134
2061.682243
2227.414330
2466.666667
2619.314642
2758.878505
2958.878505
3105.919003
3214.330218
3322.118380
3389.408100
3466.666667
3510.903427
3462.928349
3487.227414
3519.626168
3424.922118
3350.778816
3316.510903
3193.769470
3050.467290
2876.012461
2634.890966
2395.015576
2055.451713
1601.869159
1186.292835
719.626168
114.641745
-476.012461
-1067.912773
-1722.118380
-2331.464174
-2938.940810
-3495.327103
-3940.186916
-4387.538941
-4795.638629
-5014.330218
-5181.308411
-5342.056075
-5367.601246
-5334.579439
-5258.566978
-5111.526480
-4959.501558
-4752.647975
-4466.666667
-4245.482866
-3993.146417
-3643.613707
-3315.887850
-2983.800623
-2605.607477
-2225.545171
-1809.345794
-1374.454829
-985.046729
-537.694704
-84.112150
283.489097
643.613707
990.654206
1256.074766
1483.489097
1657.320872
1750.155763
1835.514019
1845.482866
1785.669782
1753.894081
1701.557632
1604.984424
1538.317757
1492.834891
1479.127726
1497.196262
1508.411215
1585.669782
1729.595016
1852.336449
1996.261682
2191.277259
2395.015576
2587.538941
2748.909657
2890.342679
3054.205607
3178.193146
3230.529595
3284.112150
3318.380062
3320.249221
3266.666667
3206.230530
3173.831776
3089.096573
2953.894081
2831.152648
2689.719626
2508.411215
2278.504673
2007.476636
1744.548287
1403.738318
965.109034
545.171340
106.542056
-408.722741
-929.595016
-1466.666667
-1978.816199
-2444.859813
-2945.171340
-3388.785047
-3707.788162
-4038.629283
-4321.495327
-4466.043614
-4580.685358
-4628.660436
-4638.006231
-4627.414330
-4487.850467
-4335.825545
-4257.320872
-4054.205607
-3809.345794
-3634.890966
-3419.314642
-3169.470405
-2899.688474
-2582.554517
-2333.333333
-2059.813084
-1661.059190
-1339.563863
-1049.844237
-656.074766
-312.149533
2.492212
320.872274
567.601246
850.467290
1101.557632
1191.900312
1323.987539
1476.635514
1486.604361
1505.295950
1549.532710
1552.647975
1561.993769
1547.040498
1541.433022
1647.352025
1717.133956
1758.255452
1908.411215
2069.158879
2203.115265
2355.140187
2522.118380
2711.526480
2857.320872
2940.186916
3043.613707
3149.532710
3179.439252
3168.224299
3157.009346
3127.725857
3055.451713
2926.479751
2823.052960
2738.940810
2581.308411
2395.638629
2241.744548
2064.797508
1862.928349
1625.545171
1362.616822
1129.595016
821.806854
437.383178
107.788162
-235.514019
-667.912773
-1069.158879
-1466.043614
-1876.012461
-2228.037383
-2602.492212
-2937.694704
-3163.239875
-3415.576324
-3647.352025
-3732.087227
-3809.345794
-3878.504673
-3867.289720
-3847.352025
-3781.931464
-3667.912773
-3599.376947
-3476.012461
-3290.965732
-3189.408100
-3058.566978
-2843.613707
-2682.242991
-2493.457944
-2250.467290
-2042.990654
-1773.208723
-1484.112150
-1237.383178
-919.626168
-591.277259
-331.464174
-50.467290
241.744548
479.750779
714.018692
917.133956
1055.451713
1200.000000
1299.688474
1351.401869
1424.922118
1486.604361
1517.757009
1562.616822
1607.476636
1667.289720
1770.716511
1857.320872
1952.647975
2080.373832
2201.246106
2323.987539
2454.828660
2580.062305
2669.158879
2731.464174
2781.308411
2788.161994
2768.224299
2730.218069
2656.074766
2561.370717
2452.959502
2327.102804
2184.423676
2071.028037
1958.878505
1823.676012
1694.080997
1581.931464
1466.666667
1347.663551
1214.330218
1049.221184
895.327103
714.641745
453.582555
209.968847
-34.890966
-371.962617
-688.473520
-1009.968847
-1371.962617
-1673.520249
-1978.816199
-2292.211838
-2510.903427
-2732.710280
-2961.993769
-3069.158879
-3144.548287
-3250.467290
-3260.436137
-3275.389408
-3273.520249
-3204.984424
-3186.915888
-3156.386293
-3046.105919
-3018.068536
-2989.408100
-2856.697819
-2782.554517
-2681.619938
-2527.102804
-2400.000000
-2195.638629
-1946.417445
-1747.663551
-1441.744548
-1088.473520
-801.869159
-447.352025
-88.473520
232.398754
578.193146
859.813084
1094.080997
1347.040498
1512.149533
1608.099688
1727.102804
1800.000000
1821.183801
1837.383178
1833.021807
1847.975078
1876.635514
1872.274143
1900.934579
1983.800623
2031.152648
2079.127726
2156.386293
2238.006231
2300.934579
2318.380062
2332.710280
2348.909657
2304.672897
2216.822430
2128.971963
2038.006231
1906.542056
1739.563863
1595.015576
1487.227414
1368.224299
1244.236760
1166.978193
1120.872274
1078.504673
1024.299065
997.507788
1000.000000
955.140187
886.604361
818.691589
715.887850
565.109034
370.093458
128.348910
-116.510903
-386.915888
-740.186916
-1060.436137
-1351.401869
-1691.588785
-1998.753894
-2260.436137
-2510.903427
-2690.342679
-2859.190031
-3008.722741
-3047.975078
-3102.803738
-3172.585670
-3150.155763
-3119.003115
-3109.034268
-3059.813084
-3022.429907
-2968.224299
-2874.143302
-2819.314642
-2721.495327
-2542.679128
-2391.900312
-2228.037383
-1968.847352
-1687.850467
-1373.208723
-1031.775701
-682.866044
-289.719626
99.065421
422.429907
765.109034
1122.741433
1373.831776
1571.339564
1758.255452
1894.704050
1970.716511
1997.507788
1994.392523
1975.077882
1931.464174
1846.728972
1786.915888
1747.040498
1680.373832
1617.445483
1591.277259
1580.685358
1569.470405
1552.647975
1557.632399
1586.915888
1580.685358
1553.271028
1553.271028
1566.978193
1528.348910
1474.143302
1440.498442
1407.476636
1353.271028
1284.735202
1253.582555
1241.121495
1208.722741
1171.339564
1181.308411
1202.492212
1202.492212
1198.753894
1209.968847
1208.099688
1166.978193
1089.096573
982.554517
873.520249
692.834891
446.728972
211.214953
-61.059190
-404.361371
-743.302181
-1080.996885
-1422.429907
-1747.663551
-2085.981308
-2377.570093
-2591.277259
-2818.068536
-3024.922118
-3125.856698
-3201.246106
-3273.520249
-3287.227414
-3279.750779
-3230.529595
-3153.894081
-3101.557632
-2988.161994
-2819.314642
-2692.834891
-2526.479751
-2295.327103
-2069.158879
-1818.068536
-1550.778816
-1253.582555
-905.919003
-576.323988
-267.289720
98.442368
452.959502
743.302181
1023.052960
1296.573209
1521.495327
1670.404984
1781.308411
1860.436137
1904.049844
1877.881620
1806.230530
1740.809969
1651.713396
1510.280374
1380.062305
1279.750779
1171.962617
1059.813084
973.208723
927.102804
904.049844
884.735202
871.028037
904.672897
961.993769
991.900312
1035.514019
1109.657321
1161.993769
1204.361371
1249.221184
1295.950156
1352.647975
1374.454829
1386.292835
1426.168224
1460.436137
1463.551402
1468.535826
1480.373832
1478.504673
1452.336449
1417.445483
1370.716511
1308.411215
1220.560748
1079.127726
929.595016
763.862928
527.725857
272.274143
15.576324
-276.635514
-600.623053
-909.657321
-1229.283489
-1533.333333
-1813.084112
-2109.657321
-2335.825545
-2515.887850
-2704.049844
-2834.890966
-2898.442368
-2960.124611
-2966.355140
-2937.071651
-2894.704050
-2796.884735
-2704.672897
-2601.869159
-2436.137072
-2284.735202
-2144.548287
-1940.809969
-1749.532710
-1547.663551
-1304.049844
-1085.358255
-845.482866
-572.585670
-327.102804
-67.289720
191.277259
403.738318
616.822430
804.361371
948.909657
1071.651090
1143.925234
1186.292835
1227.414330
1196.261682
1148.909657
1120.872274
1038.006231
965.109034
910.903427
834.890966
790.654206
754.517134
724.610592
732.087227
733.956386
740.186916
791.900312
837.383178
875.389408
942.056075
1006.853583
1086.604361
1165.109034
1228.660436
1307.165109
1390.031153
1441.121495
1496.573209
1553.894081
1598.753894
1622.429907
1629.283489
1638.006231
1633.644860
1590.031153
1542.056075
1506.542056
1437.383178
1355.763240
1251.090343
1150.778816
1056.697819
895.950156
733.333333
600.623053
403.115265
190.654206
-18.068536
-264.174455
-484.735202
-743.302181
-1029.283489
-1246.728972
-1483.489097
-1745.171340
-1932.710280
-2103.426791
-2278.504673
-2383.800623
-2479.127726
-2527.725857
-2514.018692
-2543.302181
-2519.626168
-2429.906542
-2369.470405
-2291.588785
-2175.077882
-2066.043614
-1942.679128
-1817.445483
-1714.641745
-1543.925234
-1390.031153
-1272.897196
-1087.227414
-894.080997
-722.118380
-527.102804
-330.841121
-128.971963
81.619938
239.252336
388.785047
548.909657
655.451713
728.348910
781.931464
809.968847
832.398754
806.853583
763.239875
758.255452
726.479751
674.766355
656.697819
642.990654
646.105919
666.666667
678.504673
729.595016
793.769470
829.906542
911.526480
1006.853583
1077.881620
1169.470405
1242.367601
1315.264798
1411.214953
1479.750779
1515.887850
1585.669782
1622.429907
1622.429907
1646.105919
1633.644860
1614.330218
1604.361371
1540.186916
1485.358255
1464.797508
1383.177570
1324.610592
1299.688474
1223.052960
1166.355140
1114.641745
1003.115265
930.218069
842.990654
652.336449
509.034268
356.386293
104.672897
-119.626168
-357.009346
-634.267913
-876.012461
-1149.532710
-1424.922118
-1609.345794
-1811.838006
-2036.137072
-2146.417445
-2251.090343
-2349.532710
-2378.816199
-2428.660436
-2427.414330
-2383.177570
-2404.361371
-2368.224299
-2280.996885
-2254.205607
-2206.230530
-2122.118380
-2045.482866
-1943.925234
-1850.467290
-1745.794393
-1561.993769
-1395.015576
-1248.598131
-1034.890966
-798.753894
-573.208723
-352.647975
-140.186916
99.065421
302.803738
432.398754
591.277259
729.595016
801.869159
844.236760
876.012461
908.411215
915.887850
873.520249
854.205607
890.342679
874.766355
851.713396
865.420561
897.196262
931.464174
946.417445
971.339564
1051.713396
1096.573209
1089.096573
1152.647975
1218.691589
1246.105919
1274.143302
1296.573209
1363.239875
1424.299065
1418.691589
1456.074766
1536.448598
1547.663551
1539.563863
1563.239875
1585.669782
1583.177570
1544.548287
1510.280374
1504.672897
1456.074766
1375.700935
1334.579439
1289.719626
1215.576324
1100.311526
994.392523
919.003115
777.570093
595.015576
444.859813
276.635514
48.598131
-185.669782
-428.037383
-644.859813
-879.127726
-1180.062305
-1411.214953
-1594.392523
-1826.168224
-2035.514019
-2196.261682
-2342.679128
-2452.336449
-2576.323988
-2672.897196
-2690.342679
-2724.610592
-2777.570093
-2757.009346
-2707.788162
-2670.404984
-2606.853583
-2519.626168
-2385.669782
-2227.414330
-2105.295950
-1923.364486
-1666.666667
-1466.666667
-1246.728972
-982.554517
-717.757009
-453.582555
-218.068536
-8.722741
233.021807
449.221184
588.161994
743.302181
890.342679
983.177570
1049.844237
1105.295950
1157.009346
1206.230530
1209.345794
1213.707165
1254.205607
1261.682243
1249.844237
1258.566978
1280.996885
1289.096573
1281.619938
1254.828660
1254.828660
1263.551402
1211.838006
1185.669782
1186.915888
1155.763240
1133.956386
1121.495327
1132.087227
1154.517134
1147.663551
1148.286604
1195.015576
1229.283489
1221.806854
1235.514019
1257.943925
1269.781931
1265.420561
1236.760125
1238.006231
1236.137072
1186.915888
1151.401869
1144.548287
1100.934579
1050.467290
995.015576
915.887850
849.844237
733.333333
581.308411
453.582555
295.950156
67.289720
-147.663551
-371.339564
-623.676012
-874.766355
-1138.317757
-1395.638629
-1616.822430
-1858.566978
-2079.127726
-2242.367601
-2411.214953
-2560.747664
-2662.305296
-2752.647975
-2809.345794
-2839.252336
-2869.781931
-2854.205607
-2806.230530
-2765.109034
-2692.211838
-2590.654206
-2470.404984
-2314.641745
-2156.386293
-1966.355140
-1730.218069
-1496.573209
-1246.105919
-957.009346
-666.043614
-386.292835
-85.358255
199.376947
472.274143
738.317757
958.878505
1146.417445
1326.479751
1456.697819
1545.794393
1616.822430
1653.582555
1671.651090
1671.651090
1650.467290
1625.545171
1598.130841
1553.271028
1519.626168
1487.227414
1441.121495
1382.554517
1332.710280
1276.012461
1209.968847
1139.563863
1057.320872
983.177570
913.395639
836.137072
768.847352
717.133956
677.881620
649.844237
614.953271
611.838006
629.906542
631.775701
644.236760
661.059190
672.274143
694.704050
699.065421
698.442368
722.741433
723.987539
712.149533
730.841121
753.271028
758.255452
758.255452
758.255452
759.501558
742.056075
685.358255
639.875389
574.454829
459.813084
322.741433
167.601246
-1.869159
-203.738318
-429.906542
-650.467290
-872.897196
-1109.034268
-1339.563863
-1552.024922
-1751.401869
-1932.087227
-2109.657321
-2246.105919
-2340.809969
-2444.236760
-2515.264798
-2548.286604
-2563.239875
-2562.616822
-2542.679128
-2502.180685
-2408.099688
-2316.510903
-2232.398754
-2077.258567
-1902.180685
-1718.380062
-1504.672897
-1263.551402
-1007.476636
-722.741433
-452.959502
-158.878505
161.370717
421.183801
681.619938
941.433022
1158.255452
1353.271028
1507.788162
1619.937695
1723.987539
1775.700935
1785.669782
1802.492212
1786.915888
1737.694704
1685.358255
1616.199377
1547.040498
1478.504673
1381.931464
1300.311526
1219.937695
1107.788162
998.130841
907.788162
799.376947
671.028037
550.155763
430.529595
331.464174
224.299065
119.626168
57.320872
-9.968847
-57.943925
-77.881620
-85.981308
-73.520249
-50.467290
-19.314642
39.875389
107.165109
161.370717
228.037383
309.657321
392.523364
479.750779
571.339564
670.404984
782.554517
866.043614
962.616822
1065.420561
1128.348910
1176.323988
1209.968847
1206.853583
1177.570093
1096.573209
975.077882
839.875389
649.221184
429.906542
190.654206
-67.289720
-333.956386
-612.461059
-899.065421
-1146.417445
-1392.523364
-1633.021807
-1824.299065
-2001.869159
-2158.878505
-2279.127726
-2384.423676
-2464.797508
-2510.280374
-2552.647975
-2558.878505
-2530.841121
-2496.573209
-2430.529595
-2332.087227
-2212.461059
-2052.336449
-1864.174455
-1661.059190
-1391.277259
-1115.887850
-833.021807
-503.426791
-175.700935
149.532710
477.258567
783.177570
1069.158879
1336.448598
1535.202492
1710.903427
1849.844237
1917.133956
1939.563863
1928.971963
1876.012461
1781.931464
1671.028037
1527.102804
1379.439252
1223.052960
1051.090343
894.080997
732.710280
569.470405
428.037383
273.520249
127.102804
-13.707165
-153.894081
-285.358255
-416.822430
-532.710280
-646.105919
-733.333333
-796.884735
-838.006231
-861.682243
-840.498442
-775.077882
-690.342679
-567.601246
-409.345794
-227.414330
-29.283489
181.308411
398.130841
621.183801
835.514019
1036.760125
1234.890966
1421.183801
1570.716511
1713.395639
1833.644860
1928.348910
2012.461059
2064.174455
2082.242991
2080.373832
2044.859813
1970.716511
1871.028037
1729.595016
1543.925234
1330.218069
1078.504673
792.523364
499.065421
179.439252
-153.894081
-480.373832
-818.068536
-1132.710280
-1427.414330
-1714.018692
-1960.124611
-2169.470405
-2358.255452
-2502.180685
-2610.591900
-2694.080997
-2735.202492
-2753.271028
-2738.317757
-2682.866044
-2619.314642
-2531.464174
-2401.246106
-2267.912773
-2100.311526
-1900.311526
-1690.965732
-1446.105919
-1181.931464
-916.510903
-618.691589
-320.872274
-24.922118
265.420561
543.302181
794.392523
1018.068536
1205.607477
1343.925234
1449.844237
1497.819315
1497.196262
1467.912773
1397.507788
1285.358255
1163.239875
1027.414330
874.766355
735.202492
604.984424
470.404984
354.517134
247.352025
151.401869
71.028037
-17.445483
-93.457944
-162.616822
-240.498442
-307.165109
-373.208723
-448.598131
-503.426791
-547.040498
-580.062305
-571.339564
-542.679128
-492.834891
-393.146417
-260.436137
-104.049844
77.258567
271.651090
490.342679
709.657321
925.856698
1128.348910
1318.380062
1484.735202
1624.922118
1744.548287
1833.644860
1904.049844
1940.809969
1962.616822
1975.077882
1963.862928
1946.417445
1927.725857
1875.389408
1826.168224
1768.847352
1673.520249
1573.831776
1454.205607
1283.489097
1097.196262
877.881620
624.299065
352.647975
54.828660
-258.566978
-578.193146
-908.411215
-1231.152648
-1528.971963
-1824.299065
-2090.965732
-2304.049844
-2500.311526
-2659.813084
-2752.647975
-2821.183801
-2858.566978
-2838.006231
-2798.753894
-2732.710280
-2626.791277
-2514.641745
-2372.585670
-2208.722741
-2038.006231
-1847.975078
-1649.844237
-1455.451713
-1235.514019
-1006.230530
-779.439252
-529.595016
-289.719626
-55.451713
186.292835
416.822430
622.429907
818.068536
985.669782
1119.003115
1233.644860
1302.180685
1338.940810
1350.155763
1314.018692
1251.713396
1170.716511
1044.859813
912.772586
773.208723
632.398754
486.604361
345.171340
206.853583
74.766355
-42.990654
-147.040498
-228.037383
-309.034268
-371.962617
-408.722741
-439.252336
-446.728972
-436.137072
-411.838006
-360.124611
-294.704050
-207.476636
-87.227414
38.629283
196.884735
364.485981
540.186916
732.087227
915.887850
1095.327103
1275.389408
1437.383178
1583.800623
1711.526480
1806.230530
1886.604361
1942.056075
1960.747664
1975.077882
1964.485981
1930.841121
1895.327103
1836.137072
1758.878505
1676.012461
1581.308411
1469.158879
1342.679128
1180.062305
1014.330218
819.314642
595.638629
371.339564
115.264798
-156.386293
-436.760125
-719.003115
-995.638629
-1262.305296
-1520.872274
-1755.763240
-1953.271028
-2133.333333
-2272.274143
-2372.585670
-2451.090343
-2489.096573
-2489.096573
-2469.781931
-2425.545171
-2361.993769
-2285.981308
-2185.046729
-2074.143302
-1955.140187
-1824.922118
-1691.588785
-1551.401869
-1393.146417
-1236.760125
-1069.781931
-885.358255
-697.819315
-514.641745
-323.364486
-133.956386
55.451713
233.021807
400.623053
547.663551
677.881620
784.423676
862.305296
914.018692
925.856698
928.348910
900.934579
846.728972
775.077882
688.473520
596.261682
508.411215
418.068536
335.825545
261.059190
193.769470
145.794393
104.049844
80.996885
72.274143
67.912773
57.320872
64.797508
72.897196
82.242991
89.096573
99.065421
105.295950
116.510903
145.794393
172.585670
217.445483
272.897196
344.548287
426.168224
522.118380
624.299065
745.171340
859.190031
968.224299
1079.750779
1180.685358
1271.651090
1345.794393
1393.769470
1419.937695
1432.398754
1429.906542
1411.214953
1379.439252
1342.056075
1295.950156
1253.582555
1203.738318
1164.485981
1124.610592
1072.274143
1028.037383
980.062305
908.411215
829.906542
732.087227
619.314642
487.227414
333.956386
159.501558
-31.775701
-231.775701
-453.582555
-676.635514
-902.803738
-1127.725857
-1336.448598
-1525.233645
-1702.180685
-1859.190031
-1986.915888
-2090.965732
-2173.208723
-2232.398754
-2262.305296
-2266.043614
-2257.320872
-2230.529595
-2180.685358
-2126.479751
-2056.697819
-1968.224299
-1866.666667
-1748.286604
-1626.791277
-1493.457944
-1327.102804
-1162.616822
-984.423676
-797.507788
-604.361371
-406.853583
-201.246106
4.361371
190.031153
378.816199
545.171340
692.834891
823.052960
930.841121
1014.330218
1063.551402
1091.588785
1095.950156
1089.096573
1044.236760
995.638629
928.971963
847.352025
768.224299
679.750779
590.031153
505.295950
426.168224
345.794393
280.373832
213.707165
147.040498
82.242991
27.414330
-18.068536
-54.828660
-89.719626
-115.264798
-122.118380
-114.641745
-104.672897
-69.781931
-25.545171
34.267913
123.364486
213.084112
317.757009
439.252336
570.716511
710.280374
841.744548
975.077882
1107.165109
1221.183801
1328.971963
1420.560748
1491.588785
1550.155763
1585.046729
1600.000000
1600.623053
1584.423676
1557.632399
1524.610592
1477.881620
1422.429907
1367.601246
1299.065421
1231.152648
1156.386293
1064.797508
958.255452
846.728972
711.526480
548.286604
373.831776
183.177570
-30.529595
-258.566978
-499.688474
-749.532710
-1004.361371
-1255.451713
-1495.327103
-1722.741433
-1934.579439
-2121.495327
-2282.866044
-2412.461059
-2503.426791
-2568.847352
-2609.345794
-2624.922118
-2601.246106
-2560.124611
-2506.542056
-2422.429907
-2323.987539
-2208.722741
-2086.604361
-1951.401869
-1798.130841
-1632.398754
-1448.598131
-1264.174455
-1064.797508
-846.728972
-623.052960
-386.915888
-150.155763
85.981308
328.971963
552.024922
772.585670
970.093458
1149.532710
1308.411215
1432.398754
1519.003115
1565.732087
1575.700935
1547.663551
1494.080997
1409.968847
1293.457944
1170.093458
1027.414330
872.274143
727.725857
585.669782
457.943925
339.563863
236.137072
152.647975
86.604361
27.414330
-21.183801
-43.613707
-74.766355
-94.080997
-97.819315
-115.887850
-116.510903
-105.919003
-110.280374
-89.719626
-55.451713
-19.937695
51.090343
130.218069
216.822430
342.056075
475.389408
609.968847
767.601246
920.249221
1072.274143
1230.529595
1357.632399
1466.043614
1561.370717
1616.822430
1646.105919
1652.336449
1618.691589
1560.124611
1487.850467
1383.177570
1268.535826
1144.548287
1011.214953
886.604361
766.978193
650.467290
547.040498
446.728972
352.024922
261.059190
160.747664
52.336449
-59.190031
-182.554517
-327.725857
-482.866044
-659.190031
-841.744548
-1038.629283
-1240.498442
-1440.498442
-1631.775701
-1818.691589
-1969.470405
-2099.688474
-2213.084112
-2290.342679
-2322.741433
-2322.118380
-2302.803738
-2257.943925
-2191.900312
-2094.704050
-1988.785047
-1876.012461
-1758.255452
-1626.791277
-1494.704050
-1371.339564
-1242.367601
-1103.426791
-962.616822
-829.283489
-678.504673
-523.364486
-361.370717
-193.769470
-19.937695
161.370717
337.694704
512.149533
677.881620
833.021807
976.947040
1097.196262
1188.785047
1261.059190
1314.641745
1337.694704
1328.348910
1300.311526
1249.844237
1180.062305
1095.950156
998.130841
897.196262
786.292835
674.766355
575.077882
474.143302
386.292835
310.903427
238.006231
175.077882
132.087227
99.065421
71.651090
55.451713
31.152648
24.299065
23.676012
24.299065
19.314642
26.791277
46.728972
57.943925
76.012461
104.672897
139.563863
180.685358
241.744548
306.542056
380.685358
457.320872
543.925234
637.383178
723.364486
814.330218
893.457944
957.009346
1005.607477
1039.875389
1069.781931
1080.996885
1062.305296
1031.152648
993.146417
943.925234
887.850467
819.314642
755.140187
699.065421
644.859813
587.538941
538.317757
492.211838
439.252336
377.570093
309.034268
236.760125
150.155763
44.236760
-82.866044
-224.299065
-380.685358
-563.239875
-753.271028
-940.809969
-1139.563863
-1333.333333
-1511.526480
-1680.373832
-1820.560748
-1948.286604
-2052.336449
-2117.133956
-2149.532710
-2166.978193
-2158.878505
-2117.757009
-2061.682243
-1985.669782
-1902.180685
-1799.376947
-1690.342679
-1577.570093
-1449.221184
-1317.133956
-1176.323988
-1025.545171
-867.912773
-694.704050
-513.395639
-327.725857
-125.233645
84.112150
285.981308
495.950156
693.457944
882.866044
1059.190031
1221.806854
1350.155763
1453.582555
1530.218069
1575.700935
1588.785047
1565.732087
1526.479751
1452.336449
1350.155763
1237.383178
1112.772586
968.224299
824.299065
682.866044
548.909657
423.676012
302.803738
191.277259
94.080997
6.230530
-62.305296
-130.218069
-190.654206
-231.152648
-272.897196
-305.919003
-330.841121
-357.009346
-371.962617
-373.208723
-377.570093
-370.093458
-341.433022
-303.426791
-246.728972
-167.601246
-81.619938
27.414330
155.763240
287.227414
424.299065
565.109034
700.311526
835.514019
960.747664
1063.551402
1132.087227
1190.031153
1216.199377
1214.953271
1203.115265
1153.271028
1087.850467
1019.937695
928.348910
834.890966
748.286604
657.943925
581.931464
510.903427
442.367601
384.423676
338.940810
285.981308
236.760125
191.900312
133.956386
52.959502
-33.021807
-135.202492
-256.697819
-396.884735
-555.140187
-715.887850
-886.604361
-1066.666667
-1234.267913
-1385.046729
-1519.003115
-1635.514019
-1721.495327
-1786.292835
-1818.068536
-1816.822430
-1792.523364
-1733.956386
-1659.190031
-1566.978193
-1465.420561
-1357.009346
-1252.336449
-1143.925234
-1039.875389
-941.433022
-844.236760
-752.024922
-659.813084
-570.716511
-466.043614
-354.517134
-236.137072
-113.395639
23.676012
175.700935
327.725857
487.850467
647.352025
795.015576
937.694704
1055.451713
1157.632399
1235.514019
1267.912773
1277.258567
1254.828660
1191.277259
1104.672897
997.507788
870.404984
747.663551
604.984424
461.059190
334.579439
208.722741
99.065421
14.330218
-55.451713
-110.280374
-148.286604
-177.570093
-180.685358
-181.931464
-193.146417
-183.800623
-179.439252
-185.046729
-189.408100
-193.769470
-202.492212
-211.838006
-226.791277
-229.906542
-221.183801
-209.968847
-189.408100
-145.171340
-90.965732
-27.414330
62.305296
170.716511
277.881620
392.523364
503.426791
614.330218
720.872274
807.476636
877.881620
925.856698
949.532710
948.909657
925.856698
887.850467
833.021807
756.386293
676.012461
596.261682
515.887850
438.629283
373.208723
317.757009
274.143302
257.943925
249.221184
250.467290
254.205607
262.928349
280.996885
295.950156
300.311526
287.850467
268.535826
233.021807
176.323988
112.149533
26.168224
-74.143302
-182.554517
-292.834891
-406.853583
-523.364486
-631.775701
-729.595016
-811.214953
-891.588785
-942.679128
-986.292835
-1018.068536
-1033.021807
-1044.236760
-1047.975078
-1046.105919
-1047.975078
-1045.482866
-1051.713396
-1058.566978
-1064.174455
-1077.258567
-1084.112150
-1082.242991
-1084.112150
-1077.881620
-1046.728972
-1006.230530
-950.155763
-868.535826
-763.239875
-646.105919
-507.165109
-356.386293
-200.000000
-30.529595
130.218069
288.473520
441.121495
570.093458
685.358255
771.339564
836.760125
879.750779
902.180685
892.211838
872.274143
833.021807
784.423676
733.956386
669.158879
614.953271
558.878505
504.672897
460.436137
422.429907
387.538941
355.140187
321.495327
289.719626
252.959502
208.722741
160.124611
95.327103
29.283489
-39.252336
-117.133956
-181.308411
-252.336449
-326.479751
-374.454829
-419.937695
-450.467290
-451.713396
-439.252336
-404.984424
-351.401869
-274.143302
-178.816199
-78.504673
34.890966
157.632399
272.897196
385.046729
490.965732
590.654206
679.750779
752.024922
814.330218
851.090343
884.735202
908.411215
915.264798
914.641745
914.641745
914.641745
915.887850
911.526480
902.180685
902.803738
903.426791
895.327103
877.881620
861.682243
846.105919
815.576324
766.355140
703.426791
633.021807
547.663551
446.728972
332.087227
212.461059
76.012461
-67.912773
-216.199377
-371.962617
-525.856698
-682.242991
-834.890966
-971.339564
-1099.065421
-1221.183801
-1328.348910
-1417.445483
-1491.588785
-1555.140187
-1596.884735
-1631.152648
-1649.221184
-1648.598131
-1644.859813
-1618.068536
-1588.161994
-1554.517134
-1502.803738
-1446.728972
-1385.669782
-1297.196262
-1206.853583
-1101.557632
-988.161994
-866.666667
-715.887850
-561.370717
-390.031153
-212.461059
-31.775701
145.794393
327.102804
495.327103
651.713396
809.968847
940.809969
1035.514019
1115.264798
1171.962617
1201.869159
1213.084112
1193.146417
1143.925234
1085.981308
1001.869159
908.411215
816.822430
706.542056
596.884735
487.850467
383.177570
280.373832
182.554517
94.080997
14.953271
-59.190031
-132.710280
-199.376947
-249.844237
-294.704050
-342.679128
-381.931464
-406.230530
-425.545171
-437.383178
-446.105919
-433.021807
-416.199377
-380.685358
-323.987539
-264.797508
-190.654206
-108.411215
-19.314642
84.735202
192.523364
301.557632
411.838006
522.741433
628.660436
726.479751
812.461059
888.473520
953.894081
1000.000000
1034.890966
1061.059190
1072.897196
1061.059190
1045.482866
1013.084112
963.862928
910.280374
842.367601
781.308411
710.903427
644.236760
579.439252
507.165109
444.859813
378.816199
312.772586
246.105919
181.308411
125.856698
58.566978
-6.853583
-73.520249
-130.218069
-192.523364
-262.305296
-320.249221
-380.685358
-448.598131
-511.526480
-565.732087
-623.052960
-685.981308
-733.956386
-786.915888
-840.498442
-890.965732
-937.694704
-970.716511
-1003.115265
-1037.383178
-1066.666667
-1088.473520
-1110.280374
-1133.333333
-1152.024922
-1157.632399
-1162.616822
-1154.517134
-1143.302181
-1130.218069
-1102.180685
-1059.190031
-1014.953271
-958.255452
-888.473520
-806.853583
-709.034268
-609.345794
-509.657321
-383.800623
-257.943925
-132.710280
10.591900
147.663551
282.242991
405.607477
521.495327
626.791277
725.856698
811.838006
882.242991
942.056075
977.570093
1003.115265
1011.214953
1009.968847
995.015576
963.862928
931.464174
893.457944
838.629283
786.915888
730.841121
661.059190
585.669782
511.526480
432.398754
352.024922
274.143302
197.507788
111.526480
36.760125
-36.137072
-108.411215
-175.700935
-234.267913
-277.881620
-325.856698
-344.548287
-355.763240
-360.747664
-344.548287
-318.380062
-284.735202
-243.613707
-178.193146
-112.772586
-39.875389
44.236760
126.479751
209.345794
292.834891
371.962617
449.221184
525.856698
593.769470
649.844237
705.295950
745.794393
789.408100
819.314642
831.152648
841.744548
842.990654
838.006231
816.822430
795.015576
756.386293
708.411215
653.582555
590.654206
517.757009
427.414330
336.448598
248.598131
153.894081
52.336449
-44.859813
-154.517134
-257.943925
-357.009346
-454.828660
-543.925234
-630.529595
-712.149533
-796.261682
-870.404984
-945.171340
-1014.330218
-1077.881620
-1133.956386
-1186.915888
-1233.644860
-1272.274143
-1302.803738
-1326.479751
-1338.940810
-1338.940810
-1325.233645
-1303.426791
-1258.566978
-1195.638629
-1129.595016
-1045.482866
-951.401869
-844.236760
-733.333333
-616.199377
-492.834891
-363.862928
-244.859813
-124.610592
-7.476636
108.411215
215.576324
317.133956
413.707165
502.803738
587.538941
661.059190
730.841121
789.408100
839.252336
887.850467
926.479751
949.532710
960.124611
962.616822
952.024922
933.956386
892.211838
844.236760
785.669782
709.034268
635.514019
557.632399
461.059190
363.239875
276.635514
185.046729
90.342679
1.869159
-72.274143
-136.448598
-197.507788
-247.975078
-284.112150
-305.919003
-322.741433
-319.003115
-299.688474
-285.358255
-249.844237
-200.623053
-150.155763
-100.934579
-34.267913
23.676012
84.112150
151.401869
205.607477
261.682243
314.641745
361.993769
407.476636
454.205607
494.704050
526.479751
551.401869
579.439252
599.376947
613.084112
626.168224
626.168224
623.676012
611.838006
594.392523
559.501558
518.380062
463.551402
400.623053
334.579439
257.943925
176.323988
97.819315
16.822430
-71.651090
-156.386293
-233.644860
-300.311526
-365.109034
-419.314642
-462.928349
-487.850467
-515.887850
-532.087227
-546.417445
-554.517134
-553.271028
-553.894081
-553.894081
-553.271028
-557.009346
-565.732087
-569.470405
-586.915888
-595.638629
-608.099688
-618.691589
-630.529595
-638.629283
-637.383178
-638.629283
-629.906542
-615.576324
-589.408100
-548.909657
-514.641745
-482.866044
-442.990654
-401.869159
-350.778816
-292.211838
-246.105919
-199.376947
-153.271028
-109.034268
-76.012461
-36.760125
3.738318
34.890966
69.158879
103.426791
148.909657
178.816199
217.445483
259.190031
301.557632
337.071651
378.193146
416.822430
449.221184
479.750779
495.950156
505.919003
505.295950
497.196262
478.504673
452.336449
411.214953
362.616822
306.542056
256.697819
195.638629
131.464174
83.489097
31.775701
-23.676012
-62.305296
-95.327103
-126.479751
-144.548287
-157.009346
-156.386293
-157.009346
-152.024922
-138.317757
-125.233645
-99.688474
-77.258567
-44.859813
-21.183801
11.214953
54.828660
95.950156
132.087227
172.585670
211.838006
251.713396
298.442368
337.071651
382.554517
424.922118
457.943925
491.588785
519.003115
539.563863
557.632399
566.978193
565.109034
566.355140
557.009346
532.087227
507.788162
468.535826
426.168224
383.177570
333.956386
284.735202
233.644860
173.831776
119.003115
63.551402
10.591900
-37.383178
-90.965732
-141.433022
-181.308411
-224.922118
-262.305296
-295.327103
-323.987539
-345.171340
-361.370717
-370.093458
-382.554517
-392.523364
-401.246106
-409.345794
-409.345794
-409.345794
-409.968847
-409.345794
-409.345794
-409.968847
-421.183801
-416.199377
-406.230530
-405.607477
-402.492212
-396.884735
-388.785047
-375.077882
-371.962617
-362.616822
-352.024922
-344.548287
-333.333333
-322.118380
-312.772586
-304.049844
-299.688474
-301.557632
-290.965732
-288.473520
-289.096573
-288.473520
-289.096573
-289.719626
-285.358255
-275.389408
-268.535826
-252.959502
-241.121495
-227.414330
-200.623053
-177.570093
-143.302181
-113.395639
-90.965732
-55.451713
-23.676012
10.591900
41.744548
81.619938
122.118380
153.271028
177.570093
207.476636
242.990654
274.766355
309.034268
340.809969
376.323988
400.000000
428.037383
461.682243
481.619938
505.919003
531.464174
546.417445
564.485981
576.947040
578.816199
593.146417
596.884735
588.161994
590.654206
584.423676
566.978193
553.271028
542.679128
530.841121
502.180685
476.635514
449.844237
414.330218
383.177570
345.171340
300.311526
255.451713
211.838006
166.978193
123.364486
77.258567
30.529595
-13.707165
-57.943925
-91.588785
-115.887850
-141.433022
-163.239875
-182.554517
-192.523364
-193.769470
-203.738318
-204.984424
-203.738318
-206.230530
-196.884735
-191.277259
-193.146417
-191.900312
-193.146417
-191.277259
-193.769470
-191.277259
-201.246106
-204.361371
-210.591900
-216.822430
-218.691589
-230.529595
-226.791277
-239.875389
-251.713396
-259.813084
-277.258567
-293.457944
-310.903427
-330.218069
-356.386293
-379.439252
-409.968847
-437.383178
-456.697819
-484.112150
-502.803738
-512.149533
-530.841121
-542.056075
-541.433022
-539.563863
-520.872274
-497.819315
-477.258567
-447.975078
-410.591900
-366.355140
-322.118380
-277.881620
-231.775701
-175.077882
-120.872274
-69.781931
-21.183801
29.906542
84.112150
135.825545
180.062305
228.037383
272.897196
316.510903
361.993769
403.115265
436.137072
469.158879
502.803738
525.856698
548.286604
566.978193
576.323988
580.062305
590.654206
585.669782
575.077882
557.009346
539.563863
527.102804
494.704050
462.305296
428.660436
396.261682
361.993769
330.218069
285.981308
250.467290
218.691589
178.816199
142.056075
106.542056
72.274143
42.990654
18.691589
-13.707165
-35.514019
-57.943925
-88.473520
-110.280374
-130.218069
-144.548287
-164.485981
-168.224299
-176.947040
-180.685358
-186.292835
-193.769470
-191.900312
-185.669782
-178.193146
-182.554517
-171.339564
-162.616822
-148.909657
-144.548287
-137.071651
-124.610592
-117.133956
-109.034268
-99.688474
-95.327103
-86.604361
-74.143302
-71.028037
-61.059190
-48.598131
-48.598131
-38.629283
-36.137072
-29.906542
-22.429907
-24.299065
-24.299065
-17.445483
-9.968847
-13.707165
-11.214953
-13.084112
-11.214953
-13.084112
-23.052960
-24.922118
-33.644860
-37.383178
-42.367601
-53.582555
-59.190031
-69.781931
-72.274143
-72.274143
-72.274143
-73.520249
-84.735202
-80.996885
-72.897196
-85.981308
-82.242991
-77.258567
-84.112150
-76.012461
-66.043614
-60.436137
-57.320872
-49.221184
-43.613707
-34.890966
-26.168224
-23.676012
-16.199377
-8.099688
2.492212
12.461059
19.314642
33.021807
36.137072
35.514019
43.613707
57.320872
59.813084
62.305296
72.274143
72.274143
78.504673
87.850467
94.080997
100.934579
108.411215
108.411215
117.757009
121.495327
119.003115
122.118380
117.757009
109.657321
100.311526
84.112150
69.781931
60.436137
46.105919
29.906542
18.691589
-0.623053
-21.183801
-34.890966
-37.383178
-51.713396
-69.781931
-82.866044
-89.719626
-107.165109
-120.249221
-132.710280
-147.040498
-156.386293
-171.339564
-183.177570
-195.015576
-204.361371
-204.984424
-203.738318
-204.984424
-196.261682
-184.423676
-173.208723
-153.271028
-128.971963
-97.196262
-74.143302
-41.744548
-7.476636
24.922118
69.781931
102.180685
137.694704
164.485981
190.654206
221.806854
244.859813
275.389408
289.719626
310.280374
330.218069
338.317757
347.663551
360.124611
360.747664
361.993769
352.647975
337.694704
327.725857
312.772586
287.850467
264.174455
231.152648
186.915888
147.040498
104.049844
66.666667
29.283489
-21.806854
-67.912773
-101.557632
-144.548287
-181.931464
-212.461059
-247.975078
-269.781931
-285.358255
-307.165109
-315.887850
-324.610592
-324.610592
-325.233645
-319.626168
-307.788162
-295.950156
-274.766355
-246.105919
-221.806854
-193.146417
-157.632399
-125.856698
-90.965732
-58.566978
-24.922118
6.853583
41.744548
72.897196
95.950156
115.264798
135.202492
154.517134
155.763240
169.470405
181.931464
171.339564
168.224299
162.616822
150.155763
138.940810
115.887850
95.327103
77.881620
45.482866
27.414330
3.738318
-30.529595
-63.551402
-89.096573
-116.510903
-142.056075
-161.993769
-184.423676
-198.753894
-211.838006
-217.445483
-216.822430
-216.822430
-216.822430
-207.476636
-194.392523
-180.062305
-170.716511
-157.632399
-135.202492
-116.510903
-95.327103
-78.504673
-61.682243
-42.367601
-26.791277
-3.738318
16.199377
31.775701
53.582555
76.012461
98.442368
117.757009
132.710280
160.747664
177.570093
189.408100
203.738318
214.953271
216.199377
224.922118
229.906542
228.660436
227.414330
216.822430
202.492212
191.900312
183.177570
163.862928
149.532710
138.317757
127.102804
111.526480
100.311526
89.719626
78.504673
69.781931
62.305296
46.105919
36.137072
27.414330
11.214953
1.869159
-10.591900
-19.937695
-33.021807
-47.352025
-57.943925
-69.781931
-87.227414
-99.065421
-110.280374
-120.249221
-120.872274
-131.464174
-132.710280
-132.710280
-125.856698
-115.887850
-109.034268
-99.065421
-92.211838
-80.373832
-70.404984
-55.451713
-39.875389
-28.660436
-17.445483
-6.853583
4.361371
15.576324
24.299065
32.398754
44.859813
51.713396
61.059190
68.535826
77.881620
84.735202
84.735202
83.489097
84.735202
84.112150
85.981308
78.504673
71.028037
66.043614
52.336449
42.990654
30.529595
16.199377
-2.492212
-21.806854
-33.644860
-51.713396
-63.551402
-73.520249
-85.981308
-95.950156
-107.788162
-107.788162
-113.395639
-122.118380
-130.218069
-133.333333
-132.710280
-132.087227
-135.202492
-145.171340
-143.925234
-144.548287
-144.548287
-143.302181
-153.894081
-157.009346
-156.386293
-155.140187
-142.056075
-133.333333
-132.087227
-127.102804
-104.049844
-87.227414
-76.012461
-54.828660
-34.890966
-24.922118
-0.623053
24.922118
33.644860
54.205607
74.143302
91.588785
106.542056
117.133956
140.809969
157.632399
176.323988
197.507788
213.707165
229.906542
247.352025
252.959502
268.535826
276.635514
282.242991
290.342679
288.473520
285.981308
274.143302
260.436137
242.990654
220.560748
193.769470
170.716511
143.925234
110.280374
77.258567
42.990654
18.691589
-9.345794
-44.859813
-67.912773
-94.080997
-115.264798
-134.579439
-149.532710
-161.370717
-170.716511
-188.161994
-202.492212
-206.230530
-214.953271
-218.691589
-209.968847
-204.361371
-196.261682
-192.523364
-181.308411
-164.485981
-143.302181
-117.133956
-95.950156
-74.766355
-47.975078
-20.560748
0.000000
17.445483
33.021807
49.844237
66.666667
82.242991
85.358255
82.866044
85.358255
82.242991
72.897196
71.651090
62.305296
54.828660
38.629283
21.806854
4.984424
-11.214953
-29.283489
-52.336449
-72.897196
-90.965732
-112.772586
-127.725857
-139.563863
-156.386293
-170.093458
-178.816199
-183.800623
-193.146417
-192.523364
-192.523364
-192.523364
-182.554517
-171.962617
-160.124611
-142.679128
-114.641745
-88.473520
-69.158879
-38.006231
-5.607477
28.660436
57.320872
80.996885
105.919003
126.479751
157.632399
184.423676
204.361371
223.676012
244.859813
259.813084
271.651090
287.850467
296.573209
310.280374
311.526480
309.034268
314.641745
304.049844
290.342679
277.881620
255.451713
237.383178
214.330218
189.408100
165.109034
133.956386
97.819315
72.897196
46.105919
12.461059
-10.591900
-40.498442
-62.305296
-85.358255
-111.526480
-131.464174
-150.778816
-172.585670
-188.785047
-198.130841
-210.591900
-216.822430
-223.676012
-230.529595
-226.791277
-238.629283
-237.383178
-228.660436
-224.299065
-211.838006
-201.246106
-189.408100
-176.323988
-155.140187
-135.202492
-116.510903
-90.342679
-67.289720
-51.713396
-35.514019
-12.461059
9.968847
27.414330
38.629283
54.205607
69.781931
72.897196
82.866044
84.735202
82.866044
85.358255
83.489097
85.981308
78.504673
72.274143
72.274143
62.928349
54.205607
48.598131
41.121495
33.644860
19.937695
3.115265
-6.853583
-14.953271
-23.676012
-31.152648
-44.859813
-48.598131
-47.975078
-55.451713
-69.781931
-70.404984
-59.813084
-59.813084
-61.059190
-57.943925
-46.728972
-34.890966
-25.545171
-16.822430
-9.968847
3.738318
20.560748
30.529595
42.367601
52.336449
69.781931
71.651090
77.258567
90.342679
97.196262
94.704050
103.426791
99.688474
95.327103
96.573209
95.950156
96.573209
89.096573
79.750779
72.897196
61.682243
48.598131
45.482866
30.529595
17.445483
11.838006
6.230530
-8.099688
-13.707165
-24.299065
-35.514019
-37.383178
-54.205607
-59.813084
-60.436137
-70.404984
-73.520249
-71.028037
-73.520249
-68.535826
-61.682243
-54.205607
-47.975078
-41.121495
-24.922118
-19.937695
-10.591900
-2.492212
11.214953
10.591900
16.199377
24.922118
23.676012
24.299065
23.676012
23.676012
15.576324
24.922118
19.937695
11.214953
12.461059
11.838006
12.461059
11.838006
1.246106
0.623053
-3.738318
-13.084112
-11.214953
-14.330218
-24.299065
-23.676012
-26.168224
-37.383178
-36.137072
-36.760125
-35.514019
-36.760125
-34.890966
-24.922118
-21.806854
-11.214953
-13.084112
-3.115265
11.838006
11.214953
16.199377
29.283489
36.137072
38.006231
47.975078
47.975078
47.352025
48.598131
43.613707
34.890966
38.006231
29.906542
18.691589
6.853583
-1.246106
0.623053
-9.345794
-13.707165
-23.052960
-35.514019
-36.137072
-37.383178
-47.352025
-48.598131
-47.352025
-49.221184
-59.813084
-61.059190
-59.813084
-60.436137
-59.813084
-60.436137
-59.813084
-61.059190
-52.336449
-46.728972
-48.598131
-39.252336
-28.037383
-16.822430
0.000000
16.822430
28.660436
37.383178
45.482866
57.943925
66.666667
80.996885
83.489097
89.096573
97.196262
96.573209
95.950156
97.196262
87.227414
84.112150
82.242991
71.651090
71.651090
61.059190
47.352025
34.890966
36.760125
28.660436
21.183801
6.853583
-2.492212
-9.968847
-18.691589
-26.168224
-36.760125
-49.844237
-64.174455
-71.028037
-74.143302
-82.866044
-90.965732
-99.065421
-90.342679
-82.866044
-84.735202
-84.735202
-76.012461
-67.912773
-57.320872
-42.990654
-29.906542
-23.052960
-11.214953
3.115265
12.461059
24.922118
22.429907
30.529595
36.137072
43.613707
49.221184
46.728972
48.598131
47.352025
48.598131
47.975078
44.236760
33.644860
41.121495
41.744548
34.890966
36.760125
34.890966
36.137072
34.890966
36.760125
28.037383
23.052960
24.922118
14.330218
11.214953
1.246106
0.000000
-8.722741
-13.707165
-11.214953
-13.084112
-10.591900
-16.199377
-13.084112
-11.838006
-11.214953
-13.084112
-23.052960
-24.299065
-23.676012
-24.922118
-23.052960
-26.791277
-36.137072
-44.859813
-47.975078
-50.467290
-60.436137
-59.190031
-60.436137
-59.813084
-60.436137
-67.289720
-62.305296
-57.320872
-47.975078
-47.975078
-45.482866
-33.021807
-24.299065
-23.676012
-11.838006
-1.869159
6.230530
12.461059
18.691589
28.037383
36.137072
36.137072
43.613707
49.844237
46.105919
54.205607
60.436137
60.436137
59.813084
60.436137
59.813084
60.436137
59.813084
60.436137
59.813084
47.975078
47.975078
44.236760
33.021807
26.791277
16.199377
12.461059
8.099688
-1.246106
-10.591900
-11.838006
-11.838006
-11.838006
-14.953271
-24.922118
-23.676012
-24.299065
-23.676012
-24.299065
-23.676012
-24.299065
-23.676012
-24.922118
-19.314642
-7.476636
1.246106
-1.246106
9.968847
11.838006
15.576324
22.429907
16.199377
25.545171
23.676012
24.299065
23.676012
23.676012
25.545171
18.068536
10.591900
12.461059
11.838006
11.838006
13.084112
3.115265
-1.246106
0.000000
0.000000
-0.623053
0.623053
-0.623053
6.230530
12.461059
0.000000
0.000000
0.000000
0.000000
0.623053
0.000000
-9.345794
-13.084112
-11.214953
-14.953271
-24.922118
-22.429907
-33.021807
-36.137072
-37.383178
-47.975078
-48.598131
-46.728972
-54.205607
-60.436137
-63.551402
-73.520249
-71.028037
-73.520249
-84.735202
-77.258567
-80.996885
-85.981308
-82.866044
-84.735202
-83.489097
-85.358255
-80.373832
-69.158879
-57.320872
-46.728972
-31.775701
-20.560748
-9.345794
10.591900
28.660436
44.236760
62.305296
72.897196
87.850467
104.049844
115.264798
126.479751
137.694704
145.171340
142.679128
150.155763
157.632399
155.763240
145.794393
144.548287
139.563863
130.218069
122.741433
109.034268
99.688474
87.850467
66.043614
47.352025
31.775701
13.707165
1.246106
-12.461059
-34.890966
-51.713396
-67.912773
-85.358255
-102.180685
-112.149533
-124.610592
-132.710280
-132.087227
-132.087227
-133.333333
-125.856698
-119.003115
-113.395639
-100.311526
-89.719626
-81.619938
-69.158879
-50.467290
-35.514019
-18.068536
-3.115265
8.099688
26.791277
36.760125
44.236760
56.697819
62.928349
72.897196
79.750779
89.096573
96.573209
95.950156
95.950156
96.573209
95.950156
86.604361
79.127726
67.289720
59.190031
50.467290
38.629283
28.660436
15.576324
-0.623053
-17.445483
-32.398754
-44.236760
-51.090343
-64.797508
-74.143302
-70.404984
-79.750779
-85.358255
-84.112150
-84.112150
-74.143302
-70.404984
-74.143302
-63.551402
-60.436137
-58.566978
-49.221184
-44.236760
-33.021807
-21.806854
-12.461059
-10.591900
-2.492212
1.869159
-1.869159
9.345794
10.591900
19.314642
23.676012
29.283489
33.644860
24.922118
38.006231
27.414330
22.429907
24.922118
22.429907
12.461059
12.461059
6.853583
-3.738318
-9.345794
-20.560748
-24.299065
-28.660436
-41.121495
-49.221184
-47.352025
-49.221184
-44.236760
-34.267913
-36.760125
-26.168224
-24.299065
-17.445483
-3.738318
-0.623053
3.738318
16.822430
24.922118
23.052960
28.660436
38.629283
43.613707
35.514019
36.760125
47.975078
47.975078
48.598131
47.975078
49.221184
52.336449
46.105919
50.467290
51.090343
47.975078
47.975078
49.221184
59.813084
57.943925
43.613707
36.760125
34.890966
37.383178
28.660436
24.299065
19.937695
11.214953
13.084112
1.869159
-0.623053
0.623053
-2.492212
-13.084112
-2.492212
0.623053
0.000000
0.000000
3.738318
