848.672020
673.872761
490.426189
340.333539
250.772082
246.448425
308.214947
366.275479
411.365040
457.689932
513.897468
636.195182
778.258184
919.703521
1095.120445
1245.213095
1421.247684
1686.843731
1957.381099
2203.829524
2358.863496
2313.156269
2119.209389
1905.497221
1699.814700
1627.547869
1681.284744
1718.344657
1700.432366
1546.016059
1203.211859
786.905497
372.452131
-65.472514
-479.308215
-907.967881
-1421.865349
-1908.585547
-2326.744904
-2643.607165
-2787.523162
-2900.555899
-3085.855466
-3308.214947
-3600.988264
-3869.054972
-3974.058061
-3969.734404
-3875.849290
-3669.549104
-3462.631254
-3243.360099
-2886.349599
-2484.867202
-2021.618283
-1507.720815
-1101.297097
-779.493515
-457.072267
-200.123533
93.267449
460.160593
751.698579
1042.618901
1344.039531
1531.192094
1754.786905
2008.029648
2150.092650
2269.302038
2281.655343
2111.797406
1946.880791
1786.287832
1600.370599
1520.074120
1442.865967
1273.625695
1142.063002
1000.000000
854.848672
841.877702
828.289067
791.229154
770.846201
674.490426
613.959234
669.549104
761.581223
945.645460
1211.241507
1423.100679
1675.725757
1984.558369
2207.535516
2388.511427
2455.836936
2259.419395
1997.529339
1740.580605
1497.838172
1494.132180
1586.781964
1577.516986
1551.575046
1326.744904
925.880173
595.429277
208.153181
-255.713403
-728.227301
-1399.011736
-2145.768993
-2707.844348
-3159.357628
-3405.188388
-3413.218036
-3531.809759
-3705.991353
-3856.701668
-4143.298332
-4303.891291
-4310.685608
-4344.039531
-4213.094503
-4040.765905
-3940.704138
-3628.783200
-3167.387276
-2621.371217
-1865.966646
-1169.240272
-697.961705
-261.890056
7.411983
189.005559
540.457072
809.141445
1000.617665
1287.831995
1410.747375
1554.045707
1862.878320
2061.766523
2248.919086
2386.040766
2247.066090
2042.618901
1843.113033
1537.368746
1327.362569
1154.416306
877.702285
715.873996
618.282891
543.545398
662.754787
798.023471
872.143298
995.058678
1020.382952
1008.029648
1092.032119
1145.768993
1253.242742
1507.103150
1823.965411
2268.684373
2817.788758
3269.302038
3578.134651
3665.843113
3480.543545
3173.563928
2832.612724
2521.927116
2344.039531
2258.801729
2154.416306
1946.263125
1629.400865
1247.066090
851.142681
437.306980
-50.030883
-699.814700
-1503.397159
-2368.128474
-3176.652254
-3770.846201
-4174.799259
-4501.544163
-4779.493515
-5056.825201
-5293.390982
-5390.982088
-5362.569487
-5226.065473
-5029.030266
-4880.790611
-4766.522545
-4604.694256
-4358.245831
-3917.850525
-3314.391600
-2631.871526
-1926.497838
-1275.478691
-646.695491
-0.617665
591.723286
1089.561458
1440.395306
1559.604694
1613.341569
1678.196418
1756.639901
1968.499074
2217.418159
2381.099444
2525.633107
2558.369364
2460.160593
2374.305127
2193.946881
1906.732551
1622.606547
1250.154416
910.438542
759.110562
663.990117
697.961705
824.583076
867.201977
949.351452
1098.826436
1229.153799
1460.778258
1703.520692
1862.878320
2143.298332
2476.219889
2823.347746
3326.744904
3673.872761
3756.022236
3778.258184
3556.516368
3258.801729
3166.151946
2973.440395
2815.318098
2760.963558
2392.217418
1964.793082
1623.224212
1072.266831
614.576899
196.417542
-596.046943
-1390.982088
-2184.681902
-3148.857319
-3767.140210
-4182.828907
-4717.726992
-5053.736875
-5417.541692
-5898.702903
-6009.882644
-6043.854231
-6054.972205
-5778.875849
-5663.990117
-5591.723286
-5252.007412
-4963.557752
-4461.395923
-3670.166770
-3080.914145
-2447.807288
-1770.228536
-1313.156269
-581.222977
274.861025
841.260037
1497.838172
1922.791847
1932.674490
2184.681902
2342.804200
2350.833848
2679.431748
2741.198271
2660.284126
2832.612724
2719.579988
2589.870290
2663.990117
2387.893762
2080.914145
1890.055590
1385.423101
1078.443484
982.087708
717.726992
735.021618
775.787523
607.782582
724.521309
788.758493
798.641137
1139.592341
1324.891909
1523.162446
2046.324892
2385.423101
2840.024707
3437.924645
3508.338481
3517.603459
3506.485485
3079.678814
2984.558369
2993.205683
2695.491044
2718.962322
2579.987647
2054.972205
1898.085238
1605.929586
1099.444101
934.527486
350.216183
-540.457072
-1198.888203
-2182.211242
-3058.678196
-3492.279185
-4187.770229
-4763.434219
-5087.090797
-5644.842495
-5846.819024
-5769.610871
-5865.966646
-5673.255096
-5516.368128
-5605.311921
-5365.040148
-5149.474985
-4919.085855
-4269.302038
-3767.757875
-3287.831995
-2575.046325
-2103.150093
-1462.631254
-521.927116
142.680667
898.085238
1597.899938
1824.583076
2164.916615
2453.983941
2437.306980
2616.429895
2626.312539
2379.246448
2376.158122
2269.302038
2132.180358
2287.214330
2271.155034
2179.740581
2186.534898
1928.350834
1677.578752
1500.926498
1158.122298
950.586782
791.229154
520.074120
507.720815
541.692403
570.722668
885.114268
1132.798023
1365.040148
1869.672637
2306.979617
2796.788141
3504.632489
3893.143916
4061.148857
4180.358246
3932.056825
3664.607783
3568.869673
3272.390364
3074.737492
3026.559605
2726.374305
2499.073502
2380.481779
2011.735639
1706.609018
1360.098826
620.135886
-163.681285
-1038.912909
-2096.973440
-2956.145769
-3760.345893
-4633.106856
-5313.156269
-5909.820877
-6362.569487
-6476.219889
-6518.221124
-6492.896850
-6324.891909
-6273.008030
-6159.975293
-5922.174182
-5768.993206
-5470.043237
-5063.001853
-4718.962322
-4187.770229
-3591.723286
-2978.999382
-2120.444719
-1226.065473
-416.924027
436.689314
1159.357628
1748.610253
2369.981470
2786.287832
3001.852996
3133.415689
3065.472514
2925.880173
2801.111797
2624.459543
2494.132180
2418.777023
2373.069796
2391.599753
2427.424336
2440.395306
2394.070414
2248.919086
2075.972823
1859.172329
1584.928968
1323.656578
1021.000618
763.434219
636.195182
611.488573
765.904880
1047.560222
1408.894379
1939.468808
2528.103768
3177.887585
3852.995676
4237.801112
4411.365040
4418.777023
4100.061767
3792.464484
3487.337863
3003.705991
2752.933910
2528.103768
2132.180358
2028.412600
1857.936998
1499.691167
1378.628783
964.793082
239.654107
-353.304509
-1279.184682
-2315.009265
-3084.620136
-4142.680667
-5137.121680
-5786.905497
-6544.163064
-6969.116739
-7025.324274
-7168.004941
-6958.616430
-6581.222977
-6365.657813
-5928.968499
-5554.663372
-5331.068561
-4885.731933
-4562.693020
-4326.127239
-3892.526251
-3525.015442
-2961.087091
-2112.415071
-1349.598518
-474.366893
424.336010
1172.328598
2046.324892
2791.846819
3281.655343
3717.726992
3827.053737
3759.728227
3683.755405
3350.833848
3033.971587
2776.405188
2379.864114
2190.858555
2066.707844
1897.467573
1967.263743
1974.058061
1924.027177
2004.323657
1888.202594
1731.933292
1610.870908
1219.271155
933.292156
705.373687
407.659049
454.601606
543.545398
662.137122
1210.623842
1748.610253
2386.040766
3300.802965
3809.759111
4215.565164
4630.018530
4480.543545
4379.864114
4250.154416
3639.283508
3305.744287
2972.822730
2300.185300
2045.089561
1746.139592
1221.741816
1171.710933
866.584311
282.890673
-14.823965
-757.257566
-1627.547869
-2222.977146
-3252.625077
-4266.213712
-5045.089561
-6108.709080
-6815.318098
-7197.652872
-7667.696109
-7628.165534
-7384.187770
-7219.888820
-6641.136504
-6134.033354
-5735.639284
-5020.382952
-4581.840642
-4258.801729
-3736.256949
-3467.572576
-3072.884497
-2400.864731
-1904.261890
-1237.801112
-438.542310
195.799876
1056.825201
1971.587400
2715.873996
3544.780729
4176.652254
4510.809141
4750.463249
4699.197035
4423.718345
4064.854849
3509.573811
2900.555899
2355.157505
1836.936380
1483.014206
1287.831995
1200.123533
1271.155034
1358.245831
1442.865967
1533.045090
1492.279185
1353.922174
1141.445337
819.024089
494.749846
224.830142
-25.941939
-157.504632
-86.473132
213.094503
791.229154
1627.547869
2510.809141
3273.625695
3942.557134
4414.453366
4676.961087
4853.613342
4780.111180
4437.306980
4018.529957
3412.600371
2718.344657
2183.446572
1639.901174
1148.239654
824.583076
403.953057
-33.971587
-376.158122
-849.907350
-1343.421865
-1861.642989
-2630.636195
-3484.249537
-4378.011118
-5361.951822
-6173.563928
-6838.789376
-7391.599753
-7663.372452
-7746.139592
-7618.900556
-7201.976529
-6664.607783
-6011.735639
-5254.478073
-4589.252625
-3962.322421
-3352.069179
-2842.495368
-2303.273626
-1773.316862
-1354.539839
-951.822112
-539.221742
-56.825201
566.399012
1266.831377
1954.292773
2603.458925
3235.948116
3800.494132
4243.360099
4559.604694
4620.135886
4389.746757
4022.235948
3506.485485
2890.055590
2368.746140
1853.613342
1358.245831
1034.589253
780.111180
662.754787
777.022854
932.674490
1130.327363
1334.774552
1389.746757
1430.512662
1444.101297
1330.450896
1235.330451
1119.209389
1016.676961
1153.798641
1413.835701
1802.964793
2377.393453
2819.024089
3259.419395
3764.051884
4053.736875
4337.862878
4535.515750
4399.011736
4215.565164
3890.055590
3240.889438
2609.017912
1857.936998
972.822730
290.302656
-458.925263
-1232.859790
-1766.522545
-2326.744904
-2821.494750
-3167.387276
-3715.256331
-4263.125386
-4743.051266
-5357.628166
-5851.760346
-6315.626930
-6838.789376
-7108.709080
-7229.153799
-7238.418777
-6946.263125
-6583.693638
-6137.121680
-5455.836936
-4775.787523
-4004.323657
-3101.914762
-2299.567634
-1470.660902
-691.785053
-106.238419
460.778258
946.880791
1347.127857
1781.346510
2050.648548
2253.860408
2518.838789
2663.990117
2869.054972
3053.736875
3012.970970
2990.735022
2891.290920
2691.167387
2633.106856
2455.219271
2129.092032
1889.437925
1543.545398
1231.006794
1096.973440
912.909203
815.318098
815.935763
758.492897
849.907350
1016.059296
1203.829524
1552.192712
1844.966028
2153.180976
2621.988882
3028.412600
3526.868437
4070.413836
4336.627548
4578.134651
4749.227918
4654.725139
4638.048178
4505.250154
4107.473749
3840.642372
3413.835701
2799.258802
2358.245831
1772.699197
1119.827054
640.518839
-87.708462
-879.555281
-1528.721433
-2367.510809
-3147.004324
-3842.495368
-4717.109327
-5479.308215
-6156.269302
-6885.114268
-7382.952440
-7799.258802
-8127.239036
-8141.445337
-8040.765905
-7768.993206
-7259.419395
-6725.138975
-6039.530574
-5238.418777
-4513.897468
-3710.932674
-2933.292156
-2249.536751
-1478.690550
-766.522545
-155.651637
507.103150
1059.913527
1550.339716
2099.444101
2534.898085
2901.173564
3248.301421
3476.837554
3670.166770
3809.759111
3796.788141
3698.579370
3499.691167
3242.742434
2982.705374
2672.637431
2352.686844
2016.059296
1663.372452
1402.717727
1234.712786
1135.268684
1143.298332
1163.681285
1214.947498
1331.686226
1505.867820
1726.991970
1988.882026
2333.539222
2699.814700
3085.237801
3491.043854
3795.552810
4000.000000
4220.506485
4294.626313
4237.183447
4183.446572
3975.911056
3743.051266
3603.458925
3218.653490
2707.226683
2235.948116
1587.399629
1010.500309
510.191476
-239.654107
-977.764052
-1667.696109
-2492.896850
-3176.652254
-3848.672020
-4672.637431
-5360.098826
-6029.030266
-6723.903644
-7179.122915
-7573.810994
-7835.701050
-7827.671402
-7778.875849
-7572.575664
-7179.740581
-6760.345893
-6118.591723
-5341.568870
-4611.488573
-3785.052502
-3015.441631
-2332.303891
-1516.368128
-786.905497
-157.504632
522.544781
1032.736257
1485.484867
1977.146387
2314.391600
2589.252625
2858.554663
3025.941939
3184.064237
3307.597282
3305.126621
3237.801112
3141.445337
3002.470661
2824.583076
2598.517603
2312.538604
1993.205683
1710.315009
1516.368128
1368.746140
1298.332304
1297.096973
1284.743669
1331.686226
1495.367511
1702.285361
1977.764052
2345.892526
2754.786905
3205.682520
3713.403335
4151.945645
4426.189006
4647.930821
4766.522545
4692.402718
4578.752316
4363.804818
4007.411983
3767.757875
3468.190241
2963.557752
2546.016059
2036.442248
1437.306980
978.999382
327.980235
-460.160593
-1142.063002
-1944.410130
-2776.405188
-3489.808524
-4341.568870
-5177.269920
-5875.231624
-6649.783817
-7279.184682
-7741.198271
-8148.239654
-8294.626313
-8304.508956
-8243.360099
-7948.733786
-7562.693020
-7009.264978
-6231.006794
-5455.219271
-4594.811612
-3719.579988
-2987.029030
-2182.828907
-1383.570105
-696.108709
8.647313
578.134651
1033.971587
1560.222359
1983.940704
2347.745522
2736.256949
3015.441631
3266.831377
3484.249537
3576.899321
3630.636195
3652.872143
3618.282891
3529.956763
3349.598518
3097.591106
2807.288450
2505.867820
2235.948116
1971.587400
1750.463249
1611.488573
1505.250154
1453.366275
1483.631872
1639.901174
1912.909203
2234.095120
2628.783200
3046.942557
3480.543545
3990.735022
4347.745522
4547.251390
4742.433601
4694.255713
4534.898085
4409.512044
4023.471279
3676.343422
3437.924645
2878.937616
2376.775788
1996.911674
1405.806053
1023.471279
615.194565
-119.827054
-683.137739
-1314.391600
-2151.945645
-2794.935145
-3618.282891
-4561.457690
-5252.007412
-6090.796788
-6868.437307
-7380.481779
-7935.145151
-8201.976529
-8247.066090
-8287.214330
-8014.823965
-7641.754169
-7205.682520
-6469.425571
-5786.905497
-5043.854231
-4129.709697
-3418.159358
-2634.342187
-1787.523162
-1158.739963
-431.130327
261.890056
726.991970
1332.921557
1835.701050
2138.974676
2573.193329
2885.114268
3113.032736
3431.747993
3533.045090
3551.575046
3636.195182
3607.782582
3559.604694
3460.160593
3194.564546
2950.586782
2717.726992
2449.660284
2219.271155
1966.646078
1734.403953
1568.869673
1402.100062
1284.126004
1294.626313
1398.394070
1591.105621
1901.173564
2273.625695
2707.844348
3282.890673
3787.523162
4121.680049
4452.130945
4568.869673
4483.014206
4440.395306
4146.386658
3770.846201
3573.810994
3075.355158
2523.162446
2156.269302
1560.222359
1115.503397
820.259419
163.063620
-357.628166
-816.553428
-1549.722051
-2093.885114
-2715.873996
-3597.282273
-4266.213712
-5084.620136
-6027.177270
-6687.461396
-7406.423718
-7945.645460
-8157.504632
-8395.305744
-8340.333539
-8043.236566
-7747.992588
-7141.445337
-6469.425571
-5791.846819
-4863.495985
-4073.502162
-3320.568252
-2426.806671
-1738.109944
-1022.235948
-308.214947
143.915998
698.579370
1225.447807
1539.839407
1964.793082
2305.126621
2572.575664
3000.617665
3263.743051
3427.424336
3645.460161
3721.432983
3806.053119
3874.613959
3725.756640
3572.575664
3382.952440
3101.297097
2887.584929
2642.371834
2385.423101
2192.093885
1959.234095
1756.022236
1612.723904
1584.311303
1707.226683
1870.290303
2150.710315
2520.691785
2914.144534
3444.101297
3893.761581
4189.623224
4518.221124
4579.987647
4474.366893
4402.100062
4048.795553
3704.138357
3395.923410
2734.403953
2169.240272
1685.608400
1031.500926
650.401482
219.888820
-440.395306
-803.582458
-1275.478691
-1893.761581
-2285.978999
-2955.528104
-3699.197035
-4247.683755
-5090.179123
-5854.848672
-6445.954293
-7200.741198
-7680.049413
-8026.559605
-8359.481161
-8267.449043
-8046.942557
-7720.815318
-7087.708462
-6498.455837
-5729.462631
-4745.521927
-3917.232860
-2995.058678
-2107.473749
-1437.924645
-657.813465
-44.471896
405.188388
1009.264978
1368.746140
1637.430513
2015.441631
2197.652872
2509.573811
2913.526868
3077.208153
3327.980235
3568.252007
3674.490426
3922.174182
4011.735639
3914.144534
3891.908586
3719.579988
3502.779494
3332.303891
3023.471279
2752.933910
2465.719580
2098.826436
1847.436689
1652.254478
1590.487956
1680.049413
1743.668931
1978.999382
2360.098826
2767.140210
3315.009265
3704.756022
3957.998765
4276.096356
4323.656578
4278.567017
4229.153799
3836.318715
3492.279185
3069.796170
2318.715256
1804.817789
1285.978999
626.930204
261.890056
-305.126621
-935.762817
-1164.298950
-1610.253243
-2066.090179
-2361.951822
-3063.619518
-3638.048178
-4080.296479
-4893.761581
-5483.631872
-6042.618901
-6811.612106
-7235.330451
-7688.696726
-8075.972823
-7982.087708
-7886.967264
-7626.930204
-7051.883879
-6529.339098
-5726.991970
-4761.581223
-3953.057443
-2990.735022
-2101.914762
-1347.127857
-486.102532
111.179741
597.282273
1127.856702
1365.657813
1587.399629
1813.465102
1880.172946
2117.356393
2347.745522
2447.807288
2720.815318
2969.734404
3207.535516
3524.397776
3652.254478
3743.051266
3831.377393
3746.757258
3639.901174
3446.571958
3185.299568
2983.323039
2644.224830
2327.980235
2080.296479
1778.258184
1710.932674
1729.462631
1705.991353
2011.735639
2405.806053
2805.435454
3424.336010
3831.995059
4151.327980
4623.224212
4735.639284
4703.520692
4671.402100
4258.801729
3872.143298
3436.071649
2639.901174
2013.588635
1394.688079
641.754169
116.738728
-523.162446
-1169.857937
-1489.190859
-1925.880173
-2348.363187
-2659.666461
-3213.094503
-3661.519456
-4079.678814
-4776.405188
-5344.657196
-5933.909821
-6633.106856
-7085.237801
-7567.016677
-7953.057443
-7997.529339
-8010.500309
-7820.259419
-7350.833848
-6812.229771
-6001.235330
-5072.266831
-4194.564546
-3203.211859
-2252.625077
-1374.305127
-494.749846
216.800494
828.289067
1340.333539
1612.723904
1819.641754
1951.822112
2030.265596
2195.182211
2257.566399
2269.919704
2404.570723
2572.575664
2840.642372
3147.621989
3354.539839
3570.722668
3738.109944
3801.729463
3820.877085
3718.962322
3543.545398
3323.038913
2962.940086
2602.223595
2250.772082
1914.762199
1783.817171
1699.814700
1663.990117
1910.438542
2227.300803
2637.430513
3234.095120
3679.431748
4109.944410
4602.223595
4812.847437
4925.880173
4946.263125
4633.724521
4283.508338
3801.729463
3035.206918
2369.363805
1641.754169
814.700432
164.298950
-578.752316
-1260.654725
-1656.578135
-2140.827671
-2568.869673
-2884.496603
-3387.893762
-3768.993206
-4105.620754
-4673.872761
-5132.180358
-5657.813465
-6303.273626
-6751.080914
-7231.624460
-7674.490426
-7842.495368
-7986.411365
-7958.616430
-7625.694873
-7193.329216
-6493.514515
-5604.694256
-4705.373687
-3676.343422
-2649.166152
-1692.402718
-706.609018
113.650401
787.523162
1378.011118
1727.609636
1975.293391
2163.681285
2195.799876
2243.977764
2246.448425
2153.798641
2186.534898
2321.803582
2492.896850
2775.787523
3037.677579
3248.919086
3512.044472
3705.991353
3820.259419
3872.143298
3814.082767
3657.195800
3387.276096
3011.117974
2655.960469
2326.744904
2063.619518
1933.909821
1821.494750
1877.702285
2171.710933
2534.280420
3033.971587
3565.781347
3982.705374
4429.894997
4786.905497
4906.732551
4934.527486
4786.905497
4442.865967
3993.823348
3331.068561
2583.693638
1806.670784
953.675108
172.328598
-638.665843
-1416.306362
-1973.440395
-2476.837554
-2919.085855
-3245.213095
-3659.666461
-4008.647313
-4269.919704
-4691.167387
-5104.385423
-5525.015442
-6074.119827
-6533.662755
-6961.087091
-7378.628783
-7596.664608
-7736.256949
-7740.580605
-7534.280420
-7178.505250
-6592.340951
-5820.259419
-4957.381099
-3978.381717
-2966.646078
-1914.762199
-848.054355
52.501544
830.142063
1478.072884
1906.114886
2200.741198
2374.305127
2394.688079
2395.923410
2353.304509
2222.977146
2146.386658
2192.093885
2300.802965
2487.955528
2722.668314
2915.997529
3130.327363
3413.835701
3623.224212
3758.492897
3854.231007
3785.052502
3605.929586
3378.011118
3047.560222
2757.257566
2531.809759
2282.273008
2130.327363
2109.944410
2251.389747
2618.900556
3026.559605
3453.366275
3935.762817
4320.568252
4685.608400
4965.410747
4947.498456
4864.731316
4676.961087
4117.974058
3530.574429
2834.465720
1892.526251
1147.621989
316.244595
-712.168005
-1423.718345
-2102.532427
-2775.787523
-3148.239654
-3634.959852
-4111.797406
-4324.274243
-4678.196418
-5027.177270
-5305.126621
-5789.376158
-6180.975911
-6537.368746
-7006.176652
-7274.243360
-7495.367511
-7663.990117
-7617.047560
-7549.104385
-7235.948116
-6630.636195
-5972.822730
-5114.885732
-4178.505250
-3241.507103
-2099.444101
-1052.501544
-139.592341
773.316862
1422.483014
1943.792464
2384.187770
2556.516368
2694.873379
2804.817789
2714.021001
2633.106856
2518.838789
2436.071649
2523.780111
2591.723286
2696.108709
2874.613959
3038.912909
3317.479926
3600.370599
3736.874614
3905.497221
3917.232860
3745.521927
3618.282891
3368.746140
3074.119827
2912.909203
2664.607783
2445.336628
2457.072267
2565.163681
2800.494132
3174.799259
3498.455837
3820.259419
4171.093267
4449.042619
4640.518839
4673.872761
4601.605930
4373.069796
3874.613959
3315.626930
2646.077826
1807.288450
1051.266214
158.739963
-869.054972
-1654.725139
-2390.364422
-3068.560840
-3523.780111
-4067.943175
-4545.398394
-4810.376776
-5158.122298
-5452.748610
-5704.756022
-6077.208153
-6373.687461
-6681.284744
-7034.589253
-7223.594812
-7373.687461
-7436.071649
-7364.422483
-7242.124768
-6883.261272
-6331.686226
-5670.166770
-4835.083385
-3996.294009
-3072.884497
-2003.088326
-1054.354540
-104.385423
791.846819
1442.248301
2035.824583
2493.514515
2723.285979
2930.821495
3009.264978
2931.439160
2869.054972
2744.904262
2675.108091
2715.873996
2728.844966
2824.583076
2937.615812
3046.942557
3277.949351
3442.248301
3560.222359
3704.138357
3663.372452
3591.105621
3524.397776
3331.068561
3173.563928
3016.059296
2792.464484
2681.902409
2643.607165
2725.138975
2959.851760
3138.974676
3440.395306
3768.375540
3960.469426
4299.567634
4474.366893
4374.305127
4442.865967
4201.358863
3671.402100
3319.950587
2594.811612
1749.845584
1156.886967
155.033972
-796.170476
-1444.718962
-2363.804818
-2992.588017
-3443.483632
-4176.034589
-4554.663372
-4865.348981
-5347.127857
-5503.397159
-5828.289067
-6229.771464
-6339.715874
-6700.432366
-6986.411365
-7050.030883
-7320.568252
-7309.450278
-7137.739345
-7058.678196
-6567.634342
-5998.147004
-5426.189006
-4523.162446
-3740.580605
-2907.967881
-1849.907350
-1027.794935
-161.210624
692.402718
1231.624460
1826.436072
2295.243978
2495.367511
2746.757258
2809.141445
2741.198271
2739.345275
2623.841878
2592.340951
2647.313156
2617.047560
2717.109327
2820.877085
2880.790611
3119.827054
3256.948734
3326.127239
3506.485485
3470.660902
3397.776405
3415.071032
3225.447807
3101.914762
3054.972205
2861.642989
2842.495368
2901.173564
2990.735022
3306.361952
3513.279802
3760.963558
4131.562693
4248.301421
4478.690550
4662.137122
4438.542310
4421.865349
4216.182829
3570.105003
3237.801112
2594.811612
1657.195800
1135.268684
207.535516
-844.966028
-1420.630019
-2333.539222
-3095.738110
-3504.014824
-4285.978999
-4772.699197
-5022.853613
-5552.810377
-5761.581223
-6004.941322
-6432.365658
-6535.515750
-6817.788758
-7103.767758
-7103.767758
-7293.390982
-7281.037678
-7062.384188
-6978.381717
-6508.956146
-5893.143916
-5328.597900
-4419.394688
-3579.987647
-2745.521927
-1652.254478
-788.140828
43.854231
928.968499
1450.895615
1948.733786
2416.306362
2581.840642
2786.287832
2894.379246
2803.582458
2767.757875
2675.108091
2601.605930
2636.195182
2597.282273
2630.636195
2720.197653
2735.021618
2898.085238
3030.265596
3069.178505
3241.507103
3253.860408
3133.415689
3140.827671
3019.765287
2875.231624
2858.554663
2700.432366
2617.047560
2714.638666
2823.347746
3103.767758
3400.247066
3657.195800
4049.413218
4279.802347
4483.631872
4725.138975
4614.576899
4557.751699
4447.807288
3850.525015
3401.482397
2883.261272
1966.646078
1350.833848
574.428660
-529.956763
-1180.975911
-1957.381099
-2832.612724
-3276.096356
-3976.528721
-4633.106856
-4906.114886
-5429.894997
-5802.964793
-5982.705374
-6443.483632
-6674.490426
-6861.642989
-7229.153799
-7272.390364
-7316.862261
-7407.659049
-7195.799876
-7019.765287
-6707.844348
-6059.295862
-5452.130945
-4674.490426
-3747.374923
-2935.145151
-1950.586782
-959.851760
-135.268684
725.756640
1405.806053
1892.526251
2374.922792
2644.224830
2814.082767
2979.617048
2946.263125
2865.966646
2812.847437
2725.756640
2698.579370
2682.520074
2639.901174
2668.931439
2706.609018
2778.258184
2889.437925
2942.557134
3030.883261
3102.532427
3016.676961
2980.852378
2940.086473
2806.670784
2783.817171
2675.108091
2516.985794
2576.899321
2659.666461
2865.966646
3235.948116
3446.571958
3796.788141
4219.271155
4397.776405
4700.432366
4848.672020
4668.931439
4670.784435
4345.274861
3705.373687
3319.950587
2560.222359
1681.902409
1082.767140
43.854231
-888.820259
-1492.896850
-2441.630636
-3088.943792
-3596.664608
-4420.630019
-4793.699815
-5142.680667
-5711.550340
-5858.554663
-6203.211859
-6636.195182
-6678.196418
-7034.589253
-7260.037060
-7200.123533
-7421.247684
-7355.157505
-7112.415071
-6998.147004
-6434.836319
-5801.729463
-5214.947498
-4260.037060
-3426.189006
-2528.721433
-1423.718345
-578.134651
310.685608
1166.769611
1691.785053
2266.831377
2647.930821
2815.935763
3072.884497
3063.001853
2982.087708
2970.969734
2793.082149
2750.463249
2726.991970
2569.487338
2618.282891
2644.224830
2625.077208
2774.552193
2770.846201
2792.464484
2915.997529
2858.554663
2869.054972
2846.819024
2689.314392
2670.784435
2574.428660
2438.542310
2485.484867
2469.425571
2573.810994
2878.319951
3086.473132
3414.453366
3879.555281
4181.593576
4503.397159
4793.082149
4816.553428
4813.465102
4766.522545
4391.599753
3899.320568
3386.658431
2604.076590
1812.229771
1074.737492
84.002471
-812.229771
-1555.281038
-2476.837554
-3165.534280
-3720.197653
-4455.836936
-4904.879555
-5298.332304
-5834.465720
-6079.061149
-6365.040148
-6745.521927
-6880.790611
-7143.915998
-7375.540457
-7361.334157
-7463.248919
-7412.600371
-7175.416924
-6967.263743
-6473.749228
-5852.995676
-5203.211859
-4287.831995
-3394.070414
-2496.602841
-1433.600988
-523.780111
355.775170
1249.536751
1867.819642
2413.835701
2873.996294
3092.649784
3293.390982
3373.687461
3274.243360
3199.505868
3072.884497
2940.704138
2864.731316
2733.786288
2670.166770
2648.548487
2606.547251
2657.813465
2685.608400
2670.784435
2743.668931
2728.227301
2681.284744
2684.373070
2560.840025
2462.013589
2425.571340
2283.508338
2250.772082
2335.392217
2377.393453
2585.546634
2914.144534
3165.534280
3534.898085
3976.528721
4227.918468
4501.544163
4731.933292
4680.049413
4628.165534
4495.367511
4014.823965
3533.662755
2964.175417
2097.591106
1365.657813
554.045707
-471.278567
-1243.977764
-2067.943175
-2950.586782
-3529.956763
-4207.535516
-4828.289067
-5176.034589
-5676.961087
-6059.913527
-6255.713403
-6639.901174
-6844.348363
-6995.676343
-7297.714639
-7336.627548
-7368.746140
-7415.071032
-7185.299568
-6990.735022
-6649.166152
-6022.235948
-5423.718345
-4627.547869
-3704.756022
-2857.936998
-1812.229771
-817.788758
40.148240
966.646078
1675.108091
2253.860408
2810.376776
3106.238419
3325.509574
3478.690550
3421.247684
3373.069796
3252.007412
3086.473132
3010.500309
2819.024089
2680.049413
2644.842495
2528.103768
2552.192712
2608.400247
2519.456455
2583.075973
2625.694873
2549.722051
2620.135886
2573.193329
2427.424336
2438.542310
2360.098826
2264.978382
2331.686226
2389.746757
2494.132180
2711.550340
2975.911056
3264.360716
3626.930204
4054.354540
4315.626930
4542.927733
4785.670167
4730.080296
4675.108091
4563.310686
3982.087708
3463.866584
2886.349599
1903.644225
1166.769611
302.655960
-859.172329
-1600.370599
-2476.219889
-3443.483632
-3924.644842
-4630.018530
-5257.566399
-5506.485485
-6054.972205
-6384.805435
-6507.720815
-6922.174182
-7047.560222
-7181.593576
-7489.190859
-7406.423718
-7426.189006
-7431.747993
-7085.237801
-6887.584929
-6459.542928
-5720.815318
-5140.827671
-4275.478691
-3269.302038
-2415.688697
-1340.951204
-306.979617
554.045707
1486.102532
2215.565164
2778.258184
3294.008647
3579.369981
3768.993206
3836.936380
3739.345275
3623.841878
3409.512044
3178.505250
3020.382952
2785.052502
2605.929586
2528.103768
2410.129710
2396.541075
2441.630636
2390.364422
2416.924027
2452.748610
2405.188388
2422.483014
2408.894379
2283.508338
2240.889438
2204.447190
2095.120445
2138.357011
2251.389747
2306.979617
2515.132798
2836.318715
3095.120445
3474.366893
3928.968499
4149.474985
4394.070414
4676.343422
4597.899938
4551.575046
4470.660902
3873.996294
3355.775170
2819.024089
1793.082149
1013.588635
162.445954
-1048.177888
-1827.053737
-2691.785053
-3697.344040
-4203.211859
-4894.996912
-5567.634342
-5810.994441
-6328.597900
-6649.783817
-6703.520692
-7080.296479
-7159.975293
-7195.182211
-7447.807288
-7289.067326
-7234.712786
-7228.536133
-6852.995676
-6634.342187
-6196.417542
-5449.660284
-4865.348981
-3980.234713
-3008.029648
-2196.417542
-1060.531192
-35.824583
812.229771
1846.819024
2570.105003
3142.063002
3767.140210
4024.706609
4203.211859
4328.597900
4120.444719
3927.115503
3714.021001
3353.304509
3109.326745
2845.583694
2536.751081
2390.364422
2242.742434
2121.680049
2134.651019
2054.972205
1992.588017
2072.266831
2016.676961
1994.441013
2065.472514
1910.438542
1825.818406
1873.996294
1734.403953
1745.521927
1890.673255
1886.967264
2082.149475
2400.864731
2657.813465
3077.825818
3509.573811
3848.672020
4172.946263
4442.248301
4650.401482
4664.607783
4575.663990
4361.951822
3764.669549
3181.593576
2551.575046
1542.927733
714.638666
-206.300185
-1386.040766
-2182.211242
-3037.677579
-3964.175417
-4452.130945
-5130.945028
-5746.757258
-5972.205065
-6421.865349
-6621.371217
-6628.783200
-6933.292156
-6972.822730
-6996.911674
-7165.534280
-6969.734404
-6894.996912
-6841.260037
-6473.749228
-6222.359481
-5725.138975
-4969.734404
-4361.951822
-3463.248919
-2495.985176
-1653.489809
-514.515133
477.455219
1311.303274
2318.097591
2962.322421
3438.542310
3978.381717
4128.474367
4207.535516
4253.242742
3945.027795
3688.079061
3457.072267
3069.178505
2846.201359
2577.516986
2272.390364
2177.269920
2028.412600
1940.704138
2000.617665
1910.438542
1912.909203
2000.617665
1914.144534
1928.968499
1962.940086
1849.289685
1786.905497
1746.757258
1688.696726
1686.226065
1765.904880
1906.114886
2035.824583
2318.097591
2735.639284
3022.853613
3452.130945
3941.939469
4118.591723
4437.306980
4685.608400
4491.043854
4439.159975
4189.005559
3472.513897
2953.057443
2187.152563
1116.738728
347.745522
-668.313774
-1791.846819
-2540.457072
-3470.660902
-4297.714639
-4775.787523
-5450.895615
-5888.820259
-6055.589870
-6413.218036
-6507.103150
-6520.691785
-6743.051266
-6691.785053
-6683.755405
-6764.051884
-6589.252625
-6534.280420
-6402.717727
-6025.941939
-5736.874614
-5210.006177
-4491.661519
-3877.702285
-2962.940086
-2019.765287
-1192.093885
-69.178505
878.937616
1638.048178
2560.222359
3121.062384
3519.456455
3995.676343
4057.442866
4027.794935
3993.823348
3638.048178
3351.451513
3068.560840
2634.959852
2350.833848
2043.236566
1722.050649
1607.782582
1465.101915
1397.776405
1461.395923
1437.306980
1512.662137
1632.489191
1678.196418
1771.463867
1830.759728
1846.819024
1853.613342
1833.230389
1885.731933
1925.880173
1962.940086
2137.121680
2286.596665
2474.984558
2870.290303
3209.388511
3531.192094
3986.411365
4281.655343
4455.836936
4699.197035
4686.226065
4438.542310
4235.948116
3711.550340
2943.174799
2299.567634
1342.186535
295.243978
-542.927733
-1655.342804
-2662.754787
-3391.599753
-4318.097591
-4949.351452
-5338.480544
-5936.380482
-6153.798641
-6269.302038
-6557.751699
-6462.013589
-6440.395306
-6560.840025
-6353.304509
-6334.156887
-6310.685608
-6000.000000
-5896.849907
-5646.695491
-5203.211859
-4886.349599
-4290.302656
-3586.164299
-2939.468808
-2027.794935
-1168.004941
-339.715874
648.548487
1420.012353
2155.033972
2883.878938
3274.861025
3633.106856
3873.996294
3814.700432
3785.052502
3594.811612
3194.564546
2920.938851
2537.368746
2130.327363
1910.438542
1602.841260
1379.246448
1326.744904
1217.418159
1235.330451
1329.215565
1351.451513
1492.279185
1590.487956
1649.166152
1794.317480
1840.642372
1885.731933
1942.557134
1885.731933
1940.704138
2009.264978
2015.441631
2223.594812
2390.364422
2553.428042
2948.116121
3215.565164
3475.602224
3904.879555
4096.355775
4205.064855
4373.687461
4214.947498
3957.381099
3728.844966
3101.297097
2388.511427
1742.433601
755.404571
-159.357628
-935.145151
-2014.206300
-2838.789376
-3492.896850
-4334.156887
-4808.523780
-5164.916615
-5675.108091
-5760.963558
-5856.084002
-6071.031501
-5893.761581
-5894.996912
-5930.203830
-5683.137739
-5711.550340
-5627.547869
-5334.774552
-5281.655343
-5010.500309
-4629.400865
-4369.981470
-3815.318098
-3204.447190
-2636.195182
-1861.025324
-1114.268067
-371.834466
451.513280
1167.387276
1826.436072
2391.599753
2815.935763
3116.121062
3239.654107
3287.831995
3205.064855
2987.029030
2750.463249
2422.483014
2082.149475
1839.407041
1563.310686
1332.921557
1220.506485
1132.180358
1151.945645
1261.890056
1366.275479
1525.633107
1705.373687
1853.613342
2011.117974
2123.533045
2183.446572
2240.271773
2235.948116
2168.622607
2163.681285
2176.652254
2149.474985
2221.124151
2314.391600
2388.511427
2625.694873
2886.967264
3087.708462
3352.686844
3566.399012
3681.284744
3774.552193
3752.316245
3540.457072
3242.742434
2851.142681
2227.918468
1543.545398
851.142681
-25.941939
-849.907350
-1612.723904
-2531.809759
-3215.565164
-3760.963558
-4400.864731
-4723.903644
-4995.058678
-5324.891909
-5292.155652
-5327.362569
-5414.453366
-5227.300803
-5210.006177
-5154.416306
-4951.204447
-4957.998765
-4840.024707
-4652.872143
-4603.458925
-4348.363187
-4090.796788
-3841.877702
-3329.833230
-2872.760964
-2372.452131
-1657.195800
-1047.560222
-374.305127
379.864114
920.938851
1469.425571
2016.676961
2349.598518
2605.929586
2792.464484
2771.463867
2699.197035
2599.752934
2347.127857
2100.679432
1929.586164
1707.844348
1537.368746
1475.602224
1418.777023
1459.542928
1588.634960
1708.462014
1868.437307
2048.795553
2216.800494
2355.157505
2448.424954
2505.250154
2486.102532
2471.278567
2420.630019
2258.184064
2174.799259
2113.650401
1995.676343
2018.529957
2017.912292
2009.882644
2189.005559
2300.802965
2429.894997
2640.518839
2709.079679
2806.670784
2888.202594
2786.905497
2667.078443
2429.277332
2060.531192
1611.488573
1008.029648
407.041384
-266.831377
-994.441013
-1629.400865
-2353.922174
-2977.764052
-3377.393453
-3872.760964
-4176.034589
-4313.773935
-4569.487338
-4552.810377
-4484.867202
-4550.957381
-4394.070414
-4331.686226
-4366.893144
-4213.094503
-4229.153799
-4224.212477
-4073.502162
-4080.914145
-3990.117356
-3796.170476
-3651.636813
-3305.744287
-2906.732551
-2546.633725
-2009.882644
-1447.189623
-890.055590
-216.182829
379.864114
890.673255
1442.865967
1870.290303
2164.298950
2431.747993
2546.016059
2547.251390
2523.162446
2362.569487
2187.770229
2065.472514
1888.820259
1759.110562
1684.990735
1623.224212
1684.373070
1788.140828
1895.614577
2061.148857
2185.299568
2336.627548
2476.219889
2508.956146
2550.339716
2497.220506
2386.658431
2313.773935
2084.620136
1906.114886
1804.200124
1558.987029
1473.131563
1437.924645
1325.509574
1456.454602
1581.840642
1658.431130
1904.261890
2075.355158
2263.125386
2495.367511
2537.986411
2583.075973
2499.691167
2260.037060
2062.384188
1570.105003
1023.471279
548.486720
-200.741198
-820.877085
-1374.305127
-2145.768993
-2582.458308
-2975.293391
-3499.691167
-3636.812847
-3832.612724
-4039.530574
-3914.762199
-3998.147004
-4046.324892
-3893.143916
-4016.676961
-4012.970970
-3959.851760
-4177.269920
-4166.769611
-4177.269920
-4342.804200
-4231.006794
-4172.328598
-4088.943792
-3705.991353
-3395.305744
-2978.999382
-2337.862878
-1777.640519
-1091.414453
-328.597900
287.214330
932.674490
1533.045090
1975.911056
2363.187153
2609.635578
2738.109944
2807.288450
2738.727610
2642.989500
2526.868437
2371.216800
2288.449660
2195.182211
2102.532427
2140.827671
2179.122915
2235.330451
2347.745522
2389.746757
2447.189623
2527.486103
2487.955528
2416.924027
2329.215565
2119.209389
1907.967881
1696.726374
1384.187770
1126.003706
932.056825
683.755405
540.457072
513.279802
474.984558
588.017295
799.258802
970.352069
1272.390364
1590.487956
1852.378011
2171.710933
2363.804818
2441.630636
2507.720815
2390.364422
2196.417542
1891.290920
1394.070414
949.969117
395.923410
-241.507103
-736.874614
-1319.950587
-1838.171711
-2170.475602
-2600.370599
-2883.261272
-3011.735639
-3256.331069
-3328.597900
-3382.952440
-3546.633725
-3571.340334
-3687.461396
-3865.348981
-3966.028413
-4174.799259
-4340.951204
-4428.659666
-4592.340951
-4615.194565
-4542.927733
-4445.336628
-4129.709697
-3746.139592
-3308.832613
-2670.784435
-2009.264978
-1321.185917
-501.544163
228.536133
894.379246
1591.105621
2096.355775
2500.308833
2903.026560
3042.001235
3107.473749
3171.093267
3010.500309
2878.319951
2781.964175
2539.221742
2405.188388
2298.949969
2142.063002
2140.827671
2122.915380
2087.090797
2147.621989
2113.650401
2091.414453
2077.208153
1906.114886
1773.316862
1594.811612
1258.184064
1002.470661
725.756640
360.716492
135.268684
-54.354540
-256.948734
-261.890056
-173.563928
-67.325510
247.066090
614.576899
966.028413
1478.072884
1937.615812
2320.568252
2741.198271
2990.117356
3134.651019
3211.241507
3054.972205
2846.201359
2481.778876
1929.586164
1452.748610
806.053119
143.298332
-371.216800
-1048.177888
-1581.222977
-1950.586782
-2453.983941
-2697.344040
-2891.908586
-3227.918468
-3282.890673
-3429.277332
-3656.578135
-3689.314392
-3917.850525
-4149.474985
-4240.271773
-4516.368128
-4707.844348
-4805.435454
-4977.146387
-4961.087091
-4856.084002
-4693.638048
-4329.215565
-3875.231624
-3294.626313
-2598.517603
-1851.142681
-1002.470661
-157.504632
640.518839
1394.688079
2035.824583
2577.516986
3016.059296
3295.243978
3424.336010
3442.248301
3362.569487
3192.093885
2982.087708
2746.757258
2487.955528
2282.273008
2098.826436
1949.969117
1886.349599
1820.259419
1782.581841
1785.670167
1701.050031
1648.548487
1589.870290
1397.776405
1222.359481
970.352069
638.048178
389.129092
105.003088
-200.741198
-403.953057
-560.840025
-638.665843
-582.458308
-413.218036
-174.799259
147.004324
602.841260
1059.913527
1547.251390
2094.502779
2525.633107
2914.144534
3239.036442
3378.628783
3463.248919
3396.541075
3175.416924
2866.584311
2344.657196
1840.642372
1304.508956
609.635578
61.766523
-533.045090
-1195.182211
-1552.810377
-1997.529339
-2420.630019
-2575.663990
-2915.997529
-3138.357011
-3179.740581
-3479.308215
-3620.135886
-3727.609636
-4066.090179
-4184.064237
-4387.893762
-4668.313774
-4683.755405
-4820.259419
-4893.761581
-4702.285361
-4567.016677
-4245.213095
-3724.521309
-3263.125386
-2592.958616
-1821.494750
-1091.414453
-242.742434
550.957381
1244.595429
1932.056825
2468.190241
2882.643607
3203.211859
3340.333539
3356.392835
3268.066708
3084.002471
2852.378011
2589.252625
2327.980235
2040.765905
1798.641137
1632.489191
1483.014206
1408.894379
1374.305127
1285.361334
1252.007412
1233.477455
1134.651019
1038.295244
891.908586
656.578135
419.394688
185.299568
-89.561458
-332.921557
-523.780111
-714.021001
-793.699815
-755.404571
-665.843113
-441.012971
-96.973440
266.831377
728.227301
1273.008030
1785.670167
2313.773935
2773.934527
3117.974058
3440.395306
3613.959234
3638.048178
3576.281655
3336.009883
3005.558987
2605.929586
2076.590488
1567.634342
1027.177270
419.394688
-63.619518
-546.016059
-1027.794935
-1345.892526
-1674.490426
-2001.852996
-2203.211859
-2468.807906
-2693.020383
-2840.024707
-3115.503397
-3366.893144
-3591.105621
-3882.643607
-4102.532427
-4318.097591
-4542.310068
-4630.636195
-4691.167387
-4665.843113
-4470.660902
-4219.271155
-3843.730698
-3349.598518
-2812.847437
-2169.857937
-1470.660902
-798.023471
-101.297097
542.927733
1083.384805
1583.693638
1975.911056
2218.035825
2395.923410
2466.337245
2404.570723
2345.892526
2212.476838
1991.970352
1851.760346
1699.197035
1519.456455
1463.248919
1384.805435
1325.509574
1372.452131
1347.745522
1319.332922
1345.892526
1266.831377
1160.592959
1059.913527
857.936998
628.783200
396.541075
140.210006
-100.679432
-303.891291
-459.542928
-546.633725
-551.575046
-463.248919
-310.067943
-52.501544
295.243978
663.372452
1064.854849
1493.514515
1908.585547
2279.184682
2605.311921
2877.084620
3045.089561
3135.886350
3158.122298
3062.384188
2905.497221
2706.609018
2387.276096
2033.971587
1696.726374
1278.567017
880.790611
523.162446
103.767758
-287.831995
-622.606547
-975.911056
-1286.596665
-1580.605312
-1933.909821
-2225.447807
-2493.514515
-2815.935763
-3092.032119
-3368.128474
-3672.637431
-3885.114268
-4093.885114
-4283.508338
-4336.009883
-4388.511427
-4386.658431
-4227.300803
-4039.530574
-3762.198888
-3361.951822
-2966.028413
-2497.838172
-1968.499074
-1444.718962
-883.261272
-324.891909
155.033972
590.487956
1005.558987
1363.187153
1629.400865
1830.142063
1947.498456
1985.176035
2015.441631
1970.352069
1880.172946
1820.877085
1693.020383
1565.163681
1499.691167
1388.511427
1309.450278
1273.625695
1179.740581
1117.974058
1064.854849
968.499074
901.791229
781.964175
612.106238
463.248919
276.714021
126.003706
-14.823965
-190.240889
-266.213712
-318.715256
-344.657196
-216.800494
-71.031501
77.208153
387.276096
685.608400
1000.617665
1463.248919
1818.406424
2127.239036
2520.691785
2772.699197
2970.352069
3217.418159
3274.243360
3264.978382
3232.242125
3043.236566
2864.113650
2636.812847
2256.331069
1922.174182
1537.368746
1080.914145
723.903644
301.420630
-146.386658
-507.720815
-944.410130
-1321.185917
-1614.576899
-1994.441013
-2316.862261
-2602.223595
-2950.586782
-3218.035825
-3459.542928
-3723.903644
-3924.027177
-4132.180358
-4311.920939
-4381.099444
-4434.218653
-4409.512044
-4318.715256
-4205.682520
-3962.940086
-3669.549104
-3325.509574
-2863.495985
-2431.747993
-1955.528104
-1392.217418
-902.408894
-369.981470
158.739963
543.545398
966.028413
1326.744904
1542.310068
1797.405806
1938.233477
1955.528104
2014.206300
1967.881408
1895.614577
1883.878938
1757.875232
1658.431130
1628.783200
1529.339098
1489.190859
1477.455219
1394.070414
1373.069796
1332.303891
1223.594812
1169.857937
1054.972205
891.290920
759.728227
555.281038
365.657813
227.300803
42.001235
-86.473132
-153.180976
-214.947498
-156.886967
-31.500926
94.502779
333.539222
597.899938
874.613959
1242.742434
1567.634342
1886.967264
2232.242125
2474.984558
2707.226683
2906.732551
2986.411365
3054.354540
3038.912909
2892.526251
2770.228536
2569.487338
2253.242742
1975.293391
1625.694873
1207.535516
862.260655
479.925880
53.119209
-297.096973
-676.961087
-1058.060531
-1359.481161
-1712.785670
-2067.943175
-2354.539839
-2693.020383
-3014.206300
-3284.743669
-3610.870908
-3885.731933
-4120.444719
-4390.982088
-4539.221742
-4631.253860
-4728.227301
-4682.520074
-4580.605312
-4441.012971
-4158.739963
-3823.347746
-3436.689314
-2962.940086
-2477.455219
-1953.675108
-1388.511427
-830.759728
-310.067943
180.975911
656.578135
1062.384188
1421.865349
1727.609636
1942.557134
2124.150710
2244.595429
2290.302656
2366.893144
2385.423101
2361.334157
2358.245831
2311.303274
2291.537986
2294.008647
2239.036442
2200.741198
2122.915380
1995.676343
1914.144534
1765.904880
1572.575664
1368.128474
1070.413836
793.699815
529.956763
209.388511
-50.030883
-292.773317
-524.397776
-635.577517
-725.756640
-727.609636
-615.812230
-506.485485
-306.361952
-24.088944
250.772082
604.694256
947.498456
1226.065473
1554.663372
1822.112415
2027.177270
2264.360716
2390.982088
2455.836936
2547.869055
2529.956763
2504.014824
2492.279185
2365.657813
2226.065473
2082.767140
1846.201359
1598.517603
1352.069179
1010.500309
631.871526
263.743051
-153.180976
-574.428660
-996.911674
-1460.160593
-1919.703521
-2340.951204
-2757.875232
-3131.562693
-3469.425571
-3804.200124
-4091.414453
-4322.421248
-4502.161828
-4617.665225
-4683.755405
-4716.491662
-4669.549104
-4562.075355
-4397.158740
-4156.269302
-3856.084002
-3533.662755
-3156.269302
-2719.579988
-2246.448425
-1726.991970
-1190.240889
-672.637431
-138.357011
406.423718
906.732551
1396.541075
1825.818406
2182.828907
2512.044472
2758.492897
2954.910439
3112.415071
3161.828289
3163.063620
3145.151328
3053.119209
2959.234095
2844.348363
2669.549104
2515.132798
2328.597900
2116.121062
1945.645460
1723.903644
1487.337863
1266.213712
995.058678
732.550957
471.896232
175.416924
-108.091414
-383.570105
-654.725139
-870.290303
-1039.530574
-1172.946263
-1252.007412
-1243.360099
-1184.681902
-1054.972205
-848.054355
-625.694873
-340.951204
-7.411983
298.332304
648.548487
1001.235330
1269.919704
1562.075355
1834.465720
2024.706609
2237.801112
2378.011118
2444.101297
2521.309450
2504.632489
2468.807906
2424.336010
2269.919704
2095.120445
1890.673255
1603.458925
1324.891909
1004.323657
605.311921
237.183447
-174.799259
-615.812230
-1019.765287
-1459.542928
-1905.497221
-2309.450278
-2715.256331
-3102.532427
-3428.659666
-3754.786905
-4035.824583
-4260.654725
-4458.925263
-4583.693638
-4644.842495
-4679.431748
-4632.489191
-4518.838789
-4367.510809
-4107.473749
-3790.611489
-3436.689314
-2995.058678
-2525.015442
-2006.176652
-1419.394688
-853.613342
-265.596047
357.010500
914.144534
1474.366893
2012.970970
2441.630636
2860.407659
3197.035207
3424.953675
3638.665843
3749.227918
3764.669549
3772.699197
3705.991353
3569.487338
3441.630636
3253.242742
3025.941939
2813.465102
2547.869055
2273.625695
1990.117356
1650.401482
1295.861643
927.733169
526.250772
118.591723
-311.920939
-749.227918
-1168.004941
-1570.105003
-1935.145151
-2217.418159
-2457.072267
-2624.459543
-2666.460778
-2651.019148
-2518.838789
-2300.185300
-2036.442248
-1667.078443
-1252.007412
-836.936380
-341.568870
146.386658
610.870908
1098.826436
1519.456455
1927.115503
2334.774552
2654.725139
2954.292773
3228.536133
3395.305744
3557.134033
3676.343422
3686.843731
3679.431748
3580.605312
3378.011118
3182.211242
2888.202594
2495.367511
2095.738110
1586.781964
1027.794935
486.102532
-117.356393
-730.697962
-1335.392217
-1987.646695
-2575.046325
-3110.562075
-3654.725139
-4103.767758
-4508.956146
-4892.526251
-5141.445337
-5338.480544
-5471.896232
-5465.719580
-5448.424954
-5344.657196
-5113.032736
-4846.819024
-4487.337863
-4050.648548
-3581.222977
-3023.471279
-2426.189006
-1794.317480
-1082.149475
-387.276096
304.508956
1020.382952
1701.667696
2348.980852
2963.557752
3487.337863
3917.850525
4283.508338
4530.574429
4667.078443
4724.521309
4677.578752
4499.073502
4263.125386
3965.410747
3594.811612
3198.888203
2742.433601
2250.154416
1785.052502
1290.302656
793.082149
328.597900
-184.064237
-676.343422
-1143.915998
-1615.194565
-2035.206918
-2445.954293
-2832.612724
-3135.268684
-3402.100062
-3586.164299
-3647.930821
-3654.725139
-3542.927733
-3329.833230
-3042.618901
-2615.194565
-2125.386041
-1587.399629
-971.587400
-347.127857
313.773935
985.176035
1610.870908
2229.153799
2787.523162
3285.978999
3752.316245
4124.150710
4433.600988
4678.814083
4815.318098
4920.321186
4942.557134
4859.789994
4762.198888
4538.604077
4237.183447
3911.056208
3462.631254
2984.558369
2466.954910
1814.082767
1198.270537
533.045090
-222.977146
-880.172946
-1600.370599
-2329.833230
-2945.645460
-3602.841260
-4168.622607
-4596.046943
-5071.649166
-5397.158740
-5602.841260
-5825.200741
-5841.877702
-5808.523780
-5752.933910
-5508.338481
-5287.214330
-4982.087708
-4515.132798
-4102.532427
-3597.899938
-3011.117974
-2481.778876
-1840.642372
-1168.004941
-557.134033
137.121680
786.905497
1397.776405
2062.384188
2623.841878
3129.092032
3599.752934
3935.762817
4221.741816
4410.747375
4460.160593
4451.513280
4310.067943
4059.913527
3755.404571
3356.392835
2918.468190
2449.660284
1914.762199
1397.776405
888.820259
378.628783
-85.237801
-547.251390
-981.470043
-1372.452131
-1747.374923
-2069.796170
-2370.599135
-2659.048796
-2890.055590
-3090.796788
-3243.360099
-3322.421248
-3345.274861
-3298.949969
-3171.710933
-2963.557752
-2662.754787
-2269.302038
-1808.523780
-1287.831995
-706.609018
-93.885114
554.045707
1211.859172
1846.201359
2451.513280
3008.647313
3508.338481
3950.586782
4320.568252
4594.811612
4802.964793
4929.586164
4967.263743
4970.969734
4910.438542
4776.405188
4619.518221
4387.893762
4109.944410
3820.877085
3457.072267
3043.236566
2597.899938
2063.001853
1509.573811
915.997529
239.654107
-416.924027
-1126.621371
-1868.437307
-2531.192094
-3198.888203
-3836.318715
-4373.069796
-4877.084620
-5264.978382
-5542.310068
-5773.934527
-5859.172329
-5850.525015
-5798.023471
-5602.223595
-5356.392835
-5066.707844
-4668.313774
-4284.126004
-3848.054355
-3350.833848
-2885.731933
-2357.010500
-1823.347746
-1323.656578
-752.933910
-210.006177
327.362569
912.909203
1426.806671
1943.174799
2468.190241
2879.555281
3308.214947
3674.490426
3888.820259
4103.150093
4171.093267
4105.003088
4039.530574
3789.376158
3432.983323
3073.502162
2555.898703
2024.088944
1509.573811
879.555281
327.980235
-204.447190
-769.610871
-1191.476220
-1594.193947
-1983.940704
-2233.477455
-2486.102532
-2680.667078
-2760.345893
-2869.672637
-2894.996912
-2853.613342
-2847.436689
-2746.139592
-2596.046943
-2453.983941
-2201.358863
-1919.703521
-1605.929586
-1176.652254
-723.285979
-226.065473
353.922174
925.880173
1515.132798
2142.063002
2708.462014
3255.713403
3760.345893
4155.651637
4508.956146
4774.552193
4925.262508
5000.000000
4975.911056
4852.995676
4678.814083
4441.630636
4141.445337
3812.229771
3452.130945
3063.001853
2658.431130
2252.625077
1841.877702
1410.747375
977.764052
525.015442
52.501544
-404.570723
-894.996912
-1394.688079
-1878.937616
-2394.070414
-2859.789994
-3293.390982
-3731.933292
-4081.531810
-4390.982088
-4646.695491
-4773.316862
-4856.701668
-4873.996294
-4759.110562
-4615.812230
-4403.335392
-4090.796788
-3776.405188
-3406.423718
-3002.470661
-2621.371217
-2201.358863
-1776.405188
-1385.423101
-1001.852996
-638.665843
-296.479308
42.618901
372.452131
674.490426
963.557752
1240.889438
1495.367511
1740.580605
1972.205065
2165.534280
2321.185917
2437.924645
2484.249537
2493.514515
2451.513280
2316.862261
2146.386658
1910.438542
1591.105621
1273.625695
919.085855
527.486103
162.445954
-208.770846
-563.310686
-845.583694
-1106.856084
-1319.950587
-1453.983941
-1565.163681
-1613.341569
-1594.811612
-1558.987029
-1489.190859
-1382.952440
-1286.596665
-1158.122298
-1015.441631
-899.320568
-749.845584
-589.252625
-451.513280
-268.684373
-62.384188
140.210006
394.688079
663.372452
946.880791
1274.243360
1594.811612
1915.379864
2243.360099
2523.780111
2783.817171
3010.500309
3172.328598
3294.626313
3345.274861
3321.185917
3250.154416
3131.562693
2954.292773
2754.169240
2537.368746
2295.861643
2064.854849
1837.554046
1612.723904
1423.718345
1231.624460
1043.854231
882.643607
700.432366
502.161828
299.567634
58.060531
-211.859172
-499.073502
-829.524398
-1176.034589
-1534.280420
-1918.468190
-2289.684991
-2638.048178
-2962.322421
-3250.772082
-3488.573193
-3669.549104
-3799.876467
-3860.407659
-3854.848672
-3799.876467
-3687.461396
-3545.398394
-3376.775788
-3156.886967
-2945.645460
-2723.903644
-2478.690550
-2259.419395
-2020.382952
-1772.081532
-1551.575046
-1289.067326
-1021.618283
-768.375540
-452.748610
-133.415689
189.623224
561.457690
898.085238
1244.595429
1599.752934
1880.790611
2154.416306
2369.981470
2492.896850
2588.017295
2586.164299
2497.220506
2384.187770
2172.946263
1914.762199
1649.166152
1303.273626
988.882026
707.226683
382.952440
122.297715
-101.914762
-329.833230
-468.190241
-587.399629
-697.961705
-748.610253
-812.229771
-869.672637
-889.437925
-928.350834
-959.851760
-985.793700
-1022.235948
-1030.265596
-1026.559605
-1002.470661
-919.085855
-815.935763
-661.519456
-442.248301
-187.770229
118.591723
476.837554
831.995059
1216.182829
1607.782582
1956.763434
2307.597282
2605.929586
2844.348363
3037.677579
3158.122298
3208.153181
3230.389129
3179.740581
3077.208153
2970.969734
2823.347746
2662.754787
2527.486103
2360.716492
2208.153181
2080.296479
1917.232860
1783.817171
1646.077826
1441.630636
1234.712786
983.940704
662.137122
337.245213
-71.031501
-542.310068
-988.264361
-1516.368128
-2052.501544
-2523.780111
-3037.677579
-3489.808524
-3844.348363
-4206.300185
-4445.954293
-4584.311303
-4712.168005
-4689.932057
-4613.959234
-4523.162446
-4300.185300
-4085.855466
-3854.848672
-3525.015442
-3260.654725
-2969.116739
-2616.429895
-2337.862878
-2000.617665
-1653.489809
-1358.863496
-967.881408
-592.958616
-240.271773
214.329833
617.047560
1015.441631
1486.102532
1862.260655
2245.213095
2617.665225
2866.584311
3111.179741
3271.772699
3306.361952
3318.715256
3203.211859
2982.705374
2756.639901
2392.835083
1996.911674
1619.518221
1141.445337
711.550340
326.744904
-103.150093
-418.777023
-699.197035
-972.822730
-1108.709080
-1243.360099
-1337.862878
-1327.980235
-1370.599135
-1361.334157
-1295.243978
-1300.802965
-1240.271773
-1180.358246
-1170.475602
-1085.855466
-1010.500309
-932.674490
-745.521927
-585.546634
-368.128474
-60.531192
224.830142
591.723286
1003.088326
1371.834466
1789.376158
2177.269920
2502.161828
2835.083385
3077.825818
3252.007412
3378.628783
3393.452749
3361.334157
3277.331686
3093.885114
2899.938233
2656.578135
2368.746140
2108.709080
1824.583076
1563.310686
1332.921557
1088.326127
896.849907
739.345275
558.369364
412.600371
260.037060
86.473132
-72.266831
-290.920321
-542.927733
-800.494132
-1126.003706
-1471.278567
-1804.817789
-2185.917233
-2534.280420
-2843.730698
-3155.651637
-3382.952440
-3554.663372
-3685.608400
-3705.373687
-3678.814083
-3602.223595
-3426.806671
-3244.595429
-3024.706609
-2754.786905
-2518.221124
-2266.831377
-2012.970970
-1814.082767
-1599.752934
-1401.482397
-1249.536751
-1069.178505
-898.085238
-729.462631
-521.927116
-321.803582
-87.708462
197.035207
450.895615
754.169240
1072.266831
1352.069179
1651.636813
1898.085238
2093.267449
2269.302038
2361.334157
2383.570105
2357.628166
2235.330451
2058.060531
1849.907350
1570.722668
1292.155652
993.823348
680.049413
400.864731
150.092650
-71.031501
-242.124768
-377.393453
-468.190241
-499.691167
-510.191476
-494.749846
-472.513897
-445.336628
-398.394070
-371.834466
-366.275479
-355.775170
-366.275479
-397.776405
-409.512044
-428.659666
-442.248301
-411.982705
-373.687461
-295.243978
-159.975293
-12.970970
197.652872
439.159975
662.137122
944.410130
1210.006177
1445.336628
1695.491044
1885.731933
2028.412600
2147.621989
2188.387894
2183.446572
2149.474985
2046.942557
1938.851143
1806.053119
1634.342187
1482.396541
1334.774552
1190.240889
1083.384805
977.764052
899.320568
859.789994
811.612106
775.169858
738.109944
695.491044
641.136504
544.163064
413.835701
250.772082
30.883261
-216.182829
-510.191476
-849.907350
-1197.035207
-1555.281038
-1924.644842
-2256.331069
-2567.634342
-2843.730698
-3050.648548
-3218.035825
-3313.156269
-3341.568870
-3336.009883
-3266.213712
-3158.122298
-3036.442248
-2866.584311
-2704.138357
-2526.868437
-2339.098209
-2186.534898
-2011.117974
-1830.759728
-1670.784435
-1474.984558
-1264.978382
-1062.384188
-799.876467
-525.015442
-229.771464
126.621371
476.837554
841.260037
1227.918468
1582.458308
1929.586164
2243.360099
2482.396541
2682.520074
2814.082767
2863.495985
2849.289685
2748.610253
2572.575664
2344.039531
2061.148857
1757.257566
1433.600988
1085.237801
764.051884
451.513280
166.769611
-63.001853
-275.478691
-443.483632
-557.134033
-663.372452
-728.227301
-765.904880
-823.965411
-862.878320
-898.085238
-948.733786
-985.793700
-1016.676961
-1051.883879
-1074.737492
-1083.384805
-1063.619518
-1004.323657
-914.762199
-779.493515
-584.928968
-361.951822
-100.061767
206.300185
538.604077
880.790611
1212.476838
1528.721433
1823.347746
2081.531810
2288.449660
2435.453984
2520.691785
2544.780729
2509.573811
2431.130327
2295.243978
2140.210006
1946.880791
1744.904262
1554.045707
1348.980852
1172.328598
1021.618283
864.731316
731.315627
630.018530
512.662137
420.630019
320.568252
187.152563
59.913527
-100.061767
-304.508956
-516.368128
-777.022854
-1057.442866
-1329.833230
-1642.371834
-1932.056825
-2182.828907
-2439.159975
-2643.607165
-2784.434836
-2885.114268
-2913.526868
-2885.731933
-2822.112415
-2672.637431
-2505.867820
-2320.568252
-2076.590488
-1857.319333
-1644.224830
-1426.189006
-1251.389747
-1080.296479
-924.027177
-816.553428
-691.785053
-572.575664
-474.366893
-345.892526
-210.006177
-51.883879
142.680667
327.362569
541.074737
785.670167
1022.853613
1254.478073
1473.131563
1645.460161
1796.788141
1906.732551
1933.909821
1911.673873
1823.347746
1675.725757
1494.749846
1252.625077
972.822730
699.197035
402.717727
119.827054
-122.915380
-354.539839
-536.133416
-662.137122
-760.963558
-801.111797
-794.317480
-778.875849
-717.109327
-644.224830
-585.546634
-505.250154
-437.306980
-399.011736
-350.216183
-331.686226
-329.833230
-303.891291
-298.949969
-284.743669
-230.389129
-178.505250
-95.120445
38.912909
169.240272
337.862878
533.045090
722.668314
937.615812
1137.121680
1319.950587
1488.573193
1607.164917
1696.108709
1756.639901
1743.051266
1705.991353
1636.195182
1509.573811
1369.363805
1209.388511
1028.412600
858.554663
694.255713
539.221742
416.306362
295.243978
209.388511
159.357628
111.797406
107.473749
104.385423
92.649784
103.767758
103.150093
92.649784
82.149475
43.854231
-6.176652
-56.825201
-133.415689
-216.800494
-303.273626
-405.806053
-497.220506
-589.252625
-671.402100
-733.168623
-809.759111
-859.172329
-887.584929
-924.644842
-942.557134
-943.792464
-961.704756
-966.646078
-974.675726
-1009.264978
-1021.618283
-1060.531192
-1121.062384
-1157.504632
-1216.182829
-1277.949351
-1313.773935
-1367.510809
-1397.158740
-1394.688079
-1397.158740
-1363.804818
-1292.155652
-1212.476838
-1083.384805
-943.792464
-802.964793
-613.959234
-440.395306
-263.125386
-72.266831
81.531810
229.771464
369.981470
462.013589
554.663372
627.547869
657.195800
689.314392
706.609018
701.667696
714.638666
706.609018
689.314392
703.520692
702.903027
712.168005
726.374305
732.550957
749.227918
752.933910
750.463249
743.668931
709.697344
668.931439
618.900556
539.839407
457.689932
373.687461
266.831377
172.328598
76.590488
-12.353305
-86.473132
-161.210624
-204.447190
-239.036442
-263.125386
-256.331069
-240.889438
-213.712168
-160.592959
-121.680049
-59.295862
9.882644
64.237183
148.239654
224.212477
285.361334
357.628166
429.277332
486.102532
562.075355
628.783200
694.255713
759.110562
813.465102
868.437307
923.409512
973.440395
1018.529957
1063.619518
1085.237801
1114.268067
1143.298332
1145.768993
1156.269302
1147.004324
1127.856702
1099.444101
1052.501544
993.205683
921.556516
822.730080
710.315009
589.252625
440.395306
288.449660
114.268067
-77.208153
-272.390364
-483.014206
-686.843731
-888.820259
-1105.620754
-1291.537986
-1468.190241
-1654.725139
-1797.405806
-1922.174182
-2054.354540
-2138.974676
-2214.947498
-2281.655343
-2292.155652
-2313.773935
-2310.685608
-2264.978382
-2227.918468
-2161.828289
-2062.384188
-1962.322421
-1820.259419
-1658.431130
-1498.455837
-1297.096973
-1088.326127
-863.495985
-602.841260
-345.892526
-87.708462
187.770229
432.983323
681.902409
920.938851
1115.503397
1310.067943
1470.043237
1573.193329
1670.166770
1718.344657
1718.344657
1708.462014
1651.019148
1566.399012
1466.954910
1337.245213
1203.211859
1065.472514
896.232242
734.403953
571.957999
400.864731
258.801729
102.532427
-53.736875
-182.211242
-319.950587
-444.101297
-542.927733
-644.224830
-725.138975
-778.258184
-829.524398
-845.583694
-851.760346
-843.730698
-798.023471
-736.256949
-655.342804
-541.074737
-420.630019
-281.037678
-111.797406
52.501544
231.006794
423.718345
605.929586
792.464484
968.499074
1127.239036
1276.714021
1403.335392
1509.573811
1594.811612
1651.636813
1686.226065
1708.462014
1684.990735
1652.872143
1604.694256
1520.691785
1434.218653
1328.597900
1200.741198
1069.796170
930.203830
781.346510
632.489191
478.072884
325.509574
178.505250
25.941939
-115.503397
-245.213095
-376.158122
-489.808524
-591.723286
-686.843731
-767.757875
-824.583076
-883.261272
-917.850525
-943.174799
-974.058061
-978.999382
-980.234713
-999.382335
-996.911674
-989.499691
-1003.705991
-998.764670
-1000.617665
-1002.470661
-1005.558987
-1017.294626
-1021.618283
-1021.618283
-1026.559605
-1023.471279
-1012.353305
-1015.441631
-1009.264978
-990.735022
-988.882026
-972.205065
-953.675108
-952.439778
-928.968499
-910.438542
-893.143916
-848.672020
-816.553428
-778.258184
-727.609636
-672.019765
-598.517603
-512.662137
-420.012353
-300.802965
-176.652254
-52.501544
90.796788
224.830142
358.245831
501.544163
617.665225
728.844966
840.024707
918.468190
985.793700
1038.912909
1059.913527
1077.825818
1081.531810
1063.619518
1049.413218
1014.206300
972.822730
943.174799
901.791229
857.936998
814.082767
765.287214
714.638666
665.225448
599.752934
535.515750
460.160593
379.864114
303.273626
211.241507
110.562075
15.441631
-73.502162
-164.298950
-237.183447
-303.273626
-353.922174
-378.011118
-388.511427
-372.452131
-336.009883
-291.537986
-208.770846
-119.827054
-32.118592
77.208153
186.534898
292.773317
400.864731
493.514515
581.840642
662.137122
726.991970
780.728845
834.465720
861.025324
890.055590
907.350216
909.820877
920.321186
919.085855
908.585547
906.732551
885.731933
856.701668
833.848054
788.140828
739.345275
673.255096
578.752316
484.249537
375.540457
243.360099
111.179741
-35.824583
-198.270537
-351.451513
-516.368128
-674.490426
-831.377393
-993.823348
-1137.739345
-1274.861025
-1394.688079
-1509.573811
-1606.547251
-1693.020383
-1767.140210
-1828.289067
-1869.054972
-1895.614577
-1909.820877
-1906.114886
-1880.172946
-1848.672020
-1791.229154
-1718.344657
-1634.959852
-1529.956763
-1408.276714
-1275.478691
-1124.768376
-971.587400
-793.699815
-608.400247
-434.836319
-231.006794
-26.559605
169.240272
368.128474
560.222359
745.521927
925.880173
1092.649784
1239.036442
1354.539839
1453.983941
1531.192094
1567.634342
1576.281655
1565.163681
1521.309450
1462.013589
1386.040766
1277.331686
1162.445954
1028.412600
886.349599
747.374923
605.929586
458.925263
318.715256
177.269920
52.501544
-67.325510
-179.122915
-275.478691
-373.069796
-453.366275
-512.662137
-565.163681
-607.782582
-626.930204
-633.724521
-628.165534
-610.253243
-575.663990
-518.221124
-441.012971
-352.069179
-248.301421
-132.180358
-17.912292
115.503397
245.213095
389.129092
517.603459
631.871526
754.786905
854.231007
940.086473
1015.441631
1069.178505
1103.767758
1131.562693
1134.033354
1121.062384
1102.532427
1062.384188
1017.294626
961.087091
888.820259
809.759111
723.285979
628.165534
529.956763
416.924027
302.655960
195.182211
70.413836
-50.030883
-171.093267
-291.537986
-406.423718
-512.662137
-612.723904
-709.079679
-789.376158
-854.848672
-906.114886
-953.675108
-980.234713
-995.676343
-1003.088326
-1001.852996
-991.352687
-961.704756
-928.350834
-895.614577
-862.878320
-829.524398
-798.023471
-757.257566
-715.256331
-675.108091
-638.048178
-591.723286
-551.575046
-509.573811
-465.101915
-421.247684
-382.334775
-333.539222
-284.743669
-246.448425
-203.829524
-164.298950
-121.062384
-82.149475
-49.413218
-17.294626
16.676961
48.177888
82.149475
111.797406
135.886350
172.946263
201.358863
234.095120
266.831377
300.185300
326.744904
349.598518
374.305127
391.599753
408.894379
417.541692
418.777023
428.659666
428.659666
407.659049
387.893762
367.510809
334.156887
301.420630
267.449043
218.653490
178.505250
133.415689
82.767140
39.530574
-8.029648
-52.501544
-92.032119
-135.886350
-163.681285
-187.770229
-210.006177
-219.888820
-228.536133
-219.271155
-211.859172
-202.594194
-182.828907
-157.504632
-133.415689
-96.355775
-52.501544
-13.588635
35.206918
91.414453
143.298332
195.182211
255.095738
317.479926
374.922792
436.071649
493.514515
548.486720
591.105621
640.518839
688.079061
711.550340
741.198271
761.581223
763.434219
764.051884
760.345893
739.345275
696.726374
651.019148
591.105621
524.397776
452.748610
366.893144
287.831995
201.358863
115.503397
35.206918
-58.060531
-135.268684
-209.388511
-277.331686
-341.568870
-408.276714
-471.278567
-520.691785
-571.957999
-609.635578
-646.695491
-683.137739
-701.667696
-712.168005
-723.903644
-728.227301
-717.109327
-690.549722
-657.195800
-634.959852
-592.340951
-536.133416
-479.925880
-410.129710
-350.833848
-287.214330
-214.947498
-159.357628
-98.208771
-42.001235
2.470661
42.618901
78.443484
100.679432
115.503397
119.827054
118.591723
116.738728
93.267449
69.178505
51.883879
11.117974
-25.941939
-56.207536
-94.502779
-124.768376
-164.298950
-214.329833
-239.036442
-275.478691
-319.950587
-352.686844
-390.364422
-421.865349
-451.513280
-487.955528
-505.250154
-512.662137
-530.574429
-534.280420
-521.927116
-508.338481
-469.425571
-430.512662
-378.011118
-309.450278
-245.830760
-171.093267
-81.531810
8.029648
103.767758
204.447190
296.479308
380.481779
476.219889
570.105003
658.431130
739.345275
811.612106
884.496603
939.468808
987.646695
1025.941939
1054.972205
1080.914145
1086.473132
1085.855466
1074.119827
1037.677579
1008.029648
967.263743
904.261890
838.171711
769.610871
693.020383
607.782582
519.456455
429.894997
329.833230
233.477455
143.915998
47.560222
-51.883879
-134.651019
-218.035825
-292.155652
-357.628166
-421.865349
-474.984558
-509.573811
-544.163064
-570.722668
-576.899321
-585.546634
-573.193329
-550.339716
-533.045090
-503.397159
-460.160593
-424.336010
-380.481779
-337.862878
-297.714639
-248.919086
-206.300185
-164.298950
-124.768376
-90.796788
-67.325510
-37.677579
-15.441631
-1.852996
0.000000
7.411983
10.500309
-1.852996
-15.441631
-40.148240
-63.619518
-88.943792
-124.768376
-171.710933
-210.623842
-249.536751
-290.920321
-332.921557
-378.011118
-411.365040
-444.718962
-476.219889
-500.308833
-515.132798
-525.015442
-524.397776
-525.633107
-513.279802
-491.043854
-465.719580
-431.747993
-399.629401
-357.628166
-316.862261
-269.919704
-225.447807
-172.946263
-124.768376
-77.825818
-26.559605
20.382952
72.266831
116.121062
163.681285
216.800494
261.272390
312.538604
357.010500
400.247066
443.483632
476.219889
508.956146
542.310068
566.399012
588.017295
597.282273
605.929586
602.223595
588.017295
582.458308
565.163681
534.898085
512.662137
479.925880
447.807288
413.218036
369.981470
335.392217
304.508956
260.654725
226.683138
189.623224
148.239654
114.268067
70.413836
37.677579
5.558987
-29.647931
-72.884497
-98.826436
-124.768376
-161.828289
-187.770229
-213.712168
-244.595429
-261.890056
-278.567017
-287.831995
-285.361334
-287.831995
-284.743669
-276.096356
-268.066708
-247.066090
-232.242125
-224.830142
-205.064855
-184.681902
-169.240272
-151.945645
-128.474367
-108.709080
-105.620754
-93.267449
-75.355158
-66.707844
-53.119209
-48.177888
-44.471896
-35.206918
-26.559605
-23.471279
-17.912292
-8.647313
0.000000
0.000000
2.470661
12.970970
11.117974
13.588635
23.471279
24.088944
33.353922
36.442248
35.206918
46.324892
49.413218
59.913527
59.295862
65.472514
79.061149
84.002471
83.384805
88.326127
103.150093
103.150093
93.885114
96.355775
90.179123
77.208153
68.560840
51.883879
38.295244
30.265596
8.029648
-2.470661
-19.147622
-42.001235
-50.648548
-70.413836
-89.561458
-100.679432
-111.797406
-122.915380
-131.562693
-130.945028
-131.562693
-130.945028
-131.562693
-126.621371
-117.356393
-108.709080
-93.885114
-72.884497
-54.972205
-40.765905
-17.912292
-1.235330
25.941939
55.589870
79.061149
108.709080
128.474367
151.327980
171.710933
195.799876
211.859172
222.977146
227.918468
226.065473
227.300803
211.241507
195.799876
173.563928
140.210006
106.856084
74.737492
35.824583
-14.206300
-63.001853
-113.650401
-160.592959
-204.447190
-240.271773
-285.978999
-331.068561
-358.863496
-384.805435
-408.276714
-421.247684
-429.277332
-429.894997
-429.277332
-429.894997
-418.159358
-396.541075
-373.069796
-342.186535
-303.273626
-259.419395
-213.712168
-161.828289
-96.973440
-30.883261
34.589253
100.679432
166.151946
232.242125
297.714639
363.804818
418.777023
466.337245
517.603459
558.369364
590.487956
616.429895
632.489191
631.871526
633.106856
627.547869
604.076590
576.281655
539.221742
497.838172
455.836936
400.864731
344.657196
276.714021
218.035825
151.945645
79.061149
16.676961
-60.531192
-129.092032
-193.946881
-251.389747
-303.891291
-353.304509
-396.541075
-436.071649
-462.631254
-481.161211
-489.808524
-489.190859
-489.190859
-474.984558
-456.454602
-424.336010
-391.599753
-350.833848
-305.744287
-256.948734
-200.741198
-147.621989
-90.179123
-22.235948
37.677579
87.708462
142.680667
198.888203
241.507103
283.508338
321.185917
342.186535
364.422483
369.981470
369.363805
358.245831
339.098209
309.450278
275.478691
243.977764
205.682520
160.592959
113.650401
66.707844
6.794317
-38.295244
-84.002471
-142.063002
-183.446572
-229.153799
-283.508338
-318.715256
-352.686844
-397.158740
-421.247684
-447.189623
-464.484250
-474.366893
-477.455219
-477.455219
-463.248919
-437.306980
-405.806053
-372.452131
-328.597900
-277.331686
-229.771464
-174.799259
-118.591723
-60.531192
-3.088326
49.413218
90.179123
132.798023
169.240272
200.123533
234.712786
256.331069
267.449043
289.684991
304.508956
316.244595
326.127239
342.804200
346.510191
347.127857
357.628166
357.628166
358.863496
348.363187
336.627548
314.391600
292.773317
269.302038
236.565781
200.741198
154.416306
113.650401
71.649166
35.206918
3.088326
-30.883261
-58.678196
-79.061149
-98.208771
-108.091414
-106.856084
-107.473749
-107.473749
-107.473749
-106.856084
-107.473749
-101.297097
-93.267449
-102.532427
-103.767758
-94.502779
-95.738110
-96.355775
-87.090797
-83.384805
-81.531810
-69.796170
-56.207536
-38.912909
-22.853613
-6.794317
12.970970
33.353922
48.177888
71.649166
91.414453
104.385423
118.591723
129.709697
130.945028
138.974676
143.915998
133.415689
121.680049
119.209389
113.650401
100.679432
86.473132
79.678814
63.619518
48.795553
37.677579
22.853613
14.206300
-1.235330
-12.353305
-32.118592
-50.030883
-66.090179
-85.855466
-105.620754
-120.444719
-134.651019
-142.680667
-160.592959
-166.151946
-173.563928
-179.740581
-182.828907
-192.711550
-190.240889
-191.476220
-190.240889
-191.476220
-190.240889
-200.741198
-203.211859
-203.211859
-202.594194
-203.829524
-198.270537
-190.240889
-202.594194
-201.976529
-189.005559
-180.358246
-175.416924
-166.769611
-158.122298
-153.798641
-145.151328
-132.798023
-127.239036
-106.238419
-87.090797
-71.031501
-45.707227
-22.235948
9.882644
43.236566
75.355158
116.738728
161.828289
201.358863
244.595429
289.067326
331.686226
377.393453
400.864731
431.747993
461.395923
478.690550
499.073502
502.161828
493.514515
482.396541
470.043237
448.424954
418.777023
386.658431
366.275479
325.509574
286.596665
247.066090
205.682520
161.210624
106.238419
54.354540
6.176652
-45.707227
-99.444101
-148.857319
-197.035207
-248.301421
-286.596665
-326.744904
-366.275479
-395.305744
-418.777023
-433.600988
-442.248301
-432.365658
-421.865349
-395.923410
-361.951822
-329.833230
-288.449660
-231.006794
-185.299568
-134.033354
-77.208153
-25.941939
27.794935
76.590488
121.680049
154.416306
187.770229
220.506485
243.360099
258.801729
263.125386
261.890056
262.507721
262.507721
249.536751
232.859790
211.241507
186.534898
159.357628
122.297715
79.678814
48.177888
7.411983
-43.236566
-92.032119
-141.445337
-191.476220
-244.595429
-287.214330
-328.597900
-368.746140
-400.864731
-434.218653
-463.866584
-476.837554
-476.837554
-476.837554
-460.778258
-438.542310
-411.365040
-374.922792
-329.215565
-277.331686
-230.389129
-168.004941
-107.473749
-49.413218
15.441631
68.560840
124.150710
179.122915
231.006794
273.625695
319.332922
358.245831
379.864114
411.982705
441.012971
460.160593
486.720198
508.338481
522.544781
532.427424
545.398394
547.251390
534.898085
523.162446
502.161828
481.161211
441.012971
395.923410
350.216183
292.773317
240.889438
167.387276
97.591106
32.118592
-33.353922
-100.061767
-157.504632
-216.800494
-265.596047
-305.126621
-345.892526
-367.510809
-388.511427
-398.394070
-409.512044
-418.159358
-415.688697
-405.806053
-405.188388
-393.452749
-375.540457
-360.716492
-341.568870
-320.568252
-294.626313
-271.772699
-229.153799
-192.711550
-148.857319
-98.208771
-46.942557
7.411983
53.736875
106.238419
159.975293
208.770846
258.184064
284.743669
311.303274
338.480544
345.274861
346.510191
334.774552
309.450278
285.978999
258.184064
208.153181
166.769611
124.150710
71.649166
24.706609
-27.177270
-68.560840
-100.679432
-133.415689
-167.387276
-198.888203
-224.212477
-239.654107
-252.625077
-270.537369
-274.861025
-283.508338
-287.214330
-285.978999
-286.596665
-285.978999
-271.155034
-254.478073
-232.859790
-206.917851
-183.446572
-155.033972
-109.326745
-67.943175
-30.883261
17.912292
61.766523
111.179741
160.592959
202.594194
233.477455
268.066708
295.861643
312.538604
323.656578
324.891909
322.421248
313.773935
297.096973
271.155034
248.919086
226.683138
194.564546
159.975293
132.180358
112.415071
87.090797
62.384188
37.677579
14.823965
-1.235330
-19.765287
-47.560222
-58.060531
-66.707844
-84.620136
-105.620754
-120.444719
-129.709697
-134.033354
-143.915998
-155.651637
-155.033972
-155.033972
-155.033972
-155.033972
-143.298332
-132.798023
-120.444719
-103.767758
-87.090797
-71.031501
-47.560222
-37.059914
-26.559605
9.264978
30.265596
56.825201
88.326127
97.591106
114.268067
119.827054
122.297715
132.180358
129.709697
115.503397
103.767758
86.473132
63.619518
51.266214
38.912909
22.235948
0.000000
-21.618283
-44.471896
-61.148857
-78.443484
-83.384805
-92.032119
-95.738110
-100.679432
-109.326745
-104.385423
-98.208771
-88.326127
-74.119827
-70.413836
-61.148857
-45.707227
-34.589253
-19.147622
0.617665
8.647313
27.794935
44.471896
58.060531
80.914145
103.150093
122.915380
142.063002
163.063620
171.710933
184.681902
190.858555
190.858555
189.623224
177.887585
160.592959
134.033354
100.061767
54.354540
12.970970
-21.618283
-62.384188
-105.003088
-143.298332
-177.887585
-197.035207
-210.006177
-226.683138
-226.683138
-226.683138
-227.300803
-218.035825
-200.123533
-184.681902
-164.298950
-145.151328
-125.386041
-101.914762
-84.002471
-70.413836
-58.678196
-37.677579
-22.235948
-3.088326
15.441631
29.647931
51.883879
72.884497
95.120445
116.738728
139.592341
159.357628
175.416924
192.093885
209.388511
215.565164
214.329833
214.947498
203.211859
180.358246
159.975293
134.651019
110.562075
80.914145
45.707227
22.235948
-6.176652
-35.824583
-55.589870
-74.119827
-88.943792
-101.297097
-116.738728
-120.444719
-129.092032
-132.180358
-130.945028
-131.562693
-131.562693
-130.327363
-119.209389
-119.827054
-116.121062
-106.856084
-99.444101
-91.414453
-77.208153
-64.854849
-50.648548
-31.500926
-7.411983
17.912292
46.324892
67.325510
86.473132
106.238419
133.415689
145.151328
152.563311
166.151946
166.769611
166.769611
155.651637
155.033972
145.768993
122.915380
112.415071
94.502779
74.119827
54.972205
45.707227
26.559605
6.794317
-12.970970
-32.118592
-42.001235
-58.678196
-74.737492
-87.090797
-100.679432
-113.032736
-123.533045
-135.886350
-143.298332
-143.915998
-142.680667
-143.915998
-140.210006
-130.945028
-123.533045
-110.562075
-94.502779
-77.825818
-66.707844
-55.589870
-45.089561
-30.265596
-18.529957
-10.500309
-1.852996
0.617665
-1.235330
8.029648
12.970970
11.117974
12.353305
12.353305
23.471279
23.471279
29.030266
37.059914
37.677579
51.266214
58.678196
64.237183
72.884497
71.031501
73.502162
84.002471
80.296479
69.796170
74.737492
74.737492
70.413836
72.884497
61.148857
60.531192
51.266214
49.413218
60.531192
59.913527
57.442866
45.707227
49.413218
42.618901
35.206918
29.647931
16.676961
11.117974
-2.470661
-15.441631
-25.324274
-40.148240
-52.501544
-62.384188
-72.266831
-71.649166
-72.266831
-71.031501
-72.884497
-66.707844
-55.589870
-43.854231
-35.206918
-25.941939
-6.794317
3.088326
13.588635
10.500309
21.618283
24.088944
23.471279
22.235948
11.735639
11.735639
1.235330
-1.235330
1.235330
-3.705991
-12.970970
-2.470661
0.617665
-7.411983
-14.823965
-4.323657
-3.705991
-12.970970
-11.735639
-11.735639
-20.382952
-25.324274
-22.853613
-34.589253
-35.824583
-35.824583
-36.442248
-35.824583
-36.442248
-27.177270
-22.853613
-14.823965
-1.852996
8.647313
24.706609
32.118592
42.618901
47.560222
51.266214
59.913527
60.531192
56.207536
46.324892
38.295244
30.265596
13.588635
0.000000
-12.353305
-30.265596
-45.089561
-62.384188
-74.119827
-88.326127
-101.297097
-108.091414
-107.473749
-106.856084
-116.738728
-112.415071
-103.150093
-96.355775
-86.473132
-79.678814
-68.560840
-54.354540
-42.001235
-27.177270
-4.941322
12.970970
35.206918
48.177888
60.531192
77.825818
97.591106
121.062384
139.592341
155.651637
177.887585
178.505250
182.211242
191.476220
190.858555
189.623224
179.740581
166.151946
150.092650
129.709697
109.944410
90.179123
66.090179
41.383570
17.294626
-8.647313
-30.265596
-45.707227
-67.325510
-89.561458
-111.179741
-124.768376
-138.974676
-146.386658
-157.504632
-167.387276
-166.769611
-166.769611
-166.151946
-167.387276
-159.975293
-147.004324
-130.327363
-114.885732
-95.738110
-72.266831
-46.324892
-25.941939
0.617665
33.971587
56.825201
86.473132
109.326745
127.856702
147.621989
161.828289
175.416924
187.770229
190.858555
190.858555
191.476220
187.770229
175.416924
157.504632
145.768993
127.239036
105.620754
88.326127
65.472514
36.442248
15.441631
-4.323657
-32.118592
-53.736875
-82.149475
-111.179741
-134.651019
-159.975293
-180.358246
-197.652872
-213.094503
-231.006794
-239.654107
-248.301421
-251.389747
-249.536751
-239.654107
-228.536133
-213.712168
-188.387894
-171.710933
-148.239654
-114.268067
-90.179123
-62.384188
-25.941939
-1.235330
24.706609
46.942557
68.560840
88.943792
105.003088
119.827054
129.709697
141.445337
152.563311
155.651637
155.033972
155.651637
154.416306
155.033972
156.269302
150.092650
140.827671
128.474367
116.121062
102.532427
84.002471
69.796170
48.795553
29.647931
9.264978
-9.882644
-25.941939
-42.618901
-52.501544
-69.178505
-72.266831
-71.649166
-71.649166
-71.031501
-72.266831
-66.090179
-53.119209
-47.560222
-45.089561
-29.030266
-18.529957
-7.411983
7.411983
14.823965
24.706609
45.089561
47.560222
53.119209
66.707844
80.914145
92.032119
99.444101
107.473749
115.503397
120.444719
118.591723
120.444719
118.591723
120.444719
112.415071
96.973440
85.237801
67.325510
53.119209
29.030266
4.323657
-14.823965
-33.353922
-57.442866
-72.884497
-87.708462
-108.091414
-116.738728
-130.945028
-142.680667
-142.680667
-145.768993
-155.651637
-155.033972
-147.621989
-141.445337
-135.268684
-125.386041
-119.827054
-105.620754
-95.120445
-86.473132
-63.619518
-53.119209
-42.001235
-26.559605
-15.441631
1.852996
17.912292
26.559605
33.971587
43.236566
58.060531
69.178505
72.266831
82.767140
78.443484
69.796170
72.884497
63.619518
59.295862
51.883879
38.295244
21.618283
4.941322
-11.117974
-28.412600
-39.530574
-50.648548
-59.295862
-67.943175
-72.266831
-71.649166
-72.266831
-72.266831
-64.854849
-52.501544
-45.089561
-35.824583
-21.618283
-8.647313
1.852996
11.117974
19.147622
38.295244
53.119209
64.854849
74.737492
87.708462
96.355775
113.032736
119.827054
125.386041
138.357011
143.915998
142.063002
150.710315
156.269302
146.386658
141.445337
132.798023
117.974058
106.856084
91.414453
64.854849
42.618901
21.618283
-2.470661
-30.265596
-54.972205
-78.443484
-108.709080
-128.474367
-143.298332
-160.592959
-171.710933
-179.740581
-178.505250
-179.122915
-178.505250
-179.740581
-166.769611
-149.474985
-138.357011
-122.915380
-105.003088
-90.796788
-69.178505
-37.677579
-22.853613
-3.705991
22.235948
43.854231
65.472514
88.326127
106.238419
127.239036
149.474985
161.828289
176.652254
187.152563
192.093885
190.240889
190.240889
178.505250
169.240272
153.798641
138.974676
116.738728
88.326127
64.237183
36.442248
11.117974
-22.853613
-56.207536
-84.002471
-106.856084
-132.180358
-156.886967
-177.887585
-195.182211
-204.447190
-212.476838
-216.182829
-213.712168
-216.800494
-207.535516
-193.946881
-180.975911
-164.916615
-145.151328
-122.915380
-100.679432
-74.737492
-56.825201
-32.736257
-8.647313
23.471279
47.560222
72.266831
96.355775
121.062384
138.974676
159.975293
177.887585
185.917233
198.888203
205.682520
214.947498
215.565164
207.535516
199.505868
185.917233
168.622607
148.239654
129.709697
105.003088
80.914145
49.413218
26.559605
-4.941322
-37.677579
-59.295862
-81.531810
-107.473749
-127.856702
-134.651019
-150.092650
-161.828289
-168.004941
-166.769611
-166.769611
-166.769611
-168.004941
-159.357628
-151.327980
-142.063002
-126.621371
-110.562075
-89.561458
-76.590488
-58.678196
-32.736257
-9.882644
18.529957
47.560222
63.001853
93.885114
121.680049
135.268684
157.504632
182.211242
193.329216
203.829524
214.947498
207.535516
200.741198
204.447190
192.093885
179.122915
165.534280
143.298332
121.062384
105.003088
85.855466
59.295862
36.442248
9.264978
-16.676961
-42.618901
-70.413836
-92.649784
-108.709080
-137.739345
-160.592959
-171.093267
-185.299568
-198.888203
-202.594194
-206.917851
-216.182829
-204.447190
-198.270537
-182.211242
-171.093267
-154.416306
-132.180358
-110.562075
-88.943792
-64.854849
-39.530574
-16.059296
11.117974
41.383570
64.237183
90.179123
108.709080
122.915380
135.268684
150.092650
150.710315
145.768993
150.710315
140.210006
133.415689
128.474367
114.268067
96.355775
81.531810
61.148857
41.383570
25.324274
3.705991
-14.206300
-36.442248
-56.825201
-71.031501
-93.267449
-105.620754
-118.591723
-131.562693
-130.327363
-141.445337
-142.680667
-130.945028
-131.562693
-129.709697
-114.268067
-102.532427
-87.090797
-71.031501
-53.119209
-25.941939
-9.264978
13.588635
35.206918
56.825201
73.502162
90.796788
105.620754
116.738728
127.239036
134.033354
143.298332
143.298332
142.680667
144.533663
140.827671
131.562693
127.856702
116.738728
101.914762
84.620136
68.560840
45.089561
24.088944
6.176652
-15.441631
-30.883261
-52.501544
-71.031501
-84.002471
-94.502779
-105.620754
-107.473749
-107.473749
-107.473749
-96.355775
-95.738110
-92.032119
-75.355158
-58.678196
-42.001235
-31.500926
-15.441631
1.235330
13.588635
26.559605
45.707227
57.442866
71.031501
84.620136
95.120445
105.003088
118.591723
117.974058
122.915380
131.562693
130.945028
130.327363
120.444719
116.738728
105.620754
85.237801
68.560840
50.030883
17.294626
-6.794317
-31.500926
-57.442866
-89.561458
-114.885732
-138.357011
-164.916615
-185.917233
-201.358863
-215.565164
-225.447807
-226.683138
-226.683138
-219.271155
-206.300185
-190.858555
-173.563928
-161.828289
-140.210006
-114.268067
-95.738110
-71.649166
-46.942557
-26.559605
-3.705991
21.618283
42.618901
68.560840
90.179123
105.620754
122.915380
138.357011
155.033972
171.710933
180.358246
189.005559
191.476220
189.623224
192.093885
184.064237
172.328598
161.828289
146.386658
124.768376
103.150093
80.296479
46.324892
21.000618
-1.235330
-22.853613
-40.148240
-62.384188
-85.237801
-95.738110
-103.150093
-115.503397
-119.827054
-119.209389
-119.827054
-119.209389
-118.591723
-100.679432
-95.738110
-88.943792
-76.590488
-66.090179
-50.648548
-40.148240
-29.030266
-8.029648
9.882644
19.765287
38.912909
52.501544
66.707844
85.855466
103.767758
117.356393
130.945028
142.680667
150.092650
156.886967
153.798641
155.651637
154.416306
145.151328
133.415689
122.915380
100.061767
83.384805
64.237183
44.471896
25.324274
-8.029648
-32.118592
-51.266214
-71.031501
-92.649784
-113.650401
-122.915380
-142.063002
-163.063620
-172.328598
-184.681902
-190.858555
-190.858555
-190.240889
-191.476220
-183.446572
-175.416924
-165.534280
-153.798641
-140.827671
-122.915380
-108.091414
-88.943792
-67.943175
-45.089561
-24.706609
3.705991
32.736257
54.354540
69.796170
84.002471
108.709080
122.915380
137.121680
148.857319
156.886967
166.151946
167.387276
167.387276
166.151946
155.651637
153.798641
137.121680
114.885732
104.385423
88.943792
67.943175
49.413218
29.647931
5.558987
-11.117974
-29.647931
-50.648548
-66.707844
-77.208153
-94.502779
-107.473749
-107.473749
-117.974058
-120.444719
-126.003706
-133.415689
-124.150710
-119.209389
-119.209389
-108.709080
-101.914762
-82.767140
-72.884497
-64.854849
-46.324892
-32.118592
-13.588635
-1.235330
11.735639
29.030266
46.324892
59.295862
72.266831
84.620136
90.796788
100.679432
107.473749
108.091414
106.238419
108.709080
104.385423
95.120445
94.502779
83.384805
72.884497
66.707844
53.736875
46.942557
35.206918
21.000618
12.970970
3.088326
-0.617665
-4.323657
-18.529957
-24.088944
-23.471279
-33.353922
-38.295244
-46.942557
-47.560222
-47.560222
-47.560222
-47.560222
-46.942557
-47.560222
-38.295244
-35.206918
-35.824583
-26.559605
-18.529957
-11.735639
-6.176652
4.323657
10.500309
17.294626
25.324274
30.883261
28.412600
38.912909
42.001235
38.295244
48.177888
47.560222
47.560222
48.177888
46.942557
48.795553
39.530574
34.589253
35.824583
27.177270
21.618283
14.823965
4.941322
0.000000
-3.705991
-13.588635
-20.382952
-29.647931
-36.442248
-38.295244
-50.648548
-59.295862
-60.531192
-70.413836
-73.502162
-84.002471
-82.149475
-91.414453
-94.502779
-81.531810
-87.708462
-85.237801
-82.767140
-84.620136
-74.737492
-71.031501
-72.884497
-60.531192
-46.324892
-37.059914
-29.647931
-17.912292
-10.500309
-0.617665
2.470661
13.588635
24.088944
24.088944
23.471279
28.412600
42.001235
48.177888
47.560222
47.560222
46.942557
48.177888
47.560222
48.177888
46.942557
48.177888
45.089561
34.589253
37.677579
31.500926
22.853613
24.088944
23.471279
24.088944
24.088944
13.588635
11.735639
12.353305
24.088944
17.294626
9.882644
21.000618
24.706609
32.736257
40.765905
48.795553
46.324892
54.972205
61.148857
59.295862
59.295862
59.913527
59.913527
59.913527
59.295862
61.148857
53.119209
46.324892
48.795553
40.765905
33.353922
20.382952
5.558987
1.235330
-6.176652
-21.618283
-28.412600
-37.059914
-45.089561
-57.442866
-59.295862
-66.707844
-72.884497
-79.061149
-71.649166
-77.825818
-85.855466
-81.531810
-85.237801
-75.355158
-71.649166
-72.266831
-63.619518
-57.442866
-51.266214
-40.765905
-36.442248
-32.118592
-22.853613
-22.853613
-10.500309
-1.235330
0.617665
9.264978
12.970970
9.882644
19.147622
24.088944
24.088944
22.853613
24.088944
23.471279
24.706609
19.147622
11.735639
11.735639
12.970970
8.029648
-1.852996
0.000000
0.000000
-0.617665
1.235330
-6.176652
-12.970970
-11.117974
-12.970970
-11.735639
-11.735639
-3.088326
1.235330
-1.235330
0.617665
-1.235330
1.852996
-8.029648
-6.794317
1.235330
0.000000
-0.617665
5.558987
13.588635
9.882644
19.147622
24.706609
22.853613
28.412600
37.059914
35.206918
45.089561
48.177888
46.942557
48.795553
47.560222
48.177888
47.560222
47.560222
46.942557
47.560222
47.560222
48.177888
47.560222
48.795553
45.089561
32.736257
23.471279
24.088944
24.088944
12.970970
11.735639
4.323657
-4.941322
-11.735639
-21.000618
-28.412600
-37.059914
-34.589253
-48.177888
-59.913527
-59.295862
-59.295862
-59.295862
-59.295862
-59.913527
-58.678196
-59.913527
-58.678196
-47.560222
-47.560222
-37.677579
-33.353922
-24.706609
-24.088944
-17.912292
-10.500309
-13.588635
-4.323657
1.235330
-1.235330
8.647313
12.970970
11.117974
20.382952
11.735639
14.206300
26.559605
17.294626
19.765287
24.706609
23.471279
24.088944
22.853613
24.088944
21.000618
11.117974
12.970970
8.647313
0.000000
0.617665
-8.029648
-16.059296
-24.088944
-25.324274
-35.824583
-35.206918
-36.442248
-35.206918
-40.148240
-48.795553
-46.942557
-48.795553
-43.236566
-34.589253
-37.677579
-32.736257
-25.324274
-19.765287
-11.735639
-6.176652
1.235330
-1.852996
8.029648
12.353305
21.000618
25.324274
34.589253
36.442248
45.089561
48.177888
50.030883
61.148857
57.442866
64.854849
72.266831
71.031501
72.266831
62.384188
59.295862
57.442866
46.324892
49.413218
43.854231
35.206918
36.442248
28.412600
14.823965
11.735639
10.500309
-1.235330
-11.117974
-12.353305
-11.735639
-21.000618
-24.706609
-24.088944
-24.088944
-24.088944
-23.471279
-24.088944
-24.088944
-23.471279
-24.088944
-24.088944
-24.088944
-24.088944
-24.088944
-24.088944
-23.471279
-24.088944
-24.088944
-24.088944
-23.471279
-24.706609
-22.235948
-12.353305
-11.117974
-12.970970
-10.500309
-16.059296
-17.912292
-9.882644
-14.206300
-3.705991
0.617665
-0.617665
9.264978
12.353305
11.117974
12.353305
16.059296
10.500309
18.529957
25.324274
22.853613
25.324274
20.382952
11.117974
12.353305
12.353305
11.117974
2.470661
-1.235330
1.235330
-8.029648
-12.353305
-11.117974
-11.735639
-11.735639
-17.294626
-32.118592
-27.177270
-26.559605
-37.059914
-35.206918
-35.824583
-35.206918
-35.824583
-45.707227
-47.560222
-35.824583
-35.824583
-35.824583
-26.559605
-22.853613
-24.706609
-18.529957
-11.117974
