-1086.414445
-1042.132416
-1017.196905
-973.344798
-913.155632
-839.638865
-724.419604
-603.611350
-511.607911
-392.089424
-202.493551
-17.626827
92.863285
167.239897
315.563199
526.225279
666.809974
724.849527
831.040413
1022.355976
1177.128117
1244.196045
1294.496991
1394.239037
1517.196905
1582.545142
1592.863285
1613.069647
1656.061909
1695.184867
1688.736028
1613.069647
1488.822012
1379.621668
1314.703353
1228.288908
1110.490112
1036.543422
1042.562339
996.990542
774.720550
456.147893
189.165950
36.113500
-99.742046
-261.392949
-388.220120
-519.776440
-709.802236
-978.503869
-1248.495271
-1394.239037
-1451.418745
-1480.653482
-1537.833190
-1670.679278
-1821.582115
-1923.903697
-1953.138435
-1939.810834
-1922.184007
-1873.602752
-1810.404127
-1784.178848
-1773.000860
-1727.858985
-1569.217541
-1342.648323
-1185.726569
-1072.226999
-934.221840
-783.319003
-611.349957
-455.288048
-312.983663
-165.950129
-32.244196
95.872743
219.690456
368.443680
570.077386
772.141015
912.295787
946.259673
916.595013
935.941531
960.447120
925.193465
861.134996
848.237317
914.445400
948.839209
904.127257
844.797936
818.142734
818.142734
762.252794
668.529665
616.509028
610.920034
654.772141
723.559759
788.048151
885.210662
1009.028375
1107.050731
1141.014617
1106.620808
1110.920034
1190.455718
1257.093723
1259.673259
1206.792777
1182.717111
1215.391230
1250.214961
1254.514187
1246.775580
1225.709372
1149.613070
989.251935
784.178848
579.105761
382.631126
201.633706
-1.719690
-213.241617
-397.248495
-547.291488
-684.866724
-861.134996
-1088.134136
-1332.330181
-1580.825451
-1836.629407
-2064.058469
-2221.840069
-2281.169390
-2285.468616
-2302.665520
-2315.563199
-2295.356836
-2275.580396
-2273.860705
-2252.364574
-2168.099742
-2025.365434
-1831.900258
-1617.368874
-1396.388650
-1184.006879
-953.998280
-740.326741
-582.975064
-491.401548
-431.642304
-296.216681
-80.825451
140.584695
333.190026
527.515047
722.699914
836.629407
843.938091
831.040413
856.405847
880.051591
833.619948
748.925193
722.699914
789.337919
902.407567
1013.757524
1113.069647
1165.950129
1149.183147
1090.283749
1034.393809
1003.009458
1026.225279
1127.687016
1280.309544
1435.941531
1576.096303
1718.400688
1848.667240
1916.165090
1883.490972
1784.608770
1693.035254
1613.069647
1530.524506
1486.242476
1510.748065
1589.423904
1642.304385
1588.564058
1424.333620
1191.315563
883.920894
491.831470
58.469475
-322.012038
-595.012898
-760.533104
-878.761823
-1047.291488
-1240.756664
-1441.960447
-1703.783319
-2042.132416
-2407.996561
-2726.139295
-2935.511608
-3089.853826
-3211.521926
-3209.372313
-3066.208083
-2849.097163
-2674.548581
-2573.946690
-2503.439381
-2428.202923
-2336.199484
-2229.148753
-2049.871023
-1757.523646
-1437.231298
-1102.751505
-781.599312
-537.833190
-281.599312
-32.244196
143.594153
255.374033
320.292347
439.380911
642.734308
865.004299
1034.393809
1154.342218
1332.760103
1502.579536
1527.085125
1463.886500
1367.153912
1327.601032
1357.265692
1372.312984
1417.454858
1470.335340
1546.001720
1673.258813
1765.692175
1830.610490
1863.284609
1908.426483
2004.299226
2025.795357
1992.261393
2023.215821
2144.453998
2326.741187
2429.922614
2451.848667
2498.710232
2461.736887
2292.777300
2058.039553
1820.722270
1649.613070
1499.570077
1363.284609
1248.065348
1102.751505
868.873603
495.270851
41.702494
-413.155632
-830.180567
-1171.539123
-1485.812554
-1833.619948
-2183.147034
-2466.895959
-2680.567498
-2870.163371
-3052.020636
-3210.232158
-3353.826311
-3519.346518
-3706.792777
-3829.320722
-3821.582115
-3711.092003
-3530.094583
-3288.478074
-3021.066208
-2730.438521
-2413.155632
-2085.124678
-1739.036973
-1414.015477
-1150.902837
-916.595013
-714.961307
-532.244196
-270.851247
79.105761
447.979364
772.570937
1000.000000
1140.584695
1224.849527
1262.682717
1290.197764
1346.517627
1429.492691
1435.081685
1343.508169
1235.597592
1178.417885
1217.540843
1311.263972
1367.153912
1372.312984
1317.282889
1230.438521
1165.950129
1143.594153
1206.792777
1330.180567
1423.043852
1488.822012
1552.450559
1663.370593
1831.040413
1998.710232
2177.558040
2308.254514
2350.386930
2336.199484
2241.616509
2133.705933
2018.486672
1852.106621
1712.811694
1587.704213
1480.653482
1365.004299
1175.408426
925.193465
550.730868
76.956148
-401.117799
-874.892519
-1271.711092
-1639.724850
-2038.263113
-2385.640585
-2722.269991
-3005.159071
-3215.391230
-3398.968186
-3526.655202
-3684.866724
-3874.892519
-4054.600172
-4175.838349
-4168.959587
-4075.666380
-3884.350817
-3597.592433
-3273.430782
-2875.752365
-2470.335340
-2075.666380
-1637.575236
-1270.851247
-965.176268
-711.092003
-514.187446
-273.860705
-6.448839
311.263972
663.800516
965.176268
1255.374033
1514.187446
1754.514187
1967.755804
2056.749785
2082.975064
2014.617369
1871.023216
1718.830610
1553.740327
1504.729149
1569.217541
1687.876182
1827.601032
1888.220120
1941.100602
2006.018917
2026.655202
2050.300946
2032.674119
2020.636285
2037.833190
2026.225279
2087.274291
2260.103181
2533.533964
2855.116079
3075.666380
3208.942390
3256.233878
3192.605331
3053.310404
2793.207223
2517.196905
2260.963027
2006.018917
1823.301806
1641.874463
1479.793637
1308.684437
1008.598452
615.219261
149.183147
-369.733448
-872.312984
-1423.043852
-2028.374893
-2610.060189
-3111.349957
-3491.401548
-3797.076526
-4020.206363
-4155.631986
-4269.561479
-4404.987102
-4573.946690
-4701.633706
-4717.540843
-4689.595873
-4640.584695
-4522.785899
-4284.178848
-3881.341359
-3391.229579
-2821.152193
-2168.529665
-1547.291488
-1024.935512
-595.442820
-261.392949
72.656922
401.977644
704.213242
1028.374893
1314.273431
1572.226999
1837.919175
2107.050731
2379.191745
2569.647463
2629.836629
2571.367154
2372.312984
2114.789338
1839.638865
1583.404987
1404.557180
1231.728289
1091.573517
988.392089
914.445400
947.119518
1000.000000
1085.984523
1204.213242
1248.065348
1266.981943
1245.485813
1242.046432
1384.350817
1610.920034
1893.379192
2147.893379
2322.012038
2481.943250
2533.963887
2487.962167
2373.602752
2185.296647
2035.253654
1860.275150
1669.819433
1470.335340
1181.857266
900.257954
564.488392
180.137575
-147.463457
-533.963887
-957.007739
-1417.454858
-1979.793637
-2458.727429
-2867.583835
-3223.129837
-3493.551161
-3751.934652
-3931.642304
-4095.442820
-4253.224420
-4291.487532
-4240.756664
-4102.751505
-3955.288048
-3846.087704
-3690.455718
-3505.588994
-3223.559759
-2863.284609
-2484.952709
-2027.944970
-1640.154772
-1295.786758
-922.184007
-641.444540
-370.593293
-106.190886
108.770421
299.656062
413.155632
542.992261
721.410146
913.155632
1159.071367
1342.218401
1460.017197
1540.842648
1521.496131
1506.018917
1478.503869
1446.259673
1471.625107
1512.037833
1645.313844
1815.993121
1998.710232
2287.188306
2599.312124
2942.390370
3306.104901
3622.098022
3935.941531
4130.696475
4198.624248
4192.175408
4076.526225
3936.371453
3696.044712
3345.657782
3009.888220
2624.677558
2155.202064
1631.126397
1099.742046
680.997420
389.079966
171.539123
-64.918315
-379.191745
-674.978504
-1006.878762
-1379.621668
-1698.624248
-2058.899398
-2440.670679
-2872.312984
-3411.006019
-3878.761823
-4240.756664
-4516.766982
-4706.792777
-4901.117799
-5015.907137
-5060.619089
-5106.620808
-5057.609630
-4906.706793
-4682.287188
-4430.782459
-4201.203783
-3926.483233
-3571.797077
-3109.200344
-2559.759243
-2041.272571
-1503.009458
-988.392089
-555.460017
-79.965606
364.144454
746.775580
1119.088564
1388.650043
1581.255374
1720.550301
1819.432502
1968.615649
2134.135856
2323.731728
2492.691316
2538.693035
2570.507309
2587.274291
2549.441101
2493.551161
2366.723990
2225.279450
2115.219261
2022.355976
1973.344798
1937.231298
1958.727429
2031.384351
2083.404987
2165.090284
2279.879622
2413.585555
2573.946690
2741.616509
2945.399828
3137.145314
3309.114359
3503.439381
3634.135856
3726.999140
3777.300086
3668.959587
3474.204643
3241.616509
2977.214101
2784.178848
2617.368874
2402.407567
2106.190886
1748.925193
1349.957008
850.386930
343.508169
-145.313844
-704.213242
-1338.349097
-2070.507309
-2792.777300
-3383.490972
-3885.210662
-4329.320722
-4733.447979
-5076.956148
-5321.582115
-5539.122958
-5672.398968
-5651.332760
-5568.357696
-5481.083405
-5384.780739
-5246.345658
-4996.130696
-4618.228719
-4143.594153
-3648.753224
-3143.164230
-2584.694755
-2067.067928
-1559.759243
-1006.878762
-492.691316
-47.721410
324.591574
602.751505
835.339639
1063.198624
1294.067068
1489.681857
1654.342218
1834.049871
1955.288048
2019.776440
2088.564058
2108.770421
2052.450559
1958.727429
1827.171109
1693.895099
1595.872743
1510.318143
1420.894239
1338.779020
1333.190026
1390.369733
1441.960447
1522.355976
1650.902837
1812.553740
2003.009458
2184.866724
2380.481513
2589.423904
2819.862425
2995.700774
3061.908856
3125.107481
3141.874463
2983.662941
2746.775580
2490.111780
2210.662081
1975.494411
1717.970765
1395.958727
1031.384351
647.033534
235.167670
-220.980224
-658.641445
-1139.294927
-1747.635426
-2410.146174
-3101.031814
-3785.038693
-4372.742906
-4858.555460
-5303.095443
-5714.531384
-6039.982803
-6250.644884
-6383.490972
-6419.174549
-6313.413586
-6128.546862
-5925.623388
-5721.410146
-5498.710232
-5148.323302
-4654.772141
-4134.565778
-3621.668100
-3047.721410
-2413.155632
-1805.674979
-1224.849527
-598.022356
15.477214
528.804815
964.316423
1322.871883
1677.558040
2066.208083
2371.453138
2581.685297
2777.730009
2963.026655
3064.918315
3086.414445
3128.546862
3134.995701
3054.170249
2946.689596
2795.356836
2650.042992
2573.086844
2506.018917
2431.642304
2406.276870
2452.278590
2528.804815
2613.499570
2769.561479
2992.691316
3228.718831
3465.176268
3688.306105
3932.932072
4227.858985
4537.833190
4757.523646
4886.500430
4994.840929
5000.000000
4851.246776
4608.340499
4309.974205
3983.662941
3641.014617
3241.186586
2804.815133
2359.845228
1927.343078
1442.390370
874.892519
338.349097
-207.652623
-841.788478
-1543.422184
-2279.019776
-2959.157352
-3582.975064
-4172.828891
-4736.027515
-5247.635426
-5588.993981
-5835.339639
-6066.208083
-6139.724850
-6087.274291
-5947.119518
-5756.233878
-5574.376612
-5298.796217
-4931.212382
-4479.363715
-3995.270851
-3554.600172
-3052.450559
-2503.439381
-1998.710232
-1472.055030
-988.392089
-532.674119
-131.556320
138.435082
396.818573
620.378332
828.030954
1036.973345
1107.480653
1170.679278
1276.870163
1312.123818
1319.002580
1283.319003
1237.747206
1169.389510
1042.562339
920.034394
791.917455
698.194325
654.772141
544.711952
436.801376
426.483233
447.979364
513.757524
623.817713
794.926913
1028.374893
1263.972485
1532.244196
1826.311264
2162.510748
2571.797077
2929.922614
3211.521926
3504.299226
3718.400688
3819.002580
3788.478074
3641.014617
3481.513328
3288.907997
3064.918315
2796.216681
2439.380911
2093.293207
1731.298366
1278.589854
839.208942
425.623388
-29.234738
-570.937231
-1220.980224
-1896.388650
-2522.355976
-3093.723130
-3654.342218
-4252.794497
-4749.785039
-5117.368874
-5450.988822
-5667.239897
-5706.792777
-5616.509028
-5450.128977
-5258.383491
-5015.047291
-4662.080825
-4239.036973
-3769.991402
-3302.665520
-2803.955288
-2217.540843
-1647.033534
-1110.490112
-548.581255
-9.888220
469.475494
876.612210
1221.840069
1558.899398
1919.604471
2280.309544
2555.030095
2741.186586
2932.502150
3084.694755
3150.902837
3163.800516
3126.397248
3045.571797
2904.127257
2688.736028
2462.596733
2256.233878
2096.302666
1964.316423
1788.048151
1655.202064
1627.257094
1598.452279
1601.031814
1657.781599
1717.540843
1813.843508
1926.913156
2032.674119
2174.978504
2353.826311
2547.721410
2692.175408
2760.103181
2845.657782
2889.509888
2841.358555
2730.438521
2535.253654
2309.544282
2075.666380
1789.767842
1435.941531
1028.804815
634.135856
208.512468
-291.917455
-766.552021
-1227.429063
-1730.008598
-2266.552021
-2852.106621
-3435.081685
-3947.549441
-4414.445400
-4889.939811
-5377.472055
-5770.851247
-6055.889940
-6299.226139
-6436.801376
-6428.202923
-6312.123818
-6113.929493
-5856.835770
-5546.001720
-5136.285469
-4627.687016
-4080.825451
-3535.683577
-2947.549441
-2306.964746
-1684.006879
-1085.124678
-487.532244
48.581255
495.700774
907.996561
1281.599312
1609.200344
1920.034394
2186.156492
2387.790198
2538.693035
2684.436801
2827.601032
2919.604471
2991.401548
3021.066208
2964.746346
2880.481513
2766.981943
2597.592433
2452.278590
2341.358555
2211.521926
2072.656922
1990.541702
1998.710232
2027.515047
2069.217541
2159.071367
2280.739467
2454.858126
2691.315563
2914.875322
3156.921754
3431.212382
3675.408426
3861.134996
3997.850387
4114.789338
4146.603611
4056.749785
3904.557180
3662.940671
3363.714531
3071.367154
2735.167670
2331.900258
1892.519347
1423.473775
940.670679
433.791917
-90.283749
-628.546862
-1223.559759
-1820.722270
-2435.511608
-3103.611350
-3708.082545
-4252.364574
-4809.114359
-5327.171109
-5783.748925
-6160.361135
-6446.259673
-6614.789338
-6647.033534
-6576.956148
-6402.407567
-6131.986242
-5808.684437
-5392.089424
-4866.294067
-4316.423044
-3748.925193
-3145.313844
-2513.327601
-1881.341359
-1293.207223
-733.018057
-221.840069
219.260533
653.052451
1038.693035
1359.845228
1705.073087
1991.401548
2201.203783
2407.996561
2589.423904
2751.504729
2858.985383
2896.818573
2883.490972
2787.618229
2654.772141
2507.738607
2312.123818
2144.883921
1981.943250
1802.235598
1656.491831
1549.011178
1501.289768
1505.588994
1540.842648
1640.154772
1754.944110
1917.454858
2156.061909
2372.312984
2586.844368
2817.282889
3033.963887
3218.830610
3353.396389
3450.128977
3501.719690
3450.558899
3322.441960
3114.789338
2868.443680
2659.071367
2392.949269
2026.655202
1627.687016
1202.923474
734.307825
211.951849
-316.423044
-816.852966
-1352.536543
-1941.960447
-2560.619089
-3177.987962
-3714.101462
-4202.923474
-4723.129837
-5219.690456
-5632.846088
-5950.558899
-6211.092003
-6395.528805
-6435.511608
-6356.835770
-6212.811694
-5984.522786
-5682.717111
-5269.131556
-4725.709372
-4174.978504
-3627.687016
-3029.664660
-2399.398108
-1779.879622
-1190.455718
-609.200344
-40.842648
432.502150
834.049871
1213.241617
1542.132416
1848.667240
2113.929493
2297.506449
2465.176268
2623.817713
2744.196045
2817.712812
2866.294067
2915.735168
2880.481513
2778.159931
2690.455718
2567.927773
2421.324162
2286.328461
2125.967326
1967.755804
1861.564918
1802.665520
1783.748925
1798.796217
1889.079966
2016.337059
2156.491831
2387.360275
2626.397248
2831.040413
3061.908856
3267.841788
3445.829751
3597.592433
3715.821152
3765.692175
3696.904557
3559.759243
3356.405847
3056.319862
2736.887360
2402.837489
1987.102322
1531.384351
1044.711952
522.785899
-3.869304
-513.757524
-995.270851
-1518.486672
-2071.797077
-2613.929493
-3202.063629
-3762.252794
-4243.336199
-4748.925193
-5242.906277
-5665.090284
-6028.374893
-6307.824592
-6494.411006
-6560.189166
-6507.308684
-6368.873603
-6096.302666
-5733.877902
-5297.076526
-4732.588134
-4128.976784
-3546.861565
-2938.091144
-2292.777300
-1643.164230
-1023.645744
-449.269132
64.488392
493.981083
898.968186
1251.934652
1524.075666
1809.544282
2055.889940
2206.792777
2335.339639
2471.195185
2632.416165
2764.402408
2828.460877
2858.555460
2828.030954
2749.355116
2656.921754
2510.318143
2349.097163
2212.381771
2023.215821
1833.190026
1699.484093
1611.349957
1590.713672
1623.387790
1690.455718
1800.515907
1969.045572
2200.773861
2453.568358
2688.306105
2928.632846
3166.380052
3364.574377
3526.655202
3646.173689
3670.679278
3625.967326
3514.617369
3294.496991
3027.515047
2746.345658
2411.006019
2040.412726
1626.827171
1153.052451
687.016337
193.465176
-316.852966
-825.451419
-1355.546002
-1878.331900
-2436.801376
-3024.935512
-3548.581255
-4027.944970
-4509.028375
-4976.354256
-5413.585555
-5763.112640
-6021.926053
-6228.288908
-6349.527085
-6336.629407
-6180.137575
-5932.072227
-5625.967326
-5225.709372
-4712.381771
-4156.491831
-3582.975064
-2983.233018
-2358.125537
-1706.362855
-1084.264832
-564.058469
-79.965606
411.006019
831.900258
1182.717111
1467.755804
1690.455718
1898.968186
2052.020636
2164.230439
2300.515907
2426.053310
2552.450559
2600.601892
2561.908856
2556.749785
2526.655202
2419.174549
2311.263972
2160.361135
1984.952709
1842.648323
1676.268272
1569.217541
1534.393809
1506.448839
1540.412726
1579.535684
1658.641445
1855.546002
2050.300946
2269.991402
2536.543422
2760.103181
2986.672399
3232.588134
3429.492691
3577.386071
3660.361135
3668.529665
3596.302666
3442.820292
3248.065348
3002.149613
2705.503009
2339.638865
1909.286328
1415.305245
922.184007
477.214101
-21.066208
-557.609630
-1076.096303
-1601.891660
-2141.874463
-2672.828891
-3207.222700
-3699.054170
-4153.482373
-4614.359415
-5053.310404
-5435.511608
-5699.484093
-5890.369733
-6075.236457
-6144.453998
-6087.704213
-5957.437661
-5720.980224
-5401.117799
-4995.270851
-4480.223560
-3925.623388
-3337.919175
-2719.260533
-2082.545142
-1435.941531
-858.555460
-360.705073
126.827171
549.011178
892.519347
1217.970765
1473.774721
1678.417885
1877.042132
2009.888220
2122.957868
2262.682717
2362.424764
2445.399828
2475.924334
2480.223560
2512.037833
2471.625107
2393.809114
2316.423044
2166.809974
2028.374893
1918.314703
1783.748925
1720.120378
1695.184867
1677.558040
1711.951849
1759.673259
1875.322442
2064.918315
2251.074807
2474.634566
2694.325021
2889.509888
3123.387790
3342.218401
3499.570077
3608.770421
3637.145314
3579.965606
3448.839209
3246.345658
2991.401548
2683.147034
2304.385211
1877.901978
1393.379192
868.013758
375.322442
-113.929493
-621.668100
-1125.107481
-1629.836629
-2133.705933
-2596.302666
-3054.600172
-3502.579536
-3917.024936
-4325.021496
-4711.521926
-5084.264832
-5394.668960
-5584.694755
-5737.747206
-5846.087704
-5835.339639
-5747.205503
-5539.982803
-5224.419604
-4868.443680
-4411.865864
-3875.322442
-3308.684437
-2702.063629
-2097.592433
-1470.765262
-847.807395
-335.769561
123.387790
532.674119
864.574377
1160.791058
1379.621668
1518.486672
1644.453998
1752.794497
1813.843508
1870.593293
1934.221840
2009.458298
2071.367154
2099.742046
2128.116939
2154.772141
2143.594153
2097.162511
2022.785899
1904.987102
1817.282889
1742.476354
1628.546862
1567.497850
1552.020636
1535.253654
1588.993981
1684.006879
1821.152193
2042.992261
2262.252794
2506.448839
2766.981943
2996.130696
3270.421324
3503.869304
3628.976784
3728.718831
3727.858985
3626.827171
3496.560619
3237.317283
2925.623388
2602.321582
2172.828891
1718.400688
1199.914015
661.650903
205.073087
-311.693895
-840.928633
-1306.964746
-1815.133276
-2272.141015
-2698.194325
-3180.567498
-3569.217541
-3938.091144
-4348.667240
-4700.773861
-5045.141874
-5306.964746
-5460.017197
-5642.734308
-5712.811694
-5647.893379
-5543.852107
-5306.104901
-5012.467756
-4674.118659
-4171.539123
-3636.285469
-3110.060189
-2503.869304
-1894.668960
-1271.711092
-689.165950
-225.709372
228.288908
616.938951
900.257954
1167.669819
1320.722270
1413.585555
1557.179708
1610.920034
1629.836629
1703.783319
1756.233878
1842.218401
1912.295787
1927.343078
1996.990542
2058.469475
2073.946690
2076.096303
2000.859845
1947.549441
1925.193465
1821.582115
1752.794497
1753.654342
1747.635426
1764.402408
1802.235598
1865.434222
2028.374893
2253.654342
2474.204643
2709.802236
2954.858126
3219.690456
3477.644024
3650.042992
3785.898538
3895.528805
3869.303525
3751.504729
3539.982803
3213.241617
2877.042132
2478.933792
1976.784179
1471.195185
941.960447
430.782459
-64.918315
-614.789338
-1102.321582
-1552.020636
-2036.543422
-2467.755804
-2905.417025
-3342.648323
-3694.325021
-4070.077386
-4456.147893
-4772.141015
-5061.478934
-5282.029235
-5460.017197
-5612.639725
-5644.453998
-5607.910576
-5497.850387
-5253.654342
-4950.988822
-4543.852107
-4015.047291
-3487.962167
-2911.435942
-2281.169390
-1662.080825
-1043.422184
-490.971625
-12.467756
429.922614
787.188306
1063.198624
1271.711092
1396.388650
1497.850387
1585.124678
1601.461737
1623.817713
1684.006879
1727.429063
1792.347377
1855.546002
1904.987102
1997.420464
2069.647463
2099.312124
2105.331040
2061.478934
2038.263113
1999.570077
1892.519347
1831.900258
1792.777300
1744.196045
1748.495271
1748.495271
1806.104901
1957.867584
2116.938951
2304.385211
2519.346518
2769.131556
3052.450559
3270.421324
3461.736887
3624.247635
3688.736028
3681.857266
3555.030095
3301.805675
2993.551161
2603.181427
2138.865004
1631.556320
1092.433362
584.694755
57.179708
-472.914875
-957.437661
-1429.492691
-1853.396389
-2241.616509
-2638.865004
-2999.140155
-3337.919175
-3655.631986
-3963.886500
-4276.010318
-4546.431642
-4785.898538
-5009.458298
-5174.978504
-5305.245056
-5375.752365
-5337.059329
-5236.027515
-5057.609630
-4767.841788
-4378.761823
-3898.538263
-3361.994841
-2784.178848
-2169.389510
-1555.030095
-963.886500
-410.576096
50.730868
439.810834
782.889080
996.130696
1144.024076
1271.711092
1334.049871
1380.911436
1404.557180
1399.828031
1433.361995
1481.513328
1565.348237
1668.529665
1741.186586
1867.153912
1982.373173
2034.393809
2110.060189
2141.444540
2140.584695
2145.313844
2098.022356
2057.609630
2033.104041
2000.429923
2007.308684
2002.149613
2029.664660
2163.800516
2299.226139
2483.662941
2723.989682
2944.969905
3196.044712
3425.623388
3600.601892
3717.540843
3758.383491
3749.785039
3611.779880
3338.349097
3022.785899
2618.228719
2158.211522
1670.249355
1110.920034
544.711952
9.458298
-516.766982
-1021.066208
-1492.691316
-1900.257954
-2266.981943
-2646.603611
-2989.681857
-3284.608770
-3557.179708
-3814.273431
-4088.993981
-4369.733448
-4613.929493
-4816.423044
-4992.261393
-5152.192605
-5237.747206
-5229.148753
-5151.762683
-4985.812554
-4714.101462
-4337.919175
-3871.883061
-3341.788478
-2792.347377
-2222.699914
-1609.200344
-1006.018917
-467.755804
13.327601
432.072227
774.720550
1043.852107
1230.868444
1346.517627
1403.267412
1420.464316
1409.716251
1376.612210
1367.153912
1404.127257
1454.428203
1521.926053
1603.611350
1702.923474
1827.171109
1936.801376
2014.617369
2049.441101
2077.386071
2110.920034
2085.984523
2035.683577
1997.850387
1946.689596
1903.697334
1866.294067
1845.227859
1891.659501
1987.102322
2115.649183
2268.701634
2451.848667
2692.175408
2938.521066
3153.052451
3326.311264
3426.053310
3481.083405
3437.231298
3270.851247
3027.515047
2687.876182
2293.207223
1817.282889
1261.822872
716.251075
168.959587
-366.723990
-877.472055
-1389.939811
-1828.030954
-2193.895099
-2539.982803
-2840.928633
-3120.808255
-3358.985383
-3560.619089
-3799.226139
-4025.795357
-4224.419604
-4426.053310
-4598.022356
-4777.730009
-4926.483233
-4966.466036
-4948.409286
-4870.593293
-4700.343938
-4441.530525
-4057.609630
-3613.499570
-3135.855546
-2590.283749
-2008.598452
-1405.417025
-837.059329
-339.638865
128.976784
543.422184
854.686156
1079.105761
1217.110920
1299.226139
1336.199484
1327.601032
1309.114359
1303.955288
1346.517627
1415.305245
1493.121238
1613.069647
1758.383491
1915.305245
2068.787618
2194.325021
2311.693895
2402.407567
2440.670679
2461.736887
2437.661221
2391.659501
2354.686156
2269.991402
2200.773861
2172.828891
2140.154772
2165.950129
2218.830610
2286.758383
2444.539983
2607.910576
2777.730009
2993.981083
3141.874463
3253.224420
3326.311264
3262.682717
3149.183147
2938.091144
2583.834910
2199.914015
1716.680997
1171.539123
647.893379
62.338779
-475.494411
-969.475494
-1482.373173
-1887.790198
-2260.963027
-2601.461737
-2845.227859
-3094.153052
-3310.834050
-3466.895959
-3668.529665
-3844.368014
-4003.439381
-4196.904557
-4339.208942
-4490.111780
-4638.865004
-4714.961307
-4769.561479
-4733.447979
-4591.573517
-4412.725709
-4114.789338
-3708.942390
-3251.074807
-2720.980224
-2150.472915
-1555.889940
-952.708512
-393.379192
98.452279
533.104041
885.640585
1163.370593
1340.928633
1408.856406
1438.091144
1448.409286
1400.257954
1343.508169
1337.489252
1346.087704
1401.977644
1493.981083
1580.825451
1724.419604
1900.257954
2046.431642
2179.707653
2266.122098
2350.816853
2423.473775
2391.659501
2356.405847
2316.423044
2218.400688
2145.313844
2050.300946
1923.043852
1905.417025
1928.202923
1946.259673
2043.422184
2189.165950
2407.566638
2639.294927
2814.703353
3003.869304
3149.183147
3208.082545
3196.474635
3029.664660
2765.692175
2480.223560
2072.656922
1563.628547
1033.533964
472.914875
-61.478934
-604.901118
-1166.809974
-1627.687016
-2029.664660
-2395.098882
-2687.876182
-2982.803095
-3197.764402
-3325.021496
-3518.056750
-3711.521926
-3867.153912
-4033.963887
-4193.035254
-4386.070507
-4582.545142
-4703.353396
-4785.038693
-4828.890800
-4796.216681
-4693.465176
-4436.801376
-4071.797077
-3699.914015
-3217.540843
-2624.677558
-2006.448839
-1365.004299
-771.711092
-226.999140
312.553740
752.794497
1082.545142
1319.002580
1474.634566
1603.181427
1637.145314
1584.264832
1570.507309
1577.386071
1583.834910
1610.490112
1641.874463
1738.177128
1898.108340
2051.590714
2193.465176
2322.871883
2460.017197
2579.105761
2613.499570
2613.499570
2607.910576
2549.441101
2448.839209
2295.786758
2135.855546
2035.683577
1943.250215
1893.379192
1875.322442
1906.276870
2048.151333
2184.436801
2335.769561
2554.170249
2720.980224
2871.023216
2952.278590
2905.417025
2846.517627
2684.436801
2409.716251
2089.423904
1631.556320
1159.071367
671.539123
73.516767
-454.428203
-971.195185
-1483.233018
-1879.621668
-2295.356836
-2636.715391
-2853.396389
-3102.321582
-3267.841788
-3414.875322
-3608.340499
-3702.493551
-3859.845228
-4055.460017
-4161.220980
-4348.667240
-4489.681857
-4558.899398
-4667.669819
-4622.957868
-4522.355976
-4398.968186
-4106.190886
-3776.010318
-3352.966466
-2799.226139
-2278.589854
-1674.548581
-1041.272571
-501.289768
66.638005
541.272571
923.473775
1282.029235
1477.644024
1601.031814
1686.586414
1676.268272
1671.109200
1636.715391
1573.516767
1574.806535
1590.283749
1642.304385
1740.326741
1849.097163
2010.748065
2171.109200
2277.730009
2386.930353
2478.933792
2536.543422
2550.300946
2499.570077
2419.604471
2323.301806
2220.980224
2094.582975
1967.325881
1904.987102
1868.013758
1852.966466
1895.958727
1989.681857
2153.052451
2343.078246
2491.831470
2644.453998
2772.570937
2848.667240
2859.415305
2735.597592
2543.852107
2306.534824
1929.922614
1473.344798
968.185727
409.286328
-113.069647
-671.969046
-1234.737747
-1709.802236
-2144.453998
-2499.140155
-2798.366294
-3076.956148
-3252.794497
-3389.079966
-3551.160791
-3682.287188
-3826.311264
-3944.969905
-4060.619089
-4217.540843
-4358.555460
-4465.176268
-4537.403267
-4556.749785
-4549.011178
-4457.867584
-4249.355116
-3969.475494
-3614.359415
-3174.548581
-2635.425623
-2028.374893
-1403.267412
-788.478074
-196.474635
369.733448
868.873603
1249.355116
1536.113500
1733.018057
1852.536543
1900.257954
1859.415305
1812.983663
1779.449699
1725.279450
1697.764402
1682.717111
1709.372313
1799.656062
1892.089424
1998.710232
2122.098022
2229.148753
2343.508169
2397.248495
2411.435942
2426.483233
2372.312984
2284.608770
2153.052451
2001.289768
1889.509888
1759.673259
1650.042992
1612.209802
1579.535684
1631.986242
1752.364574
1858.125537
2050.300946
2239.036973
2387.360275
2540.842648
2599.312124
2616.079106
2572.656922
2365.434222
2133.276010
1815.133276
1375.752365
944.969905
414.875322
-128.976784
-605.760963
-1132.846088
-1602.321582
-2002.579536
-2383.920894
-2642.734308
-2897.678418
-3125.967326
-3230.008598
-3395.528805
-3523.645744
-3598.452279
-3763.542562
-3858.125537
-3947.119518
-4108.770421
-4192.175408
-4284.608770
-4322.441960
-4251.074807
-4208.512468
-4020.206363
-3731.298366
-3441.960447
-2975.924334
-2475.924334
-1969.045572
-1332.330181
-757.093723
-235.597592
300.515907
727.429063
1115.219261
1409.716251
1569.647463
1723.129837
1774.720550
1749.785039
1755.803955
1696.474635
1644.453998
1662.510748
1644.453998
1670.249355
1759.243336
1852.536543
1969.045572
2079.105761
2185.296647
2285.898538
2354.256234
2393.809114
2404.127257
2348.237317
2275.150473
2203.353396
2080.395529
1950.558899
1863.284609
1779.019776
1712.811694
1716.251075
1746.345658
1816.852966
1958.297506
2092.433362
2237.317283
2368.873603
2456.577816
2534.823732
2515.477214
2406.276870
2263.112640
1998.280310
1676.268272
1302.665520
811.263972
337.489252
-144.883921
-687.016337
-1163.800516
-1630.266552
-2049.011178
-2358.125537
-2697.764402
-2963.886500
-3135.425623
-3330.610490
-3453.138435
-3561.478934
-3715.391230
-3791.487532
-3897.678418
-4033.533964
-4105.760963
-4209.372313
-4249.355116
-4224.419604
-4224.419604
-4107.480653
-3912.725709
-3673.258813
-3300.945830
-2889.509888
-2419.604471
-1850.816853
-1295.786758
-727.858985
-166.380052
324.161651
800.085985
1180.997420
1429.922614
1654.772141
1778.159931
1826.741187
1862.424764
1815.133276
1776.440241
1771.711092
1738.177128
1727.429063
1742.046432
1767.411866
1841.358555
1901.117799
1947.979364
2032.674119
2085.984523
2130.266552
2160.791058
2135.425623
2098.882201
2049.441101
1948.409286
1840.068788
1727.858985
1611.349957
1528.804815
1450.128977
1416.595013
1453.998280
1517.626827
1634.135856
1794.067068
1935.511608
2095.012898
2248.065348
2330.610490
2375.752365
2365.434222
2257.093723
2077.815993
1828.460877
1494.411006
1102.751505
656.061909
180.567498
-302.665520
-804.385211
-1250.214961
-1664.230439
-2056.319862
-2373.602752
-2641.014617
-2870.163371
-3040.842648
-3193.035254
-3337.489252
-3459.587274
-3568.787618
-3672.828891
-3790.627687
-3912.295787
-4003.869304
-4076.956148
-4132.416165
-4131.126397
-4070.507309
-3942.820292
-3726.569218
-3435.941531
-3081.685297
-2639.724850
-2119.088564
-1571.367154
-1018.916595
-466.036113
62.768702
543.422184
939.380911
1269.991402
1526.655202
1693.895099
1815.133276
1880.051591
1872.742906
1875.752365
1886.500430
1855.975924
1845.657782
1858.985383
1874.032674
1924.333620
1966.036113
2020.636285
2092.863285
2122.527945
2187.876182
2224.419604
2185.296647
2184.436801
2136.715391
2002.149613
1904.987102
1793.207223
1650.042992
1561.049011
1471.195185
1434.651763
1461.306965
1496.990542
1622.527945
1748.065348
1855.546002
2069.647463
2202.923474
2259.673259
2375.322442
2359.415305
2267.411866
2168.529665
1927.343078
1647.033534
1310.834050
868.873603
460.017197
-28.374893
-518.916595
-911.435942
-1401.547721
-1804.385211
-2087.274291
-2452.278590
-2693.035254
-2870.593293
-3111.779880
-3244.196045
-3398.108340
-3560.619089
-3649.183147
-3825.881341
-3932.932072
-3996.130696
-4170.249355
-4178.417885
-4153.912296
-4192.175408
-4013.757524
-3826.311264
-3623.817713
-3223.129837
-2836.199484
-2363.714531
-1804.385211
-1320.722270
-728.288908
-195.184867
229.148753
752.794497
1104.041273
1347.377472
1651.332760
1753.654342
1835.339639
1945.829751
1905.846948
1919.174549
1902.837489
1836.199484
1883.061049
1843.938091
1841.788478
1944.539983
1921.324162
1976.784179
2064.488392
2033.533964
2091.573517
2101.891660
2030.954428
2003.439381
1883.061049
1778.159931
1701.633706
1526.655202
1442.820292
1386.930353
1268.271711
1279.019776
1304.385211
1334.909716
1482.373173
1598.882201
1728.288908
1895.528805
2003.439381
2128.546862
2175.838349
2130.266552
2092.433362
1939.810834
1686.586414
1423.043852
1055.889940
644.883921
234.737747
-232.158212
-684.436801
-1116.079106
-1525.365434
-1877.901978
-2230.008598
-2515.047291
-2720.550301
-2940.240757
-3124.677558
-3271.281169
-3417.454858
-3536.113500
-3654.342218
-3780.739467
-3894.239037
-3979.363715
-4023.645744
-4051.160791
-4046.431642
-3953.998280
-3800.515907
-3586.844368
-3291.057610
-2917.454858
-2471.195185
-1986.242476
-1463.456578
-919.174549
-387.360275
159.931212
650.902837
1025.795357
1385.210662
1670.249355
1838.779020
1960.017197
2014.187446
2026.655202
2013.757524
1953.138435
1911.006019
1867.153912
1828.030954
1849.957008
1826.741187
1811.263972
1874.032674
1891.229579
1896.818573
1916.165090
1895.098882
1877.901978
1824.161651
1714.961307
1635.425623
1524.075666
1412.295787
1318.572657
1184.006879
1131.986242
1144.453998
1146.603611
1216.251075
1337.489252
1493.981083
1702.063629
1880.051591
2049.871023
2227.429063
2337.919175
2409.716251
2393.379192
2277.730009
2149.613070
1919.174549
1577.386071
1219.690456
814.703353
375.322442
-77.815993
-553.310404
-997.850387
-1403.697334
-1779.019776
-2123.387790
-2436.371453
-2680.567498
-2874.892519
-3069.647463
-3256.663801
-3399.828031
-3527.944970
-3658.211522
-3787.188306
-3915.305245
-4015.477214
-4066.208083
-4085.124678
-4091.573517
-4011.607911
-3837.919175
-3604.471195
-3304.815133
-2942.820292
-2491.401548
-1981.083405
-1470.765262
-924.763543
-381.771281
128.976784
627.257094
1027.944970
1346.947549
1648.323302
1862.424764
1977.644024
2033.104041
2046.001720
2048.581255
2011.607911
1941.530525
1890.369733
1847.807395
1827.601032
1815.133276
1776.870163
1777.730009
1804.815133
1797.936371
1773.860705
1747.205503
1713.671539
1673.688736
1595.872743
1485.812554
1382.631126
1282.029235
1189.165950
1096.732588
1023.645744
1013.757524
1053.740327
1105.760963
1203.353396
1364.574377
1530.094583
1704.213242
1876.612210
2002.579536
2119.948409
2207.652623
2189.165950
2113.499570
1996.130696
1809.114359
1554.170249
1214.101462
840.068788
455.288048
12.467756
-424.763543
-857.265692
-1295.356836
-1647.033534
-1993.121238
-2340.068788
-2587.274291
-2815.993121
-3018.056750
-3177.128117
-3371.883061
-3503.439381
-3602.321582
-3748.495271
-3828.890800
-3922.184007
-3981.083405
-3926.913156
-3917.024936
-3849.527085
-3653.052451
-3449.699054
-3147.463457
-2788.907997
-2419.174549
-1915.305245
-1415.305245
-914.875322
-364.574377
104.041273
589.423904
1050.730868
1345.227859
1636.715391
1869.733448
1984.522786
2092.863285
2093.723130
2060.619089
2056.749785
1960.877042
1891.659501
1822.871883
1720.980224
1703.783319
1644.883921
1562.768702
1563.628547
1527.944970
1500.429923
1487.102322
1416.165090
1391.229579
1353.826311
1267.841788
1209.802236
1116.509028
1044.711952
1023.215821
966.036113
953.998280
1005.159071
1072.656922
1185.726569
1316.423044
1471.195185
1656.921754
1829.750645
1987.532244
2122.957868
2220.980224
2277.300086
2274.290628
2200.343938
2059.329321
1849.957008
1574.806535
1226.139295
828.030954
398.108340
-50.300946
-502.579536
-960.877042
-1396.818573
-1782.889080
-2149.183147
-2458.727429
-2731.298366
-2981.513328
-3156.061909
-3323.731728
-3477.644024
-3582.545142
-3693.895099
-3778.159931
-3828.460877
-3891.659501
-3883.920894
-3849.527085
-3798.796217
-3646.603611
-3477.644024
-3245.915735
-2901.977644
-2552.450559
-2128.116939
-1637.575236
-1171.969046
-638.435082
-129.836629
326.741187
810.404127
1170.679278
1479.793637
1769.131556
1910.146174
2039.122958
2119.948409
2073.516767
2060.189166
2000.429923
1895.098882
1838.779020
1724.849527
1641.014617
1591.143594
1490.111780
1467.755804
1440.240757
1366.294067
1393.379192
1355.546002
1296.216681
1306.964746
1231.728289
1184.436801
1168.959587
1083.404987
1071.367154
1047.291488
1008.168530
1072.656922
1088.993981
1155.202064
1306.964746
1393.809114
1555.030095
1753.224420
1881.341359
2049.011178
2165.520206
2225.709372
2281.599312
2216.251075
2117.798796
1971.625107
1685.296647
1393.809114
1038.263113
589.423904
184.436801
-278.159931
-763.972485
-1178.417885
-1615.649183
-1996.560619
-2325.451419
-2638.865004
-2867.583835
-3093.723130
-3279.449699
-3385.210662
-3521.926053
-3619.518487
-3659.071367
-3747.635426
-3781.169390
-3778.159931
-3791.057610
-3719.260533
-3629.836629
-3500.859845
-3276.870163
-3033.533964
-2703.783319
-2308.254514
-1908.426483
-1414.445400
-926.483233
-455.717971
61.908856
502.579536
899.828031
1273.430782
1545.141874
1773.860705
1922.184007
1990.971625
2045.571797
1998.280310
1935.081685
1879.191745
1741.186586
1649.183147
1575.236457
1457.867584
1402.407567
1355.546002
1302.665520
1302.235598
1273.860705
1273.000860
1278.589854
1236.887360
1249.785039
1214.531384
1146.173689
1148.323302
1097.162511
1040.842648
1059.759243
1044.711952
1059.759243
1131.126397
1207.222700
1348.237317
1480.223560
1631.986242
1832.330181
1954.858126
2089.423904
2239.466896
2266.981943
2273.430782
2253.224420
2107.050731
1925.193465
1683.147034
1350.386930
996.560619
576.096303
134.995701
-302.235598
-781.599312
-1190.455718
-1572.656922
-1992.261393
-2292.347377
-2557.609630
-2836.199484
-3006.018917
-3162.510748
-3311.263972
-3392.519347
-3498.280310
-3564.058469
-3607.050731
-3665.520206
-3645.743766
-3641.014617
-3624.247635
-3480.223560
-3334.049871
-3149.613070
-2852.106621
-2550.300946
-2171.109200
-1720.550301
-1282.029235
-785.468616
-301.805675
165.520206
648.323302
1015.477214
1349.097163
1659.071367
1831.470335
1962.166810
2021.496131
1973.774721
1932.502150
1840.498710
1689.165950
1573.516767
1438.521066
1328.460877
1252.794497
1150.472915
1119.948409
1101.891660
1070.937231
1093.723130
1085.984523
1080.395529
1098.882201
1067.497850
1030.524506
993.981083
936.371453
905.417025
852.106621
809.114359
827.601032
849.527085
926.913156
1042.132416
1168.529665
1363.714531
1580.825451
1781.599312
1999.140155
2183.147034
2345.227859
2474.634566
2499.140155
2478.933792
2400.687876
2220.550301
1975.064488
1647.463457
1259.673259
849.527085
389.509888
-70.507309
-524.935512
-980.223560
-1373.172829
-1742.046432
-2086.414445
-2357.695615
-2591.143594
-2776.010318
-2934.651763
-3086.414445
-3195.614789
-3286.328461
-3382.201204
-3464.746346
-3551.590714
-3608.340499
-3619.948409
-3641.014617
-3609.200344
-3511.177988
-3363.284609
-3136.715391
-2867.153912
-2538.693035
-2113.499570
-1657.781599
-1175.408426
-679.277730
-177.558040
331.470335
777.730009
1159.501290
1488.392089
1720.980224
1895.958727
2013.327601
1999.140155
1947.119518
1879.621668
1745.055890
1596.302666
1438.950989
1303.095443
1206.792777
1097.162511
1038.693035
1005.588994
975.064488
1019.346518
1026.655202
1005.588994
1038.693035
1035.683577
1008.598452
972.055030
895.098882
844.368014
773.000860
702.063629
675.838349
621.668100
654.772141
760.533104
818.142734
963.026655
1178.417885
1394.239037
1665.520206
1901.547721
2132.416165
2367.153912
2515.907137
2627.687016
2660.791058
2584.264832
2496.990542
2292.347377
1954.428203
1620.378332
1217.970765
767.411866
318.142734
-172.828891
-620.808255
-1035.253654
-1434.221840
-1758.383491
-2067.067928
-2321.582115
-2484.952709
-2680.137575
-2849.527085
-2953.138435
-3076.526225
-3180.137575
-3291.057610
-3422.184007
-3498.710232
-3570.507309
-3631.126397
-3644.453998
-3636.285469
-3524.075666
-3353.396389
-3157.351677
-2858.985383
-2478.933792
-2052.020636
-1583.834910
-1101.031814
-602.751505
-95.442820
363.284609
765.262253
1103.611350
1374.032674
1586.414445
1713.241617
1746.345658
1743.766122
1703.783319
1619.088564
1512.467756
1406.706793
1317.282889
1242.906277
1181.857266
1144.453998
1134.565778
1140.584695
1169.389510
1180.997420
1172.398968
1182.287188
1180.997420
1129.406707
1071.367154
1002.149613
925.623388
861.564918
776.440241
714.531384
691.315563
702.063629
753.654342
822.871883
948.409286
1138.005159
1329.320722
1534.823732
1759.673259
1963.456578
2160.361135
2327.601032
2415.305245
2449.269132
2426.053310
2337.489252
2175.838349
1923.473775
1632.846088
1296.646604
911.006019
500.859845
82.975064
-327.171109
-716.251075
-1079.965606
-1429.062769
-1730.868444
-1981.083405
-2199.914015
-2407.136715
-2583.404987
-2722.269991
-2858.985383
-2988.392089
-3105.760963
-3214.101462
-3319.432502
-3400.687876
-3457.437661
-3497.850387
-3488.822012
-3413.155632
-3291.917455
-3125.967326
-2883.920894
-2574.806535
-2212.811694
-1813.413586
-1376.612210
-929.062769
-484.522786
-41.272571
346.087704
681.857266
980.223560
1212.811694
1371.453138
1462.166810
1507.308684
1519.776440
1477.214101
1422.184007
1374.462597
1299.656062
1245.915735
1221.410146
1180.137575
1168.529665
1176.698194
1175.838349
1183.576956
1185.296647
1199.484093
1198.624248
1162.080825
1150.902837
1109.200344
1029.664660
1011.607911
961.306965
899.828031
889.939811
889.079966
923.473775
969.905417
1049.441101
1199.914015
1319.432502
1458.727429
1660.791058
1789.767842
1940.670679
2110.060189
2165.950129
2225.279450
2251.934652
2180.567498
2095.012898
1928.632846
1711.521926
1466.036113
1122.957868
800.085985
453.998280
23.645744
-321.152193
-676.268272
-1076.526225
-1373.602752
-1681.857266
-1969.045572
-2180.997420
-2412.725709
-2576.096303
-2731.728289
-2905.417025
-2984.092863
-3105.760963
-3223.559759
-3248.065348
-3332.760103
-3371.883061
-3331.040413
-3327.601032
-3240.326741
-3098.022356
-2939.380911
-2693.465176
-2437.661221
-2117.798796
-1739.896819
-1406.276870
-1006.018917
-597.592433
-259.243336
114.789338
429.062769
675.408426
932.502150
1104.041273
1228.718831
1321.152193
1357.695615
1393.809114
1378.331900
1340.498710
1335.769561
1285.898538
1248.065348
1242.476354
1208.082545
1194.754944
1195.184867
1185.726569
1179.707653
1156.921754
1150.902837
1146.173689
1111.779880
1100.601892
1072.656922
1032.244196
1044.282029
1021.066208
1015.477214
1052.880482
1081.255374
1137.145314
1196.904557
1282.029235
1407.996561
1504.299226
1618.658641
1754.514187
1832.760103
1933.791917
2002.149613
2013.757524
2033.533964
1990.541702
1903.697334
1797.936371
1610.490112
1405.417025
1165.950129
857.695615
564.488392
223.559759
-140.154772
-463.026655
-825.881341
-1178.417885
-1482.803095
-1797.076526
-2065.778160
-2315.993121
-2550.730868
-2720.980224
-2891.659501
-3034.823732
-3128.116939
-3226.569218
-3267.411866
-3274.290628
-3301.375752
-3268.271711
-3206.792777
-3133.705933
-3009.028375
-2861.134996
-2669.389510
-2440.240757
-2196.044712
-1890.799656
-1558.469475
-1236.027515
-861.564918
-495.700774
-159.071367
192.605331
504.729149
774.720550
1018.486672
1222.269991
1372.312984
1472.914875
1530.954428
1564.918315
1552.450559
1522.355976
1480.653482
1403.697334
1330.610490
1280.309544
1223.989682
1151.332760
1108.770421
1073.086844
1033.963887
999.140155
976.784179
955.717971
925.193465
901.977644
884.780739
860.275150
855.975924
865.004299
863.284609
883.920894
937.661221
995.700774
1047.291488
1137.145314
1252.794497
1352.106621
1467.755804
1599.742046
1709.372313
1812.553740
1912.295787
1982.803095
2011.607911
2018.486672
1992.691316
1914.875322
1784.608770
1625.537403
1422.184007
1159.501290
877.472055
557.179708
195.614789
-161.220980
-513.757524
-892.949269
-1258.383491
-1580.395529
-1886.500430
-2182.717111
-2438.521066
-2636.285469
-2820.292347
-2984.092863
-3091.573517
-3176.698194
-3251.504729
-3276.870163
-3290.627687
-3292.777300
-3260.963027
-3193.035254
-3097.162511
-2985.382631
-2824.591574
-2622.957868
-2400.687876
-2131.986242
-1819.002580
-1502.579536
-1151.332760
-767.411866
-406.276870
-55.889940
309.544282
643.164230
929.062769
1173.258813
1388.650043
1552.020636
1656.921754
1727.858985
1752.364574
1730.438521
1691.745486
1630.266552
1537.833190
1439.380911
1348.667240
1251.504729
1145.743766
1064.058469
988.392089
914.015477
858.125537
811.263972
763.542562
730.438521
712.381771
690.885641
668.099742
660.361135
673.258813
668.099742
673.258813
712.811694
745.485813
795.786758
871.883061
947.549441
1050.300946
1174.978504
1304.385211
1434.221840
1567.927773
1707.222700
1833.619948
1927.773001
2006.878762
2057.609630
2049.011178
2015.907137
1920.034394
1754.084265
1565.778160
1316.852966
1010.318143
672.398968
295.356836
-76.956148
-464.316423
-866.294067
-1229.578676
-1581.255374
-1907.566638
-2175.838349
-2435.511608
-2642.304385
-2796.216681
-2938.950989
-3031.814273
-3107.480653
-3171.109200
-3193.035254
-3215.821152
-3226.139295
-3205.503009
-3180.567498
-3107.050731
-3006.448839
-2899.398108
-2710.662081
-2487.102322
-2235.597592
-1917.884781
-1580.395529
-1212.811694
-802.665520
-406.706793
-21.066208
365.434222
716.680997
1034.393809
1294.067068
1493.981083
1662.940671
1755.803955
1785.038693
1794.067068
1743.766122
1666.809974
1589.423904
1484.522786
1381.341359
1288.048151
1201.633706
1137.575236
1071.367154
1014.617369
979.793637
932.932072
889.079966
868.873603
822.012038
788.478074
778.589854
726.569218
691.315563
684.006879
658.211522
647.893379
655.631986
683.576956
744.625967
797.076526
881.341359
1012.037833
1125.107481
1259.243336
1407.136715
1521.926053
1646.173689
1758.813414
1824.161651
1886.070507
1896.818573
1861.994841
1811.693895
1674.978504
1514.187446
1316.423044
1036.973345
759.243336
445.829751
78.675838
-260.533104
-607.480653
-960.877042
-1276.870163
-1584.694755
-1852.966466
-2091.143594
-2325.021496
-2488.392089
-2627.257094
-2766.122098
-2847.377472
-2921.324162
-2979.363715
-3000.000000
-3019.346518
-3019.346518
-2986.672399
-2942.390370
-2862.854686
-2747.635426
-2606.190886
-2407.566638
-2185.296647
-1929.062769
-1617.798796
-1288.907997
-959.157352
-603.611350
-248.065348
80.395529
386.930353
677.558040
925.193465
1116.938951
1284.608770
1408.426483
1481.083405
1511.607911
1521.926053
1504.299226
1451.418745
1404.127257
1348.237317
1275.150473
1225.279450
1173.688736
1116.938951
1079.105761
1031.384351
985.382631
935.081685
884.350817
850.816853
795.356836
739.036973
730.008598
686.156492
643.594153
650.472915
630.696475
622.957868
645.743766
661.220980
709.802236
766.122098
825.881341
923.473775
1008.598452
1095.012898
1209.372313
1279.019776
1358.555460
1441.100602
1463.886500
1500.429923
1515.907137
1486.242476
1455.717971
1378.331900
1279.019776
1161.650903
978.073947
795.786758
598.022356
332.760103
81.685297
-169.819433
-454.428203
-717.540843
-995.270851
-1249.355116
-1477.214101
-1716.251075
-1917.024936
-2087.274291
-2251.074807
-2368.443680
-2467.755804
-2559.759243
-2597.162511
-2631.986242
-2648.323302
-2640.584695
-2627.687016
-2588.564058
-2547.721410
-2493.121238
-2389.509888
-2290.197764
-2168.099742
-1984.092863
-1800.085985
-1591.573517
-1337.489252
-1068.357696
-782.459157
-489.251935
-179.277730
128.546862
404.987102
683.147034
935.941531
1128.116939
1301.805675
1434.651763
1499.570077
1544.711952
1554.600172
1515.907137
1461.736887
1400.257954
1337.489252
1261.822872
1195.184867
1166.380052
1120.378332
1074.806535
1070.507309
1055.460017
1029.234738
1014.617369
983.233018
948.839209
908.426483
853.826311
786.758383
702.063629
627.687016
553.310404
466.036113
411.865864
376.612210
333.190026
335.339639
375.752365
427.773001
515.047291
621.668100
741.186586
878.761823
1000.000000
1131.126397
1248.495271
1333.619948
1406.276870
1453.568358
1460.447120
1444.969905
1384.350817
1288.478074
1171.539123
1004.299226
812.123818
607.050731
373.602752
140.154772
-101.891660
-351.676698
-560.189166
-775.580396
-985.382631
-1164.230439
-1338.779020
-1496.130696
-1647.463457
-1799.226139
-1930.782459
-2070.937231
-2212.381771
-2330.180567
-2459.157352
-2576.956148
-2671.109200
-2761.392949
-2823.731728
-2848.237317
-2838.779020
-2774.720550
-2667.669819
-2508.598452
-2288.048151
-2034.823732
-1733.877902
-1392.949269
-1046.431642
-682.717111
-309.974205
32.674119
353.826311
654.772141
918.744626
1138.865004
1318.142734
1473.344798
1589.423904
1667.239897
1725.709372
1760.963027
1771.711092
1777.730009
1774.290628
1760.533104
1734.737747
1704.643164
1663.370593
1606.190886
1538.263113
1448.839209
1330.180567
1199.914015
1054.170249
879.621668
705.073087
528.374893
358.985383
190.885641
27.085125
-97.592433
-197.764402
-283.319003
-327.601032
-342.218401
-319.862425
-260.533104
-189.595873
-71.797077
64.488392
198.194325
361.564918
518.916595
664.230439
820.292347
953.998280
1066.638005
1174.548581
1257.523646
1319.002580
1364.144454
1370.593293
1357.265692
1313.843508
1226.999140
1138.865004
993.981083
813.843508
641.874463
418.744626
175.838349
-62.338779
-325.451419
-593.293207
-861.564918
-1136.285469
-1380.481513
-1638.005159
-1873.602752
-2070.937231
-2281.599312
-2444.539983
-2576.526225
-2714.961307
-2798.796217
-2861.994841
-2920.894239
-2917.454858
-2897.248495
-2840.928633
-2734.737747
-2615.649183
-2427.773001
-2198.194325
-1965.606191
-1649.613070
-1314.703353
-987.532244
-609.200344
-241.186586
112.209802
478.933792
799.226139
1103.181427
1385.210662
1595.012898
1788.478074
1938.521066
2020.206363
2093.293207
2104.041273
2078.675838
2058.039553
1986.672399
1903.697334
1819.862425
1700.343938
1585.124678
1450.128977
1294.067068
1154.772141
983.662941
803.095443
639.724850
447.119518
260.963027
95.442820
-80.825451
-233.018057
-360.705073
-488.392089
-564.058469
-618.658641
-652.622528
-637.575236
-593.293207
-518.486672
-397.678418
-268.701634
-117.368874
72.656922
249.785039
441.960447
648.753224
836.629407
1020.636285
1196.474635
1342.648323
1488.822012
1604.041273
1683.147034
1754.944110
1778.589854
1767.841788
1733.447979
1639.294927
1521.496131
1380.481513
1173.258813
960.877042
721.410146
436.801376
159.071367
-145.743766
-454.858126
-752.364574
-1079.535684
-1376.182287
-1636.285469
-1917.454858
-2164.230439
-2369.303525
-2573.516767
-2727.429063
-2858.125537
-2964.316423
-3004.729149
-3039.552880
-3035.253654
-2977.214101
-2902.407567
-2768.701634
-2600.601892
-2417.454858
-2160.791058
-1893.379192
-1618.228719
-1279.019776
-937.661221
-594.582975
-224.419604
128.976784
483.662941
812.553740
1107.910576
1403.267412
1639.294927
1838.779020
2018.916595
2134.135856
2215.391230
2266.981943
2252.364574
2211.092003
2152.192605
2039.552880
1906.276870
1745.055890
1561.478934
1372.312984
1153.912296
937.231298
723.129837
487.532244
267.841788
60.189166
-150.902837
-331.040413
-493.981083
-644.453998
-750.214961
-836.629407
-888.650043
-901.547721
-896.388650
-851.246776
-783.319003
-696.044712
-559.329321
-411.006019
-256.663801
-64.058469
125.107481
322.441960
544.711952
755.374033
964.746346
1177.128117
1377.901978
1579.965606
1761.822872
1915.735168
2067.067928
2175.408426
2245.485813
2288.907997
2269.561479
2211.951849
2111.779880
1939.380911
1725.279450
1467.325881
1159.501290
831.470335
451.848667
71.367154
-303.095443
-705.932932
-1082.975064
-1435.941531
-1774.290628
-2071.797077
-2340.068788
-2573.516767
-2752.364574
-2916.595013
-3036.113500
-3113.499570
-3184.006879
-3194.325021
-3188.736028
-3176.268272
-3095.012898
-3002.579536
-2878.331900
-2697.764402
-2498.280310
-2249.355116
-1957.437661
-1630.266552
-1257.523646
-877.472055
-477.214101
-42.562339
364.144454
761.392949
1157.351677
1493.551161
1793.637145
2049.011178
2237.317283
2376.612210
2452.278590
2464.746346
2428.202923
2330.180567
2198.624248
2039.552880
1824.161651
1616.079106
1390.799656
1137.575236
903.267412
670.249355
438.950989
218.400688
-4.299226
-205.932932
-392.089424
-581.255374
-737.747206
-891.229579
-1022.355976
-1113.069647
-1196.474635
-1247.205503
-1252.794497
-1230.438521
-1161.650903
-1056.749785
-913.585555
-722.269991
-513.327601
-262.682717
19.346518
297.936371
595.872743
909.286328
1202.063629
1487.532244
1752.364574
1991.401548
2198.194325
2366.294067
2509.888220
2606.620808
2656.061909
2676.698194
2647.893379
2572.226999
2470.335340
2306.534824
2104.041273
1873.602752
1601.891660
1297.936371
955.717971
593.723130
220.980224
-178.417885
-573.516767
-963.026655
-1349.527085
-1715.391230
-2060.619089
-2377.901978
-2655.202064
-2895.528805
-3087.704213
-3237.317283
-3359.845228
-3415.735168
-3436.801376
-3422.613929
-3351.246776
-3252.364574
-3116.509028
-2929.922614
-2713.671539
-2468.615649
-2189.165950
-1878.761823
-1538.263113
-1186.156492
-810.834050
-411.006019
-25.795357
360.705073
746.775580
1099.742046
1430.782459
1723.989682
1972.484953
2175.408426
2322.871883
2416.165090
2455.717971
2430.782459
2364.144454
2252.364574
2084.264832
1896.818573
1675.408426
1417.024936
1166.380052
900.257954
622.527945
347.807395
79.535684
-165.950129
-406.706793
-638.435082
-834.049871
-1016.766982
-1177.987962
-1296.646604
-1404.557180
-1473.774721
-1495.700774
-1501.719690
-1461.736887
-1371.453138
-1253.224420
-1093.293207
-901.547721
-682.717111
-420.894239
-156.491831
129.836629
435.081685
723.989682
1027.515047
1324.161651
1592.863285
1858.555460
2087.704213
2289.337919
2475.064488
2607.910576
2727.429063
2803.525365
2829.750645
2835.769561
2790.627687
2699.054170
2570.937231
2388.220120
2165.950129
1898.968186
1585.984523
1251.074807
876.612210
479.363715
82.545142
-341.358555
-760.963027
-1156.921754
-1548.151333
-1903.697334
-2229.578676
-2524.075666
-2762.252794
-2975.494411
-3137.145314
-3237.317283
-3312.553740
-3343.938091
-3325.021496
-3288.478074
-3196.044712
-3071.367154
-2930.782459
-2739.466896
-2530.524506
-2286.328461
-2014.187446
-1724.849527
-1398.538263
-1054.170249
-707.222700
-328.460877
37.833190
392.089424
755.803955
1081.685297
1377.472055
1643.164230
1857.265692
2034.823732
2150.902837
2210.232158
2221.840069
2160.791058
2066.638005
1929.922614
1737.317283
1524.935512
1293.207223
1031.384351
771.711092
503.009458
236.027515
-15.907137
-269.131556
-493.121238
-697.764402
-884.350817
-1035.683577
-1166.380052
-1274.720550
-1339.208942
-1382.201204
-1404.127257
-1380.481513
-1325.021496
-1236.887360
-1112.209802
-952.278590
-757.953568
-546.431642
-297.506449
-26.225279
246.345658
539.982803
828.460877
1117.798796
1399.828031
1653.912296
1898.108340
2117.798796
2304.815133
2463.456578
2586.414445
2674.978504
2731.298366
2739.466896
2714.531384
2663.370593
2572.226999
2452.278590
2300.515907
2112.639725
1903.267412
1658.211522
1389.509888
1103.181427
778.589854
451.848667
114.359415
-244.196045
-587.704213
-934.651763
-1271.711092
-1571.367154
-1863.284609
-2128.976784
-2349.957008
-2537.403267
-2675.408426
-2776.010318
-2838.349097
-2853.396389
-2840.068788
-2791.917455
-2699.914015
-2597.592433
-2467.755804
-2311.263972
-2151.762683
-1965.176268
-1773.860705
-1571.367154
-1343.938091
-1120.808255
-883.061049
-639.724850
-401.547721
-150.902837
96.732588
328.030954
563.628547
773.860705
956.577816
1128.116939
1253.224420
1354.686156
1409.286328
1410.576096
1386.930353
1317.282889
1206.792777
1077.815993
914.015477
733.877902
555.889940
367.153912
186.156492
12.037833
-153.052451
-291.917455
-416.595013
-521.066208
-598.022356
-664.660361
-701.633706
-715.821152
-731.728289
-725.279450
-696.474635
-671.109200
-616.938951
-552.880482
-476.784179
-365.434222
-254.514187
-117.798796
47.291488
212.811694
402.837489
599.312124
797.936371
1007.738607
1192.605331
1371.453138
1546.431642
1680.567498
1799.226139
1894.668960
1950.558899
1996.560619
2006.018917
1985.382631
1956.147893
1889.939811
1815.993121
1729.578676
1621.238177
1521.926053
1411.435942
1276.010318
1157.351677
1020.636285
861.564918
708.082545
529.664660
337.059329
145.743766
-67.497850
-281.599312
-497.850387
-727.429063
-940.670679
-1154.772141
-1352.966466
-1527.944970
-1696.904557
-1832.760103
-1935.511608
-2028.374893
-2082.115219
-2105.760963
-2122.527945
-2098.452279
-2068.787618
-2021.496131
-1958.297506
-1898.538263
-1823.301806
-1736.887360
-1655.202064
-1550.730868
-1442.390370
-1336.199484
-1197.334480
-1067.927773
-921.324162
-748.495271
-582.545142
-404.987102
-214.961307
-32.244196
160.361135
335.339639
492.261393
647.463457
760.103181
853.396389
922.613929
952.278590
954.428203
938.091144
895.528805
831.040413
748.925193
659.931212
573.086844
460.017197
367.153912
282.029235
193.035254
121.668100
64.058469
12.467756
-31.814273
-64.058469
-88.134136
-113.069647
-130.696475
-132.846088
-136.285469
-142.304385
-124.247635
-103.181427
-79.535684
-29.664660
26.655202
98.452279
185.296647
282.459157
389.509888
501.289768
623.387790
745.055890
868.873603
993.121238
1113.499570
1216.680997
1315.993121
1399.828031
1463.886500
1519.776440
1556.319862
1569.647463
1569.647463
1565.778160
1539.982803
1503.869304
1453.568358
1391.659501
1325.021496
1243.336199
1154.342218
1053.740327
934.221840
813.413586
682.717111
524.935512
358.985383
187.446260
-8.598452
-206.792777
-412.295787
-623.817713
-828.890800
-1046.001720
-1248.925193
-1438.091144
-1624.247635
-1782.029235
-1927.773001
-2061.049011
-2153.912296
-2236.027515
-2298.796217
-2327.171109
-2343.078246
-2328.030954
-2299.226139
-2246.345658
-2164.230439
-2075.236457
-1955.717971
-1812.983663
-1669.819433
-1504.729149
-1309.114359
-1113.929493
-897.248495
-674.118659
-454.858126
-218.830610
6.878762
228.288908
445.829751
632.846088
807.824592
967.755804
1084.694755
1184.006879
1255.803955
1288.907997
1305.674979
1286.758383
1242.476354
1181.427343
1093.293207
1001.289768
892.519347
769.561479
651.762683
520.636285
389.509888
267.841788
142.734308
23.645744
-83.404987
-186.156492
-279.019776
-358.555460
-427.773001
-474.204643
-504.729149
-523.645744
-514.187446
-488.822012
-446.689596
-383.920894
-306.964746
-205.503009
-85.984523
51.590714
200.773861
349.957008
509.888220
673.258813
831.040413
995.270851
1152.622528
1295.356836
1429.922614
1545.141874
1649.183147
1735.597592
1797.506449
1843.938091
1865.434222
1869.303525
1850.816853
1815.563199
1759.673259
1681.857266
1585.554600
1473.774721
1350.386930
1213.671539
1064.918315
885.640585
708.512468
517.626827
303.525365
90.283749
-137.575236
-381.771281
-613.929493
-852.536543
-1089.853826
-1313.413586
-1540.842648
-1744.196045
-1930.782459
-2102.751505
-2239.036973
-2349.097163
-2441.100602
-2487.962167
-2505.588994
-2499.140155
-2462.596733
-2406.706793
-2322.871883
-2213.241617
-2090.283749
-1945.399828
-1788.048151
-1619.518487
-1433.791917
-1245.055890
-1042.992261
-829.320722
-621.238177
-403.267412
-184.866724
20.636285
233.018057
432.502150
615.649183
783.748925
932.502150
1049.871023
1144.024076
1211.521926
1248.925193
1260.533104
1236.887360
1192.175408
1121.238177
1028.374893
924.763543
798.796217
665.950129
532.674119
391.229579
256.233878
128.976784
-0.859845
-108.770421
-204.213242
-288.907997
-347.807395
-396.388650
-429.492691
-441.100602
-432.502150
-410.576096
-373.602752
-315.993121
-245.915735
-168.959587
-71.797077
26.655202
129.406707
244.196045
358.555460
476.354256
600.601892
718.830610
837.919175
957.437661
1064.058469
1174.978504
1272.141015
1355.975924
1434.651763
1489.251935
1530.524506
1559.759243
1564.918315
1553.740327
1524.505589
1474.204643
1414.445400
1328.890800
1237.317283
1134.135856
1011.607911
889.079966
762.252794
632.846088
507.308684
383.920894
255.374033
128.116939
-1.289768
-137.145314
-269.991402
-402.407567
-549.011178
-695.614789
-839.638865
-981.943250
-1127.687016
-1269.991402
-1395.958727
-1518.916595
-1633.276010
-1733.447979
-1812.553740
-1871.023216
-1914.875322
-1941.960447
-1937.661221
-1915.305245
-1884.780739
-1828.030954
-1762.252794
-1679.277730
-1579.965606
-1480.223560
-1371.453138
-1244.196045
-1113.499570
-984.522786
-848.667240
-703.353396
-559.329321
-412.725709
-263.112640
-119.088564
19.346518
156.921754
288.907997
407.996561
521.926053
624.247635
718.400688
792.347377
844.797936
888.650043
914.015477
924.333620
908.426483
886.070507
853.826311
806.534824
753.224420
687.016337
618.658641
548.151333
470.335340
396.388650
326.741187
260.533104
202.923474
149.183147
106.620808
75.236457
52.020636
36.113500
33.104041
37.403267
49.011178
66.208083
84.264832
113.929493
144.024076
182.717111
223.129837
265.692175
313.413586
353.396389
395.098882
450.558899
494.840929
545.571797
595.442820
646.603611
700.773861
751.074807
803.525365
849.957008
888.650043
917.024936
943.680138
955.288048
963.456578
959.157352
947.119518
929.062769
895.528805
852.966466
805.245056
749.785039
680.997420
614.359415
533.963887
456.577816
374.462597
283.319003
187.446260
88.564058
-18.486672
-137.145314
-265.692175
-404.127257
-538.263113
-686.156492
-831.900258
-975.924334
-1122.527945
-1258.813414
-1389.509888
-1509.458298
-1617.368874
-1712.381771
-1784.608770
-1841.358555
-1873.172829
-1887.360275
-1879.191745
-1855.116079
-1812.983663
-1747.635426
-1665.950129
-1568.787618
-1457.867584
-1330.610490
-1188.736028
-1042.562339
-880.911436
-711.951849
-537.403267
-354.686156
-176.698194
5.159071
181.857266
355.975924
515.047291
663.800516
797.506449
914.445400
1017.196905
1101.031814
1158.641445
1202.063629
1227.858985
1230.008598
1211.092003
1169.389510
1124.677558
1062.338779
991.401548
903.267412
810.834050
719.260533
618.228719
510.318143
405.417025
302.665520
200.343938
103.181427
12.897678
-65.778160
-134.565778
-192.175408
-242.906277
-281.169390
-311.263972
-323.301806
-325.021496
-314.703353
-290.627687
-260.103181
-216.680997
-171.109200
-119.518487
-56.749785
12.467756
80.825451
159.501290
239.896819
322.871883
406.706793
490.971625
580.825451
660.791058
742.046432
815.133276
875.752365
933.791917
977.644024
1006.878762
1021.496131
1020.636285
1009.458298
986.672399
946.689596
893.809114
836.199484
759.243336
676.698194
592.433362
509.458298
418.744626
327.601032
231.298366
134.565778
39.552880
-66.638005
-177.987962
-291.917455
-414.875322
-546.861565
-674.548581
-813.413586
-957.437661
-1095.012898
-1231.298366
-1353.826311
-1470.765262
-1574.806535
-1657.351677
-1723.989682
-1770.421324
-1788.907997
-1784.178848
-1750.644884
-1688.306105
-1609.630267
-1506.018917
-1389.079966
-1255.374033
-1112.209802
-965.176268
-807.824592
-647.893379
-492.261393
-332.330181
-172.398968
-11.177988
145.743766
297.936371
439.380911
575.236457
702.493551
819.002580
927.343078
1018.056750
1093.723130
1153.482373
1189.595873
1204.643164
1195.614789
1164.660361
1111.779880
1039.122958
938.521066
820.292347
694.325021
552.880482
407.566638
259.673259
117.368874
-26.225279
-160.361135
-283.748925
-396.818573
-491.401548
-564.918315
-626.827171
-668.959587
-687.016337
-685.296647
-665.090284
-633.705933
-588.564058
-531.814273
-461.736887
-384.350817
-295.356836
-203.353396
-109.630267
-4.299226
107.910576
215.821152
331.040413
440.240757
546.001720
653.912296
753.224420
853.826311
938.950989
1015.477214
1094.153052
1159.071367
1208.942390
1244.625967
1262.252794
1260.103181
1239.036973
1202.063629
1144.024076
1068.787618
980.653482
875.752365
760.533104
644.453998
516.337059
383.490972
258.813414
131.126397
8.168530
-100.601892
-202.493551
-288.048151
-361.994841
-429.492691
-485.812554
-539.122958
-582.975064
-625.107481
-669.819433
-707.652623
-746.775580
-788.048151
-818.142734
-849.097163
-875.752365
-895.958727
-912.725709
-917.454858
-916.165090
-907.566638
-881.341359
-846.947549
-806.534824
-752.794497
-698.624248
-636.285469
-576.956148
-512.467756
-444.969905
-390.799656
-347.807395
-302.235598
-265.262253
-233.877902
-212.381771
-193.035254
-172.828891
-159.501290
-146.173689
-131.556320
-120.378332
-106.620808
-91.143594
-75.236457
-54.600172
-39.122958
-15.477214
7.308684
30.524506
52.020636
67.067928
82.975064
96.302666
107.050731
107.910576
113.069647
116.509028
115.649183
116.938951
124.247635
124.247635
128.546862
139.724850
147.033534
159.071367
177.558040
208.082545
232.588134
263.972485
299.226139
333.190026
368.013758
401.977644
429.062769
450.988822
466.895959
470.335340
465.176268
459.157352
448.409286
420.034394
389.079966
358.555460
313.843508
272.570937
240.756664
201.633706
166.809974
136.715391
117.798796
103.611350
99.312124
107.910576
114.789338
123.387790
142.304385
160.791058
177.558040
194.325021
217.540843
238.607051
249.785039
261.822872
272.141015
276.440241
285.038693
291.057610
290.197764
295.786758
301.375752
310.404127
325.881341
338.349097
345.227859
359.845228
369.303525
374.032674
369.303525
352.536543
329.320722
291.057610
236.887360
174.118659
95.442820
-3.869304
-104.041273
-220.550301
-346.947549
-467.755804
-590.713672
-711.092003
-822.012038
-936.801376
-1031.384351
-1104.901118
-1163.800516
-1208.512468
-1238.177128
-1254.084265
-1253.224420
-1242.906277
-1214.531384
-1173.688736
-1130.266552
-1071.797077
-1011.607911
-944.969905
-869.303525
-791.917455
-708.082545
-615.649183
-513.757524
-407.136715
-298.366294
-182.717111
-58.899398
74.376612
204.213242
339.208942
468.615649
588.564058
703.353396
806.534824
897.678418
971.625107
1024.505589
1057.609630
1071.367154
1055.030095
1026.655202
974.634566
905.417025
828.890800
733.877902
628.976784
521.926053
414.015477
299.656062
195.614789
96.302666
0.429923
-83.834910
-158.211522
-223.559759
-282.889080
-336.199484
-377.042132
-407.566638
-428.632846
-443.250215
-452.278590
-455.288048
-444.110060
-430.352537
-401.117799
-365.864144
-323.731728
-270.421324
-206.362855
-127.687016
-39.552880
53.740327
158.641445
262.252794
366.294067
480.223560
594.582975
696.904557
793.637145
881.771281
958.727429
1025.365434
1073.516767
1103.181427
1118.658641
1112.209802
1089.423904
1048.581255
992.691316
920.894239
832.760103
739.036973
633.705933
529.234738
423.473775
315.563199
210.232158
110.920034
11.607911
-77.386071
-159.071367
-240.326741
-317.282889
-387.790198
-448.839209
-516.766982
-579.965606
-644.453998
-711.521926
-769.991402
-825.451419
-880.481513
-928.202923
-970.765262
-1003.869304
-1024.935512
-1034.823732
-1032.674119
-1014.617369
-980.223560
-940.240757
-886.500430
-822.871883
-757.093723
-683.147034
-609.630267
-541.272571
-476.784179
-417.454858
-365.864144
-319.432502
-283.319003
-253.654342
-230.868444
-207.652623
-186.156492
-171.969046
-155.202064
-132.846088
-109.630267
-87.274291
-57.609630
-28.374893
5.159071
49.441101
85.124678
118.228719
155.202064
189.595873
219.260533
239.036973
253.654342
265.692175
265.692175
266.552021
260.963027
253.224420
240.756664
233.018057
222.269991
215.391230
215.821152
218.400688
226.999140
238.607051
260.103181
274.720550
301.375752
330.180567
352.536543
375.752365
398.538263
417.024936
430.352537
432.502150
431.212382
432.502150
423.473775
414.015477
406.276870
383.061049
366.294067
358.125537
346.517627
334.909716
331.470335
331.900258
337.059329
346.087704
357.265692
369.303525
382.631126
396.818573
406.706793
420.034394
423.473775
423.473775
414.875322
405.846948
390.369733
365.004299
337.059329
310.834050
279.449699
240.756664
200.773861
166.809974
132.846088
94.582975
59.759243
24.935512
-4.729149
-36.113500
-64.488392
-90.283749
-122.527945
-154.772141
-195.184867
-234.307825
-278.589854
-332.330181
-386.930353
-445.829751
-515.047291
-589.853826
-659.071367
-731.728289
-808.684437
-883.061049
-945.399828
-1003.009458
-1055.889940
-1091.573517
-1121.668100
-1137.145314
-1138.005159
-1131.986242
-1113.929493
-1082.115219
-1040.842648
-987.532244
-926.913156
-864.574377
-794.926913
-721.410146
-641.874463
-558.899398
-477.214101
-392.519347
-309.114359
-215.391230
-119.948409
-26.655202
65.778160
166.380052
266.122098
361.564918
463.456578
556.319862
647.463457
727.429063
799.226139
861.134996
918.744626
960.447120
982.803095
996.990542
992.691316
977.644024
943.250215
901.117799
848.237317
787.618229
717.970765
640.154772
564.058469
487.532244
414.015477
347.807395
282.459157
218.400688
171.109200
126.827171
86.414445
54.170249
31.384351
10.748065
-0.859845
-12.037833
-20.206363
-25.365434
-24.935512
-24.935512
-25.365434
-24.505589
-25.365434
-21.066208
-15.477214
-6.878762
6.018917
18.916595
36.113500
57.179708
86.414445
112.639725
141.444540
176.268272
204.213242
233.877902
260.533104
283.319003
300.945830
308.254514
303.525365
296.216681
283.319003
252.794497
209.372313
166.380052
119.088564
64.488392
12.037833
-48.151333
-97.162511
-149.613070
-194.754944
-234.737747
-276.870163
-305.674979
-337.489252
-355.116079
-373.172829
-392.519347
-405.417025
-426.053310
-445.399828
-462.596733
-486.242476
-508.598452
-531.814273
-554.600172
-576.096303
-591.143594
-605.331040
-613.929493
-614.789338
-612.209802
-596.732588
-579.105761
-561.478934
-525.795357
-482.803095
-443.680138
-396.388650
-351.676698
-303.095443
-248.925193
-204.213242
-160.361135
-113.499570
-73.086844
-35.253654
3.439381
35.253654
66.208083
95.442820
123.387790
157.351677
187.876182
217.970765
252.794497
286.758383
318.572657
347.377472
383.061049
417.884781
439.810834
463.026655
486.242476
500.429923
505.588994
507.738607
502.149613
485.382631
466.036113
439.380911
407.136715
370.593293
335.769561
288.048151
240.756664
202.493551
156.491831
117.798796
81.685297
51.160791
23.645744
1.289768
-22.355976
-41.702494
-55.460017
-68.787618
-83.404987
-101.891660
-115.219261
-126.397248
-134.565778
-144.453998
-151.332760
-156.061909
-163.370593
-159.501290
-151.332760
-143.594153
-131.986242
-113.499570
-85.984523
-51.590714
-18.056750
17.626827
62.338779
109.200344
149.183147
190.885641
232.158212
271.711092
307.824592
336.629407
359.845228
380.481513
391.229579
404.987102
417.024936
411.435942
407.136715
394.668960
376.182287
358.125537
327.601032
301.375752
265.692175
228.718831
192.605331
146.603611
101.031814
54.600172
1.289768
-52.020636
-101.891660
-162.510748
-221.410146
-278.589854
-332.760103
-388.220120
-446.689596
-501.719690
-547.721410
-594.153052
-637.575236
-671.969046
-695.614789
-713.241617
-722.699914
-720.980224
-708.942390
-687.446260
-661.220980
-622.527945
-581.255374
-532.674119
-481.513328
-432.072227
-373.172829
-319.002580
-261.392949
-204.213242
-147.033534
-89.423904
-38.693035
5.588994
56.319862
107.910576
148.753224
189.595873
226.569218
260.963027
292.777300
323.731728
342.218401
358.555460
370.163371
368.873603
360.275150
349.097163
331.040413
306.964746
275.580396
233.447979
198.624248
158.641445
107.050731
56.319862
15.907137
-24.935512
-67.067928
-104.041273
-136.715391
-152.192605
-168.099742
-181.427343
-183.147034
-180.137575
-167.239897
-151.762683
-124.677558
-91.573517
-58.469475
-21.926053
22.355976
69.217541
114.359415
160.791058
205.932932
252.364574
296.646604
345.657782
394.668960
430.782459
472.914875
514.187446
543.852107
566.208083
589.853826
607.910576
618.658641
623.817713
621.238177
607.910576
585.984523
559.329321
528.804815
493.551161
447.979364
395.528805
337.059329
271.281169
208.942390
142.304385
73.086844
3.869304
-62.768702
-125.107481
-191.315563
-248.065348
-306.104901
-355.116079
-400.257954
-446.689596
-483.662941
-516.337059
-541.702494
-559.759243
-572.226999
-579.535684
-581.255374
-572.656922
-564.918315
-550.730868
-533.533964
-515.477214
-484.522786
-454.858126
-423.473775
-387.790198
-355.116079
-316.423044
-282.459157
-249.785039
-212.811694
-182.717111
-154.772141
-132.846088
-109.630267
-87.274291
-70.077386
-55.460017
-39.982803
-28.804815
-23.215821
-16.766982
-12.037833
-3.439381
0.429923
0.000000
0.429923
0.000000
0.429923
0.000000
-7.738607
-8.168530
-9.458298
-16.337059
-17.196905
-11.607911
-7.738607
-7.738607
-0.429923
9.028375
18.056750
24.935512
37.833190
51.590714
65.348237
84.694755
102.751505
119.948409
135.425623
150.902837
174.978504
193.035254
209.372313
227.429063
244.196045
258.813414
273.860705
286.328461
296.646604
304.815133
315.133276
315.563199
315.993121
315.563199
315.993121
308.684437
296.216681
285.038693
270.851247
254.514187
236.457438
222.699914
202.063629
182.717111
166.380052
149.183147
131.986242
114.359415
97.592433
80.395529
65.348237
48.151333
31.384351
18.916595
4.299226
-10.318143
-27.515047
-44.711952
-59.329321
-74.806535
-89.853826
-105.760963
-117.798796
-128.976784
-139.724850
-146.173689
-155.631986
-157.351677
-161.220980
-166.809974
-158.211522
-158.211522
-157.781599
-158.211522
-157.351677
-150.902837
-148.753224
-150.042992
-148.753224
-154.342218
-157.781599
-160.361135
-167.239897
-172.828891
-175.408426
-172.828891
-175.838349
-169.389510
-165.950129
-163.800516
-154.772141
-147.893379
-139.294927
-132.416165
-122.527945
-114.359415
-104.041273
-92.863285
-85.984523
-77.815993
-67.497850
-60.619089
-51.590714
-42.132416
-33.533964
-21.496131
-10.318143
0.859845
13.757524
29.234738
44.711952
59.329321
70.937231
81.685297
98.022356
107.480653
111.779880
120.808255
124.677558
124.677558
124.677558
130.266552
125.107481
115.649183
109.630267
99.742046
89.423904
74.806535
61.478934
49.871023
35.683577
27.085125
15.907137
3.869304
-6.448839
-13.757524
-21.496131
-25.795357
-24.075666
-17.626827
-14.617369
-6.878762
6.878762
17.626827
24.935512
46.861565
65.348237
83.404987
104.901118
119.948409
144.024076
165.950129
181.857266
196.044712
206.792777
218.830610
224.849527
223.559759
224.849527
218.400688
205.073087
190.455718
177.987962
156.921754
133.276010
111.349957
81.255374
56.319862
29.234738
-2.579536
-36.973345
-69.217541
-98.882201
-130.266552
-160.361135
-184.866724
-207.222700
-238.607051
-258.383491
-272.141015
-287.618229
-295.356836
-303.525365
-308.254514
-304.815133
-293.637145
-282.029235
-267.411866
-249.355116
-225.279450
-196.474635
-169.819433
-141.014617
-107.050731
-76.096303
-46.001720
-13.327601
18.916595
46.431642
76.526225
100.601892
116.079106
134.565778
144.453998
153.912296
158.211522
165.520206
159.501290
157.351677
147.463457
131.986242
119.518487
98.882201
82.115219
65.778160
45.141874
19.776440
1.289768
-24.505589
-40.842648
-60.189166
-81.255374
-95.872743
-110.490112
-126.827171
-138.865004
-146.173689
-150.472915
-148.753224
-149.613070
-144.453998
-137.145314
-122.098022
-104.041273
-87.704213
-67.927773
-38.263113
-15.477214
7.308684
36.973345
68.357696
92.433362
114.789338
142.304385
174.548581
198.194325
213.671539
232.158212
248.495271
260.963027
270.851247
279.449699
282.889080
282.459157
282.459157
273.430782
261.822872
248.065348
231.728289
209.802236
187.016337
162.940671
132.416165
100.601892
68.357696
36.543422
3.869304
-32.674119
-67.067928
-101.461737
-134.565778
-163.370593
-192.175408
-220.120378
-238.607051
-255.803955
-278.159931
-286.758383
-291.057610
-293.207223
-291.057610
-291.057610
-285.038693
-268.701634
-257.093723
-238.177128
-214.961307
-199.914015
-176.698194
-154.342218
-131.556320
-108.340499
-85.554600
-62.768702
-38.693035
-19.776440
-3.009458
20.636285
43.422184
61.478934
75.666380
94.582975
109.630267
123.387790
131.556320
137.145314
142.734308
149.183147
149.183147
149.183147
143.594153
134.995701
131.126397
119.088564
102.751505
88.993981
76.096303
60.189166
45.141874
30.094583
20.636285
3.869304
-6.878762
-11.177988
-21.926053
-26.225279
-23.215821
-29.234738
-27.944970
-24.505589
-24.075666
-16.337059
-16.337059
-9.458298
-4.299226
3.009458
11.607911
15.907137
20.636285
25.365434
29.664660
38.693035
45.571797
51.590714
57.179708
67.927773
76.096303
83.834910
93.723130
102.321582
108.770421
117.798796
123.817713
116.509028
116.079106
110.490112
104.901118
94.582975
82.115219
67.497850
49.871023
33.533964
12.037833
-8.598452
-35.253654
-57.179708
-73.516767
-91.573517
-105.760963
-121.668100
-133.705933
-145.313844
-150.472915
-157.351677
-158.211522
-157.781599
-157.351677
-149.613070
-149.613070
-142.734308
-135.425623
-130.266552
-122.098022
-114.789338
-105.331040
-95.872743
-91.143594
-83.834910
-70.937231
-60.619089
-47.721410
-33.963887
-25.795357
-14.187446
-3.009458
1.719690
11.607911
23.215821
30.094583
34.393809
26.225279
24.935512
23.215821
14.187446
8.598452
1.719690
-10.748065
-18.056750
-26.655202
-32.244196
-35.253654
-42.132416
-40.412726
-33.104041
-23.645744
-11.177988
-0.859845
12.897678
30.094583
47.721410
63.628547
85.554600
106.190886
119.948409
136.285469
148.753224
159.931212
171.969046
174.548581
174.978504
182.287188
182.717111
175.838349
174.118659
174.548581
174.118659
168.099742
156.061909
142.304385
131.986242
118.228719
99.742046
85.124678
67.497850
44.282029
21.926053
-1.719690
-23.215821
-52.450559
-78.245916
-104.041273
-133.705933
-150.902837
-165.520206
-181.427343
-190.885641
-198.624248
-192.605331
-190.885641
-186.156492
-172.398968
-161.650903
-144.883921
-125.967326
-108.340499
-87.704213
-63.198624
-42.132416
-25.365434
-4.299226
14.187446
26.655202
40.842648
54.170249
62.338779
72.226999
79.965606
84.694755
92.433362
99.312124
99.742046
99.312124
100.171969
96.732588
88.993981
81.255374
74.376612
62.768702
47.721410
27.944970
4.299226
-18.486672
-40.412726
-66.208083
-95.442820
-118.658641
-140.584695
-156.921754
-174.118659
-193.465176
-210.232158
-220.980224
-225.279450
-223.559759
-224.849527
-221.840069
-214.531384
-203.783319
-187.876182
-168.529665
-144.453998
-115.649183
-90.713672
-63.628547
-33.533964
-6.448839
20.636285
50.730868
82.115219
111.349957
139.294927
171.109200
196.474635
220.120378
239.036973
256.233878
275.580396
290.197764
299.226139
303.525365
310.404127
308.684437
301.375752
296.216681
285.038693
260.533104
242.906277
222.699914
191.745486
164.660361
134.565778
105.760963
70.937231
34.823732
-2.579536
-33.104041
-66.208083
-97.162511
-130.696475
-159.071367
-180.997420
-210.662081
-223.559759
-235.167670
-245.915735
-254.084265
-251.504729
-245.915735
-235.167670
-223.559759
-211.521926
-196.044712
-175.838349
-152.192605
-129.406707
-107.050731
-81.255374
-53.310404
-39.122958
-8.598452
16.337059
31.384351
53.310404
70.937231
85.554600
101.031814
116.509028
127.687016
136.285469
141.444540
141.014617
141.444540
139.294927
130.266552
121.668100
106.190886
93.723130
76.956148
53.740327
30.524506
7.738607
-15.477214
-37.403267
-62.338779
-91.573517
-107.050731
-122.098022
-138.005159
-150.902837
-156.061909
-162.940671
-166.380052
-166.380052
-161.650903
-153.052451
-146.173689
-137.145314
-122.098022
-107.480653
-94.582975
-79.535684
-64.058469
-49.011178
-31.384351
-15.047291
0.000000
23.215821
38.263113
60.619089
80.395529
97.162511
117.368874
130.696475
147.463457
158.211522
168.529665
173.688736
180.567498
183.147034
183.147034
179.707653
170.679278
161.220980
149.183147
137.575236
115.649183
101.461737
91.573517
72.226999
59.329321
44.711952
32.244196
16.766982
7.738607
-1.289768
-13.327601
-24.505589
-34.393809
-40.412726
-49.441101
-55.889940
-61.908856
-67.497850
-73.516767
-81.255374
-89.853826
-92.003439
-91.143594
-91.143594
-91.573517
-91.143594
-91.143594
-84.264832
-76.526225
-71.367154
-66.208083
-59.759243
-51.590714
-44.282029
-36.543422
-28.804815
-21.926053
-12.897678
-8.598452
-3.869304
0.000000
5.159071
9.458298
7.738607
9.028375
7.738607
9.028375
7.308684
9.888220
15.907137
17.196905
15.477214
21.066208
24.935512
24.935512
22.785899
17.196905
13.757524
7.308684
8.598452
8.598452
5.159071
-1.289768
1.289768
-4.299226
-9.028375
-7.738607
-12.467756
-18.486672
-11.607911
-11.177988
-12.467756
-6.878762
-9.458298
-1.719690
0.429923
0.000000
0.000000
0.000000
-0.429923
3.869304
9.458298
7.738607
9.028375
7.738607
9.028375
5.159071
-0.429923
0.429923
0.000000
0.000000
-0.429923
0.429923
0.429923
-0.429923
-8.168530
-8.168530
-8.598452
-7.308684
-0.859845
-7.308684
-9.028375
-5.159071
1.289768
-1.289768
4.729149
8.598452
9.458298
15.047291
21.496131
24.935512
27.515047
33.963887
40.412726
41.272571
43.852107
51.160791
49.441101
56.749785
58.469475
57.609630
58.039553
58.039553
58.039553
58.899398
53.740327
47.721410
41.702494
33.104041
26.225279
17.196905
1.719690
-13.327601
-21.496131
-33.104041
-44.711952
-52.450559
-60.189166
-67.497850
-75.236457
-73.946690
-79.535684
-83.834910
-82.115219
-84.264832
-77.815993
-74.806535
-72.226999
-62.768702
-58.039553
-57.179708
-46.861565
-35.253654
-24.935512
-18.056750
-9.458298
5.588994
13.327601
28.374893
40.412726
47.291488
61.049011
73.516767
82.545142
92.003439
90.713672
95.872743
101.031814
96.302666
90.713672
84.694755
75.666380
62.768702
53.310404
36.113500
20.206363
9.888220
-5.159071
-21.066208
-33.104041
-48.151333
-60.189166
-71.797077
-81.685297
-84.264832
-90.713672
-93.293207
-100.171969
-99.312124
-99.742046
-98.882201
-101.461737
-108.770421
-102.751505
-94.582975
-89.423904
-82.545142
-72.656922
-64.058469
-53.740327
-41.702494
-32.674119
-21.066208
-3.009458
12.897678
21.926053
30.524506
45.141874
60.619089
73.086844
79.535684
85.984523
90.713672
92.433362
98.452279
101.031814
94.582975
91.143594
88.564058
82.545142
76.096303
68.357696
59.759243
50.730868
48.151333
41.272571
30.524506
24.935512
16.337059
6.878762
0.000000
-7.308684
-12.467756
-18.056750
-24.505589
-33.533964
-33.104041
-39.552880
-42.132416
-41.272571
-41.702494
-41.272571
-41.702494
-41.272571
-33.963887
-33.104041
-27.944970
-19.346518
-14.617369
-7.308684
0.859845
7.738607
9.888220
17.626827
25.795357
24.505589
29.664660
33.963887
33.104041
33.104041
25.795357
24.505589
25.795357
22.355976
15.477214
17.626827
9.888220
8.168530
0.859845
-6.878762
-15.907137
-24.935512
-24.505589
-31.814273
-33.104041
-38.263113
-44.711952
-49.871023
-50.300946
-49.441101
-50.300946
-42.562339
-41.272571
-42.132416
-36.543422
-31.384351
-23.645744
-15.907137
-7.308684
5.159071
15.477214
23.215821
33.963887
39.552880
46.001720
55.889940
64.488392
66.638005
73.516767
75.236457
75.666380
72.656922
66.208083
65.348237
58.469475
48.581255
41.272571
38.693035
26.225279
15.477214
6.448839
-2.149613
-17.196905
-29.664660
-44.711952
-56.749785
-60.619089
-68.357696
-79.535684
-83.404987
-88.564058
-92.433362
-90.713672
-91.573517
-91.573517
-87.274291
-77.815993
-70.937231
-63.198624
-52.880482
-39.982803
-30.094583
-14.617369
2.579536
10.318143
24.505589
36.113500
49.441101
60.619089
66.638005
78.245916
88.993981
93.723130
100.171969
98.882201
103.181427
103.611350
98.882201
94.153052
88.134136
81.685297
70.507309
58.899398
47.721410
33.963887
19.776440
9.458298
-6.018917
-21.496131
-36.543422
-52.450559
-64.918315
-76.096303
-87.274291
-95.872743
-100.171969
-104.471195
-108.770421
-107.050731
-109.200344
-104.901118
-100.171969
-96.302666
-87.704213
-80.825451
-69.217541
-52.450559
-37.833190
-27.085125
-12.897678
3.869304
21.496131
32.674119
42.562339
58.039553
73.086844
85.554600
96.732588
107.050731
114.359415
116.938951
116.079106
116.509028
116.079106
116.509028
107.910576
101.461737
92.003439
82.975064
70.937231
54.600172
39.982803
24.075666
9.028375
-6.878762
-24.075666
-41.702494
-58.039553
-71.797077
-82.545142
-98.022356
-110.060189
-118.228719
-125.537403
-133.705933
-140.154772
-145.743766
-150.472915
-146.173689
-139.724850
-134.995701
-127.687016
-112.639725
-105.760963
-93.293207
-77.386071
-61.908856
-47.291488
-27.515047
-10.318143
3.869304
24.505589
40.412726
59.329321
72.656922
81.255374
95.872743
104.471195
109.630267
116.079106
116.079106
116.509028
115.649183
116.938951
111.349957
103.611350
95.012898
91.573517
85.984523
73.946690
62.768702
52.450559
43.852107
32.674119
19.776440
4.729149
-2.149613
-13.327601
-24.935512
-36.113500
-42.562339
-48.151333
-51.590714
-58.039553
-58.469475
-58.469475
-54.600172
-46.001720
-36.113500
-27.944970
-20.636285
-13.327601
0.000000
11.177988
20.206363
33.533964
41.272571
51.160791
60.189166
66.208083
67.067928
66.208083
70.507309
76.096303
71.367154
66.208083
66.638005
63.198624
53.740327
49.871023
41.272571
28.804815
21.496131
10.748065
-0.859845
-12.467756
-23.215821
-38.263113
-51.160791
-61.908856
-73.516767
-85.554600
-99.742046
-106.190886
-109.630267
-115.219261
-121.668100
-125.107481
-124.247635
-125.107481
-120.378332
-111.349957
-101.461737
-93.293207
-81.685297
-70.507309
-62.768702
-52.020636
-35.683577
-18.056750
-4.729149
6.878762
18.056750
29.664660
40.842648
51.160791
56.749785
63.198624
66.638005
69.217541
75.666380
73.946690
75.666380
73.516767
67.497850
61.908856
54.170249
46.431642
35.683577
23.645744
15.907137
4.729149
-11.177988
-18.486672
-26.655202
-32.674119
-38.693035
-42.132416
-40.842648
-48.151333
-49.871023
-42.132416
-41.272571
-35.683577
-27.085125
-20.206363
-12.037833
-1.289768
11.177988
21.926053
34.393809
42.132416
52.450559
63.628547
76.526225
82.545142
88.564058
96.302666
102.321582
107.050731
109.630267
112.639725
108.770421
104.041273
99.312124
98.022356
85.984523
76.526225
66.208083
48.581255
28.804815
13.327601
-0.859845
-16.337059
-39.982803
-58.899398
-73.086844
-88.993981
-101.031814
-112.209802
-120.378332
-125.107481
-131.986242
-133.276010
-132.846088
-132.416165
-125.537403
-120.808255
-112.209802
-102.321582
-94.153052
-80.395529
-63.628547
-51.590714
-36.543422
-21.496131
-5.588994
7.308684
18.486672
34.393809
45.141874
58.469475
74.806535
85.124678
94.153052
103.611350
107.910576
107.910576
107.480653
108.340499
105.331040
98.022356
87.704213
75.666380
64.058469
53.310404
38.693035
23.645744
7.308684
-12.037833
-29.234738
-45.141874
-55.889940
-67.927773
-79.105761
-89.853826
-96.732588
-102.321582
-107.910576
-107.910576
-108.770421
-102.321582
-99.312124
-93.723130
-87.704213
-77.815993
-62.768702
-50.300946
-38.693035
-27.515047
-13.327601
3.009458
15.477214
27.085125
42.562339
57.609630
69.217541
81.255374
91.143594
98.022356
106.190886
107.910576
109.200344
117.798796
112.209802
107.910576
106.190886
98.452279
88.564058
79.535684
70.077386
55.030095
39.552880
24.935512
9.028375
-4.299226
-19.346518
-39.982803
-54.600172
-67.927773
-80.825451
-89.423904
-101.891660
-108.770421
-107.050731
-113.929493
-116.938951
-116.079106
-109.630267
-101.461737
-94.582975
-82.115219
-67.067928
-55.030095
-43.852107
-32.244196
-14.187446
-0.859845
10.318143
26.225279
43.422184
60.189166
72.656922
84.264832
95.442820
103.181427
109.200344
114.359415
120.808255
125.537403
123.817713
125.107481
122.527945
115.649183
105.760963
97.592433
87.274291
74.806535
64.058469
42.992261
26.655202
12.037833
-3.439381
-21.496131
-34.393809
-44.282029
-59.759243
-77.815993
-90.283749
-97.592433
-106.190886
-108.770421
-107.910576
-108.340499
-107.480653
-108.340499
-103.611350
-95.012898
-88.134136
-82.115219
-76.526225
-66.208083
-55.460017
-41.272571
-27.515047
-16.337059
-5.159071
6.448839
16.337059
24.075666
30.954428
36.113500
42.132416
48.151333
57.179708
58.039553
58.469475
58.039553
58.469475
55.460017
49.011178
42.992261
34.393809
27.515047
13.757524
8.598452
1.289768
-11.177988
-17.626827
-23.215821
-33.533964
-41.702494
-51.590714
-58.899398
-58.039553
-58.899398
-57.609630
-58.469475
-56.319862
-50.730868
-44.711952
-40.842648
-35.253654
-26.655202
-19.776440
-11.607911
-3.869304
6.878762
18.916595
29.664660
37.833190
42.132416
52.450559
58.899398
64.918315
67.927773
74.806535
74.376612
76.096303
83.404987
83.404987
82.975064
76.526225
70.077386
66.638005
61.478934
53.740327
45.141874
30.094583
22.355976
15.047291
5.159071
-3.439381
-11.177988
-18.056750
-26.655202
-32.244196
-36.113500
-41.702494
-48.581255
-49.441101
-55.460017
-54.170249
-48.151333
-50.730868
-49.011178
-51.160791
-45.141874
-41.702494
-39.552880
-32.244196
-27.085125
-18.056750
-11.607911
-2.149613
6.878762
11.607911
22.785899
24.935512
24.935512
24.505589
30.954428
33.533964
32.674119
33.533964
33.533964
28.374893
23.645744
26.655202
21.496131
15.907137
7.738607
-2.579536
-7.738607
-9.458298
-14.617369
-21.066208
-25.365434
-29.664660
-36.113500
-41.272571
-48.151333
-49.441101
-54.170249
-60.189166
-66.208083
-61.049011
-57.609630
-58.469475
-57.609630
-56.749785
-46.861565
-41.702494
-34.393809
-21.926053
-14.187446
-4.299226
3.869304
11.177988
21.496131
29.664660
39.982803
47.291488
55.460017
66.208083
66.208083
72.656922
75.666380
74.376612
75.236457
74.806535
75.236457
70.507309
64.488392
58.039553
58.469475
49.871023
36.113500
33.104041
30.954428
20.206363
8.168530
-3.009458
-15.047291
-24.505589
-32.244196
-39.122958
-48.151333
-57.609630
-59.329321
-67.927773
-74.376612
-74.806535
-74.376612
-74.806535
-74.376612
-75.666380
-70.077386
-66.638005
-60.619089
-49.011178
-43.422184
-33.963887
-22.355976
-13.757524
-4.729149
4.299226
10.748065
22.785899
32.244196
36.543422
48.151333
50.300946
49.871023
56.749785
58.469475
58.039553
58.039553
64.918315
66.208083
58.469475
58.039553
58.469475
52.020636
49.011178
42.992261
34.393809
30.524506
21.496131
12.467756
-1.719690
-7.738607
-14.187446
-26.655202
-34.823732
-41.272571
-47.291488
-50.730868
-56.319862
-59.329321
-56.749785
-63.628547
-62.768702
-56.319862
-50.300946
-49.871023
-46.431642
-36.543422
-33.533964
-31.384351
-22.785899
-15.047291
-7.738607
1.289768
10.748065
16.766982
22.355976
30.524506
35.253654
42.992261
49.871023
49.871023
57.609630
60.189166
61.908856
67.067928
66.208083
59.329321
58.469475
55.460017
47.291488
39.982803
33.533964
27.515047
15.907137
10.318143
0.000000
-8.168530
-17.626827
-27.515047
-33.104041
-38.263113
-44.711952
-49.441101
-53.740327
-58.039553
-62.338779
-67.497850
-65.778160
-67.067928
-65.348237
-67.497850
-61.908856
-58.039553
-57.609630
-51.590714
-46.001720
-40.412726
-33.533964
-25.795357
-21.066208
-9.888220
-3.009458
5.588994
15.047291
23.645744
33.963887
40.412726
44.282029
48.581255
50.730868
57.179708
58.899398
57.609630
58.899398
57.609630
58.899398
50.730868
49.871023
44.711952
40.842648
41.272571
32.674119
33.533964
31.814273
21.496131
12.897678
8.168530
0.859845
0.429923
-2.579536
-14.187446
-17.626827
-15.477214
-23.215821
-24.935512
-26.225279
-33.533964
-33.533964
-33.104041
-33.104041
-32.244196
-24.075666
-25.365434
-22.355976
-16.337059
-16.766982
-17.196905
-12.037833
-6.448839
0.000000
0.000000
0.429923
-0.429923
3.439381
9.458298
7.738607
8.598452
7.738607
8.598452
8.168530
8.598452
7.738607
8.598452
8.168530
9.458298
6.878762
0.859845
-0.859845
0.859845
-3.869304
-8.598452
-8.168530
-7.738607
-9.888220
-16.337059
-21.926053
-26.225279
-17.196905
-22.355976
-25.795357
-24.505589
-24.935512
-24.935512
-24.935512
-25.365434
-23.215821
-16.337059
-16.766982
-16.337059
-9.888220
-7.308684
0.000000
-0.429923
3.869304
9.028375
8.168530
8.168530
8.168530
8.168530
13.327601
18.486672
11.177988
14.617369
17.196905
15.907137
16.766982
16.337059
16.766982
16.766982
16.766982
9.888220
7.738607
8.598452
8.168530
8.168530
8.168530
8.168530
8.598452
7.738607
9.028375
3.439381
6.448839
9.028375
7.738607
8.598452
7.738607
8.598452
7.738607
14.187446
16.766982
16.337059
16.766982
16.766982
16.337059
16.766982
16.337059
16.337059
16.766982
16.766982
16.337059
17.196905
15.907137
17.196905
12.467756
7.308684
8.168530
8.598452
7.308684
-0.429923
0.000000
-3.869304
-13.327601
-17.196905
-16.337059
-19.776440
-16.337059
-22.355976
-26.225279
-24.075666
-32.244196
-33.533964
-33.533964
-32.674119
-33.533964
-32.674119
-33.533964
-32.674119
-34.393809
-29.664660
-24.505589
-23.645744
-15.047291
-17.626827
-13.327601
-8.168530
-8.598452
-1.719690
1.289768
-1.289768
4.729149
8.598452
8.598452
8.598452
8.598452
8.168530
8.598452
7.738607
9.028375
7.308684
12.037833
15.047291
7.738607
9.028375
8.168530
9.028375
6.448839
-0.429923
0.429923
-0.429923
-7.308684
-9.028375
-8.598452
-8.598452
-8.168530
-8.598452
-8.168530
-8.168530
-8.168530
-8.598452
-7.738607
-9.458298
-3.439381
0.859845
0.000000
-0.429923
1.719690
9.028375
7.308684
14.617369
17.196905
16.766982
16.337059
19.346518
26.225279
24.075666
26.655202
33.104041
33.104041
32.674119
33.963887
32.674119
33.963887
32.674119
33.963887
30.094583
24.075666
24.935512
24.935512
24.505589
16.766982
17.196905
9.458298
9.028375
