1549.317779
1762.316425
1918.029372
2014.373503
2053.952713
2063.847516
2043.016352
1983.647537
1940.943652
1897.198209
1815.956671
1731.069680
1656.598271
1548.276221
1449.848974
1354.025622
1168.107489
910.321841
616.602437
258.306426
-110.925945
-384.855744
-624.934903
-805.645245
-909.801062
-1113.425685
-1401.416519
-1661.285283
-1950.838454
-2208.624102
-2338.818873
-2457.035725
-2583.064264
-2634.621394
-2670.034371
-2678.366837
-2571.607124
-2482.553901
-2419.539631
-2282.574732
-2182.064368
-2103.947505
-1912.821581
-1688.886574
-1448.807416
-1116.550359
-825.955630
-621.289449
-389.021977
-190.605145
1.562337
296.323300
569.732320
773.356942
985.834809
1126.445162
1225.913967
1389.438600
1517.550255
1596.708676
1704.509947
1749.296948
1721.174878
1686.803458
1579.002187
1452.452869
1379.543798
1266.013957
1131.652953
1067.597125
1028.538694
996.250391
993.125716
941.047808
857.723154
820.747839
745.755650
654.098531
623.893344
640.558275
730.653057
856.681596
919.695865
902.510155
825.955630
692.636184
559.837517
473.388189
429.642746
479.637538
564.003750
612.436205
642.641392
629.101135
517.654411
337.985626
108.842829
-172.898656
-405.686908
-581.189459
-762.420581
-879.075096
-925.945214
-976.460785
-1012.394542
-1085.303614
-1258.202271
-1450.890532
-1625.351526
-1803.457973
-1890.948859
-1888.865743
-1852.931986
-1708.676180
-1524.320383
-1376.419123
-1193.625664
-1027.497136
-937.402354
-845.224456
-765.024477
-714.508905
-625.455682
-542.651807
-480.158317
-319.237579
-107.801271
74.992188
266.638892
381.731070
379.647953
363.503802
305.697323
223.414228
243.724612
259.868764
227.580460
231.746693
218.206437
210.915530
281.220706
309.342777
267.159671
247.890845
204.145402
158.837621
212.998646
296.323300
431.205083
663.993334
856.160817
1000.937402
1203.520467
1397.771066
1573.273617
1773.773565
1911.780023
2026.351422
2174.252682
2195.083845
2072.700760
1968.544943
1860.222893
1825.851474
1944.589105
1995.625456
1939.902094
1869.076138
1642.016457
1300.906156
954.067285
532.757004
121.862306
-198.937611
-602.020623
-1032.704927
-1325.382773
-1576.919071
-1764.920321
-1897.198209
-2171.128007
-2501.301948
-2755.962921
-3066.868035
-3336.631601
-3406.936777
-3421.518592
-3359.545881
-3167.899177
-3030.934278
-2865.326528
-2541.922716
-2249.244870
-2004.478700
-1738.360587
-1553.484012
-1336.839913
-1046.765962
-865.014061
-717.112801
-455.681700
-198.416832
72.909072
397.875221
612.436205
804.082908
1031.663368
1107.176336
1099.364650
1157.171128
1157.171128
1116.550359
1112.904906
1032.184147
983.230913
1068.117904
1084.262056
1049.890636
1069.159463
1036.350380
1037.912717
1115.508801
1143.110093
1229.559421
1401.937298
1504.530778
1613.894386
1782.106031
1924.799500
2158.629309
2452.348714
2617.435684
2735.131757
2773.148630
2605.457765
2370.065618
2131.028018
1898.239767
1865.951463
1919.591709
1872.721592
1799.291740
1594.625560
1207.686699
843.141339
452.557025
-15.623373
-453.077804
-989.480262
-1611.811270
-2097.698156
-2491.927924
-2791.896677
-2902.822623
-3069.992709
-3342.880950
-3574.627643
-3833.975628
-4057.389855
-4131.340485
-4194.354755
-4204.249557
-4076.658681
-3929.278200
-3695.448391
-3283.512134
-2831.996667
-2339.860431
-1793.563171
-1376.939902
-1041.037392
-695.760858
-430.163525
-194.771378
75.512967
306.738881
537.964795
813.977711
1082.699719
1344.651599
1650.348922
1884.178731
2010.207270
2077.387772
2038.850120
1928.444954
1805.541089
1627.434642
1445.161962
1327.465889
1196.750339
1086.345172
1081.658161
1153.004895
1294.136027
1446.203520
1493.594417
1501.406104
1527.445058
1526.924279
1530.048953
1575.877513
1662.847620
1875.325487
2174.773461
2426.830538
2608.582439
2675.242162
2610.665556
2474.221435
2240.391626
1974.273513
1819.081346
1718.050203
1594.625560
1408.707426
1119.154255
839.495886
623.372565
359.337569
7.290907
-453.077804
-1033.746485
-1642.537236
-2187.792938
-2645.557754
-2959.587543
-3196.021248
-3457.973128
-3725.653578
-3963.649620
-4130.298927
-4176.648266
-4137.589834
-4069.367774
-3945.943131
-3816.789918
-3697.531507
-3530.882200
-3256.952401
-2854.390168
-2364.857827
-1875.325487
-1440.995730
-1034.267264
-609.832309
-223.935007
47.911676
302.051870
532.236225
716.071243
927.507551
1105.613999
1271.742527
1479.533382
1627.434642
1713.883970
1812.831997
1847.724195
1799.812520
1733.673576
1559.212582
1356.629518
1225.393188
1063.951672
992.084158
1022.289345
1020.206229
1096.760754
1215.498386
1306.634726
1481.616498
1640.454119
1739.922925
1918.550151
2124.778669
2329.444849
2629.413603
2862.722633
2967.920008
3019.477138
2899.177169
2676.804500
2503.385064
2312.779919
2198.729299
2183.626706
2027.392980
1774.815123
1511.821685
1166.024372
855.640037
573.377773
131.236330
-408.290803
-1002.499740
-1703.468389
-2319.029268
-2788.772003
-3212.686179
-3548.067910
-3861.576919
-4218.310593
-4463.597542
-4567.753359
-4620.352047
-4564.107905
-4505.780648
-4504.739090
-4420.372878
-4283.407978
-4085.511926
-3706.384752
-3232.475784
-2741.901885
-2199.250078
-1684.199563
-1186.334757
-642.120612
-167.690866
172.898656
442.662223
622.331007
768.149151
972.815332
1183.210082
1383.710030
1593.584002
1737.319029
1827.413811
1940.422873
1989.376107
1938.860535
1861.264452
1700.343714
1491.511301
1316.008749
1143.110093
1039.475055
1042.078950
1068.638683
1099.885429
1196.750339
1361.837309
1592.542443
1868.034580
2090.407249
2286.740964
2540.360379
2833.038225
3138.214769
3367.357567
3435.579627
3392.354963
3259.035517
3092.906989
2937.714821
2801.791480
2728.882408
2671.075930
2476.825331
2187.792938
1872.200812
1522.758046
1233.204874
882.199771
339.547964
-281.741485
-974.898448
-1724.299552
-2347.151338
-2905.947297
-3466.305593
-3927.715863
-4376.106656
-4810.436413
-5062.493490
-5213.519425
-5302.051870
-5255.181752
-5249.453182
-5264.034996
-5138.527237
-4957.296115
-4672.429955
-4238.620977
-3816.789918
-3403.812103
-2912.717425
-2369.544839
-1733.152797
-1053.536090
-483.282991
-68.222060
265.076555
573.377773
837.933549
1108.738673
1366.003541
1519.633372
1637.329445
1772.211228
1907.093011
2132.590355
2342.464327
2394.542235
2360.170816
2279.970836
2124.778669
2014.373503
1943.026768
1857.098219
1847.203416
1776.898240
1675.346318
1710.759296
1827.413811
2024.789084
2226.330591
2355.483804
2534.631809
2808.561608
3147.068014
3492.344547
3686.595146
3684.512030
3582.960108
3333.506926
3020.518696
2785.647328
2503.905843
2278.408499
2099.781273
1723.257994
1443.599625
1272.263306
1005.624414
819.706281
487.449224
-114.050620
-685.866056
-1323.820435
-2041.974794
-2595.562962
-3180.397875
-3874.596396
-4410.998854
-4952.609103
-5376.523279
-5416.102489
-5434.850536
-5376.002500
-5185.918134
-5135.923341
-4971.357150
-4698.468909
-4506.301427
-4185.501510
-3830.330174
-3528.278304
-3128.840746
-2723.674617
-2283.616290
-1601.395688
-904.072492
-313.509009
270.284345
641.599833
1030.621810
1482.137277
1686.803458
1850.848870
1898.239767
1792.000833
1824.809916
1834.183939
1785.751484
1862.306010
1897.718988
1873.763150
1935.735861
1909.176127
1864.909905
1948.234559
1887.303406
1792.521612
1705.030726
1517.550255
1479.533382
1471.200917
1413.915217
1480.574940
1561.816477
1750.338506
2119.570878
2490.886366
2935.110926
3348.088741
3522.549734
3599.625039
3567.857515
3349.130299
3206.957609
2957.504427
2515.883762
2234.663056
1822.726799
1398.291845
1284.241225
1045.203625
878.554317
870.221852
509.321946
83.324654
-289.553172
-911.363400
-1430.059369
-1925.320279
-2786.168107
-3509.530257
-4103.218415
-4768.253307
-5030.205187
-5219.247995
-5448.911572
-5297.885637
-5173.940215
-5030.205187
-4616.185814
-4330.278096
-4023.539215
-3616.289970
-3459.014686
-3268.930320
-2934.069368
-2697.114884
-2294.552651
-1854.494324
-1586.813874
-1120.195813
-624.934903
-208.311634
375.481721
768.669930
1001.458181
1314.967191
1421.726903
1505.051557
1647.224247
1552.442454
1444.641183
1381.626914
1250.911363
1260.285387
1325.382773
1345.172378
1492.552859
1623.268410
1727.424227
1930.528070
2063.326737
2215.394230
2350.276013
2277.887720
2241.433184
2248.203312
2271.638371
2503.905843
2735.652536
2993.438184
3400.166649
3662.118529
3862.618477
4071.450891
4026.663889
3972.502864
3896.989897
3527.757525
3223.622539
2893.969378
2329.965629
1959.170920
1545.151547
1008.228310
766.066035
417.144047
-81.241537
-385.376523
-863.451724
-1379.023018
-1713.883970
-2365.899385
-3057.494011
-3590.771795
-4279.241746
-4773.461098
-5101.031143
-5558.795959
-5748.880325
-5782.210186
-5865.014061
-5643.682950
-5355.171336
-5082.803875
-4560.983231
-4109.988543
-3737.631497
-3232.996563
-2845.016144
-2478.387668
-2064.889074
-1799.812520
-1463.389230
-1012.915321
-590.563483
-102.072701
352.567441
704.614103
1058.743881
1355.067181
1613.894386
1865.430684
2046.141027
2150.817623
2169.565670
2107.592959
2051.348818
1950.838454
1846.682637
1793.042391
1689.928132
1674.825539
1753.983960
1828.455369
1975.315071
2114.363087
2179.981252
2261.222789
2317.466931
2308.613686
2347.672117
2448.703260
2540.360379
2703.885012
2904.384960
3063.743360
3230.392667
3344.443287
3363.712113
3359.545881
3317.883554
3137.693990
2918.445995
2716.383710
2356.004583
1991.980002
1686.803458
1249.869805
921.258202
612.436205
104.676596
-331.736277
-757.733569
-1294.136027
-1706.593063
-2160.712426
-2766.899281
-3241.329028
-3720.966566
-4239.662535
-4572.961150
-4909.384439
-5200.499948
-5269.763566
-5376.523279
-5398.916780
-5247.370066
-5088.011665
-4800.541610
-4418.810541
-4069.888553
-3657.431518
-3201.229039
-2788.772003
-2371.107176
-1987.813769
-1629.517759
-1264.451620
-915.008853
-530.673888
-181.751901
123.945422
444.745339
685.345277
919.695865
1209.769816
1405.582752
1557.650245
1657.119050
1660.243725
1748.255390
1863.347568
1877.929382
1895.115092
1876.367045
1803.457973
1828.976148
1837.829393
1857.098219
1991.459223
2064.368295
2108.113738
2172.690345
2222.164358
2368.503281
2566.920112
2712.217477
2887.720029
3066.347255
3263.201750
3516.300385
3655.348401
3714.717217
3743.360067
3601.708155
3432.454953
3250.703052
2950.734299
2738.777211
2482.553901
2070.617644
1727.424227
1356.108739
984.793251
724.403708
303.614207
-223.935007
-665.555671
-1195.708780
-1714.404750
-2156.546193
-2746.588897
-3285.074471
-3758.983439
-4338.089782
-4764.607853
-5067.701281
-5363.503802
-5451.515467
-5516.092074
-5567.128424
-5394.750547
-5161.441517
-4853.661077
-4437.037809
-4105.301531
-3744.401625
-3290.282262
-2921.049891
-2515.362983
-2079.991668
-1716.487866
-1299.343818
-924.903656
-617.123216
-201.020727
187.480471
505.676492
829.080304
1080.616602
1321.737319
1571.711280
1719.091761
1806.582648
1870.117696
1887.303406
1922.195605
1920.112488
1889.386522
1882.616394
1875.846266
1887.303406
1898.239767
1914.383918
2006.041037
2118.008541
2186.230601
2241.953963
2285.699406
2394.021456
2588.272055
2740.860327
2916.362879
3175.710863
3402.249766
3633.475680
3787.626289
3775.127591
3756.900323
3692.323716
3527.236746
3344.964066
3097.073222
2774.710968
2471.096761
2130.507239
1725.341110
1355.587960
973.336111
550.463493
106.759713
-428.080408
-967.086762
-1455.056765
-1969.065722
-2484.116238
-3025.205708
-3589.209457
-4124.570357
-4607.332570
-5013.019477
-5336.944068
-5579.106343
-5763.462139
-5852.515363
-5802.520571
-5624.934903
-5336.423289
-5001.041558
-4636.496198
-4220.393709
-3762.628893
-3267.888762
-2764.816165
-2293.511093
-1836.267056
-1375.898344
-978.543902
-624.934903
-279.658369
48.953234
382.772628
688.990730
927.507551
1178.002291
1463.910009
1745.130716
2013.852724
2208.103323
2352.359129
2497.656494
2595.562962
2643.995417
2647.120092
2604.936986
2565.878554
2527.340902
2463.285074
2413.811061
2378.398084
2358.608478
2368.503281
2391.417561
2464.326633
2616.914905
2817.935632
3048.640767
3302.780960
3550.151026
3764.712009
3894.906781
3904.280804
3775.127591
3557.441933
3280.387460
2917.925216
2573.169462
2228.413707
1792.000833
1397.250286
996.250391
552.025831
225.497344
-133.319446
-554.629726
-917.612749
-1364.961983
-1828.976148
-2232.059161
-2728.882408
-3246.536819
-3742.839288
-4324.549526
-4842.724716
-5253.098636
-5671.805020
-5957.712738
-6134.256848
-6246.224352
-6156.129570
-5951.984168
-5643.682950
-5190.084366
-4717.216957
-4209.457348
-3680.866576
-3174.669305
-2643.995417
-2162.795542
-1730.028122
-1340.485366
-1073.325695
-825.434851
-553.067389
-329.653161
-90.615561
145.818144
343.193417
616.081658
890.532236
1137.381523
1427.455473
1670.659306
1898.760546
2104.989064
2200.812415
2274.242266
2288.303302
2252.369545
2236.225393
2169.565670
2090.928028
2063.326737
2041.974794
2062.285179
2152.379960
2258.098115
2465.888970
2742.943443
3056.452453
3432.454953
3810.540569
4172.482033
4479.220914
4657.327362
4717.216957
4623.476721
4438.600146
4205.811895
3836.058744
3440.266639
2987.709614
2436.204562
2000.833247
1571.190501
1099.885429
776.481616
388.501198
-39.579210
-333.819394
-728.569941
-1152.484116
-1505.572336
-2051.348818
-2600.249974
-3114.779710
-3785.022394
-4315.175503
-4793.771482
-5324.966149
-5649.411520
-5926.465993
-6113.946464
-6007.186751
-5847.828351
-5525.986876
-4998.958442
-4510.988439
-3891.261327
-3212.686179
-2660.660348
-2061.764400
-1542.026872
-1145.713988
-669.201125
-359.858348
-167.170086
110.405166
234.871368
359.337569
581.189459
704.614103
933.236121
1234.767212
1429.017811
1686.282679
1971.669618
2194.563066
2449.744818
2655.452557
2740.339548
2792.417457
2785.647328
2709.613582
2615.352567
2471.617540
2316.946151
2192.479950
2089.886470
2039.891678
2064.368295
2183.105926
2388.813665
2642.953859
2988.230393
3371.523800
3710.550984
3986.563900
4161.545672
4183.418394
4106.863868
3955.317154
3653.786064
3278.304343
2836.162900
2238.829289
1654.515155
1128.528278
552.025831
100.510364
-314.550568
-810.853036
-1179.564629
-1517.550255
-1884.178731
-2134.673472
-2484.116238
-2942.401833
-3307.467972
-3804.291220
-4339.652120
-4764.607853
-5296.323300
-5753.567337
-6084.262056
-6441.516509
-6554.525570
-6487.345068
-6374.336007
-6031.142589
-5617.643995
-5156.233726
-4495.885845
-3818.873034
-3149.671909
-2437.766899
-1848.765754
-1281.637329
-727.528382
-362.983023
-81.241537
144.776586
232.788251
302.572649
364.545360
439.016769
590.563483
756.692011
938.443912
1145.713988
1417.039892
1749.296948
2049.786481
2352.359129
2576.294136
2679.408395
2816.894074
2902.822623
2901.781064
2895.010936
2818.456411
2697.114884
2601.291532
2473.179877
2407.040933
2487.761691
2603.374648
2798.146026
3121.029059
3504.843245
3928.236642
4329.757317
4650.557234
4837.516925
4897.406520
4876.054578
4663.055932
4324.549526
3912.613269
3259.556296
2624.726591
2016.977398
1252.994480
636.392042
68.222060
-574.940110
-1018.123112
-1449.328195
-1884.178731
-2111.759192
-2444.537027
-2838.766795
-3100.197896
-3535.569212
-3992.292470
-4349.026143
-4875.533799
-5299.968753
-5669.201125
-6105.613999
-6276.429539
-6383.189251
-6440.995730
-6225.913967
-5984.272472
-5600.979065
-5005.207791
-4430.788460
-3736.589939
-2995.000521
-2370.586397
-1637.850224
-969.169878
-503.593376
-40.620769
236.433705
379.647953
540.568691
547.338819
580.668680
696.281637
700.447870
763.462139
885.324445
1045.203625
1355.067181
1683.678783
2016.977398
2371.107176
2653.369441
2956.983648
3254.869284
3438.183523
3539.214665
3539.214665
3474.117279
3409.019894
3286.116030
3193.938131
3187.688782
3174.669305
3245.495261
3427.247162
3665.763983
4004.791168
4323.507968
4590.667639
4841.162379
4960.420790
5000.000000
4920.320800
4703.155921
4340.693678
3757.421102
3141.860223
2491.407145
1719.612540
1020.206229
290.073951
-488.490782
-1112.904906
-1712.321633
-2219.039683
-2538.798042
-2939.797938
-3297.052390
-3493.386106
-3814.706801
-4092.282054
-4324.028747
-4729.715655
-5022.393501
-5316.633684
-5704.614103
-5827.517967
-5932.194563
-6045.203625
-5918.133528
-5781.689407
-5536.923237
-5045.828560
-4521.404020
-3892.302885
-3163.732944
-2513.279867
-1758.150193
-995.208832
-415.581710
131.757109
560.879075
865.014061
1140.506197
1276.950318
1324.341214
1351.421727
1260.806166
1147.276325
1077.491928
1079.575044
1174.877617
1282.158109
1458.181439
1669.096969
1865.951463
2158.629309
2461.201958
2688.261639
2868.971982
2939.797938
2992.396625
3031.455057
2977.814811
2911.155088
2829.913551
2684.095407
2598.166858
2599.729195
2663.264243
2862.201854
3034.058952
3184.043329
3407.457557
3546.505572
3669.409437
3739.193834
3662.118529
3497.552338
3112.696594
2654.410999
2231.538381
1632.121654
1018.643891
382.772628
-409.332361
-1120.195813
-1733.152797
-2324.237059
-2762.212270
-3190.292678
-3652.223727
-3908.447037
-4179.772940
-4459.431309
-4587.542964
-4796.375378
-4953.129882
-5049.474013
-5254.660973
-5309.863556
-5289.032392
-5339.547964
-5255.702531
-5125.507760
-4964.066243
-4627.122175
-4221.435267
-3762.628893
-3240.808249
-2723.674617
-2124.257890
-1487.865847
-935.840017
-411.415478
81.241537
483.282991
803.562129
1008.228310
1151.442558
1251.952922
1275.908760
1253.515259
1186.334757
1181.126966
1210.290595
1229.559421
1344.651599
1467.555463
1597.750234
1866.472242
2137.277367
2387.251328
2636.704510
2833.559004
3068.430372
3273.096552
3378.293928
3494.427664
3594.938027
3655.348401
3730.340590
3767.836684
3862.618477
4010.519738
4061.556088
4143.839183
4219.872930
4203.207999
4242.266431
4162.066451
4004.270389
3829.809395
3417.352359
3043.953755
2660.139569
2011.248828
1413.915217
779.606291
9.374024
-591.605041
-1212.894490
-1872.200812
-2332.048745
-2913.238204
-3514.738048
-3882.928862
-4350.067701
-4725.549422
-4953.129882
-5312.988230
-5492.657015
-5622.331007
-5800.958234
-5715.550463
-5666.076450
-5623.372565
-5395.271326
-5200.499948
-4902.093532
-4481.304031
-4104.780752
-3607.436725
-3088.740756
-2618.998021
-1966.461827
-1361.316530
-863.451724
-321.841475
38.016873
373.398604
759.295907
982.710134
1234.767212
1455.056765
1522.758046
1632.121654
1689.407353
1745.651495
1878.450161
1946.151443
2037.808562
2147.692949
2210.707218
2385.168212
2590.355171
2737.214873
2907.509634
3039.787522
3175.190084
3353.817311
3459.014686
3537.131549
3641.808145
3703.260077
3805.332778
3936.569107
4042.808041
4192.271638
4269.346943
4286.532653
4280.804083
4209.457348
4123.008020
3953.234038
3707.947089
3330.382252
2833.038225
2407.040933
1865.430684
1235.287991
662.430997
-35.933757
-697.843975
-1252.473701
-1870.638475
-2403.395480
-2872.617436
-3437.662743
-3859.493803
-4222.476825
-4692.219560
-4966.670139
-5268.722008
-5629.621914
-5779.606291
-6001.458181
-6109.780231
-6009.790647
-6027.497136
-5919.175086
-5669.201125
-5431.725862
-4997.396105
-4513.071555
-4054.785960
-3480.887408
-2947.609624
-2382.564316
-1688.365795
-1144.151651
-638.995938
-134.881783
194.250599
535.360900
807.728362
957.712738
1154.567233
1236.329549
1240.495782
1314.967191
1355.587960
1446.724300
1560.254140
1623.268410
1747.734611
1855.535882
2008.124154
2272.679929
2462.764295
2604.416207
2742.943443
2868.971982
3031.455057
3146.026456
3202.270597
3293.406937
3337.152380
3388.188730
3530.882200
3646.495157
3776.689928
3902.718467
3937.089886
4011.040517
4013.644412
3959.483387
3932.923654
3755.337986
3495.469222
3117.904385
2663.264243
2289.344860
1751.900844
1125.403604
524.424539
-184.355796
-840.016665
-1407.665868
-2009.686491
-2542.443495
-3036.662848
-3571.502968
-3909.488595
-4225.601500
-4622.435163
-4823.976669
-5072.388293
-5329.653161
-5444.224560
-5624.414124
-5625.455682
-5534.319342
-5545.255703
-5402.562233
-5166.649307
-4888.553276
-4441.724820
-3978.752213
-3514.738048
-2979.377148
-2483.595459
-1875.325487
-1207.165920
-725.445266
-226.018123
231.225914
568.169982
934.798458
1147.276325
1310.800958
1500.364545
1501.406104
1489.428185
1524.841162
1486.824289
1526.924279
1568.065826
1575.877513
1681.595667
1759.191751
1911.780023
2189.355275
2376.835746
2517.966878
2699.198000
2880.949901
3063.743360
3184.043329
3248.099156
3351.213415
3441.308197
3552.754921
3736.069159
3890.219769
4045.411936
4164.149568
4225.601500
4320.383293
4307.363816
4250.598896
4182.897615
3987.605458
3742.839288
3357.983543
2955.942089
2574.211020
1982.605979
1339.443808
709.301114
-8.332465
-660.868660
-1263.410061
-1900.843662
-2466.409749
-3040.308301
-3605.353609
-3943.860015
-4338.089782
-4763.566295
-4998.437663
-5306.738881
-5523.382981
-5646.286845
-5835.850432
-5818.143943
-5761.379023
-5779.085512
-5613.477763
-5368.190813
-5083.324654
-4637.016977
-4171.440475
-3695.969170
-3156.442037
-2623.685033
-1964.899490
-1296.219144
-821.789397
-357.254453
60.410374
416.102489
752.525779
948.859494
1104.051661
1242.578898
1266.534736
1275.908760
1334.236017
1365.482762
1420.685345
1498.802208
1569.628164
1661.806062
1775.335903
1977.398188
2239.870847
2471.096761
2629.934382
2807.520050
3054.890116
3216.852411
3315.279658
3438.704302
3531.923758
3637.121133
3793.875638
3936.048328
4068.326216
4199.562546
4249.557338
4313.613165
4381.314446
4295.906676
4215.185918
4102.176857
3881.366524
3564.732840
3136.652432
2752.317467
2285.178627
1667.013853
1024.893240
310.905114
-399.437559
-1067.597125
-1775.335903
-2416.414957
-3015.831684
-3647.015936
-4114.154776
-4454.744297
-4877.096136
-5185.918134
-5430.163525
-5669.721904
-5748.880325
-5905.634830
-6010.311426
-5906.676388
-5883.762108
-5819.706281
-5590.042704
-5335.381731
-4964.587022
-4505.259869
-4036.037913
-3477.241954
-2903.343402
-2295.594209
-1570.669722
-939.485470
-426.518071
58.848037
492.136236
908.759504
1193.104885
1349.338611
1507.655453
1586.293094
1581.085304
1587.334653
1588.896990
1595.146339
1607.124258
1611.811270
1688.886574
1757.629414
1848.765754
2072.179981
2281.533174
2465.368191
2626.288928
2796.062910
3041.870638
3210.082283
3284.032913
3398.083533
3524.112072
3621.497761
3768.878242
3898.031455
3980.835330
4115.717113
4171.440475
4205.291116
4261.535257
4167.795021
4024.580773
3924.591188
3697.010728
3286.116030
2927.299240
2530.986356
1989.376107
1459.222998
791.063431
92.698677
-484.845329
-1185.813978
-1874.804708
-2444.537027
-3094.469326
-3676.700344
-4066.243100
-4506.822206
-4904.176648
-5167.170086
-5468.701177
-5610.873867
-5685.866056
-5862.410166
-5813.456932
-5697.323196
-5649.932299
-5460.368712
-5227.580460
-4929.174044
-4504.218311
-4073.013228
-3591.292574
-3037.704406
-2500.260390
-1871.159254
-1222.789293
-696.281637
-210.915530
218.727216
609.832309
962.399750
1153.525674
1287.365899
1407.665868
1453.494428
1458.702219
1446.203520
1459.222998
1477.971045
1456.098323
1470.159358
1517.550255
1548.797000
1692.532028
1889.386522
2049.265701
2242.995521
2392.979898
2605.457765
2883.553796
3045.516092
3202.270597
3399.125091
3535.048432
3689.199042
3886.574315
3989.688574
4127.174253
4276.117071
4301.114467
4389.646912
4414.123529
4281.324862
4182.376836
4030.830122
3714.717217
3320.487449
2929.382356
2445.578586
1879.491720
1276.950318
558.275180
-102.593480
-747.317988
-1447.765858
-2063.847516
-2674.721383
-3314.238100
-3840.745756
-4256.848245
-4704.197479
-5069.784397
-5365.586918
-5637.954380
-5746.797209
-5867.097177
-5973.856890
-5875.950422
-5793.146547
-5693.156963
-5463.493386
-5190.084366
-4842.724716
-4412.040412
-3944.901573
-3429.851057
-2874.179773
-2312.259140
-1658.160608
-1013.956879
-489.011561
0.520779
449.432351
853.556921
1188.417873
1397.250286
1523.799604
1595.667118
1620.664514
1588.376211
1557.129466
1557.650245
1497.239871
1445.161962
1489.948964
1527.445058
1558.171024
1734.715134
1912.300802
2050.828039
2223.205916
2351.317571
2572.648682
2829.913551
2971.565462
3131.444641
3312.154984
3432.454953
3591.292574
3807.415894
3918.862618
4021.456098
4145.922300
4164.670347
4244.349547
4266.222269
4123.008020
4024.580773
3914.175607
3582.439329
3196.542027
2880.429122
2372.148735
1817.519008
1259.764608
516.612853
-126.028539
-766.586814
-1506.613894
-2081.554005
-2697.114884
-3412.665347
-3899.593792
-4311.530049
-4780.752005
-5095.302573
-5428.080408
-5705.134882
-5753.567337
-5921.778981
-6004.582856
-5840.537444
-5790.021873
-5656.702427
-5382.251849
-5115.612957
-4728.674096
-4289.136548
-3833.454848
-3266.847203
-2751.275909
-2237.266951
-1558.171024
-954.588064
-440.058327
38.016873
431.725862
874.908864
1205.082804
1364.961983
1533.173628
1616.498281
1601.916467
1584.209978
1558.171024
1544.630768
1499.843766
1434.225601
1496.198313
1567.545047
1572.232059
1745.651495
1954.483908
2095.615040
2256.014998
2378.398084
2596.604520
2851.265493
2973.648578
3098.114780
3294.448495
3425.684824
3545.984793
3772.523695
3917.300281
4029.788564
4140.714509
4154.775544
4240.704093
4278.200187
4113.633996
4000.104156
3913.654828
3567.336736
3153.838142
2843.453807
2333.090303
1771.690449
1208.207478
441.099885
-184.355796
-815.540048
-1597.229455
-2157.066972
-2737.214873
-3457.973128
-3945.422352
-4352.150818
-4788.042912
-5079.679200
-5435.892095
-5690.032288
-5709.301114
-5889.490678
-5956.671180
-5787.417977
-5737.943964
-5600.458286
-5352.567441
-5078.637642
-4670.867618
-4276.117071
-3821.997709
-3228.309551
-2722.633059
-2197.166962
-1536.819081
-926.465993
-345.797313
131.757109
504.114155
966.565983
1302.468493
1475.367149
1672.742423
1757.629414
1743.568378
1712.321633
1653.473597
1642.016457
1590.980106
1466.513905
1501.926883
1568.065826
1545.672326
1660.243725
1833.663160
1989.896886
2159.150089
2284.137069
2478.908447
2730.444745
2881.991459
2987.709614
3157.483595
3320.487449
3406.936777
3595.458806
3780.856161
3876.158733
4000.104156
4035.517134
4086.553484
4175.606708
4034.475575
3871.992501
3843.349651
3552.754921
3146.026456
2889.282366
2390.376002
1848.765754
1362.358088
594.729716
-27.601292
-608.790751
-1430.059369
-1998.750130
-2555.462973
-3304.343298
-3786.584731
-4217.269034
-4679.200083
-4943.235080
-5317.675242
-5614.519321
-5625.976461
-5818.664722
-5908.759504
-5760.858244
-5737.943964
-5592.125820
-5337.985626
-5104.155817
-4692.740340
-4299.031351
-3886.053536
-3282.470576
-2779.397979
-2269.034476
-1635.767108
-1073.325695
-478.595980
16.664931
371.315488
846.786793
1187.897094
1347.255494
1558.691803
1646.182689
1662.847620
1698.260598
1647.745027
1655.035934
1644.620352
1508.176232
1545.672326
1637.850224
1599.833351
1692.011249
1834.704718
1959.170920
2137.277367
2248.724091
2406.520154
2633.059056
2779.918758
2892.927820
3068.430372
3257.473180
3355.379648
3496.510780
3718.883450
3855.327570
3958.962608
4075.617123
4143.839183
4234.975523
4183.418394
3977.710655
3928.236642
3750.130195
3301.739402
3003.853765
2587.230497
1978.960525
1511.821685
850.432247
134.881783
-409.332361
-1213.415269
-1911.259244
-2357.566920
-3080.929070
-3695.969170
-4070.930111
-4544.839079
-4882.303927
-5191.125924
-5557.754401
-5618.164775
-5732.215394
-5941.047808
-5844.182898
-5781.689407
-5733.256952
-5508.801167
-5285.907718
-4953.129882
-4567.232580
-4195.917092
-3618.373086
-3030.413499
-2532.027914
-1934.694303
-1316.008749
-685.345277
-141.651911
244.245391
728.049162
1146.234767
1339.964587
1564.941152
1723.778773
1753.463181
1781.585252
1738.881367
1725.861889
1730.548901
1587.855432
1553.484012
1652.952817
1635.767108
1644.620352
1756.587855
1905.009895
2079.470888
2178.939694
2304.968232
2509.113634
2680.449953
2796.583689
2924.695344
3111.134257
3231.434226
3305.384856
3527.236746
3734.506822
3788.147068
3912.092490
4035.517134
4111.550880
4162.066451
4020.414540
3898.552234
3854.806791
3508.488699
3117.904385
2834.600562
2308.092907
1771.690449
1256.639933
544.214144
-64.055828
-727.528382
-1520.674930
-2034.683887
-2619.518800
-3363.712113
-3831.892511
-4246.953442
-4685.449432
-5002.603895
-5360.899906
-5589.521925
-5642.120612
-5827.517967
-5887.928341
-5767.107593
-5742.630976
-5612.956984
-5371.315488
-5116.654515
-4755.233830
-4388.605354
-3943.339235
-3354.858869
-2835.121342
-2337.256536
-1702.426831
-1060.826997
-500.989480
-15.623373
444.224560
906.155609
1241.537340
1463.910009
1681.074888
1807.103427
1833.663160
1841.995625
1838.870951
1816.477450
1739.922925
1640.454119
1635.246329
1672.221644
1633.683991
1648.265806
1782.626810
1921.154046
2029.476096
2153.942298
2312.259140
2490.886366
2652.848662
2774.190189
2915.842100
3086.136861
3169.461514
3300.697844
3552.754921
3668.367878
3749.088637
3933.444433
4015.206749
4097.489845
4146.443079
3977.189876
3910.009374
3832.413290
3420.477034
3096.552442
2780.439538
2190.917613
1697.219040
1148.838663
404.645349
-191.125924
-885.845224
-1636.808666
-2134.152692
-2797.104468
-3521.508176
-3929.798979
-4392.250807
-4842.724716
-5118.216852
-5496.302468
-5690.553067
-5735.860848
-5941.568587
-5925.945214
-5801.479013
-5798.354338
-5599.937507
-5340.068743
-5095.823352
-4696.385793
-4336.006666
-3889.698990
-3268.409541
-2817.935632
-2304.968232
-1612.852828
-1046.765962
-465.576502
56.764920
460.889491
971.252994
1334.756796
1536.298302
1822.726799
1939.381314
1939.902094
2022.185189
1991.980002
1957.087803
1909.696907
1749.817727
1777.419019
1826.372253
1724.299552
1781.064472
1888.865743
1956.567024
2088.324133
2153.421519
2281.533174
2481.512342
2559.108426
2691.907093
2848.140819
2935.631705
3087.178419
3218.935528
3391.834184
3592.854911
3628.267889
3767.315905
3987.084679
4003.749609
4034.996355
3988.647016
3855.327570
3822.518488
3506.926362
3096.552442
2848.140819
2282.053953
1695.656702
1231.121758
469.742735
-181.231122
-785.855640
-1594.625560
-2104.989064
-2671.596709
-3461.097802
-3841.787314
-4234.454744
-4757.837725
-4996.354546
-5337.985626
-5594.729716
-5590.563483
-5835.329653
-5904.593272
-5736.381627
-5805.645245
-5666.597229
-5375.481721
-5212.998646
-4848.974065
-4459.431309
-4070.409332
-3440.266639
-2930.944693
-2442.974690
-1720.133319
-1106.655557
-545.776482
32.288303
469.221956
981.147797
1406.103531
1606.603479
1874.283929
2043.537132
2031.559213
2087.803354
2096.656598
2016.977398
1955.004687
1830.017706
1784.709926
1824.809916
1751.900844
1737.319029
1847.203416
1914.904697
1997.708572
2107.592959
2220.602021
2392.459119
2508.072076
2590.875950
2735.652536
2872.096657
2987.188834
3099.156338
3266.326424
3444.953651
3514.738048
3654.306843
3867.305489
3919.383398
3967.295073
3979.272992
3852.723675
3843.349651
3664.201646
3225.184877
2968.961567
2546.088949
1895.635871
1456.619102
818.143943
74.471409
-480.158317
-1277.471097
-1963.857931
-2422.143527
-3200.187480
-3778.773044
-4096.969066
-4675.554630
-5026.559733
-5267.159671
-5646.807624
-5711.384231
-5845.745235
-6086.865951
-5938.443912
-5888.449120
-5894.177690
-5605.666076
-5413.498594
-5142.172690
-4686.490991
-4342.776794
-3792.834080
-3166.857619
-2733.569420
-2087.803354
-1380.585356
-821.789397
-188.522029
339.027185
805.124466
1346.734715
1656.598271
1888.344964
2183.626706
2263.305906
2270.076034
2333.090303
2285.178627
2242.474742
2155.504635
2006.561816
1993.542339
1975.315071
1866.993022
1879.491720
1934.173524
1947.713780
2003.957921
2060.722841
2189.355275
2328.403291
2360.170816
2465.888970
2610.144777
2690.344756
2821.581085
2915.842100
3055.931674
3273.617332
3318.404333
3463.701698
3736.589939
3748.047078
3787.105510
3872.513280
3723.570461
3702.739298
3533.486095
3061.139465
2858.556400
2428.913655
1724.820331
1359.754192
735.340069
-65.097386
-565.566087
-1342.047703
-2019.060515
-2429.955213
-3227.267993
-3773.044475
-4028.226226
-4652.119571
-4992.188314
-5167.170086
-5577.544006
-5663.993334
-5798.875117
-6055.098427
-5889.490678
-5860.847828
-5891.573794
-5565.045308
-5374.960942
-5131.757109
-4639.620873
-4251.119675
-3712.113322
-3093.427768
-2636.704510
-1961.254036
-1220.706176
-658.785543
-48.432455
529.111551
1018.123112
1496.198313
1837.829393
2098.218936
2334.131861
2426.309759
2435.683783
2454.431830
2435.683783
2343.505885
2213.311113
2119.570878
2042.495573
1951.359233
1884.178731
1865.951463
1875.325487
1880.533278
1905.009895
1970.107280
2078.429330
2169.565670
2193.521508
2291.948755
2429.955213
2480.470784
2607.540881
2752.838246
2803.353817
2986.147276
3138.735548
3226.226435
3533.486095
3625.663993
3575.669201
3787.105510
3730.340590
3577.752317
3615.769191
3236.121237
2877.304447
2673.679825
1982.085199
1498.281429
1106.134778
197.375273
-393.708989
-955.108843
-1845.120300
-2297.677325
-2896.573274
-3702.218519
-3988.647016
-4509.946881
-5074.471409
-5143.214249
-5517.133632
-5822.830955
-5785.855640
-6044.162066
-6020.206229
-5810.853036
-5913.446516
-5661.389439
-5352.567441
-5237.475263
-4756.796167
-4299.552130
-3927.715863
-3289.240704
-2797.104468
-2242.995521
-1448.286637
-868.138736
-255.181752
423.393397
888.449120
1406.103531
1884.699510
2167.482554
2461.201958
2596.604520
2606.499323
2671.596709
2622.122696
2499.218831
2386.730549
2210.186439
2063.847516
1961.774815
1834.183939
1790.438496
1764.920321
1712.842412
1730.548901
1790.959275
1869.596917
1962.295594
2039.891678
2106.551401
2196.646183
2296.114988
2405.478596
2559.629205
2671.075930
2749.192792
2928.861577
3093.948547
3225.184877
3460.056244
3549.630247
3562.649724
3715.758775
3646.495157
3537.131549
3516.300385
3121.549839
2752.317467
2497.135715
1862.826789
1350.900948
888.969899
41.141548
-549.421935
-1138.943860
-1993.021560
-2456.514946
-3064.264139
-3873.034059
-4188.626185
-4690.657223
-5250.494740
-5343.193417
-5717.633580
-6006.145193
-5937.923133
-6162.899698
-6122.799708
-5849.911468
-5904.072492
-5639.516717
-5274.450578
-5099.989584
-4560.983231
-4084.991147
-3688.678263
-3012.707010
-2520.570774
-1952.921571
-1140.506197
-599.416727
-14.061035
635.871263
1074.367253
1620.143735
2066.972190
2325.278617
2657.014894
2771.586293
2785.126549
2906.988855
2845.016144
2742.422664
2659.618790
2446.620144
2334.131861
2229.455265
2026.351422
1976.356630
1909.696907
1757.108635
1737.839808
1751.380065
1757.629414
1838.350172
1852.931986
1872.721592
2006.561816
2076.866993
2154.463077
2362.253932
2441.412353
2498.698052
2742.422664
2888.761587
3025.205708
3264.764087
3290.803041
3344.964066
3522.549734
3388.188730
3310.071868
3321.529007
2911.155088
2584.626601
2336.735757
1730.028122
1296.219144
805.645245
-8.332465
-536.923237
-1153.004895
-1977.918967
-2419.018852
-3024.164150
-3776.169149
-4151.650870
-4667.742943
-5131.236330
-5286.949276
-5669.201125
-5906.155609
-5890.532236
-6069.680242
-6000.937402
-5783.251745
-5745.755650
-5492.136236
-5190.084366
-4930.215603
-4430.267680
-3991.250911
-3553.796480
-2918.445995
-2399.229247
-1811.269659
-1063.430893
-457.764816
181.751901
815.540048
1283.199667
1832.100823
2298.718883
2572.648682
2876.783668
3019.997917
3003.332986
3052.806999
2982.501823
2826.788876
2688.782418
2414.331840
2189.355275
2047.703364
1818.560567
1669.617748
1592.021664
1455.056765
1391.521716
1409.228205
1437.871055
1502.968441
1570.148943
1619.622956
1708.155400
1831.580044
1944.068326
2048.224143
2205.499427
2308.092907
2394.542235
2624.726591
2796.062910
2912.196646
3137.173211
3225.705656
3293.927716
3473.596500
3404.853661
3352.254973
3356.941985
2964.274555
2670.034371
2445.057806
1813.352776
1339.443808
827.517967
-35.933757
-602.020623
-1246.745131
-2113.842308
-2598.687637
-3287.157588
-4096.448287
-4416.727424
-4928.653265
-5429.121966
-5541.089470
-5905.114051
-6081.137382
-5979.064681
-6134.256848
-5980.627018
-5688.469951
-5662.951776
-5329.132382
-4937.506510
-4673.992292
-4125.611915
-3657.952297
-3224.664097
-2572.127903
-2085.199458
-1495.677534
-734.819290
-210.915530
360.379127
949.901052
1406.103531
1961.774815
2359.129257
2608.061660
2922.612228
3014.269347
3033.017394
3133.527758
3029.371940
2883.033017
2735.131757
2442.974690
2285.699406
2100.822831
1797.729403
1697.219040
1567.545047
1350.380169
1307.155505
1273.825643
1267.055515
1354.546401
1328.507447
1384.751588
1543.068430
1590.459327
1739.402146
1927.924175
2014.894282
2165.920217
2325.278617
2539.839600
2810.644725
2918.445995
3080.929070
3284.553692
3313.196542
3414.227685
3407.457557
3234.558900
3188.730341
2845.016144
2393.500677
2182.585147
1582.126862
957.191959
528.590772
-293.719404
-951.984168
-1476.929487
-2336.735757
-2816.894074
-3333.506926
-4186.543068
-4472.971565
-4807.311738
-5358.816790
-5419.747943
-5685.345277
-5950.942610
-5744.714092
-5854.077700
-5807.207583
-5405.686908
-5380.168732
-5113.009062
-4604.728674
-4357.358608
-3848.557442
-3312.675763
-2913.238204
-2225.809811
-1675.346318
-1178.002291
-394.229768
202.583064
723.362150
1318.612645
1771.690449
2271.117592
2686.699302
2884.074576
3115.821269
3211.644620
3158.004375
3134.569316
3003.332986
2781.481096
2528.382460
2204.978648
1955.004687
1743.047599
1440.474951
1214.977606
1101.447766
968.649099
858.243933
845.224456
882.199771
948.859494
1014.998438
1062.910114
1201.958129
1350.380169
1440.474951
1616.498281
1781.064472
1889.386522
2069.576086
2232.579940
2474.742214
2732.007083
2788.251224
2987.188834
3224.664097
3233.517342
3353.817311
3342.880950
3181.439433
3179.356317
2805.957713
2383.085095
2205.499427
1529.528174
890.011457
480.679096
-412.977815
-1057.181544
-1593.063223
-2527.861681
-2966.357671
-3496.510780
-4362.045620
-4549.005312
-4876.054578
-5396.833663
-5372.877825
-5624.414124
-5749.921883
-5459.327153
-5594.208937
-5410.894698
-4960.420790
-4962.503906
-4584.418290
-4077.179460
-3871.992501
-3303.301739
-2849.182377
-2483.074680
-1739.922925
-1314.446412
-880.116655
-101.551922
365.586918
838.454328
1388.917821
1701.385272
2189.355275
2537.235705
2576.294136
2837.725237
2924.174565
2758.046037
2754.400583
2622.643475
2374.752630
2170.086449
1851.369649
1633.683991
1494.635975
1188.417873
993.125716
960.316634
868.138736
797.312780
792.625768
854.077700
995.729611
1053.536090
1117.071138
1326.945110
1474.325591
1558.171024
1760.754088
1946.672222
2095.615040
2249.765649
2362.253932
2625.768149
2850.744714
2855.431726
3038.225185
3236.121237
3189.251120
3262.680971
3205.916050
2975.731695
2937.714821
2560.149984
2041.454015
1837.829393
1222.268514
505.155713
108.322050
-655.660869
-1372.773669
-1876.367045
-2679.929174
-3163.732944
-3553.275700
-4320.904072
-4605.249453
-4775.023435
-5208.311634
-5221.331111
-5281.741485
-5431.205083
-5159.879179
-5101.031143
-5005.728570
-4539.631288
-4388.605354
-4160.504114
-3647.015936
-3363.191334
-2942.401833
-2444.537027
-2131.028018
-1561.295698
-1058.223102
-740.027081
-142.693469
370.273930
736.381627
1216.539944
1539.943756
1852.931986
2257.577336
2394.021456
2508.592855
2660.660348
2575.773357
2505.988959
2450.786376
2250.286428
2049.265701
1777.419019
1479.533382
1355.587960
1155.088012
885.845224
773.877721
685.866056
629.101135
657.223206
663.993334
760.858244
929.590668
988.959483
1112.384127
1346.213936
1480.574940
1590.459327
1760.233309
1873.242371
1986.251432
2093.531924
2165.399438
2320.591605
2453.390272
2424.747422
2476.304552
2657.014894
2660.660348
2604.936986
2607.020102
2463.285074
2345.589001
2225.809811
1841.995625
1558.691803
1267.055515
622.331007
188.522029
-178.106447
-900.947818
-1429.538590
-1917.508593
-2545.047391
-2873.138215
-3346.005624
-3877.721071
-3941.256119
-4199.041766
-4504.218311
-4393.813144
-4447.974169
-4429.226122
-4191.230080
-4170.398917
-3902.197688
-3551.713363
-3484.012082
-3125.716071
-2754.921362
-2625.247370
-2276.325383
-1968.024164
-1701.385272
-1312.363295
-1154.046453
-877.512759
-408.811582
-193.729820
92.177898
442.141444
654.098531
984.793251
1226.434746
1378.502239
1666.493074
1743.568378
1736.798250
1891.469639
1890.948859
1813.873555
1751.380065
1608.686595
1563.378815
1482.137277
1292.052911
1274.867201
1271.221748
1171.232163
1189.459431
1238.412665
1301.426935
1398.812624
1442.037288
1533.694407
1670.659306
1711.280075
1774.815123
1887.824185
1907.613790
1901.885220
1907.613790
1933.652745
1984.689095
1950.838454
1901.885220
1928.444954
1910.217686
1910.738465
1924.799500
1834.704718
1801.895636
1709.196959
1526.924279
1482.137277
1250.911363
884.282887
723.882929
340.068743
-89.053224
-301.010311
-836.891990
-1271.221748
-1501.926883
-2072.179981
-2371.107176
-2530.465577
-3039.266743
-3165.816061
-3239.245912
-3598.062702
-3514.738048
-3522.549734
-3701.176961
-3473.075721
-3495.990001
-3525.674409
-3181.960212
-3185.084887
-3115.821269
-2811.165504
-2815.852515
-2601.812311
-2312.779919
-2244.037079
-1924.799500
-1698.260598
-1550.880117
-1083.741277
-797.312780
-531.715446
-86.970107
159.879179
559.316738
978.543902
1142.589314
1531.090511
1809.707322
1835.225497
2090.407249
2203.937090
2167.482554
2247.161754
2133.111134
2041.454015
2056.035830
1857.098219
1757.629414
1768.044995
1603.999583
1509.738569
1491.511301
1459.222998
1476.408707
1416.519113
1351.421727
1367.045099
1348.297052
1274.867201
1208.728257
1158.733465
1045.724404
893.136132
839.495886
800.437454
715.550463
666.076450
639.516717
714.508905
822.310176
854.598479
1029.580252
1207.165920
1291.011353
1464.951568
1543.589209
1625.351526
1750.338506
1574.835955
1462.347672
1442.037288
1067.597125
813.456932
585.355692
39.579210
-284.345381
-666.597229
-1227.997084
-1418.602229
-1809.186543
-2352.359129
-2447.661702
-2727.840850
-3033.538173
-3011.144672
-3274.658890
-3382.980939
-3261.639413
-3508.488699
-3480.366628
-3312.154984
-3493.386106
-3413.706906
-3290.282262
-3351.734194
-3127.278408
-3023.122591
-2963.232997
-2583.585043
-2410.165608
-2196.125404
-1674.825539
-1327.465889
-901.989376
-364.545360
10.415582
601.499844
1161.858140
1476.929487
1964.899490
2361.733153
2559.108426
2843.974586
2978.335590
3022.601812
3072.596605
2887.720029
2748.672013
2682.533069
2381.001979
2123.737111
1952.921571
1683.678783
1481.616498
1268.617852
1053.536090
998.854286
850.432247
647.328403
624.934903
559.316738
426.518071
378.606395
286.428497
214.560983
160.399958
58.848037
71.346735
134.361004
101.551922
135.923341
314.029789
502.031038
683.262160
927.507551
1192.584106
1452.973649
1741.485262
1966.461827
2151.338402
2387.251328
2423.705864
2329.965629
2356.004583
2165.399438
1821.685241
1581.085304
1115.508801
596.292053
189.042808
-439.016769
-950.942610
-1341.006145
-1998.229351
-2444.016248
-2707.009686
-3168.419956
-3385.584835
-3542.860119
-3854.286012
-3857.931465
-3906.363920
-4048.015832
-3882.408082
-3863.660035
-3903.760025
-3681.908135
-3600.145818
-3469.430268
-3163.732944
-3013.227789
-2737.735653
-2351.317571
-2069.055307
-1602.437246
-1108.217894
-705.655661
-143.214249
355.692115
825.434851
1410.790543
1868.034580
2255.494219
2624.726591
2863.764191
3090.823873
3239.766691
3211.644620
3157.483595
3009.061556
2761.170711
2511.196750
2211.227997
1881.054057
1537.860640
1164.982814
869.180294
614.519321
358.816790
148.422039
-14.061035
-111.967503
-207.270076
-293.719404
-270.805124
-247.890845
-280.699927
-264.034996
-224.976565
-164.045412
-97.385689
-41.141548
78.637642
214.040204
351.525883
550.984272
818.143943
1112.384127
1339.443808
1621.185293
1997.708572
2257.056557
2494.531820
2733.048641
2823.143423
2960.108322
2949.171961
2707.009686
2632.017498
2337.777315
1788.355380
1472.242475
931.153005
265.597334
-159.358400
-845.745235
-1425.893136
-1763.357984
-2440.891574
-2844.495365
-2977.814811
-3457.973128
-3619.414644
-3635.038017
-3889.178211
-3773.565254
-3741.276950
-3841.787314
-3539.735444
-3472.034163
-3468.388710
-3115.300490
-3021.560254
-2894.490157
-2556.504531
-2447.140923
-2140.922821
-1789.917717
-1642.537236
-1194.667222
-769.711488
-495.260910
-1.041558
391.105093
774.919279
1286.845120
1571.190501
1912.821581
2279.970836
2358.608478
2525.778565
2668.992813
2553.900635
2489.844808
2311.738361
2020.102073
1844.599521
1507.134673
1138.943860
935.840017
605.666076
307.780440
180.710343
-1.562337
-101.551922
-118.216852
-187.480471
-119.258411
-20.831163
-18.227268
103.114259
228.622019
233.829809
302.572649
374.960942
394.229768
448.390793
458.285595
461.931049
560.879075
631.705031
718.675138
907.717946
1082.178940
1260.806166
1498.802208
1761.274867
2022.705968
2256.535778
2434.642225
2567.440892
2679.408395
2714.821373
2596.604520
2436.725341
2230.496823
1821.164462
1409.748984
1025.934798
461.410270
-71.867514
-560.879075
-1141.547755
-1553.484012
-1940.422873
-2415.894178
-2612.748672
-2796.583689
-3063.222581
-3055.931674
-3078.845954
-3134.048537
-2986.147276
-2979.897927
-2960.108322
-2756.483700
-2763.253828
-2751.275909
-2597.646079
-2619.518800
-2605.457765
-2498.177273
-2463.805854
-2336.735757
-2208.624102
-2105.509843
-1820.643683
-1514.425581
-1220.706176
-836.891990
-440.579106
13.540256
461.410270
846.786793
1294.656807
1660.764504
1912.300802
2157.587751
2304.447453
2382.564316
2381.001979
2225.289032
2107.592959
1965.941048
1658.681387
1409.228205
1213.936048
978.023123
771.794605
602.541402
498.385585
477.033642
427.038850
405.166129
471.305072
536.402458
554.629726
565.566087
599.416727
594.208937
500.989480
406.728466
337.985626
221.851890
61.972711
-98.427247
-147.380481
-144.255807
-184.355796
-136.964899
44.266222
259.868764
517.654411
825.434851
1203.520467
1615.977502
1916.467035
2234.663056
2587.751276
2778.877200
2904.384960
2935.110926
2823.664202
2711.175919
2408.082491
1973.231955
1665.972295
1183.730861
577.023227
138.006458
-357.254453
-800.437454
-1140.506197
-1585.251536
-1855.015103
-1992.500781
-2263.826685
-2350.796792
-2358.608478
-2519.008437
-2559.108426
-2619.518800
-2729.403187
-2708.572024
-2872.096657
-3085.616082
-3107.488803
-3280.908239
-3439.745860
-3443.912092
-3534.006874
-3501.197792
-3386.626393
-3323.612124
-2987.709614
-2579.418811
-2270.596813
-1744.609936
-1193.104885
-693.156963
-39.058431
522.341423
1026.455578
1579.002187
1915.946256
2216.956567
2560.670763
2680.449953
2705.447349
2685.136965
2548.692844
2435.683783
2253.411103
2004.478700
1835.225497
1626.913863
1409.748984
1292.052911
1186.334757
1128.528278
1074.367253
993.646495
995.729611
974.898448
900.947818
848.349130
747.317988
596.812832
424.434955
189.563587
-18.748047
-205.707739
-468.180398
-686.386835
-815.019269
-905.114051
-936.360796
-873.346526
-730.132278
-511.925841
-212.477867
132.277888
571.294657
1049.369857
1461.306114
1893.031976
2338.298094
2659.098011
2929.382356
3112.696594
3172.586189
3202.791376
3025.726487
2755.962921
2541.401937
2115.404645
1655.556713
1275.387980
713.467347
247.890845
-136.964899
-659.827101
-949.901052
-1237.891886
-1682.116446
-1812.311218
-1993.542339
-2298.198104
-2335.173419
-2530.986356
-2753.879804
-2789.813561
-3079.887512
-3282.470576
-3334.027705
-3660.035413
-3834.496407
-3902.718467
-4123.528799
-4113.113217
-4067.805437
-4056.869076
-3787.626289
-3555.879596
-3259.035517
-2698.677221
-2203.937090
-1649.828143
-1004.582856
-428.080408
238.516821
835.850432
1331.632122
1866.472242
2238.308510
2503.385064
2751.796688
2868.971982
2933.548589
2898.656390
2770.544735
2692.427872
2539.318821
2334.131861
2211.748776
2071.659202
1922.716384
1801.895636
1689.407353
1646.703468
1571.711280
1450.890532
1361.837309
1246.224352
1092.594521
895.219248
668.159567
436.412874
134.361004
-193.729820
-473.388189
-756.171232
-1033.225706
-1275.908760
-1458.702219
-1520.674930
-1538.902198
-1518.071034
-1343.089262
-1094.677638
-807.728362
-422.872617
1.041558
456.723258
922.820540
1369.648995
1802.937194
2214.873451
2536.194146
2750.755130
2931.465472
3021.039475
2983.543381
2914.279763
2750.755130
2477.866889
2235.183835
1877.408603
1496.719092
1219.143839
808.769920
394.229768
118.737631
-255.702531
-555.150505
-780.647849
-1161.858140
-1406.624310
-1624.309968
-1997.187793
-2202.374753
-2462.243516
-2859.077179
-3091.865431
-3424.122487
-3750.130195
-3910.530153
-4230.809291
-4453.702739
-4485.470264
-4627.642954
-4591.709197
-4401.624831
-4267.784606
-3921.987293
-3535.048432
-3148.630351
-2504.947401
-1905.530674
-1354.546401
-641.599833
-36.454536
561.399854
1215.498386
1701.385272
2178.418915
2611.186335
2827.309655
3074.158942
3315.800437
3360.587439
3367.878346
3343.401729
3251.744610
3180.918654
3051.244662
2893.448599
2784.605770
2607.020102
2392.979898
2254.973440
2099.781273
1876.887824
1633.683991
1357.150297
1080.095823
769.190709
385.376523
10.415582
-366.628476
-831.163420
-1271.742527
-1631.600875
-1956.046245
-2256.014998
-2538.277263
-2685.657744
-2695.552547
-2682.533069
-2539.318821
-2252.369545
-1962.295594
-1590.459327
-1107.697115
-587.438808
-5.207791
523.382981
982.189355
1536.298302
2046.661806
2405.478596
2771.586293
3095.510884
3280.908239
3420.477034
3504.322466
3517.341944
3529.840642
3388.709509
3150.192688
3022.601812
2796.062910
2432.559108
2166.961775
1844.078742
1395.167170
1005.624414
562.441412
119.779190
-282.783043
-859.806270
-1407.665868
-1801.374857
-2344.547443
-2862.201854
-3262.680971
-3752.734090
-4153.733986
-4484.949484
-4825.539006
-4950.005208
-5072.388293
-5254.140194
-5151.546714
-4985.418186
-4822.414332
-4483.907926
-4106.343089
-3646.495157
-3085.616082
-2585.668160
-1939.381314
-1219.664618
-635.871263
-3.645454
643.162171
1229.559421
1814.915113
2292.990314
2720.029164
3139.256327
3397.562754
3606.395167
3803.770441
3895.948339
3901.156130
3814.706801
3719.404229
3620.456202
3393.396521
3133.527758
2885.636913
2566.399333
2227.892928
1855.015103
1462.868451
1099.364650
641.079054
163.003854
-245.807728
-696.281637
-1160.295803
-1597.229455
-2014.373503
-2362.253932
-2702.843454
-3001.770649
-3166.336840
-3268.409541
-3311.113426
-3269.451099
-3121.029059
-2849.182377
-2545.047391
-2183.626706
-1700.864493
-1209.249037
-688.990730
-124.986981
409.853140
992.604937
1521.716488
1963.337152
2466.409749
2900.739506
3210.082283
3529.319863
3777.731486
3974.585981
4130.819706
4136.548276
4161.545672
4159.462556
3999.062598
3847.515884
3626.705552
3303.822518
3005.936882
2579.939590
2116.446204
1708.676180
1118.112697
522.862202
32.288303
-594.729716
-1170.190605
-1719.091761
-2350.276013
-2795.542131
-3252.265389
-3772.523695
-4052.182064
-4329.757317
-4644.307885
-4730.236434
-4811.477971
-4840.120821
-4690.136444
-4616.185814
-4421.414436
-4049.578169
-3797.521092
-3439.225081
-2948.130403
-2548.692844
-2080.512447
-1588.896990
-1132.694511
-565.045308
-92.177898
301.010311
819.706281
1242.578898
1596.708676
1993.542339
2281.012395
2544.526612
2757.004479
2842.933028
2987.709614
3056.973232
2944.484949
2868.971982
2748.151234
2548.692844
2350.276013
2049.265701
1741.485262
1483.178836
1101.968545
739.506301
472.346631
113.009062
-253.619415
-558.795959
-880.637434
-1127.486720
-1378.502239
-1664.930736
-1826.893032
-1978.960525
-2170.607228
-2231.538381
-2227.372149
-2242.474742
-2192.479950
-2096.135819
-1910.738465
-1638.371003
-1392.563275
-1109.780231
-724.924487
-354.129778
12.498698
445.786897
875.950422
1279.033434
1632.642433
1975.835850
2359.129257
2685.136965
2924.695344
3154.879700
3354.338090
3508.488699
3625.663993
3705.343193
3787.105510
3775.127591
3662.639308
3586.605562
3466.826372
3261.639413
3016.873242
2668.992813
2310.696802
1939.381314
1436.829497
965.003645
510.363504
-99.989584
-665.034892
-1160.816582
-1697.739819
-2151.859181
-2633.579835
-3101.239454
-3386.105614
-3689.719821
-3968.857411
-4062.597646
-4182.897615
-4268.305385
-4241.224872
-4216.227476
-4062.597646
-3878.762629
-3769.919800
-3535.569212
-3264.764087
-3031.455057
-2704.926570
-2382.043537
-2051.348818
-1676.908655
-1353.504843
-957.712738
-493.698573
-140.610353
236.433705
645.245287
985.314030
1359.233413
1683.678783
1920.633267
2183.105926
2323.195500
2379.439642
2488.282471
2485.157796
2376.835746
2254.973440
2058.639725
1845.641079
1628.476200
1326.424331
1042.599729
792.625768
480.158317
194.250599
-19.268826
-229.663577
-441.620665
-625.455682
-778.043954
-890.532236
-974.898448
-1061.347776
-1120.195813
-1145.713988
-1182.689303
-1193.104885
-1139.985418
-1088.949068
-1039.475055
-945.214040
-817.102385
-646.286845
-434.329757
-222.893449
26.038954
314.029789
599.416727
919.695865
1248.828247
1557.650245
1844.078742
2106.551401
2360.691595
2585.668160
2744.505781
2854.390168
2936.152484
2960.108322
2948.130403
2914.279763
2823.664202
2704.926570
2573.690241
2392.459119
2213.831893
2043.016352
1814.915113
1582.647641
1351.942506
1064.993230
808.249141
540.568691
197.896052
-106.238933
-430.163525
-819.706281
-1135.298406
-1451.932090
-1813.352776
-2104.468285
-2415.894178
-2706.488907
-2874.179773
-3059.056348
-3237.162796
-3301.218623
-3374.127695
-3402.770545
-3327.257577
-3282.470576
-3169.461514
-3021.560254
-2923.653786
-2718.987605
-2486.720133
-2318.508489
-2094.573482
-1871.159254
-1680.033330
-1434.225601
-1201.958129
-964.482866
-691.594626
-485.886887
-267.159671
8.853244
259.347985
500.468701
727.007603
921.258202
1134.777627
1317.050307
1458.702219
1612.332049
1718.050203
1741.485262
1750.859285
1771.169670
1753.983960
1678.470993
1583.689199
1471.721696
1341.526924
1217.060723
1078.533486
942.610145
811.894594
642.641392
493.698573
408.811582
298.406416
170.815540
60.410374
-60.410374
-147.901260
-231.746693
-339.547964
-405.686908
-479.637538
-590.042704
-642.120612
-654.098531
-669.201125
-674.408916
-660.347880
-603.582960
-507.759608
-404.645349
-249.453182
-70.825956
94.261014
287.990834
493.698573
734.819290
974.898448
1154.046453
1326.945110
1525.882721
1679.512551
1824.809916
1958.129362
2044.578690
2118.008541
2164.878658
2190.396834
2251.327987
2269.555255
2209.144881
2181.022810
2138.318925
2048.224143
1962.295594
1821.164462
1620.664514
1438.391834
1178.002291
885.324445
629.101135
278.616811
-126.028539
-480.158317
-878.033538
-1280.595771
-1636.808666
-2052.390376
-2402.874701
-2695.552547
-3027.809603
-3255.910843
-3413.706906
-3616.810749
-3719.925008
-3762.108114
-3808.978231
-3741.276950
-3667.326320
-3610.040621
-3425.684824
-3239.245912
-3058.014790
-2778.356421
-2524.737007
-2258.098115
-1935.735861
-1631.600875
-1263.930841
-872.304968
-542.131028
-172.377877
206.228518
567.649203
941.047808
1264.451620
1571.190501
1863.347568
2082.074784
2292.469534
2472.138319
2556.504531
2630.975940
2623.685033
2562.233101
2522.653890
2373.711072
2186.230601
2021.664410
1762.316425
1507.134673
1274.867201
979.064681
723.362150
477.033642
172.898656
-50.515571
-244.766170
-479.116759
-650.973857
-817.102385
-981.668576
-1084.262056
-1185.293199
-1266.534736
-1297.781481
-1343.610041
-1354.546401
-1311.321737
-1246.224352
-1151.963337
-1035.829601
-880.116655
-691.073846
-467.659619
-209.353192
46.349339
321.320696
622.851786
912.404958
1222.268514
1523.799604
1772.211228
2004.999479
2224.768253
2400.270805
2563.795438
2664.826581
2721.070722
2779.397979
2774.190189
2746.068118
2702.843454
2607.540881
2513.800646
2377.356525
2200.291636
2055.515051
1860.222893
1611.811270
1383.189251
1087.907510
774.919279
484.324550
116.654515
-247.370066
-611.915425
-1038.954276
-1418.081450
-1764.920321
-2151.859181
-2489.844808
-2820.539527
-3118.945943
-3304.864077
-3504.322466
-3665.763983
-3723.570461
-3784.501614
-3793.875638
-3704.822414
-3622.539319
-3484.012082
-3320.487449
-3177.273201
-2936.152484
-2682.012290
-2462.764295
-2175.815019
-1893.552755
-1627.955421
-1315.487970
-1012.915321
-696.281637
-355.171336
-72.909072
230.705135
564.003750
855.119258
1142.589314
1397.771066
1613.894386
1826.372253
1983.647537
2110.717634
2223.726695
2259.139673
2245.078638
2214.352672
2159.670868
2071.138423
1924.278721
1749.817727
1593.063223
1407.665868
1205.082804
1030.621810
842.099781
652.015415
467.138840
290.594730
160.920737
29.684408
-116.133736
-227.059681
-328.611603
-416.623268
-489.011561
-554.629726
-592.646599
-634.829705
-685.866056
-688.469951
-668.680346
-649.411520
-620.247891
-578.585564
-498.385585
-391.625872
-291.115509
-148.422039
11.457140
152.588272
335.381731
525.466097
708.259556
896.781585
1044.162066
1185.293199
1352.463285
1467.555463
1559.212582
1646.182689
1671.700864
1697.219040
1706.072284
1679.512551
1670.138527
1621.185293
1531.611290
1483.699615
1421.206124
1329.028226
1264.451620
1168.628268
1066.034788
981.668576
862.410166
744.193313
624.414124
438.495990
248.932403
68.222060
-169.253203
-404.645349
-656.702427
-960.837413
-1238.412665
-1511.821685
-1798.250182
-2039.370899
-2283.095511
-2521.091553
-2702.843454
-2846.578481
-2952.296636
-3019.477138
-3059.577127
-3060.618686
-3019.477138
-2956.462868
-2858.035621
-2726.278513
-2596.604520
-2442.974690
-2262.785127
-2078.429330
-1873.242371
-1668.055411
-1447.765858
-1208.207478
-959.795855
-695.240079
-412.977815
-120.820748
167.170086
468.180398
775.440058
1075.929591
1373.294448
1639.933340
1884.178731
2108.634517
2287.782523
2432.038329
2544.526612
2591.917509
2588.272055
2560.149984
2473.700656
2351.838350
2208.103323
2020.102073
1817.519008
1603.478804
1373.815228
1142.068535
911.884179
679.095928
454.119363
248.932403
47.911676
-130.715550
-314.550568
-485.366108
-628.580356
-776.481616
-916.050411
-1033.746485
-1153.004895
-1254.036038
-1350.900948
-1419.643787
-1450.369753
-1486.824289
-1483.699615
-1434.746381
-1376.939902
-1264.451620
-1112.384127
-949.380273
-732.215394
-496.302468
-251.536298
40.620769
335.381731
613.477763
900.427039
1163.941256
1409.748984
1643.578794
1824.809916
1974.794292
2099.260494
2166.961775
2213.311113
2244.557859
2218.518904
2179.460473
2118.529320
2035.725445
1959.170920
1857.098219
1743.047599
1636.287887
1522.237267
1377.460681
1236.850328
1091.552963
913.967295
718.154359
490.053119
230.184356
-18.227268
-311.425893
-641.599833
-954.588064
-1295.698365
-1642.537236
-1944.589105
-2246.640975
-2528.382460
-2755.962921
-2968.961567
-3106.447245
-3179.356317
-3242.891365
-3225.705656
-3162.170607
-3073.638163
-2915.321321
-2740.339548
-2549.734403
-2315.383814
-2105.509843
-1873.242371
-1611.290491
-1395.687949
-1157.171128
-906.676388
-702.530986
-462.451828
-224.976565
-19.268826
235.392147
459.327153
667.638788
929.590668
1146.234767
1361.837309
1585.251536
1752.421623
1914.383918
2057.077388
2133.631913
2198.729299
2216.956567
2158.108530
2095.615040
1981.564420
1815.956671
1636.808666
1412.352880
1175.398396
943.651703
697.843975
461.931049
248.411624
27.080512
-154.671388
-300.489532
-428.080408
-517.654411
-602.020623
-668.680346
-704.614103
-732.736173
-751.484220
-754.608895
-760.858244
-771.794605
-775.440058
-770.753047
-755.650453
-745.234871
-738.464743
-704.614103
-654.098531
-594.729716
-502.031038
-395.792105
-274.450578
-137.485679
16.664931
198.416832
386.418081
571.815436
750.963441
924.903656
1082.699719
1226.955525
1338.923029
1424.851578
1492.032080
1510.259348
1501.406104
1472.242475
1423.810020
1344.651599
1244.662014
1133.215290
1027.497136
923.862098
811.373815
711.905010
618.685554
529.632330
464.534944
410.373919
362.983023
328.090824
273.409020
234.350588
204.145402
139.048016
73.429851
-9.894803
-129.153213
-233.309030
-365.066139
-534.840121
-674.929695
-847.828351
-1032.704927
-1172.273721
-1329.549005
-1468.597021
-1563.899594
-1674.304760
-1730.028122
-1737.839808
-1769.607333
-1746.172274
-1694.094365
-1667.534632
-1588.896990
-1517.550255
-1460.785335
-1358.191855
-1309.759400
-1272.263306
-1182.689303
-1134.777627
-1093.636080
-1011.352984
-965.524425
-886.886783
-772.836163
-680.137486
-524.424539
-353.088220
-199.979169
16.144152
246.328507
452.036246
696.802416
905.634830
1088.428289
1292.052911
1426.934694
1536.298302
1634.204770
1648.265806
1640.974898
1626.393084
1542.026872
1450.369753
1338.402250
1179.564629
1051.452974
915.008853
756.692011
648.890741
523.903760
396.833663
314.550568
215.081762
136.964899
80.720758
-18.227268
-97.906468
-172.898656
-284.345381
-371.315488
-480.158317
-616.602437
-717.633580
-842.099781
-968.128320
-1041.037392
-1127.486720
-1189.459431
-1208.207478
-1218.102281
-1170.711384
-1095.198417
-1005.103635
-867.617956
-708.780335
-532.757004
-324.445370
-115.092178
94.261014
318.716800
516.612853
718.675138
913.446516
1073.325695
1227.997084
1348.817831
1457.660660
1560.254140
1625.351526
1682.116446
1746.693053
1761.274867
1791.480054
1827.413811
1813.352776
1819.602125
1816.477450
1779.502135
1763.878763
1711.800854
1623.268410
1567.024268
1458.181439
1318.091865
1195.188001
1011.352984
816.581606
630.663473
374.960942
138.006458
-92.177898
-395.271326
-656.702427
-905.114051
-1202.999688
-1446.724300
-1676.387876
-1924.278721
-2112.279971
-2295.594209
-2473.700656
-2572.648682
-2674.200604
-2753.359025
-2770.544735
-2786.688887
-2768.461619
-2699.198000
-2648.161650
-2547.651286
-2404.957817
-2285.178627
-2114.363087
-1928.965733
-1752.421623
-1523.278825
-1295.698365
-1067.597125
-790.542652
-530.673888
-260.910322
42.703885
317.154463
606.186856
906.155609
1154.567233
1420.685345
1661.285283
1839.912509
2024.789084
2157.066972
2227.372149
2295.594209
2290.907197
2241.433184
2169.565670
2031.038433
1865.951463
1684.720342
1459.222998
1231.121758
995.208832
732.215394
495.260910
258.827205
13.019477
-188.522029
-384.855744
-581.710239
-729.090720
-869.701073
-995.208832
-1080.095823
-1162.899698
-1220.706176
-1257.681492
-1284.241225
-1287.365899
-1264.972399
-1235.287991
-1184.251640
-1110.301010
-1017.602333
-896.781585
-762.420581
-611.394646
-439.537548
-257.264868
-56.764920
155.192167
365.586918
586.918029
788.459535
986.876367
1187.376315
1358.191855
1514.425581
1646.182689
1735.235913
1820.122904
1872.721592
1882.095615
1884.699510
1847.724195
1777.939798
1708.676180
1617.539840
1498.281429
1386.834705
1246.745131
1105.093219
972.815332
821.789397
678.575148
538.485574
389.542756
254.660973
120.820748
-18.227268
-142.693469
-274.971357
-399.958338
-516.612853
-635.871263
-741.589418
-838.454328
-950.421831
-1033.225706
-1109.259452
-1192.584106
-1240.495782
-1300.385377
-1352.984064
-1368.607437
-1396.208728
-1408.186647
-1397.250286
-1400.895740
-1386.313926
-1352.984064
-1338.402250
-1297.781481
-1259.764608
-1227.476305
-1171.752942
-1136.339965
-1094.156859
-1033.225706
-979.064681
-924.903656
-860.327049
-795.229664
-716.592022
-632.225810
-547.859598
-449.432351
-340.589522
-225.497344
-104.676596
19.268826
150.505156
276.012915
396.833663
523.382981
642.641392
744.714092
831.684200
904.072492
965.003645
1008.228310
1019.164670
1025.934798
1008.749089
975.419227
937.402354
880.116655
810.332257
729.611499
644.203729
569.211540
484.845329
395.271326
312.988230
229.142798
146.859702
82.803875
8.332465
-63.014269
-114.050620
-185.918134
-239.558379
-280.699927
-331.736277
-366.107697
-406.207687
-449.953130
-460.889491
-471.305072
-476.512863
-461.410270
-445.786897
-418.706385
-378.606395
-335.381731
-265.076555
-179.148005
-97.906468
4.687012
105.718154
205.707739
332.777836
442.141444
549.942714
672.325799
777.002396
882.199771
992.084158
1072.284137
1150.921779
1224.872409
1281.637329
1336.839913
1370.690553
1385.272367
1400.374961
1396.729507
1375.377565
1346.213936
1291.011353
1220.706176
1138.423081
1036.871159
921.778981
789.501094
643.682950
486.407666
315.592126
136.444120
-47.911676
-233.309030
-417.664827
-604.624518
-791.063431
-961.878971
-1127.486720
-1281.637329
-1418.602229
-1548.797000
-1662.847620
-1750.859285
-1827.934590
-1882.095615
-1920.112488
-1957.608582
-1957.608582
-1936.256640
-1913.863139
-1858.660556
-1800.854078
-1724.299552
-1613.373607
-1495.156755
-1364.441204
-1210.811374
-1048.849078
-872.304968
-693.156963
-514.008957
-311.946672
-117.175294
75.512967
256.744089
424.434955
591.605041
743.151755
871.263410
990.001042
1079.575044
1146.755546
1204.041246
1239.454224
1259.764608
1259.243829
1232.684095
1197.271118
1160.295803
1093.636080
1016.560775
926.986772
826.997188
725.445266
606.186856
484.324550
356.733674
217.164879
91.136340
-30.205187
-168.211645
-290.594730
-398.916780
-497.344027
-582.231018
-655.140090
-704.614103
-722.841371
-742.110197
-738.464743
-707.738777
-660.868660
-595.771274
-523.903760
-436.933653
-334.860952
-233.829809
-129.673992
-17.706489
93.219456
197.375273
296.844079
396.312884
498.385585
583.793355
655.660869
731.694615
792.625768
847.828351
896.260806
936.881575
970.732215
982.710134
989.480262
995.729611
987.917925
957.712738
924.903656
890.011457
832.204979
767.107593
696.281637
622.331007
535.881679
441.620665
349.442766
248.411624
154.150609
63.014269
-35.933757
-123.945422
-213.519425
-301.010311
-376.002500
-449.953130
-518.695969
-580.668680
-633.267368
-681.699823
-725.445266
-759.295907
-782.210186
-801.479013
-813.456932
-816.060827
-810.853036
-802.520571
-779.085512
-750.963441
-722.320592
-684.303718
-639.516717
-595.771274
-549.942714
-497.864806
-449.953130
-393.708989
-339.547964
-293.198625
-246.328507
-202.583064
-164.045412
-130.715550
-94.261014
-66.659723
-48.432455
-20.310384
-3.124675
4.166233
22.393501
37.496094
43.224664
50.515571
51.036350
49.994792
51.557129
45.828560
31.767524
23.435059
4.166233
-10.415582
-25.518175
-44.266222
-62.493490
-75.512967
-93.219456
-108.322050
-117.175294
-120.820748
-120.820748
-117.175294
-97.906468
-85.407770
-69.784397
-40.099990
-10.415582
15.623373
45.828560
68.222060
89.574003
118.216852
137.485679
155.712947
174.460994
182.793459
195.812936
205.707739
214.560983
227.059681
236.433705
249.973961
268.722008
286.428497
306.218102
335.381731
355.171336
379.127174
408.290803
435.892095
460.368712
477.554421
489.532340
499.947922
510.884283
500.989480
492.136236
484.845329
464.534944
451.515467
435.892095
408.811582
387.459640
370.794709
345.797313
326.528487
312.467451
291.115509
276.533694
257.264868
232.267472
219.247995
194.250599
166.128528
139.048016
105.197375
57.806478
16.144152
-33.850641
-90.094782
-136.444120
-190.605145
-247.370066
-294.760962
-346.838871
-393.708989
-429.642746
-474.950526
-497.344027
-519.737527
-541.610249
-546.818040
-553.588168
-554.108947
-541.089470
-524.424539
-511.405062
-492.657015
-470.263514
-441.620665
-413.498594
-378.085616
-338.506406
-301.010311
-266.638892
-222.893449
-185.918134
-146.338923
-103.635038
-64.576607
-28.122071
9.374024
30.725966
57.806478
76.033746
84.366212
91.657119
88.532445
76.554526
58.327258
29.163629
-5.728570
-41.141548
-95.302573
-139.568795
-182.793459
-232.788251
-283.303823
-329.653161
-374.960942
-414.540152
-445.786897
-471.825851
-481.720654
-497.344027
-500.468701
-481.720654
-464.014165
-436.412874
-400.479117
-349.963545
-293.719404
-231.225914
-159.879179
-82.803875
-7.290907
70.305177
157.275284
235.392147
321.320696
399.958338
475.992084
550.984272
606.186856
669.201125
718.675138
760.858244
795.750443
817.102385
834.288095
846.786793
841.058223
835.329653
821.268618
790.542652
758.775128
724.924487
673.367358
618.685554
555.671284
481.199875
416.102489
336.423289
257.785647
177.064889
92.177898
14.061035
-55.723362
-124.466201
-184.355796
-234.871368
-272.888241
-301.010311
-323.924591
-331.736277
-317.675242
-311.425893
-299.968753
-267.159671
-239.558379
-211.957088
-174.981773
-146.338923
-118.737631
-88.011665
-60.931153
-25.518175
1.041558
19.789605
38.537652
55.202583
65.618165
88.011665
100.510364
100.510364
107.801271
111.967503
104.155817
98.948026
85.928549
59.889595
31.767524
4.687012
-31.767524
-81.241537
-128.632434
-182.272680
-239.037600
-293.198625
-350.484325
-398.916780
-441.099885
-480.679096
-519.216748
-548.380377
-557.754401
-570.773878
-574.419331
-572.856994
-567.128424
-550.984272
-529.632330
-508.280387
-477.033642
-455.681700
-432.767420
-405.686908
-372.357046
-339.027185
-311.946672
-274.971357
-236.433705
-190.605145
-146.859702
-98.427247
-49.474013
5.207791
68.222060
127.070097
181.751901
237.475263
293.719404
347.880429
396.312884
440.058327
477.554421
511.925841
531.194667
552.546610
563.482971
562.962191
572.856994
571.815436
562.962191
552.025831
535.881679
516.092074
495.260910
474.429747
445.266118
419.227164
382.772628
353.608999
317.675242
271.325904
235.392147
188.001250
143.214249
91.657119
34.892199
-13.019477
-64.576607
-120.299969
-161.962296
-204.666181
-245.286949
-281.741485
-303.614207
-323.403812
-332.777836
-341.110301
-338.506406
-323.924591
-316.633684
-305.697323
-269.763566
-242.683054
-223.935007
-194.250599
-168.211645
-139.568795
-122.383085
-93.219456
-70.825956
-52.077909
-41.141548
-29.684408
-11.457140
-2.603895
6.770128
16.144152
21.872722
30.725966
40.099990
40.099990
48.432455
51.557129
49.474013
51.557129
44.787001
39.579210
34.371420
14.581814
1.562337
-10.415582
-32.288303
-40.099990
-44.266222
-59.889595
-71.346735
-79.158421
-81.241537
-79.158421
-82.283096
-71.867514
-54.681804
-45.828560
-19.789605
-2.083116
9.374024
41.141548
58.327258
69.263618
93.219456
101.031143
113.529841
128.111655
131.757109
130.715550
131.236330
130.715550
131.757109
126.549318
111.967503
110.405166
99.989584
89.574003
90.094782
78.116863
64.055828
59.889595
54.161025
46.349339
40.099990
31.767524
30.205187
24.476617
12.498698
10.415582
6.770128
-7.811686
-0.520779
-8.853244
-9.894803
-13.019477
-21.351943
-18.748047
-21.351943
-30.205187
-29.684408
-31.767524
-40.620769
-40.099990
-45.828560
-57.285699
-60.410374
-63.535048
-77.075305
-91.657119
-109.884387
-124.986981
-143.735028
-165.607749
-184.355796
-203.624622
-231.225914
-247.890845
-264.034996
-283.303823
-301.010311
-319.758359
-321.320696
-326.528487
-329.653161
-319.758359
-315.071347
-299.447974
-282.262264
-259.868764
-225.497344
-197.375273
-158.316842
-114.050620
-66.138944
-17.706489
31.246745
88.011665
140.610353
187.480471
244.766170
292.157067
336.423289
385.897302
431.725862
471.305072
500.989480
529.632330
550.984272
565.566087
580.668680
580.147901
568.690761
557.233621
537.444016
504.114155
468.701177
432.246641
386.938861
333.819394
275.492136
222.893449
159.358400
91.657119
34.371420
-33.329861
-96.864910
-158.837621
-218.727216
-268.201229
-317.675242
-369.232372
-405.686908
-432.767420
-461.410270
-484.324550
-492.657015
-493.698573
-487.449224
-471.825851
-449.953130
-420.789501
-382.251849
-339.547964
-296.323300
-247.890845
-193.209041
-136.964899
-82.283096
-26.559733
28.122071
75.512967
121.341527
167.690866
201.541506
237.475263
266.638892
292.157067
312.988230
322.883033
329.132382
333.298615
329.132382
316.112905
307.259660
289.553172
260.389543
234.350588
201.020727
163.524633
123.424643
75.512967
26.559733
-24.476617
-73.429851
-120.820748
-172.377877
-220.810332
-265.597334
-307.259660
-347.880429
-374.440162
-394.229768
-418.706385
-431.725862
-432.246641
-432.767420
-430.684304
-415.581710
-396.312884
-371.315488
-345.797313
-316.112905
-285.386939
-249.453182
-209.353192
-171.857098
-126.549318
-80.199979
-36.975315
8.332465
58.848037
101.551922
143.735028
191.125924
231.225914
273.409020
312.988230
348.921987
377.564837
405.166129
427.559629
447.349234
459.847933
459.327153
448.911572
436.412874
419.227164
398.396000
371.315488
337.985626
299.447974
259.868764
222.372670
179.668785
139.048016
93.219456
51.036350
14.061035
-18.748047
-59.368816
-93.219456
-119.779190
-147.901260
-175.502552
-199.979169
-217.685658
-233.309030
-243.203833
-251.536298
-255.181752
-251.536298
-247.890845
-235.392147
-219.247995
-202.583064
-176.023331
-146.859702
-110.925945
-82.283096
-46.870118
-16.664931
10.415582
38.537652
66.138944
90.615561
107.280492
123.945422
130.715550
138.527237
141.131132
140.610353
140.610353
133.840225
126.549318
115.612957
103.114259
85.928549
71.346735
58.848037
41.662327
25.518175
8.332465
-16.664931
-34.892199
-50.515571
-65.097386
-83.324654
-96.344131
-110.925945
-124.466201
-138.006458
-141.651911
-140.089574
-148.942818
-150.505156
-142.172690
-140.089574
-141.651911
-137.485679
-130.194771
-122.903864
-119.258411
-111.446724
-109.884387
-110.925945
-110.925945
-110.925945
-110.405166
-102.072701
-99.989584
-101.031143
-99.989584
-101.551922
-91.657119
-90.615561
-84.366212
-70.825956
-63.014269
-56.244141
-43.745443
-34.371420
-19.789605
-8.853244
1.041558
18.748047
34.892199
51.036350
70.825956
93.219456
109.363608
133.840225
154.150609
178.627226
202.583064
221.331111
243.724612
262.993438
277.054473
290.594730
304.655765
312.988230
319.758359
331.215498
324.966149
320.799917
312.467451
296.844079
287.990834
263.514217
234.350588
207.790855
177.064889
135.402562
98.948026
54.161025
9.374024
-30.725966
-74.471409
-124.986981
-166.128528
-207.790855
-239.037600
-266.638892
-304.655765
-324.966149
-343.714196
-352.046662
-359.337569
-363.503802
-356.733674
-346.838871
-333.298615
-312.988230
-283.303823
-256.744089
-227.580460
-191.125924
-166.649307
-134.881783
-93.219456
-56.244141
-20.831163
13.019477
48.432455
82.283096
118.216852
146.859702
174.460994
202.062285
230.705135
252.057077
265.597334
275.492136
282.262264
281.220706
274.450578
267.680450
255.181752
234.871368
206.749297
178.627226
152.067493
118.737631
80.720758
44.787001
0.520779
-44.266222
-84.886991
-124.986981
-159.879179
-190.605145
-228.622019
-264.034996
-292.677846
-314.029789
-332.777836
-342.672638
-358.296011
-363.503802
-361.941464
-359.337569
-347.880429
-336.423289
-316.633684
-295.281741
-261.951880
-231.225914
-189.563587
-148.422039
-104.676596
-59.889595
-7.811686
46.349339
93.740235
142.172690
193.729820
241.641496
287.990834
331.215498
362.983023
399.958338
430.163525
448.911572
467.659619
477.554421
473.388189
472.867410
468.180398
448.390793
422.872617
394.229768
361.941464
326.007708
284.345381
237.475263
189.042808
139.568795
92.698677
39.579210
-10.936361
-58.327258
-106.759713
-148.942818
-192.167483
-227.580460
-262.472659
-294.240183
-317.154463
-337.985626
-357.254453
-369.232372
-373.398604
-379.127174
-371.315488
-361.941464
-346.838871
-324.966149
-297.885637
-269.763566
-230.184356
-191.646703
-153.629830
-106.759713
-64.055828
-18.227268
28.122071
72.388293
110.405166
147.380481
176.023331
203.624622
231.225914
248.411624
260.389543
261.951880
261.431101
256.744089
244.245391
225.497344
207.790855
183.835017
155.192167
120.299969
88.011665
54.161025
9.894803
-26.038954
-60.410374
-104.676596
-142.693469
-176.544110
-211.957088
-240.599938
-267.159671
-289.032392
-301.531091
-308.301219
-322.362254
-318.196021
-307.259660
-298.927195
-277.054473
-258.827205
-238.516821
-201.541506
-165.086970
-131.757109
-89.053224
-50.515571
-12.498698
30.725966
70.305177
107.280492
140.610353
178.106447
214.560983
241.120717
270.284345
295.281741
315.071347
328.611603
338.506406
342.151859
349.963545
349.442766
338.506406
331.215498
317.154463
296.844079
277.054473
255.181752
228.622019
196.333715
161.441517
134.361004
98.948026
60.931153
30.725966
3.124675
-32.288303
-63.014269
-89.053224
-118.737631
-143.214249
-163.524633
-188.522029
-200.499948
-210.394751
-226.018123
-231.746693
-231.746693
-231.746693
-230.705135
-231.225914
-220.289553
-205.707739
-192.688262
-173.940215
-159.358400
-146.338923
-128.632434
-113.529841
-102.593480
-82.283096
-66.138944
-52.598688
-38.016873
-29.684408
-22.914280
-12.498698
-10.415582
-5.728570
5.207791
10.415582
9.374024
15.102593
21.351943
18.748047
23.435059
30.205187
31.246745
40.620769
40.099990
41.141548
46.870118
55.202583
59.889595
66.138944
72.388293
82.283096
86.449328
84.366212
97.385689
100.510364
103.635038
111.967503
109.363608
112.488282
119.258411
121.341527
118.737631
110.925945
107.280492
98.948026
102.072701
95.823352
90.615561
83.845433
71.346735
66.659723
56.764920
43.745443
30.205187
14.581814
-1.041558
-10.936361
-26.559733
-39.579210
-54.161025
-66.138944
-87.490886
-106.238933
-118.216852
-123.424643
-133.319446
-141.131132
-141.131132
-150.505156
-150.505156
-151.546714
-143.214249
-140.610353
-135.923341
-127.590876
-122.383085
-112.488282
-101.551922
-90.615561
-76.033746
-66.659723
-54.681804
-39.579210
-29.163629
-17.706489
-3.124675
10.415582
24.476617
37.496094
57.806478
77.075305
83.845433
101.551922
118.216852
122.383085
132.798667
140.089574
141.651911
138.527237
130.715550
130.194771
118.737631
104.155817
91.136340
75.512967
54.161025
35.412978
20.310384
-0.520779
-20.831163
-35.933757
-53.640246
-69.784397
-80.720758
-89.053224
-100.510364
-111.446724
-109.884387
-111.967503
-108.322050
-101.551922
-97.385689
-90.615561
-85.928549
-70.825956
-57.285699
-44.266222
-26.038954
-10.415582
7.290907
25.518175
45.307780
59.368816
74.471409
93.219456
102.593480
114.050620
132.798667
147.380481
153.629830
160.920737
161.441517
160.399958
161.441517
156.754505
146.338923
133.840225
118.737631
106.759713
87.490886
66.659723
48.953234
25.518175
-3.124675
-29.684408
-59.368816
-80.199979
-103.114259
-124.466201
-147.901260
-168.732424
-185.397354
-198.416832
-204.145402
-211.436309
-218.206437
-222.372670
-208.832413
-201.541506
-197.896052
-180.189564
-163.524633
-147.901260
-126.549318
-100.510364
-79.679200
-59.889595
-36.454536
-15.102593
7.811686
38.016873
54.681804
72.388293
97.906468
115.092178
125.507760
141.651911
155.192167
160.399958
162.483075
170.815540
170.815540
171.336319
166.649307
151.546714
140.610353
129.673992
115.092178
103.114259
91.136340
71.346735
54.681804
41.662327
22.914280
8.332465
-5.728570
-17.706489
-27.601292
-42.183106
-55.723362
-61.451932
-58.848037
-66.659723
-70.825956
-70.305177
-70.305177
-70.305177
-70.305177
-70.825956
-67.180502
-59.368816
-60.931153
-58.848037
-49.474013
-51.557129
-44.787001
-40.099990
-32.809082
-29.163629
-30.205187
-21.872722
-18.748047
-23.955838
-24.997396
-19.268826
-20.831163
-19.789605
-20.831163
-20.310384
-20.310384
-20.310384
-19.789605
-20.310384
-12.498698
-8.853244
-16.144152
-13.019477
-0.520779
10.936361
19.268826
28.642850
39.058431
54.161025
66.659723
76.554526
89.574003
104.676596
111.446724
115.612957
126.549318
131.236330
136.444120
142.693469
135.402562
130.194771
130.715550
122.903864
110.405166
101.031143
93.740235
79.158421
66.138944
49.474013
29.163629
14.581814
-5.728570
-24.997396
-36.454536
-57.806478
-78.116863
-95.823352
-114.571399
-132.277888
-147.901260
-166.128528
-177.585668
-188.001250
-199.979169
-202.062285
-199.979169
-207.790855
-209.873971
-199.458390
-190.605145
-179.668785
-163.003854
-146.338923
-130.194771
-110.925945
-93.740235
-65.618165
-45.307780
-20.831163
2.603895
20.831163
42.703885
56.764920
75.512967
90.615561
104.155817
117.175294
123.945422
131.236330
130.194771
137.485679
141.651911
148.422039
152.067493
149.463598
152.067493
145.297365
140.610353
140.610353
131.757109
120.820748
105.718154
99.989584
90.094782
72.909072
54.681804
35.933757
12.498698
-8.332465
-24.997396
-45.307780
-61.972711
-77.075305
-88.011665
-98.427247
-99.989584
-105.718154
-111.967503
-103.114259
-97.385689
-88.532445
-75.512967
-62.493490
-53.119467
-35.412978
-19.268826
-9.894803
3.124675
21.351943
36.454536
40.099990
47.390897
59.889595
64.576607
79.679200
79.679200
82.803875
91.136340
91.136340
101.031143
99.468805
105.718154
111.446724
104.155817
96.864910
90.615561
90.094782
77.596084
63.014269
50.515571
26.559733
5.207791
-18.227268
-47.911676
-65.618165
-92.698677
-113.529841
-136.444120
-158.837621
-173.419435
-189.042808
-200.499948
-208.832413
-215.081762
-222.893449
-219.247995
-209.873971
-197.375273
-188.001250
-174.981773
-160.920737
-146.338923
-121.341527
-101.551922
-83.845433
-57.285699
-30.205187
-11.457140
15.102593
43.224664
71.346735
98.427247
127.070097
149.984377
170.815540
190.084366
209.353192
222.372670
226.018123
235.912926
239.037600
231.225914
224.455786
214.560983
199.979169
182.272680
158.837621
137.485679
115.092178
84.886991
58.848037
29.684408
-3.645454
-24.476617
-52.598688
-80.199979
-98.948026
-116.133736
-129.153213
-147.901260
-160.920737
-160.399958
-169.253203
-171.857098
-170.294761
-171.336319
-163.524633
-157.796063
-144.255807
-135.923341
-118.737631
-99.989584
-80.720758
-59.368816
-39.058431
-18.227268
8.332465
35.933757
48.953234
70.825956
90.094782
116.133736
128.632434
135.402562
141.651911
149.984377
146.338923
140.089574
139.048016
128.111655
116.654515
106.238933
94.261014
78.637642
60.931153
45.828560
33.329861
18.748047
5.728570
-12.498698
-27.080512
-35.933757
-45.828560
-58.327258
-66.138944
-73.429851
-80.199979
-80.720758
-79.158421
-86.449328
-90.615561
-83.324654
-76.033746
-70.825956
-65.618165
-58.327258
-47.911676
-36.975315
-26.038954
-14.581814
-7.290907
9.894803
26.559733
34.892199
42.183106
48.432455
51.557129
49.474013
52.077909
52.598688
50.515571
45.828560
32.288303
27.601292
17.706489
5.728570
-4.687012
-16.144152
-26.559733
-34.892199
-44.266222
-53.119467
-63.535048
-70.305177
-70.825956
-80.199979
-80.199979
-80.720758
-80.199979
-70.305177
-70.825956
-68.222060
-59.368816
-49.474013
-41.662327
-34.892199
-20.831163
-6.249349
2.603895
15.623373
29.684408
43.745443
56.764920
65.618165
79.679200
91.657119
99.468805
106.238933
111.446724
109.884387
114.571399
110.405166
111.967503
106.238933
99.989584
98.427247
80.199979
69.784397
58.327258
46.870118
36.975315
15.623373
-0.520779
-10.936361
-25.518175
-39.579210
-53.119467
-66.138944
-75.512967
-82.803875
-88.532445
-94.261014
-96.864910
-87.490886
-89.053224
-85.928549
-77.075305
-71.346735
-62.493490
-49.994792
-41.662327
-30.725966
-13.540256
-3.124675
11.457140
24.476617
34.371420
46.870118
62.493490
70.825956
78.116863
81.762316
89.574003
90.615561
90.094782
90.615561
81.241537
79.679200
66.659723
57.285699
47.911676
30.205187
15.102593
-7.290907
-24.476617
-36.975315
-55.202583
-78.116863
-91.657119
-107.801271
-122.903864
-129.673992
-146.859702
-160.399958
-160.920737
-164.045412
-172.898656
-168.211645
-161.962296
-152.588272
-141.651911
-135.923341
-118.737631
-98.948026
-83.845433
-64.055828
-43.224664
-19.789605
11.457140
31.246745
54.161025
82.283096
99.989584
128.632434
151.025935
165.086970
184.355796
196.854494
211.436309
222.372670
231.746693
241.120717
232.788251
231.225914
229.142798
211.957088
195.812936
179.668785
158.837621
139.048016
115.612957
86.970107
59.889595
31.246745
3.645454
-23.435059
-57.806478
-80.720758
-106.238933
-135.402562
-155.192167
-173.419435
-192.167483
-203.103843
-211.436309
-220.810332
-221.851890
-219.768774
-211.957088
-205.186960
-194.250599
-181.751901
-166.128528
-148.422039
-123.945422
-103.114259
-79.158421
-49.994792
-23.435059
5.728570
32.288303
61.451932
81.762316
105.197375
133.840225
155.192167
172.377877
184.355796
189.563587
198.937611
195.812936
189.563587
192.688262
182.793459
169.773982
153.629830
135.402562
109.884387
91.136340
63.535048
37.496094
18.227268
-8.332465
-28.642850
-52.077909
-73.950630
-91.136340
-104.155817
-122.383085
-129.673992
-136.964899
-143.214249
-152.067493
-146.859702
-141.131132
-139.048016
-130.194771
-123.945422
-117.175294
-102.593480
-84.366212
-72.909072
-52.598688
-35.933757
-14.581814
4.166233
19.789605
39.579210
56.244141
69.263618
84.886991
90.094782
95.823352
101.551922
101.031143
104.676596
97.906468
91.136340
84.366212
71.346735
53.640246
41.662327
21.872722
8.332465
-7.290907
-26.038954
-45.307780
-62.493490
-78.637642
-93.219456
-100.510364
-110.925945
-119.258411
-129.673992
-130.715550
-130.715550
-131.236330
-122.383085
-120.820748
-115.092178
-103.635038
-91.136340
-76.033746
-61.451932
-40.099990
-20.310384
-4.166233
17.185710
37.496094
57.285699
76.033746
93.219456
107.801271
121.341527
135.402562
147.901260
157.275284
161.962296
160.399958
160.920737
160.920737
161.441517
152.067493
136.964899
128.111655
114.571399
102.072701
92.698677
77.596084
58.848037
46.349339
28.122071
12.498698
-1.041558
-20.310384
-31.767524
-39.579210
-49.994792
-57.806478
-65.097386
-70.305177
-72.388293
-81.762316
-80.199979
-81.762316
-78.116863
-70.305177
-67.701281
-55.202583
-51.557129
-44.787001
-32.288303
-26.038954
-19.268826
-10.936361
2.603895
8.332465
17.185710
19.789605
24.997396
30.725966
35.933757
42.183106
34.892199
29.684408
30.725966
28.122071
18.748047
9.894803
0.000000
-10.415582
-24.997396
-38.016873
-46.870118
-55.723362
-65.618165
-74.471409
-88.011665
-90.094782
-92.177898
-100.510364
-106.759713
-111.967503
-109.363608
-112.488282
-106.759713
-100.510364
-92.177898
-82.803875
-73.429851
-64.055828
-49.474013
-32.809082
-22.393501
-4.687012
14.581814
29.684408
47.911676
66.659723
81.241537
94.781794
104.676596
113.009062
126.549318
140.089574
140.089574
146.859702
152.588272
148.942818
152.067493
143.214249
132.277888
126.028539
112.488282
97.385689
79.679200
57.285699
39.058431
19.268826
-1.562337
-16.144152
-43.745443
-65.097386
-81.241537
-97.906468
-115.092178
-128.111655
-136.964899
-143.214249
-150.505156
-151.025935
-150.505156
-151.025935
-143.214249
-133.319446
-125.507760
-113.009062
-94.781794
-76.033746
-54.161025
-36.454536
-15.623373
4.166233
28.122071
48.432455
74.471409
95.302573
106.238933
125.507760
143.735028
155.192167
165.086970
170.815540
175.502552
174.981773
169.253203
172.377877
160.920737
143.214249
127.590876
108.842829
90.615561
68.742839
49.474013
21.872722
-3.124675
-23.435059
-43.224664
-68.742839
-91.657119
-112.488282
-129.153213
-136.444120
-151.025935
-157.275284
-165.086970
-171.336319
-162.483075
-160.399958
-160.399958
-148.942818
-138.006458
-127.590876
-108.322050
-88.011665
-73.429851
-53.640246
-35.933757
-14.061035
6.249349
27.601292
47.390897
67.701281
80.720758
97.906468
110.925945
113.009062
127.590876
131.236330
129.673992
131.757109
124.466201
120.820748
117.175294
102.072701
88.532445
75.512967
58.848037
40.099990
20.831163
4.166233
-9.374024
-27.601292
-42.703885
-60.410374
-74.992188
-87.490886
-97.385689
-106.238933
-113.009062
-119.779190
-122.383085
-114.050620
-110.405166
-109.884387
-101.031143
-89.574003
-78.637642
-70.305177
-58.848037
-42.183106
-24.476617
-11.977919
6.770128
21.351943
34.892199
48.953234
67.180502
82.283096
91.136340
96.864910
105.718154
109.884387
112.488282
120.299969
121.862306
114.571399
109.884387
109.884387
99.468805
92.177898
85.928549
75.512967
69.784397
55.723362
35.412978
26.038954
11.457140
0.520779
-10.415582
-24.476617
-34.371420
-43.224664
-53.119467
-59.889595
-68.222060
-70.305177
-76.033746
-81.762316
-79.679200
-80.720758
-79.679200
-82.283096
-90.615561
-90.094782
-81.241537
-80.199979
-73.950630
-66.138944
-59.889595
-53.119467
-42.183106
-40.620769
-28.642850
-19.789605
-13.019477
-2.083116
0.000000
7.811686
19.789605
29.684408
32.288303
41.662327
39.058431
43.745443
51.557129
48.953234
55.202583
60.410374
51.036350
49.474013
53.640246
51.557129
49.994792
51.036350
49.474013
39.579210
41.662327
33.850641
30.205187
26.038954
19.789605
18.227268
9.894803
2.603895
-0.520779
-1.562337
-10.415582
-10.415582
-20.310384
-28.642850
-30.725966
-29.684408
-30.205187
-30.725966
-29.163629
-30.205187
-30.205187
-30.725966
-29.684408
-30.725966
-23.435059
-19.789605
-20.310384
-20.310384
-20.310384
-20.310384
-19.789605
-20.831163
-16.664931
-9.374024
-10.936361
-9.374024
-10.415582
-9.894803
-10.415582
-9.894803
-10.415582
-10.415582
-10.415582
-9.374024
-10.415582
-9.894803
-12.498698
-20.310384
-16.144152
-21.872722
-16.664931
-15.102593
-20.831163
-20.310384
-19.789605
-20.831163
-14.581814
-10.415582
-3.645454
0.000000
4.166233
10.415582
12.498698
20.831163
28.122071
30.205187
35.933757
41.141548
47.911676
50.515571
52.077909
61.972711
59.368816
61.451932
69.263618
71.346735
69.263618
79.158421
78.116863
69.263618
71.346735
66.659723
59.368816
60.931153
52.598688
43.224664
33.329861
24.476617
17.706489
10.936361
3.124675
-5.728570
-15.623373
-28.122071
-30.725966
-38.537652
-49.474013
-50.515571
-50.515571
-59.368816
-60.410374
-59.889595
-60.931153
-59.889595
-60.931153
-59.368816
-61.451932
-59.889595
-61.451932
-55.202583
-50.515571
-43.745443
-40.099990
-39.579210
-29.684408
-30.205187
-30.205187
-30.205187
-30.725966
-23.955838
-18.748047
-20.831163
-23.955838
-19.268826
-25.518175
-31.246745
-26.559733
-18.227268
-26.559733
-29.163629
-19.268826
-20.310384
-21.872722
-31.767524
-25.518175
-19.268826
-20.831163
-19.268826
-20.831163
-13.019477
-9.374024
-10.936361
-6.249349
4.687012
9.894803
14.581814
26.038954
29.684408
35.933757
42.703885
51.557129
60.410374
70.825956
78.637642
89.574003
89.574003
97.385689
100.510364
105.718154
107.801271
98.948026
101.031143
101.031143
96.864910
89.574003
85.928549
73.950630
69.263618
59.889595
50.515571
33.850641
30.725966
21.351943
2.083116
-1.041558
-11.977919
-18.748047
-26.038954
-39.579210
-47.390897
-51.557129
-59.368816
-69.784397
-69.263618
-74.471409
-80.720758
-80.720758
-79.158421
-83.845433
-81.762316
-80.720758
-79.158421
-70.825956
-69.784397
-61.972711
-55.202583
-48.432455
-40.620769
-31.246745
-28.642850
-19.789605
-11.457140
-7.811686
0.520779
6.249349
13.540256
20.310384
20.310384
20.310384
20.831163
29.163629
30.725966
29.684408
30.725966
30.205187
30.205187
30.205187
30.205187
29.684408
21.872722
19.268826
20.831163
17.706489
9.374024
10.936361
3.124675
-1.041558
0.520779
-8.332465
-10.936361
-19.268826
-20.831163
-19.268826
-21.351943
-29.163629
-30.725966
-29.684408
-31.246745
-23.955838
-19.268826
-20.831163
-19.789605
-21.351943
-15.102593
-8.332465
-11.457140
-2.603895
0.000000
1.562337
9.374024
12.498698
21.351943
19.268826
28.642850
30.205187
32.288303
41.141548
39.058431
41.662327
43.224664
39.579210
41.141548
38.537652
47.911676
46.349339
38.016873
41.141548
39.058431
33.329861
24.476617
20.310384
14.061035
9.374024
6.770128
-5.207791
-9.894803
-14.581814
-26.038954
-30.205187
-30.725966
-30.205187
-31.246745
-40.099990
-40.620769
-39.579210
-43.745443
-41.141548
-40.099990
-40.620769
-40.620769
-40.099990
-41.141548
-34.371420
-30.205187
-22.914280
-20.310384
-15.102593
-8.332465
-4.166233
5.207791
9.374024
14.581814
24.997396
31.246745
39.058431
40.099990
47.911676
51.036350
49.994792
50.515571
49.994792
50.515571
50.515571
50.515571
50.515571
43.224664
39.579210
40.620769
32.288303
21.872722
20.310384
15.623373
7.290907
0.520779
-6.249349
-13.019477
-18.748047
-24.476617
-30.205187
-35.933757
-41.141548
-40.620769
-50.515571
-49.994792
-50.515571
-49.994792
-49.994792
-49.994792
-49.994792
-50.515571
-50.515571
-49.994792
-50.515571
-50.515571
-43.745443
-39.579210
-41.141548
-38.537652
-30.725966
-29.163629
-22.393501
-15.102593
-9.374024
-10.415582
-10.415582
-2.603895
1.041558
-1.041558
5.728570
10.415582
16.664931
21.351943
19.268826
21.872722
30.205187
30.205187
30.205187
38.537652
41.141548
40.099990
41.141548
39.058431
44.266222
51.557129
49.994792
50.515571
49.994792
50.515571
50.515571
49.994792
49.994792
51.036350
44.266222
39.058431
41.662327
32.809082
30.205187
30.725966
21.872722
19.268826
10.936361
9.894803
2.083116
-0.520779
-1.562337
-13.019477
-20.310384
-20.310384
-22.393501
-31.246745
-29.684408
-31.246745
-39.058431
-40.620769
-40.099990
-33.850641
-39.058431
-40.620769
-40.620769
-32.288303
-29.163629
-28.642850
-18.748047
-21.351943
-16.144152
-8.853244
-10.415582
-9.894803
-10.936361
-7.290907
0.520779
7.290907
10.936361
9.374024
10.936361
13.540256
9.894803
12.498698
21.872722
15.102593
9.374024
10.415582
1.041558
0.000000
-1.041558
-8.853244
-10.415582
-9.894803
-17.185710
-20.831163
-19.268826
-20.831163
-19.789605
-20.310384
-19.268826
-23.955838
-20.310384
-19.789605
-20.310384
-20.831163
-19.268826
