2222.526970
2152.587310
2035.106967
1917.169501
1769.976230
1578.442128
1378.222710
1192.631194
1031.267142
879.959773
745.108795
581.916255
343.755714
9.142439
-366.154690
-704.424941
-966.812946
-1165.660998
-1333.424758
-1466.904370
-1626.439934
-1828.030719
-2019.107698
-2172.243555
-2292.923752
-2441.945511
-2604.223807
-2728.103858
-2800.329128
-2797.586396
-2713.018833
-2558.054489
-2333.150485
-2114.189066
-1940.939843
-1796.032181
-1667.580911
-1520.844761
-1329.310660
-1057.780216
-715.395868
-360.669227
-34.741269
268.787713
570.945328
885.902359
1151.947340
1348.052660
1497.074419
1598.098373
1673.066374
1737.063449
1790.546718
1829.402084
1829.859206
1723.349790
1539.586762
1365.880417
1202.230755
1058.694460
925.214847
749.222893
558.603035
375.754251
170.963613
-41.140976
-179.191808
-247.760102
-317.699762
-402.267325
-543.975133
-695.282501
-768.422015
-778.478698
-751.965624
-658.255623
-531.175718
-373.011519
-167.306637
80.910587
376.668495
721.795575
1025.324557
1215.944414
1330.682026
1388.736515
1413.421101
1489.760468
1614.554763
1717.864326
1860.486378
1994.880234
2043.792284
2022.307552
1902.084476
1705.979155
1480.160907
1207.259097
850.246846
463.978790
141.250686
-135.308100
-374.382885
-568.202596
-787.621137
-1024.867435
-1282.684220
-1615.011885
-1949.625160
-2262.753703
-2539.769611
-2736.789175
-2875.297129
-2973.578351
-3002.377034
-2944.322545
-2822.728104
-2675.991955
-2533.827025
-2429.603218
-2342.292924
-2237.611995
-2134.759554
-1988.480527
-1730.206619
-1393.307735
-1039.495337
-723.624063
-472.206985
-246.388737
-17.827756
181.477418
310.842933
393.582008
481.806546
585.116109
718.138599
884.530993
1083.379046
1322.453831
1513.987932
1600.841104
1588.955933
1545.072225
1510.330956
1468.275736
1420.735052
1352.166758
1287.712562
1277.198757
1291.826659
1335.710368
1436.734321
1558.785884
1670.323642
1716.950082
1680.380325
1599.926860
1566.556957
1597.641251
1663.009691
1795.117937
1925.397696
1999.451454
2044.706528
1981.166575
1832.144816
1693.179740
1535.015542
1353.081002
1182.117389
995.611629
789.906747
632.656793
443.408301
175.534833
-91.881514
-375.754251
-683.854452
-986.012068
-1322.453831
-1699.579448
-2037.849698
-2331.321997
-2611.537758
-2793.015176
-2935.637228
-3105.229475
-3207.624794
-3306.363138
-3382.245383
-3359.846407
-3334.247577
-3287.164015
-3160.998354
-3026.604498
-2871.183032
-2626.622783
-2325.836533
-2004.936917
-1641.067837
-1280.398610
-945.328214
-614.371914
-374.840007
-229.475224
-51.654781
152.221613
378.039861
622.142988
824.190894
1009.782410
1193.545438
1331.139148
1458.219053
1590.327299
1679.923204
1717.407204
1690.894131
1612.269153
1524.958859
1439.019931
1399.707442
1444.505394
1564.271348
1695.008228
1806.088865
1911.226915
1982.537941
2022.307552
2009.051015
1949.625160
1941.396965
1976.595356
2052.020479
2207.441946
2404.004388
2621.594441
2797.586396
2857.926495
2800.329128
2620.680197
2329.036387
1965.624429
1604.955202
1298.683489
1050.466264
862.589139
639.513622
342.384348
11.428049
-344.669958
-662.826842
-959.498994
-1359.480709
-1867.800329
-2436.460048
-3001.919912
-3453.556409
-3773.998903
-3996.160176
-4131.011154
-4237.063449
-4306.545986
-4323.459499
-4292.375206
-4178.551838
-4013.987932
-3845.309929
-3684.402999
-3528.067288
-3324.648016
-3014.262205
-2574.053758
-2049.277747
-1491.131834
-964.527336
-554.031816
-171.420735
189.705613
511.519473
863.503383
1139.605047
1303.711830
1426.220516
1492.960322
1580.270616
1780.490035
2000.365698
2141.159261
2212.927409
2169.500823
2015.450722
1901.627354
1767.690620
1583.470470
1468.275736
1321.539587
1179.374657
1146.918998
1134.119583
1174.346316
1306.454562
1406.107149
1449.076614
1528.615835
1569.299689
1591.698665
1751.234229
1909.398428
2095.447065
2370.634485
2503.656976
2610.166392
2751.874200
2714.847321
2614.737612
2482.629366
2245.383068
2048.363503
1914.426769
1693.636862
1414.792467
1180.746023
861.217773
508.319620
247.760102
-131.651125
-548.546352
-962.698848
-1591.241543
-2196.471018
-2683.305906
-3183.397330
-3524.410313
-3805.997440
-4153.867252
-4371.457305
-4515.907844
-4655.330042
-4656.244286
-4589.047358
-4537.849698
-4401.170232
-4214.207351
-4071.585299
-3803.711830
-3390.930700
-2986.834888
-2446.516731
-1947.796672
-1659.352715
-1231.029439
-815.048455
-483.177912
13.256537
354.269519
636.770890
987.383434
1146.918998
1318.796855
1565.642713
1787.803986
1972.938380
2094.075699
2129.731212
2078.533553
2121.960139
2096.361309
1982.537941
2009.508137
1886.542329
1817.059792
1909.398428
1856.829402
1968.824282
2157.158530
2169.043701
2269.610532
2370.177363
2387.547998
2526.970196
2699.305175
2795.757908
3002.834156
3229.109526
3283.049918
3416.529530
3458.127628
3235.966356
3082.830499
2809.471567
2381.148290
2200.127994
1976.595356
1564.728470
1316.968367
968.641434
473.578351
242.731761
-108.337905
-644.541964
-1044.980801
-1650.210276
-2349.149753
-2854.269519
-3421.557872
-3987.474858
-4340.830133
-4744.468824
-5165.935272
-5311.757177
-5457.579082
-5534.832693
-5301.700494
-5230.389468
-5154.964344
-4856.463705
-4710.641799
-4465.167307
-4012.159444
-3648.747486
-3216.310112
-2639.422198
-2240.354727
-1870.085939
-1307.368806
-889.559334
-413.238252
177.363321
476.321082
816.419821
1180.746023
1359.480709
1654.781496
1926.311940
2065.277016
2187.785701
2225.269702
2191.899799
2220.241360
2319.436826
2289.723898
2328.122143
2361.949168
2255.896873
2334.978972
2353.720973
2339.093070
2535.198391
2603.766685
2655.421466
2767.873469
2803.528982
2905.467179
3080.544889
3214.938746
3374.017188
3620.863046
3751.599927
3840.738709
3945.876760
3767.142074
3535.838362
3315.962699
2835.527519
2484.000731
2206.984824
1678.094716
1268.513439
924.300603
402.724447
91.424392
-148.107515
-606.143719
-1055.951728
-1648.381788
-2435.545804
-3075.973670
-3609.434997
-4182.208813
-4665.843847
-5098.281221
-5636.770890
-5939.385628
-6045.437923
-6194.459682
-6010.239532
-5794.477967
-5682.025965
-5275.644542
-4936.917170
-4606.875114
-4054.671786
-3584.293289
-3131.285427
-2613.823368
-2136.588042
-1743.006034
-1247.028707
-689.339916
-239.074785
356.098007
878.131285
1221.429877
1653.410130
1921.283598
2169.043701
2464.344487
2568.568294
2667.763759
2666.849515
2537.484001
2456.573414
2373.377217
2249.954288
2113.731944
1992.137502
1844.487109
1814.317060
1892.027793
1913.055403
1985.737795
2041.049552
2037.392576
2100.932529
2149.387457
2195.099653
2326.750777
2445.602487
2560.340099
2790.729567
3012.433717
3180.197477
3420.186506
3464.984458
3352.532456
3312.305723
3072.316694
2802.157616
2669.592247
2360.577802
1966.995794
1652.495886
1236.972024
812.762845
558.603035
212.561711
-223.532639
-624.885720
-1198.116658
-1821.173889
-2358.292192
-2937.922838
-3507.496800
-4027.244469
-4600.018285
-5142.622052
-5472.664107
-5740.537575
-5910.586945
-5843.847138
-5864.874749
-5747.851527
-5418.723715
-5182.391662
-4778.752971
-4312.945694
-3898.793198
-3427.500457
-2978.606692
-2545.712196
-2187.328579
-1777.290181
-1333.881880
-964.984458
-473.121229
-42.512342
360.212105
835.618943
1202.687877
1597.184129
1905.284330
2153.044432
2409.946974
2477.143902
2542.512342
2609.252148
2589.138782
2589.595904
2504.571220
2372.005851
2337.721704
2351.435363
2388.005120
2480.343756
2600.109709
2715.761565
2864.326202
2972.206985
3034.832693
3146.827574
3250.137137
3305.448894
3425.671969
3571.036753
3624.520022
3738.800512
3754.342659
3560.065826
3459.041872
3253.794112
2925.123423
2737.246297
2463.430243
2060.248674
1700.950814
1322.453831
871.731578
513.805083
180.106052
-316.328396
-779.392942
-1311.482904
-1961.967453
-2484.000731
-3036.204059
-3600.292558
-4088.498811
-4632.016822
-5133.479612
-5517.919181
-5831.961967
-6038.123971
-6071.950997
-6066.008411
-6050.466264
-5836.076065
-5591.972938
-5278.387274
-4784.238435
-4362.314866
-3907.935637
-3402.358749
-2973.121229
-2494.057415
-2036.935454
-1609.983544
-1119.491680
-717.681477
-352.441031
81.824831
477.235326
887.273725
1305.540318
1604.955202
1876.942768
2208.813311
2484.914975
2643.536295
2793.929420
2871.640154
2850.612543
2907.752788
2867.983178
2787.072591
2854.269519
2819.985372
2818.156884
2904.095813
2920.095081
3071.859572
3229.109526
3287.164015
3429.786067
3568.751143
3672.060706
3800.969099
3934.905833
4008.045346
4068.385445
4101.755348
3924.392028
3668.403730
3420.186506
3045.803620
2697.476687
2408.575608
1963.795941
1509.873834
1153.318705
733.223624
382.611081
116.566100
-294.843664
-726.823917
-1221.429877
-1838.087402
-2393.033461
-2931.066008
-3489.211922
-4086.213202
-4667.215213
-5181.477418
-5600.201134
-5858.475041
-6105.778022
-6236.514902
-6196.288170
-6182.574511
-5997.440117
-5698.482355
-5395.867617
-4894.404827
-4418.997989
-4003.017005
-3505.211190
-3058.603035
-2598.281221
-2106.875114
-1698.208082
-1278.570123
-845.218504
-474.035473
-86.396050
278.387274
609.343573
993.783141
1334.796124
1617.297495
1922.197842
2248.582922
2507.313951
2684.220150
2800.329128
2763.759371
2756.445420
2778.844396
2651.307369
2601.481075
2570.853904
2503.656976
2550.283416
2569.482538
2641.707808
2793.929420
2913.238252
3058.145913
3188.425672
3345.218504
3539.495337
3746.571585
3925.306272
4001.188517
4083.013348
4044.615103
3856.280856
3667.032364
3376.759920
3032.547084
2752.331322
2428.231852
1958.310477
1539.129640
1236.057780
832.419089
515.633571
243.646005
-229.475224
-608.886451
-1027.153044
-1615.011885
-2126.531359
-2656.335710
-3247.394405
-3848.966904
-4487.109161
-5104.223807
-5544.889376
-5887.273725
-6198.573779
-6333.424758
-6417.992320
-6411.592613
-6162.461145
-5915.158164
-5596.087036
-5074.053758
-4614.646188
-4205.064911
-3723.258365
-3298.134942
-2887.639422
-2376.119949
-1982.995063
-1614.097641
-1171.146462
-832.876211
-413.695374
-34.741269
233.589322
659.626988
998.811483
1313.768513
1748.034376
2096.361309
2408.118486
2684.220150
2861.126349
2948.893765
3048.089230
3137.228012
3082.373377
3031.175718
3000.091424
2936.551472
2952.093619
2963.064546
2989.120497
3094.258548
3171.969281
3272.536113
3467.727190
3615.377583
3827.025050
4124.154324
4201.407936
4266.776376
4361.400622
4255.805449
4097.184129
3874.565734
3502.011337
3081.002011
2726.732492
2334.064728
1791.460962
1428.506125
1082.007680
640.884988
410.952642
33.369903
-378.954105
-632.199671
-1083.836167
-1533.187054
-1960.596087
-2489.486195
-2976.321082
-3502.468459
-4098.555495
-4631.559700
-5037.026879
-5446.608155
-5772.078991
-5927.957579
-6063.265679
-5981.897970
-5717.681477
-5483.635034
-5074.968001
-4565.734138
-4109.526422
-3583.836167
-3071.402450
-2660.906930
-2178.643262
-1730.663741
-1432.163101
-1094.349973
-830.133480
-602.486743
-303.528982
-142.622052
75.882245
387.182300
638.599378
979.612361
1333.881880
1639.696471
1978.880965
2274.638874
2468.001463
2620.680197
2751.417078
2787.529713
2751.874200
2645.821905
2511.885171
2435.088682
2362.863412
2322.179558
2319.893948
2336.807460
2427.317608
2601.938197
2811.300055
3044.889376
3374.931432
3651.490218
3859.937831
4061.528616
4134.211007
4172.609252
4070.213933
3814.225635
3516.639239
3053.574694
2674.620589
2275.095996
1657.067106
1221.429877
784.421284
284.329859
10.970927
-308.100201
-657.341379
-883.159627
-1187.145730
-1583.013348
-1938.654233
-2323.093801
-2813.128543
-3309.562991
-3897.878954
-4520.479064
-4979.429512
-5453.007862
-5851.161090
-6051.380508
-6248.400073
-6278.570123
-6071.036753
-5883.159627
-5531.175718
-4952.459316
-4434.083013
-3839.367343
-3187.511428
-2687.877126
-2141.616383
-1652.953008
-1340.281587
-1037.666850
-826.476504
-640.427866
-437.922838
-343.298592
-227.646736
-11.428049
218.047175
511.976595
875.388554
1208.173341
1556.043152
1935.911501
2234.869263
2468.458585
2676.449077
2794.386542
2813.128543
2742.274639
2623.880051
2488.114829
2336.350338
2233.040775
2151.673066
2078.076431
2101.846773
2229.383800
2411.318340
2668.678003
2996.891571
3320.991040
3666.575242
3971.475590
4216.492960
4409.855549
4413.969647
4302.889011
4075.242275
3634.119583
3267.050649
2853.812397
2219.784238
1761.748034
1308.283050
788.992503
532.547084
225.361126
-104.680929
-248.674346
-510.148108
-802.706162
-1014.810752
-1349.881148
-1725.635400
-2118.303163
-2690.162735
-3275.278844
-3790.912415
-4407.112818
-4962.515999
-5330.499177
-5732.766502
-5935.271530
-5870.817334
-5817.791187
-5521.119035
-5048.454928
-4622.874383
-3998.902907
-3332.876211
-2778.387274
-2142.073505
-1611.354909
-1199.488023
-794.477967
-575.973670
-420.552203
-239.989029
-205.247760
-149.478881
9.599561
125.708539
346.498446
674.254891
984.183580
1386.908027
1852.258182
2253.611263
2665.478150
3070.945328
3372.188700
3565.094167
3629.091242
3618.120314
3567.379777
3427.043335
3278.478698
3114.829036
2924.666301
2831.413421
2783.415615
2788.901079
2950.722253
3178.368989
3409.215579
3702.687877
3956.847687
4192.265496
4429.511794
4418.083745
4285.975498
4061.528616
3529.895776
3060.888645
2535.655513
1710.093253
1064.179923
386.268056
-419.637959
-924.300603
-1440.391296
-1946.882428
-2183.214482
-2457.487658
-2740.446151
-2912.781130
-3123.971476
-3353.903822
-3557.780216
-3916.163833
-4355.915158
-4726.641068
-5226.275370
-5695.739623
-6006.125434
-6385.536661
-6572.042421
-6530.901445
-6522.673249
-6277.655879
-5819.619675
-5312.214299
-4589.961602
-3783.141342
-3005.576888
-2172.243555
-1433.077345
-811.848601
-253.245566
117.480344
392.210642
608.429329
643.627720
655.512891
695.282501
679.283233
738.251966
890.016456
1029.895776
1254.342659
1593.984275
1910.312671
2278.752971
2654.507223
2972.206985
3233.680746
3367.617480
3471.384165
3533.552752
3439.385628
3332.876211
3156.884257
2933.808740
2825.470836
2718.047175
2653.592979
2723.532639
2862.954836
3083.744743
3415.158164
3746.114463
4100.383982
4491.223258
4669.043701
4733.955019
4743.097458
4437.739989
4156.152862
3795.483635
3022.033278
2363.777656
1672.609252
768.422015
127.994149
-525.233132
-1267.142074
-1727.463887
-2195.099653
-2704.790638
-2981.806546
-3243.737429
-3527.153044
-3698.116658
-4008.959590
-4419.455111
-4707.441946
-5135.308100
-5608.429329
-5947.156701
-6395.593344
-6729.292375
-6835.801792
-6944.139696
-6871.457305
-6554.214664
-6185.774365
-5627.171329
-4898.061803
-4150.667398
-3302.706162
-2438.745657
-1673.980618
-936.185774
-321.813860
154.050101
585.116109
797.220698
882.702505
1009.782410
1014.353630
1014.353630
1113.091973
1146.004754
1275.827391
1530.901445
1771.804717
2127.902724
2543.426586
2918.266594
3311.391479
3642.804900
3935.820077
4214.207351
4358.200768
4402.998720
4395.684769
4307.460230
4203.693545
4120.497349
4008.045346
3940.391296
3943.591150
3968.275736
4107.697934
4285.518376
4478.880965
4767.782044
4885.719510
4928.688974
5000.000000
4774.638874
4582.647650
4333.516182
3647.833242
3047.632108
2369.720241
1414.335345
686.140062
-98.281221
-1014.810752
-1648.838910
-2312.122874
-3025.690254
-3438.471384
-3821.996709
-4204.607789
-4392.484915
-4689.157067
-4994.057415
-5073.139514
-5315.414152
-5604.315231
-5741.451819
-6059.151582
-6284.055586
-6305.997440
-6450.905101
-6441.762662
-6195.831048
-5991.954654
-5605.686597
-5009.599561
-4434.997257
-3688.059974
-2853.355275
-2160.358384
-1391.479247
-687.968550
-145.364783
448.436643
801.334796
986.926312
1244.285975
1278.113001
1268.056317
1359.480709
1296.855001
1311.940026
1439.019931
1469.189980
1625.982812
1863.229110
2041.049552
2318.065460
2580.453465
2797.129274
3121.228744
3363.960505
3511.610898
3713.658804
3760.742366
3735.143536
3778.113001
3682.117389
3604.406656
3661.546901
3630.919729
3670.689340
3796.855001
3864.509051
4045.529347
4112.269153
4083.470470
4135.125251
3963.704516
3809.654416
3644.176266
3104.315231
2634.850978
2149.387457
1407.935637
795.392211
138.050832
-682.483086
-1343.481441
-2006.765405
-2739.074785
-3267.507771
-3734.686414
-4223.349790
-4536.021210
-4892.576339
-5261.930883
-5378.954105
-5581.916255
-5807.734504
-5858.017919
-6048.180655
-6159.718413
-6037.666850
-6022.581825
-5929.786067
-5614.829036
-5361.126349
-5006.856829
-4450.996526
-3960.047541
-3353.903822
-2643.536295
-2057.963065
-1393.307735
-766.593527
-261.473761
314.499909
712.653136
967.270068
1274.913147
1426.220516
1517.187786
1681.294569
1719.235692
1747.577254
1857.286524
1905.741452
2002.651307
2163.558237
2264.125069
2404.918632
2550.283416
2676.906199
2894.496252
3065.002743
3216.767233
3407.387091
3503.839824
3571.493875
3671.603584
3704.059243
3762.570854
3881.422564
3956.390565
4072.042421
4176.723350
4276.375937
4404.370086
4360.943500
4312.031450
4247.577254
3970.104224
3794.112269
3503.839824
2950.722253
2559.425855
2036.935454
1359.937831
860.760651
216.218687
-507.862498
-1048.180655
-1692.265496
-2382.062534
-2840.555860
-3358.017919
-3885.536661
-4214.207351
-4707.441946
-5148.107515
-5345.584202
-5706.710550
-5955.842019
-6038.581093
-6291.826659
-6333.881880
-6207.259097
-6224.629731
-6031.724264
-5667.855184
-5403.638691
-4927.774730
-4323.459499
-3835.253246
-3154.598647
-2452.916438
-1916.255257
-1252.057049
-668.312306
-247.302980
282.501371
632.199671
848.875480
1197.202414
1364.051929
1498.445785
1753.062717
1802.431889
1882.428232
2078.533553
2136.588042
2312.122874
2547.083562
2659.992686
2838.727372
3018.833425
3154.598647
3342.475773
3485.097824
3585.664655
3695.373926
3750.685683
3796.397879
3875.937100
3920.277930
4011.245200
4150.210276
4235.234961
4349.058329
4476.138234
4590.875846
4654.872920
4583.561894
4490.766136
4298.774913
4026.787347
3804.168952
3351.161090
2782.044249
2312.579996
1672.152130
982.812214
392.667764
-328.670689
-1044.066557
-1619.583105
-2265.953556
-2895.410496
-3340.190163
-3813.311391
-4273.176083
-4627.902724
-5074.053758
-5421.923569
-5624.885720
-5959.498994
-6209.087585
-6368.166027
-6598.098373
-6601.298226
-6490.674712
-6459.590419
-6196.745292
-5810.934357
-5490.491863
-4957.487658
-4336.258914
-3794.112269
-3092.887182
-2379.776924
-1806.545986
-1149.204608
-553.117572
-91.881514
384.439568
704.424941
906.472847
1151.490218
1279.027244
1396.507588
1557.414518
1568.385445
1628.725544
1766.319254
1830.316328
1974.309746
2162.643993
2289.723898
2451.087950
2637.136588
2815.414152
2992.320351
3147.741818
3301.791918
3406.929969
3471.841287
3571.036753
3635.490949
3707.716219
3849.424026
3939.477052
4034.101298
4188.608521
4307.003108
4454.196380
4509.965259
4425.854818
4389.742183
4218.321448
3985.189248
3795.940757
3325.562260
2805.357469
2387.090876
1726.092521
1103.035290
571.859572
-161.364052
-800.420552
-1350.338270
-2050.191991
-2615.651856
-3052.203328
-3593.892851
-4036.386908
-4441.396965
-4917.260925
-5182.391662
-5410.952642
-5734.594990
-5907.844213
-6095.264216
-6281.769976
-6189.888462
-6111.263485
-6069.208265
-5747.851527
-5416.438106
-5090.510148
-4467.452916
-3867.708905
-3298.134942
-2527.427318
-1902.998720
-1337.995977
-659.169867
-163.192540
314.957031
753.336990
951.727921
1191.259828
1399.250320
1484.732127
1664.381057
1759.462425
1724.264034
1818.431157
1911.684037
1967.910038
2148.930335
2301.609069
2393.490583
2577.253611
2763.302249
2919.637959
3080.544889
3189.339916
3275.735966
3341.561529
3396.416164
3470.469921
3513.896508
3581.093436
3687.145730
3761.656610
3871.365880
4018.102030
4155.238618
4276.833059
4270.890474
4209.179009
4138.325105
3952.733589
3796.855001
3521.667581
2989.120497
2542.055220
2055.220333
1392.850613
838.818797
221.704151
-539.861035
-1140.519291
-1742.091790
-2444.231121
-2937.922838
-3393.673432
-3913.878223
-4269.519108
-4685.957213
-5095.081368
-5259.188151
-5515.176449
-5783.964162
-5911.044067
-6144.176266
-6241.086122
-6112.177729
-6108.520753
-6028.067288
-5714.481624
-5469.007131
-5086.396050
-4452.367892
-3953.190711
-3365.331871
-2595.538490
-2023.678918
-1397.421832
-730.480892
-263.759371
250.045712
653.227281
852.075334
1113.091973
1277.655879
1377.308466
1560.157250
1579.813494
1562.899982
1678.094716
1750.777107
1866.886085
2073.048089
2217.955751
2372.920095
2621.137319
2879.411227
3094.258548
3303.163284
3504.296946
3646.918998
3780.398610
3912.963979
3983.360761
4050.557689
4144.267691
4198.665204
4268.604864
4341.744377
4402.084476
4520.021942
4494.423112
4387.913695
4348.601207
4124.611446
3922.563540
3769.884805
3264.765039
2786.615469
2383.433900
1728.378131
1175.260560
610.714939
-174.163467
-847.961236
-1464.161638
-2182.300238
-2777.473030
-3278.021576
-3869.080271
-4328.030719
-4733.040775
-5230.389468
-5478.149570
-5655.512891
-5939.385628
-6024.867435
-6144.176266
-6292.283781
-6143.719144
-6021.667581
-5970.927043
-5660.998354
-5356.098007
-5055.311757
-4466.081551
-3900.621686
-3390.016456
-2690.162735
-2085.390382
-1549.186323
-884.530993
-373.925763
96.909856
585.573231
841.561529
1097.092704
1367.708905
1465.075882
1650.210276
1760.833790
1687.694277
1773.633205
1839.458768
1866.428963
2029.621503
2121.503017
2199.213750
2380.691168
2558.968733
2755.988298
2956.207716
3128.085573
3305.448894
3463.613092
3605.320900
3737.429146
3859.480709
3977.875297
4084.841836
4215.121594
4333.059060
4409.855549
4559.791552
4608.703602
4483.452185
4460.596087
4309.745840
4030.444323
3907.935637
3482.812214
2905.924301
2543.883708
1937.282867
1303.254708
830.590602
69.482538
-651.855915
-1196.288170
-1920.826477
-2521.484732
-2980.892302
-3604.406656
-4088.955933
-4477.052478
-5025.141708
-5341.470104
-5528.890108
-5875.845676
-6038.581093
-6144.176266
-6357.195100
-6303.254708
-6142.347778
-6111.720607
-5873.560066
-5540.775279
-5273.816054
-4724.812580
-4112.726275
-3627.719876
-2963.978790
-2341.835802
-1804.260377
-1119.948802
-564.545621
-103.309563
428.323277
738.251966
986.469190
1303.711830
1416.620954
1561.985738
1732.492229
1672.152130
1711.007497
1804.260377
1797.403547
1958.310477
2057.048821
2061.620040
2238.069117
2398.061803
2577.253611
2844.212836
2987.749131
3139.970744
3361.674895
3505.211190
3672.974950
3834.339002
3929.877491
4061.528616
4168.038033
4248.948619
4348.144085
4438.654233
4504.479795
4434.997257
4324.373743
4210.093253
3985.646370
3823.368075
3529.895776
2995.520205
2579.996343
2075.333699
1485.189248
1020.753337
383.525325
-335.527519
-892.302066
-1539.586762
-2197.385262
-2672.792101
-3221.795575
-3786.341196
-4196.379594
-4689.157067
-5124.337173
-5337.356007
-5627.628451
-5888.645091
-6021.210459
-6198.573779
-6246.571585
-6090.235875
-5991.954654
-5833.333333
-5503.748400
-5224.904004
-4794.752240
-4170.780764
-3685.317243
-3123.971476
-2474.401170
-1981.166575
-1374.108612
-761.565186
-351.069665
131.194003
522.033278
719.967087
1011.610898
1191.259828
1261.656610
1456.847687
1465.990126
1417.078076
1563.357104
1588.955933
1688.608521
1907.112818
1926.769062
2039.221064
2302.066191
2488.114829
2740.446151
2974.035473
3087.858841
3305.448894
3549.094899
3707.716219
3899.707442
4060.157250
4176.266228
4328.487841
4437.739989
4510.879503
4630.645456
4736.697751
4701.499360
4600.932529
4487.109161
4249.405741
4081.641982
3853.081002
3305.448894
2851.983909
2380.691168
1722.892668
1241.086122
634.485281
-174.620589
-782.592796
-1430.791735
-2173.614920
-2720.789907
-3309.105869
-3946.333882
-4384.713842
-4866.063266
-5340.098738
-5566.831231
-5828.304992
-6075.150850
-6174.346316
-6353.995246
-6407.021393
-6222.801243
-6098.006948
-5930.700311
-5606.143719
-5323.185226
-4914.518193
-4288.261108
-3767.142074
-3239.166210
-2579.996343
-2032.364235
-1433.991589
-769.793381
-299.872006
178.277564
637.685134
900.530261
1194.459682
1449.076614
1540.043884
1718.778570
1791.003840
1707.350521
1796.489303
1862.314866
1871.914427
2034.649845
2075.790821
2065.277016
2258.639605
2447.888097
2608.795027
2826.385080
2951.636497
3085.573231
3340.647285
3533.552752
3700.402267
3895.593344
4017.644908
4170.780764
4339.915890
4418.083745
4525.050283
4653.044432
4610.989212
4510.422381
4429.054672
4161.181203
3932.620223
3748.400073
3212.653136
2697.019565
2296.580728
1646.096178
1139.605047
657.341379
-130.279759
-763.850795
-1305.997440
-2004.479795
-2534.741269
-3037.118303
-3700.859389
-4145.639057
-4562.534284
-5079.996343
-5326.385080
-5590.601572
-5937.100018
-6027.153044
-6188.974218
-6342.567197
-6158.804169
-6039.038215
-5932.528799
-5578.259280
-5297.129274
-4947.888097
-4285.061254
-3722.801243
-3203.967819
-2532.912781
-1989.851892
-1387.822271
-711.281770
-246.845858
206.619126
616.657524
848.418358
1146.918998
1371.823002
1431.248857
1583.927592
1657.067106
1574.328031
1654.324374
1713.293107
1716.950082
1885.628086
1945.053940
1954.653502
2119.674529
2293.380874
2510.056683
2726.732492
2850.612543
3009.690986
3214.024502
3418.815140
3642.804900
3805.540318
3914.792467
4079.356372
4233.406473
4332.601938
4438.654233
4524.593161
4524.593161
4443.225453
4343.115743
4152.953008
3891.479247
3686.688609
3278.478698
2747.302980
2319.893948
1764.947888
1205.430609
731.395136
40.226732
-672.426403
-1243.828854
-1869.171695
-2445.145365
-2953.922106
-3577.893582
-4125.068568
-4526.421649
-4991.771805
-5326.842201
-5554.488938
-5879.502651
-6052.294752
-6115.834705
-6240.171878
-6147.376120
-5923.386359
-5811.848601
-5537.118303
-5157.249954
-4837.721704
-4262.662278
-3624.520022
-3146.827574
-2545.712196
-1973.852624
-1444.505394
-773.907479
-268.787713
124.337173
544.889376
794.477967
1060.522948
1338.453099
1415.249589
1516.273542
1625.068568
1567.928323
1612.269153
1686.780033
1663.923935
1765.405010
1841.744377
1839.458768
1956.939111
2119.217407
2313.037118
2530.170049
2681.477418
2837.356007
3051.289084
3298.134942
3534.924118
3735.143536
3894.221978
4045.986469
4239.806180
4425.854818
4521.850430
4615.560432
4638.873651
4543.335162
4483.452185
4313.402816
4029.530079
3837.995977
3442.585482
2905.010057
2495.428780
1918.540867
1344.395685
892.302066
186.048638
-534.832693
-1079.722070
-1732.035107
-2303.437557
-2785.701225
-3446.242457
-4005.302615
-4412.141159
-4913.603950
-5268.787713
-5524.776010
-5895.044798
-6089.778753
-6182.117389
-6336.624611
-6261.199488
-6073.779484
-5976.869629
-5687.511428
-5309.928689
-4987.200585
-4405.284330
-3771.713293
-3278.935820
-2634.850978
-2048.363503
-1522.673249
-805.448894
-271.073322
137.136588
618.943134
872.188700
1128.176998
1459.133297
1528.158713
1626.897056
1762.205156
1684.037301
1720.149936
1809.745840
1759.462425
1855.000914
1929.968916
1903.912964
2020.936186
2158.987018
2316.694094
2523.313220
2656.335710
2781.130005
2962.150302
3181.568843
3394.130554
3556.865972
3698.116658
3812.854270
3965.990126
4155.238618
4242.548912
4330.773450
4399.341744
4308.831596
4274.547449
4207.350521
3938.105687
3784.512708
3502.468459
2943.865423
2560.797221
2065.734138
1430.791735
1010.239532
357.012251
-431.066008
-959.041872
-1577.527884
-2215.213019
-2642.164930
-3247.394405
-3854.909490
-4199.579448
-4664.015359
-5058.968733
-5244.103127
-5602.486743
-5847.961236
-5903.272993
-6096.635582
-6092.521485
-5893.216310
-5850.246846
-5647.741818
-5283.415615
-5036.569757
-4529.621503
-3878.679832
-3429.328945
-2823.185226
-2198.756628
-1725.635400
-1013.896508
-414.609618
-50.740538
458.493326
770.250503
966.812946
1338.910221
1448.162370
1469.647102
1647.467544
1562.899982
1519.930517
1661.638325
1596.727007
1641.067837
1768.604864
1719.235692
1826.659353
2005.851161
2139.330773
2372.005851
2538.855367
2653.592979
2867.526056
3082.373377
3309.562991
3515.724995
3644.176266
3797.769245
3948.162370
4115.926129
4283.232767
4356.372280
4420.369355
4415.798135
4334.430426
4304.260377
4129.639788
3902.907296
3691.259828
3226.823917
2774.273176
2372.920095
1778.204425
1272.170415
751.508502
-5.942585
-636.770890
-1184.402999
-1850.886817
-2392.576339
-2928.780399
-3595.721338
-4074.785153
-4482.537941
-4954.744926
-5245.474493
-5537.118303
-5873.102944
-5996.982995
-6095.264216
-6194.459682
-6048.637777
-5902.358749
-5799.049186
-5456.207716
-5116.108978
-4768.239166
-4133.753886
-3584.750411
-3124.885720
-2466.630097
-1915.798135
-1365.423295
-678.368989
-239.989029
153.592979
612.086305
856.646553
1158.804169
1460.047541
1501.188517
1640.610715
1757.633937
1679.008960
1774.547449
1821.631011
1764.947888
1862.771988
1865.514719
1851.801061
1985.280673
2099.561163
2245.383068
2411.318340
2524.684586
2700.219419
2914.152496
3133.113915
3360.303529
3523.496069
3679.831779
3861.309197
4032.272810
4194.551106
4295.117937
4373.742915
4396.141891
4322.088133
4280.947157
4129.182666
3877.308466
3678.917535
3270.707625
2800.329128
2434.631560
1882.885354
1367.251783
913.329676
225.818248
-383.982447
-898.701774
-1540.958128
-2090.418724
-2604.680929
-3254.708356
-3765.770708
-4175.809106
-4660.358384
-5007.771073
-5304.443225
-5660.998354
-5851.618212
-5963.613092
-6105.320900
-6050.466264
-5911.958310
-5834.704699
-5558.145913
-5204.790638
-4903.547266
-4349.515451
-3755.256903
-3293.563723
-2669.592247
-2080.819163
-1549.643445
-872.188700
-362.497714
24.227464
485.006400
770.250503
1032.181386
1351.252514
1420.277930
1520.387639
1679.923204
1624.154324
1668.038033
1738.891936
1681.751691
1773.633205
1837.173158
1809.745840
1919.455111
2030.992869
2159.444140
2357.377948
2464.801609
2593.710002
2801.700494
2985.006400
3178.368989
3354.360943
3486.012068
3634.119583
3825.196562
3992.503200
4096.269885
4207.807643
4292.375206
4264.947888
4267.690620
4199.579448
3959.133297
3817.882611
3539.038215
3060.888645
2718.961419
2228.469556
1648.381788
1231.029439
609.800695
-91.881514
-602.029622
-1214.115926
-1827.116475
-2303.437557
-2924.209179
-3512.525142
-3922.106418
-4396.141891
-4805.266045
-5089.595904
-5448.893765
-5702.139331
-5824.190894
-5993.783141
-6044.066557
-5932.528799
-5860.760651
-5698.939477
-5380.782593
-5111.537758
-4688.242823
-4095.355641
-3608.977875
-3074.145182
-2465.715853
-1925.397696
-1287.712562
-678.826111
-244.103127
217.132931
593.344304
878.588407
1223.715487
1408.392759
1491.131834
1656.609984
1676.266228
1670.780764
1751.691351
1710.550375
1726.092521
1801.060523
1773.633205
1827.116475
1915.798135
2009.965259
2212.013165
2334.521850
2435.088682
2648.107515
2821.813860
3020.661913
3249.222893
3369.903090
3522.124703
3718.230024
3869.080271
4030.901445
4136.496617
4210.093253
4275.461693
4245.748766
4212.378863
4104.498080
3889.650759
3707.716219
3368.531724
2924.666301
2553.940391
2042.420918
1514.902176
1044.980801
387.182300
-251.874200
-774.364600
-1388.279393
-1959.224721
-2471.201317
-3091.515816
-3616.748949
-4015.816420
-4465.624429
-4853.263851
-5159.992686
-5490.034741
-5732.309380
-5858.475041
-6002.011337
-6036.295484
-5928.414701
-5848.875480
-5641.342110
-5294.843664
-4989.943317
-4501.279941
-3884.165295
-3419.272262
-2830.042055
-2172.243555
-1656.152862
-1014.353630
-420.552203
-57.140245
397.238983
767.050649
985.097824
1302.340464
1442.676906
1478.332419
1637.867983
1644.267691
1636.496617
1733.406473
1693.179740
1710.093253
1807.003108
1787.803986
1849.515451
1979.795209
2075.333699
2228.926678
2361.492046
2469.372829
2638.965076
2818.156884
2997.348693
3168.769428
3300.420552
3448.985189
3621.320168
3768.056317
3896.964710
4011.702322
4086.213202
4123.697202
4140.153593
4098.098373
3957.761931
3819.711099
3627.719876
3273.907479
2929.237521
2531.541415
2014.536478
1560.614372
1033.095630
386.268056
-191.534101
-789.449625
-1403.364418
-1951.453648
-2547.540684
-3133.571037
-3639.605047
-4116.383251
-4544.249406
-4915.889559
-5254.616932
-5535.289815
-5737.794844
-5891.844944
-5985.097824
-5967.727190
-5870.817334
-5735.966356
-5495.063083
-5186.962882
-4857.835070
-4357.286524
-3812.854270
-3340.647285
-2766.502103
-2190.071311
-1647.467544
-1025.324557
-507.405376
-96.452734
346.041324
668.769428
948.528067
1236.514902
1364.966173
1489.303346
1644.724813
1656.152862
1713.750229
1800.603401
1783.689888
1870.085939
1945.968184
1919.455111
1991.680380
2101.389651
2193.271165
2342.292924
2451.087950
2546.169318
2719.418541
2891.296398
3064.088499
3238.251966
3373.560066
3529.895776
3703.602121
3851.709636
3986.560614
4103.126714
4178.551838
4212.378863
4206.436277
4134.668129
3986.560614
3821.996709
3589.778753
3194.825379
2786.615469
2342.750046
1805.631743
1308.283050
748.765771
74.053758
-512.890839
-1072.408118
-1695.465350
-2235.326385
-2778.387274
-3366.703236
-3824.739440
-4233.406473
-4671.329311
-5005.942585
-5301.243372
-5591.972938
-5751.508502
-5885.902359
-6008.411044
-5948.528067
-5858.475041
-5767.964893
-5499.177180
-5209.361858
-4874.291461
-4323.002377
-3796.397879
-3303.620406
-2655.421466
-2058.420187
-1469.189980
-782.135674
-266.959225
181.477418
687.054306
1019.381971
1310.568660
1591.698665
1695.008228
1818.431157
1921.740720
1880.142622
1924.483452
1934.540135
1850.886817
1908.484184
1914.426769
1864.600475
1938.197111
2002.651307
2080.819163
2233.040775
2314.408484
2428.231852
2610.623514
2737.703419
2911.866886
3056.774547
3154.598647
3323.733772
3451.727921
3544.523679
3680.746023
3766.684952
3842.110075
3913.878223
3905.192905
3875.937100
3790.455293
3637.776559
3478.698117
3186.597184
2816.785518
2462.973121
1988.937649
1490.674712
1012.525142
391.753520
-218.961419
-753.336990
-1383.708173
-1977.509600
-2500.457122
-3101.572500
-3624.062900
-4036.386908
-4520.021942
-4902.633022
-5176.906199
-5502.834156
-5695.282501
-5806.363138
-5970.012799
-5945.785336
-5831.047724
-5769.793381
-5512.890839
-5199.305175
-4920.003657
-4413.512525
-3876.851344
-3406.472847
-2762.845127
-2179.557506
-1651.124520
-975.498263
-453.464984
-21.027610
488.663375
815.048455
1103.035290
1428.049003
1562.442860
1700.950814
1859.572134
1853.629548
1901.627354
1961.967453
1913.512525
1954.653502
2002.651307
1975.681112
2023.221796
2073.505211
2122.417261
2255.896873
2341.835802
2409.946974
2538.398245
2640.336442
2772.444688
2922.837813
3006.491132
3138.599378
3278.478698
3381.788261
3546.809289
3666.118120
3733.315048
3853.081002
3893.764856
3876.394222
3865.423295
3731.029439
3575.150850
3382.702505
3018.833425
2649.478881
2252.239898
1729.749497
1250.685683
705.339184
36.569757
-526.604498
-1108.520753
-1753.976961
-2271.439020
-2837.813129
-3453.556409
-3869.537393
-4297.403547
-4754.068385
-5031.541415
-5330.956299
-5615.743280
-5723.624063
-5861.217773
-5960.413238
-5857.560797
-5782.135674
-5665.569574
-5357.012251
-5087.767416
-4750.411410
-4193.179740
-3706.344853
-3212.196014
-2570.396782
-2032.364235
-1458.676175
-780.764308
-302.157616
138.050832
645.913330
977.783873
1294.569391
1608.612178
1730.206619
1875.571402
2020.936186
2012.250869
2063.905650
2087.218870
2020.479064
2062.077162
2071.676723
2017.279210
2073.962333
2112.360578
2158.987018
2294.752240
2345.492777
2400.804535
2542.512342
2649.021759
2763.302249
2878.039861
2956.207716
3091.515816
3231.852258
3338.818797
3491.040410
3592.978607
3674.803438
3805.540318
3844.852807
3830.224904
3821.539587
3702.230755
3539.495337
3339.733041
2979.978058
2600.109709
2210.641799
1685.865789
1162.461145
612.543427
-62.168587
-647.741818
-1210.916072
-1878.771256
-2453.830682
-2999.177180
-3590.692997
-4025.873103
-4429.968916
-4904.918632
-5195.191077
-5453.922106
-5740.994697
-5836.533187
-5951.727921
-6055.494606
-5925.214847
-5842.018651
-5715.395868
-5381.239715
-5106.966539
-4724.355458
-4157.067106
-3699.945145
-3159.626988
-2495.428780
-1963.338819
-1333.424758
-686.140062
-239.531907
291.643811
794.020845
1097.549826
1473.761199
1763.119400
1886.085208
2094.075699
2206.527702
2196.013897
2269.610532
2260.468093
2207.441946
2241.726093
2216.127263
2168.586579
2192.814043
2190.071311
2202.870726
2267.324922
2270.524776
2307.551655
2417.718047
2462.973121
2529.712927
2660.449808
2729.932346
2844.669958
3018.833425
3113.914792
3252.879868
3436.185774
3525.781679
3654.690071
3772.627537
3756.171146
3775.827391
3736.057780
3552.294752
3400.073140
3110.257817
2706.162004
2363.777656
1878.314134
1302.797586
814.591333
188.791370
-474.035473
-1019.839093
-1667.123789
-2276.924483
-2776.558786
-3361.217773
-3867.251783
-4248.034376
-4707.441946
-5062.625709
-5294.386542
-5600.658256
-5780.307186
-5855.732309
-5986.926312
-5952.642165
-5822.819528
-5751.051381
-5506.948254
-5175.534833
-4886.633754
-4404.370086
-3869.994515
-3407.844213
-2780.672884
-2157.158530
-1610.440666
-931.614555
-347.869812
123.880051
687.054306
1103.035290
1434.905833
1807.917352
1999.451454
2145.273359
2317.608338
2326.293655
2339.550192
2380.234046
2293.837996
2274.638874
2268.696288
2164.472481
2159.901262
2166.758091
2116.017553
2172.243555
2213.841653
2204.242092
2290.638142
2378.405559
2428.688974
2550.283416
2645.364783
2717.132931
2868.440300
2999.177180
3097.915524
3261.108064
3374.017188
3444.413970
3594.349973
3645.547632
3623.148656
3649.204608
3556.408850
3392.302066
3232.309380
2901.810203
2532.455659
2185.042969
1654.781496
1110.806363
591.972938
-84.567563
-693.454014
-1248.400073
-1932.254526
-2520.113366
-3041.689523
-3632.291095
-4089.870177
-4465.624429
-4918.632291
-5219.875663
-5432.894496
-5702.596453
-5816.876943
-5868.074602
-5966.812946
-5874.931432
-5730.023770
-5640.884988
-5340.555860
-4998.628634
-4688.699945
-4163.923935
-3657.432803
-3191.168404
-2517.370634
-1906.655696
-1342.567197
-643.170598
-111.537758
377.125617
974.126897
1351.709636
1671.695008
2029.164381
2172.243555
2317.151216
2473.029804
2429.146096
2420.003657
2426.860486
2301.151947
2244.468824
2199.670872
2076.247943
2036.935454
2025.050283
1960.138965
1961.510331
1985.737795
1987.566283
2061.620040
2141.159261
2169.043701
2243.554580
2376.577071
2476.229658
2597.366978
2743.188883
2831.413421
2987.292010
3168.312306
3249.680015
3393.673432
3521.667581
3525.324557
3583.836167
3578.807826
3428.414701
3329.219236
3107.515085
2737.703419
2442.859755
1991.223258
1419.363686
964.527336
364.783324
-328.670689
-895.959042
-1548.272079
-2203.327848
-2705.247760
-3310.020113
-3894.679100
-4284.604132
-4719.784238
-5107.423661
-5330.042055
-5604.315231
-5810.020113
-5854.818065
-5938.928506
-5920.186506
-5755.622600
-5660.541232
-5453.922106
-5092.795758
-4789.723898
-4384.256720
-3853.995246
-3375.845676
-2817.699762
-2201.956482
-1657.067106
-1025.324557
-397.238983
123.422929
654.598647
1124.977144
1517.187786
1896.141891
2164.015359
2343.207168
2505.028342
2559.882977
2576.339367
2593.252880
2539.312489
2456.573414
2368.805997
2270.981898
2201.499360
2119.674529
2041.049552
2009.965259
1963.338819
1929.968916
1948.253794
1970.652770
2020.479064
2094.075699
2139.330773
2225.269702
2345.492777
2463.887365
2601.938197
2742.731761
2875.754251
3026.604498
3146.370452
3269.793381
3398.701774
3443.956848
3437.557140
3414.243920
3313.677089
3155.970013
2937.465716
2595.081368
2241.268971
1827.573597
1286.798318
774.364600
229.932346
-411.409764
-1006.125434
-1615.469007
-2249.497166
-2782.958493
-3317.334065
-3874.565734
-4285.518376
-4676.814774
-5076.339367
-5322.270982
-5523.861766
-5718.595721
-5786.706893
-5833.790455
-5826.933626
-5669.683672
-5530.718596
-5351.069665
-5011.428049
-4674.529164
-4299.689157
-3792.283781
-3288.535381
-2756.445420
-2142.530627
-1569.299689
-967.727190
-323.642348
223.075517
740.994697
1254.799781
1668.495155
2034.649845
2336.807460
2532.912781
2688.791370
2765.587859
2761.930883
2746.845858
2689.705613
2567.196928
2439.659901
2310.751509
2185.957213
2082.190528
1970.652770
1895.227647
1857.743646
1807.917352
1790.546718
1822.088133
1857.286524
1907.569940
1971.567014
2008.593893
2104.589504
2222.069848
2288.352532
2397.604681
2512.342293
2595.081368
2721.704151
2840.555860
2912.781130
3006.948254
3043.060889
3028.890108
3038.032547
2938.837082
2785.244103
2614.280490
2302.980435
1959.224721
1587.127446
1079.264948
586.030353
77.253611
-559.060157
-1155.147193
-1730.663741
-2342.750046
-2859.297861
-3375.388554
-3914.335345
-4301.974767
-4658.987018
-5000.914244
-5189.248491
-5361.583470
-5530.261474
-5551.746206
-5539.403913
-5501.919912
-5327.756445
-5150.393125
-4962.973121
-4618.760285
-4273.176083
-3923.020662
-3421.557872
-2929.694643
-2452.459316
-1852.258182
-1313.768513
-772.078991
-109.252148
402.724447
869.445968
1402.907296
1760.833790
2102.303895
2460.687511
2596.452734
2709.818980
2825.470836
2761.473761
2724.904004
2691.991223
2504.114098
2367.891754
2254.982629
2068.476870
1956.939111
1852.715304
1719.692814
1674.437740
1625.525690
1550.100567
1560.614372
1597.184129
1608.612178
1652.038764
1692.265496
1713.293107
1799.232035
1888.827939
1939.568477
2026.878771
2108.246480
2176.357652
2319.436826
2438.745657
2508.228195
2624.337173
2680.106052
2705.247760
2755.988298
2681.934540
2555.311757
2444.231121
2169.500823
1845.858475
1525.415981
1038.581093
558.603035
88.224538
-547.174986
-1144.633388
-1682.208813
-2298.866338
-2837.813129
-3309.562991
-3838.453099
-4233.406473
-4517.736332
-4821.722436
-5005.942585
-5095.081368
-5209.361858
-5198.848053
-5089.138782
-5025.598830
-4856.463705
-4615.560432
-4429.511794
-4119.125983
-3749.771439
-3458.584750
-3024.776010
-2542.512342
-2142.073505
-1628.268422
-1110.349241
-639.970744
-57.597367
440.208448
852.075334
1349.424026
1739.806180
2041.506674
2377.034193
2577.710733
2680.563174
2792.100933
2790.729567
2734.046444
2679.191808
2507.313951
2329.036387
2202.870726
2008.136771
1817.974035
1684.951545
1552.843299
1460.504663
1398.793198
1323.368075
1308.740172
1352.623880
1348.966904
1364.051929
1446.333882
1483.817883
1530.444323
1629.639788
1694.551106
1765.862132
1865.057597
1928.597550
2039.221064
2169.500823
2210.641799
2295.209362
2404.461510
2419.089413
2436.917170
2435.545804
2328.579265
2238.069117
2084.476138
1765.862132
1482.446517
1170.232218
687.968550
225.361126
-221.704151
-813.219967
-1347.595538
-1829.859206
-2394.404827
-2854.726641
-3267.507771
-3737.886268
-4028.158713
-4246.663010
-4544.706528
-4672.700677
-4719.784238
-4820.808192
-4759.553849
-4676.814774
-4634.302432
-4392.484915
-4163.923935
-3994.331688
-3633.662461
-3281.678552
-2979.063814
-2521.941854
-2087.675992
-1673.980618
-1154.690071
-706.710550
-251.417078
290.272445
696.653867
1077.436460
1512.159444
1813.402816
2064.362772
2302.523313
2403.090144
2499.085756
2558.511611
2463.887365
2393.947705
2327.665021
2151.215944
2001.737063
1866.428963
1691.808374
1562.442860
1426.220516
1291.369537
1228.286707
1157.889925
1067.379777
1059.151582
1059.608704
1039.952459
1050.009142
1072.865240
1122.691534
1174.803438
1204.973487
1273.998903
1363.137685
1433.534467
1523.587493
1620.497349
1726.092521
1863.229110
1955.110624
2031.907113
2155.787164
2214.755897
2217.498629
2217.041507
2154.872920
2040.135308
1871.000183
1598.555495
1325.196562
1010.696654
554.946060
120.680197
-293.929420
-817.334065
-1305.540318
-1760.376668
-2239.440483
-2634.850978
-2998.720059
-3385.902359
-3632.748217
-3809.654416
-4022.216127
-4104.955202
-4100.841104
-4116.840373
-4048.729201
-3934.905833
-3831.596270
-3622.691534
-3410.586945
-3249.222893
-2959.864692
-2657.707076
-2441.488389
-2107.789358
-1750.319985
-1440.848418
-1070.579631
-705.796306
-367.526056
37.484001
399.981715
692.082648
1036.295484
1335.253246
1550.557689
1758.548181
1913.969647
2015.450722
2082.647650
2065.734138
2015.450722
1964.710185
1857.286524
1716.035838
1589.413055
1460.047541
1318.796855
1187.145730
1098.006948
1046.352167
987.840556
937.557140
945.785336
962.241726
991.954654
1043.609435
1074.693728
1128.176998
1209.544707
1241.543244
1269.427683
1341.652953
1386.908027
1402.450174
1448.619492
1483.817883
1509.873834
1558.785884
1583.013348
1623.697202
1675.809106
1672.152130
1672.609252
1695.922472
1651.581642
1559.700128
1466.447248
1304.168952
1103.492412
892.302066
586.030353
241.817517
-58.054489
-438.837082
-868.988846
-1220.515634
-1585.298958
-1965.167307
-2268.239166
-2566.282684
-2825.470836
-2986.834888
-3153.227281
-3261.565186
-3263.393673
-3285.335528
-3283.964162
-3180.197477
-3095.172792
-3000.548546
-2859.754983
-2752.788444
-2607.423661
-2417.260925
-2290.181020
-2138.873651
-1911.226915
-1724.721156
-1521.301883
-1270.341927
-1023.953191
-731.852258
-435.180106
-164.563906
161.364052
487.749131
753.794112
1037.666850
1298.226367
1498.445785
1671.237886
1780.947157
1876.485646
1940.025599
1907.112818
1861.857744
1816.145548
1717.864326
1625.982812
1525.873103
1413.878223
1358.109344
1283.598464
1188.059974
1171.603584
1158.804169
1116.748949
1100.749680
1081.093436
1065.551289
1047.266411
991.954654
961.327482
922.472116
831.047724
760.650942
715.852990
661.912598
621.685866
584.201865
575.973670
634.942403
687.511428
747.851527
876.302798
999.725727
1116.291827
1247.942951
1329.310660
1426.220516
1500.731395
1449.990858
1403.821540
1349.881148
1146.918998
928.871823
720.424209
403.181569
82.739075
-251.874200
-622.600110
-935.271530
-1248.857195
-1604.040958
-1870.085939
-2086.304626
-2318.522582
-2493.600293
-2632.108246
-2752.788444
-2820.899616
-2894.039130
-2961.236058
-2966.721521
-2973.578351
-3013.347961
-3000.091424
-2947.979521
-2919.637959
-2862.040592
-2742.274639
-2585.481807
-2403.547266
-2182.757360
-1909.398428
-1570.671055
-1194.916804
-824.190894
-423.752057
24.227464
456.207716
861.217773
1256.171146
1613.640519
1916.712379
2157.158530
2338.178826
2470.744195
2538.398245
2522.398976
2457.944780
2379.776924
2254.525507
2077.619309
1902.998720
1739.349058
1550.557689
1356.280856
1185.317243
1036.295484
898.244652
756.993966
612.086305
490.948985
398.610349
290.729567
182.848784
112.452002
33.369903
-50.283416
-82.739075
-98.281221
-95.081368
-51.197660
5.028342
117.937466
300.329128
478.606692
680.197477
948.985189
1208.630463
1455.476321
1721.521302
1950.996526
2136.130920
2300.237703
2374.748583
2361.949168
2329.493509
2208.356189
1966.538673
1705.979155
1378.679832
944.871092
517.919181
71.311026
-431.980252
-892.759188
-1351.709636
-1835.801792
-2201.499360
-2540.226732
-2903.181569
-3139.513622
-3316.419821
-3511.610898
-3600.292558
-3654.690071
-3717.315780
-3667.489486
-3615.377583
-3597.549826
-3452.185043
-3295.392211
-3176.997623
-2938.379960
-2683.763028
-2445.602487
-2097.732675
-1743.006034
-1382.793929
-913.786798
-489.577619
-73.596636
441.122692
881.788261
1274.913147
1705.979155
2036.935454
2305.723167
2545.712196
2661.364052
2718.047175
2733.589322
2622.508685
2452.916438
2267.782044
2005.851161
1718.321448
1435.820077
1130.462607
847.504114
587.401719
341.012982
151.764491
2.285610
-122.051563
-217.132931
-262.845127
-269.244835
-278.387274
-262.845127
-207.990492
-165.021028
-111.994880
-25.141708
47.997806
143.993417
266.044981
360.212105
504.662644
682.025965
833.333333
1037.666850
1276.741635
1479.246663
1721.064180
1973.395502
2156.701408
2356.920826
2527.884440
2583.653319
2646.736149
2649.478881
2482.629366
2327.665021
2106.875114
1724.721156
1366.337539
952.185043
426.951911
-42.969464
-531.632840
-1079.264948
-1517.644908
-1933.168769
-2369.263119
-2661.364052
-2899.524593
-3133.113915
-3235.052112
-3290.363869
-3327.390748
-3264.765039
-3192.539770
-3116.657524
-2969.921375
-2838.270251
-2738.617663
-2596.452734
-2445.602487
-2328.122143
-2182.757360
-2021.850430
-1868.714573
-1684.951545
-1478.332419
-1255.714025
-992.868897
-698.939477
-400.438837
-84.110441
260.559517
586.030353
889.102212
1185.774365
1433.534467
1635.582373
1798.774913
1888.370817
1915.341013
1911.684037
1834.887548
1696.379594
1557.414518
1388.736515
1185.774365
1008.411044
833.790455
675.626257
573.688060
464.893033
396.324739
401.353081
397.696105
399.981715
449.808009
491.406107
520.661913
554.488938
551.289084
547.632108
537.118303
466.264399
394.039130
345.127080
259.645273
174.163467
141.250686
120.680197
132.108246
187.420004
265.130737
416.895228
613.000549
799.049186
1028.524410
1297.769245
1538.672518
1764.033644
1961.053209
2103.675261
2222.069848
2254.068385
2182.300238
2102.761017
1956.939111
1683.123057
1398.336076
1101.663924
725.909673
355.183763
-7.313951
-373.925763
-683.854452
-986.012068
-1294.569391
-1498.902907
-1657.981349
-1870.543061
-2009.508137
-2102.761017
-2227.098190
-2328.122143
-2434.631560
-2567.196928
-2658.621320
-2782.958493
-2953.922106
-3060.431523
-3138.142256
-3254.708356
-3315.048455
-3297.677820
-3256.536844
-3139.513622
-2953.007862
-2705.704882
-2356.920826
-1960.138965
-1548.272079
-1054.580362
-522.947522
-18.284878
481.349424
970.012799
1404.735784
1791.003840
2104.132383
2332.693363
2514.170781
2615.194734
2620.223076
2587.767416
2522.856098
2396.233315
2241.726093
2078.076431
1907.569940
1749.862863
1581.184860
1416.620954
1290.455293
1167.032364
1016.182117
891.387822
770.250503
610.714939
458.493326
285.701225
85.024685
-96.452734
-290.729567
-511.976595
-691.168404
-840.647285
-981.897970
-1061.894313
-1082.464802
-1050.466264
-946.242457
-790.363869
-565.002743
-256.445420
81.824831
453.464984
870.817334
1293.198025
1708.721887
2091.790090
2430.517462
2719.875663
2933.351618
3072.773816
3117.114646
3061.802889
2951.636497
2739.074785
2425.946242
2092.247212
1710.093253
1249.314317
786.706893
335.527519
-133.479612
-567.745474
-982.812214
-1385.079539
-1713.293107
-2022.764674
-2331.779119
-2558.054489
-2769.701956
-2978.149570
-3135.399525
-3312.762845
-3463.155970
-3561.437191
-3688.517096
-3804.168952
-3834.796124
-3869.080271
-3876.851344
-3784.512708
-3659.261291
-3468.184312
-3192.996892
-2876.211373
-2466.172975
-1989.851892
-1503.474127
-959.498994
-382.153959
180.106052
740.994697
1269.427683
1736.149205
2163.558237
2508.685317
2751.417078
2923.752057
3022.947522
3028.890108
2953.464984
2830.042055
2667.306637
2451.545072
2208.356189
1971.109892
1753.062717
1530.444323
1312.854270
1124.977144
973.212653
833.790455
682.025965
543.518011
428.323277
290.729567
128.908393
-33.369903
-218.047175
-394.039130
-587.858841
-810.934357
-981.897970
-1118.120314
-1262.113732
-1356.280856
-1353.538124
-1319.253977
-1230.572317
-1042.695191
-796.763577
-486.377766
-131.194003
250.959956
692.082648
1151.947340
1560.157250
1962.424575
2351.892485
2659.992686
2910.952642
3086.487475
3170.597916
3212.196014
3165.569574
2975.863961
2771.530444
2541.140976
2185.042969
1820.259645
1465.533004
1057.323094
652.770159
256.445420
-144.450539
-486.377766
-824.648016
-1203.602121
-1505.759737
-1774.547449
-2091.332968
-2378.405559
-2643.993417
-2920.095081
-3175.626257
-3429.786067
-3683.945877
-3874.565734
-4050.100567
-4230.206619
-4323.916621
-4344.487109
-4338.087402
-4243.463156
-4058.328762
-3798.226367
-3460.413238
-3066.374109
-2591.881514
-2022.307552
-1438.105687
-844.304260
-210.733224
423.294935
1031.267142
1589.413055
2097.275553
2554.397513
2937.008594
3220.424209
3434.357287
3575.150850
3629.548364
3610.349241
3524.410313
3391.387822
3225.909673
3009.690986
2765.587859
2535.655513
2267.782044
1972.024136
1697.293838
1415.249589
1132.291095
837.447431
520.661913
202.505028
-109.252148
-444.779667
-793.106601
-1125.891388
-1460.504663
-1774.090327
-2050.191991
-2297.494972
-2485.372097
-2603.766685
-2664.106784
-2636.222344
-2509.142439
-2315.779850
-2042.878040
-1675.351984
-1248.857195
-769.793381
-244.560249
305.357469
874.931432
1429.877491
1948.710916
2439.202779
2874.382885
3256.536844
3566.922655
3784.512708
3926.220516
3987.474858
3966.904370
3871.823002
3703.602121
3460.870360
3171.055037
2830.956299
2438.745657
2022.307552
1577.985006
1087.036021
607.515085
129.365515
-378.954105
-866.246114
-1345.309929
-1830.316328
-2271.439020
-2698.848053
-3127.628451
-3493.783141
-3818.339733
-4126.897056
-4375.114280
-4559.791552
-4694.642531
-4753.611263
-4757.268239
-4694.642531
-4534.649845
-4303.346133
-4015.816420
-3639.147925
-3195.739623
-2717.590053
-2182.300238
-1604.955202
-1000.639971
-390.839276
211.190346
794.477967
1364.509051
1892.942037
2346.407021
2744.560249
3090.144451
3348.875480
3512.068020
3600.749680
3625.891388
3576.979338
3448.985189
3256.536844
3022.490400
2750.959956
2431.888828
2096.818431
1762.205156
1408.849881
1039.495337
689.797038
351.069665
10.970927
-321.356738
-650.484549
-957.213385
-1234.686414
-1515.359298
-1785.061254
-2010.422381
-2211.098921
-2393.033461
-2524.227464
-2603.309563
-2631.651125
-2590.967270
-2499.542878
-2334.978972
-2078.990675
-1778.204425
-1423.020662
-989.669044
-526.604498
-42.055220
478.149570
991.497532
1498.445785
1989.394771
2414.518193
2803.986103
3166.026696
3446.242457
3657.889925
3819.253977
3911.135491
3941.762662
3907.478515
3813.768513
3678.917535
3493.783141
3248.308649
2959.864692
2650.393125
2304.808923
1915.341013
1507.588225
1077.893582
613.000549
138.050832
-340.555860
-821.905284
-1301.426221
-1777.290181
-2242.640336
-2666.392393
-3045.346498
-3403.272993
-3711.373194
-3946.791004
-4133.753886
-4257.633937
-4315.231304
-4310.202962
-4232.035107
-4091.698665
-3906.564271
-3656.518559
-3352.075334
-3015.176449
-2641.250686
-2236.240629
-1814.774182
-1388.736515
-948.985189
-513.805083
-95.081368
309.471567
693.911135
1044.980801
1372.737246
1672.152130
1914.883891
2116.931797
2283.781313
2398.061803
2474.401170
2499.542878
2468.915707
2400.347413
2288.809654
2123.788627
1933.168769
1713.750229
1449.533736
1177.546169
884.530993
567.288353
264.216493
-40.683854
-349.698300
-633.571037
-900.987383
-1153.318705
-1371.365880
-1558.785884
-1721.064180
-1829.402084
-1910.312671
-1958.767599
-1942.311209
-1902.998720
-1833.516182
-1697.750960
-1537.301152
-1343.938563
-1101.206802
-839.275919
-549.460596
-221.704151
106.966539
460.778936
832.419089
1179.374657
1527.244469
1872.371549
2186.871457
2485.829219
2755.988298
2980.892302
3184.768696
3343.847138
3450.813677
3531.267142
3564.637045
3538.123971
3480.069483
3368.531724
3211.281770
3025.233132
2790.272445
2513.256537
2200.127994
1852.715304
1473.304078
1075.607972
658.255623
222.618395
-216.218687
-670.140794
-1113.091973
-1525.415981
-1923.569208
-2301.609069
-2649.936003
-2955.293472
-3215.852990
-3430.700311
-3596.635582
-3720.972756
-3790.455293
-3813.311391
-3792.740903
-3726.458219
-3627.262754
-3479.155239
-3304.991772
-3103.858109
-2863.411958
-2608.337905
-2337.264582
-2036.935454
-1732.035107
-1425.763394
-1097.549826
-763.850795
-431.980252
-99.652587
212.561711
518.376303
817.791187
1091.607241
1336.167489
1545.072225
1722.892668
1858.200768
1954.653502
2017.736332
2029.164381
1993.965990
1916.255257
1797.860669
1651.124520
1485.189248
1288.626806
1068.751143
863.503383
645.913330
422.837813
229.475224
42.055220
-126.622783
-274.730298
-418.723715
-532.547084
-618.943134
-695.282501
-761.565186
-803.163284
-832.419089
-848.875480
-841.104407
-817.334065
-774.821722
-714.481624
-637.228012
-525.233132
-371.640154
-218.961419
-48.454928
159.078442
382.153959
623.971476
867.617480
1112.177729
1357.652222
1589.413055
1803.346133
2009.508137
2185.500091
2328.579265
2431.431706
2503.199854
2557.597367
2574.510880
2552.569025
2505.942585
2437.374291
2332.693363
2206.070580
2061.620040
1896.141891
1717.864326
1506.216859
1261.199488
1027.153044
779.392942
493.234595
198.390931
-95.538490
-407.752788
-727.281039
-1035.838362
-1341.195831
-1631.011154
-1919.455111
-2198.756628
-2428.231852
-2630.736881
-2827.299323
-2978.606692
-3095.172792
-3187.054306
-3244.194551
-3268.422015
-3258.822454
-3216.310112
-3152.770159
-3072.316694
-2948.893765
-2798.957762
-2632.565368
-2448.802340
-2235.326385
-2002.194185
-1752.605595
-1487.474858
-1191.716950
-885.445237
-597.001280
-287.529713
28.798683
346.041324
646.827574
925.214847
1196.745292
1452.733589
1667.123789
1846.772719
2012.250869
2129.731212
2208.813311
2252.697020
2257.725361
2235.326385
2178.186140
2079.447797
1954.196380
1813.859938
1647.467544
1466.904370
1273.541781
1073.322362
864.874749
646.370452
426.494789
209.361858
-1.828488
-221.247029
-426.037667
-614.829036
-795.392211
-956.299141
-1099.378314
-1225.543975
-1316.968367
-1378.679832
-1411.592613
-1399.250320
-1351.709636
-1266.684952
-1143.262022
-983.269336
-781.221430
-545.803620
-287.986835
-9.599561
280.672884
575.516548
882.702505
1185.317243
1464.161638
1727.921009
1971.567014
2190.985555
2376.577071
2536.112635
2672.334979
2765.130737
2826.842201
2862.497714
2872.097276
2848.326934
2781.587127
2679.191808
2547.997806
2380.691168
2168.129457
1925.854818
1645.181935
1323.368075
963.155970
575.516548
167.306637
-264.673615
-709.910404
-1156.975681
-1599.926860
-2022.764674
-2422.289267
-2797.129274
-3119.400256
-3398.244652
-3645.547632
-3825.196562
-3944.505394
-4014.902176
-4033.644176
-4000.274273
-3922.106418
-3783.141342
-3618.577436
-3419.729384
-3167.855184
-2904.552935
-2623.880051
-2313.951362
-1982.080819
-1644.724813
-1289.998172
-942.585482
-588.315963
-221.247029
121.594441
466.721521
813.677089
1130.919729
1423.477784
1689.522765
1931.340282
2149.844579
2318.065460
2434.631560
2521.027610
2560.340099
2544.797952
2485.372097
2389.833608
2260.468093
2086.304626
1866.428963
1630.096910
1385.536661
1110.806363
831.504845
569.573962
295.757908
37.941123
-194.733955
-415.066740
-590.144451
-749.680015
-900.530261
-1005.211190
-1074.236606
-1137.319437
-1174.346316
-1182.574511
-1184.860121
-1157.889925
-1114.006217
-1065.094167
-971.841287
-866.703236
-763.850795
-623.514354
-453.007862
-275.644542
-69.025416
150.393125
388.553666
646.827574
902.815871
1166.118120
1425.763394
1668.495155
1887.456573
2087.675992
2266.410678
2410.404096
2516.456391
2579.539221
2607.880783
2613.366246
2565.825562
2491.314683
2408.118486
2283.781313
2135.673798
1975.223990
1793.289450
1605.412324
1393.764856
1146.461876
901.901627
650.941671
366.611812
69.482538
-233.589322
-553.117572
-878.131285
-1210.001828
-1536.386908
-1853.172426
-2164.929603
-2462.973121
-2723.532639
-2956.664838
-3151.855915
-3309.562991
-3428.414701
-3494.697385
-3516.182117
-3498.354361
-3435.728652
-3321.448162
-3183.397330
-3016.547815
-2814.499909
-2584.110441
-2345.492777
-2096.361309
-1828.030719
-1554.671786
-1272.170415
-993.326019
-714.938746
-427.409033
-154.964344
113.366246
378.954105
632.199671
879.045529
1107.606509
1310.111538
1504.388371
1678.094716
1817.059792
1939.568477
2027.793015
2084.476138
2108.246480
2097.275553
2058.420187
1993.508868
1897.056135
1767.690620
1628.268422
1472.389834
1306.454562
1125.891388
943.499726
756.993966
579.630645
419.180837
256.445420
114.280490
-11.428049
-133.022490
-242.731761
-327.756445
-408.667032
-476.778204
-532.089962
-577.345036
-610.257817
-634.942403
-650.027427
-653.684403
-639.056500
-613.000549
-572.316694
-513.805083
-437.922838
-348.326934
-231.760834
-100.109709
45.712196
205.247760
369.811666
550.831962
733.680746
906.929969
1070.579631
1234.686414
1372.737246
1499.360029
1609.983544
1687.237155
1745.748766
1793.289450
1812.945694
1809.745840
1790.546718
1753.519839
1698.665204
1626.897056
1537.758274
1438.105687
1322.910953
1178.917535
1026.695922
847.961236
641.342110
426.494789
177.363321
-90.510148
-367.068934
-675.626257
-992.411775
-1308.283050
-1626.897056
-1944.596818
-2238.069117
-2510.056683
-2755.988298
-2966.264399
-3151.855915
-3283.049918
-3366.703236
-3417.443774
-3414.243920
-3367.160358
-3281.678552
-3150.484549
-2991.863229
-2800.329128
-2567.654050
-2318.522582
-2047.906381
-1752.148473
-1450.447980
-1141.890656
-812.305723
-485.920644
-147.193271
189.705613
511.976595
822.362406
1127.262754
1420.277930
1682.208813
1929.054672
2148.930335
2330.864875
2473.944048
2583.653319
2654.050101
2686.048638
2665.478150
2603.309563
2510.056683
2378.862681
2215.213019
2023.678918
1804.260377
1571.128177
1318.339733
1055.951728
796.763577
540.318157
276.558786
29.255805
-195.648199
-410.038398
-614.371914
-801.791918
-959.041872
-1097.092704
-1210.001828
-1304.626074
-1378.222710
-1426.677638
-1453.190711
-1459.133297
-1443.134028
-1391.022125
-1321.996709
-1234.686414
-1112.177729
-964.984458
-803.163284
-610.714939
-403.181569
-185.134394
52.111903
287.986835
526.147376
777.564454
1012.982264
1229.658073
1436.734321
1618.211739
1770.890474
1902.998720
2010.879503
2087.218870
2137.045164
2147.558969
2133.845310
2105.503748
2051.563357
1968.367160
1862.771988
1754.434083
1621.411593
1466.904370
1300.511977
1119.948802
924.300603
705.339184
470.835619
225.361126
-39.312489
-319.071128
-606.143719
-896.873286
-1193.088316
-1491.588956
-1774.547449
-2042.878040
-2292.466630
-2506.856829
-2694.276833
-2838.727372
-2935.637228
-2999.634302
-3011.976595
-2978.606692
-2907.752788
-2797.129274
-2657.707076
-2477.601024
-2275.095996
-2057.048821
-1823.459499
-1579.813494
-1331.139148
-1076.065094
-828.304992
-580.544889
-334.613275
-90.967270
148.107515
373.925763
590.144451
794.477967
997.440117
1181.203145
1345.309929
1491.588956
1613.183397
1707.807643
1779.118669
1821.173889
1827.116475
1801.060523
1746.663010
1659.352715
1551.014811
1408.392759
1242.457488
1069.208265
884.988115
686.140062
484.549278
295.757908
110.623514
-60.797221
-209.818980
-340.555860
-445.693911
-536.204059
-607.515085
-650.027427
-679.740355
-690.254160
-683.854452
-660.541232
-635.856647
-599.744012
-556.317425
-507.862498
-450.265131
-394.496252
-333.241909
-267.416347
-188.334248
-106.966539
-18.284878
84.110441
194.733955
309.928689
429.237521
555.403182
682.940208
803.620406
926.129091
1043.152313
1141.890656
1227.829585
1290.455293
1332.510514
1360.852075
1360.394953
1335.253246
1296.397879
1246.571585
1172.517828
1093.435729
1006.582556
919.272262
836.076065
748.765771
669.226550
595.172792
514.719327
445.693911
378.496983
301.700494
223.989760
133.479612
30.170049
-79.996343
-207.076248
-352.441031
-507.862498
-667.398062
-836.076065
-1015.267873
-1189.431340
-1352.623880
-1501.645639
-1631.925398
-1754.891205
-1845.858475
-1903.912964
-1941.854087
-1950.996526
-1931.340282
-1888.827939
-1829.402084
-1751.691351
-1655.238618
-1551.014811
-1439.019931
-1325.653684
-1203.602121
-1079.722070
-967.270068
-845.218504
-724.995429
-604.315231
-484.549278
-357.012251
-228.103858
-93.710002
40.683854
176.906199
320.899616
456.664838
593.344304
720.881331
841.561529
947.613823
1042.695191
1124.977144
1184.402999
1222.344121
1236.972024
1234.686414
1214.115926
1173.432072
1118.577436
1042.695191
960.870360
872.645822
774.364600
682.940208
597.458402
506.491132
421.923569
344.669958
276.558786
218.961419
163.192540
110.623514
67.196928
20.113366
-29.255805
-68.111172
-121.594441
-176.906199
-231.760834
-282.501371
-344.669958
-395.410496
-436.094350
-482.263668
-510.148108
-522.033278
-520.661913
-505.576888
-472.664107
-421.009325
-353.355275
-264.673615
-168.678003
-58.054489
64.911318
185.591516
308.100201
429.694643
551.289084
673.340647
780.307186
875.388554
967.270068
1043.152313
1117.663193
1184.402999
1233.772170
1276.284513
1316.054123
1348.509782
1368.623149
1378.222710
1377.308466
1369.080271
1340.738709
1295.026513
1236.514902
1145.547632
1033.095630
902.358749
735.966356
544.432255
337.356007
107.423661
-139.422198
-395.410496
-663.741086
-926.586213
-1184.860121
-1439.477052
-1673.066374
-1884.713842
-2070.305357
-2228.469556
-2354.178095
-2452.459316
-2514.627903
-2544.340830
-2542.512342
-2510.970927
-2454.287804
-2365.606144
-2262.296581
-2137.502286
-1994.880234
-1838.087402
-1663.923935
-1476.961053
-1279.941488
-1061.437191
-839.275919
-607.515085
-371.640154
-131.194003
114.280490
353.812397
591.972938
820.076796
1039.952459
1226.915341
1393.764856
1542.786615
1668.495155
1748.491498
1802.889011
1828.944963
1812.488572
1763.119400
1692.722618
1590.784421
1467.361492
1321.996709
1165.660998
1001.097093
826.933626
649.570305
477.235326
306.271713
143.079174
-1.828488
-142.164930
-267.873469
-384.896690
-488.206253
-578.716402
-654.141525
-710.824648
-762.479430
-798.134942
-822.362406
-831.047724
-828.762114
-808.648747
-772.993235
-719.509965
-644.541964
-562.260011
-455.750594
-334.156153
-194.733955
-40.683854
120.223076
295.300786
476.778204
654.598647
831.504845
1005.211190
1165.203876
1308.283050
1440.848418
1545.986469
1628.268422
1686.780033
1715.578716
1721.064180
1695.465350
1652.495886
1592.155787
1510.330956
1413.878223
1305.083196
1188.059974
1060.065826
932.528799
803.620406
666.483818
531.632840
399.067471
252.788444
103.766685
-40.683854
-202.962150
-369.354544
-539.403913
-718.595721
-901.444505
-1089.778753
-1274.456025
-1453.190711
-1629.639788
-1785.518376
-1926.311940
-2038.763942
-2132.016822
-2197.385262
-2224.812580
-2224.812580
-2198.299506
-2136.130920
-2053.391845
-1942.768331
-1812.945694
-1671.695008
-1514.902176
-1353.538124
-1190.345584
-1029.438654
-865.331871
-708.996160
-562.717133
-421.466447
-284.786981
-149.936003
-21.941854
104.223807
222.618395
340.098738
455.293472
565.459865
670.597916
775.735966
869.903090
956.756263
1028.981532
1084.293289
1126.805632
1154.232949
1155.604315
1143.719144
1111.263485
1058.694460
997.440117
924.300603
845.218504
752.879868
654.598647
558.145913
459.864692
369.354544
283.872737
207.990492
146.736149
97.366978
56.226001
21.027610
-2.285610
-21.941854
-34.741269
-42.512342
-51.197660
-53.483269
-62.625709
-75.425123
-87.310294
-99.652587
-113.823368
-128.908393
-143.079174
-157.707076
-163.192540
-174.163467
-168.678003
-152.678735
-133.479612
-100.566831
-53.940391
2.285610
67.196928
144.450539
221.704151
298.500640
387.639422
469.464253
549.460596
633.571037
699.396599
763.393673
810.477235
851.161090
884.530993
904.644359
922.014994
930.700311
928.414701
925.214847
909.215579
893.673432
874.474310
849.332602
825.562260
794.935089
758.822454
718.138599
666.483818
601.115378
525.690254
436.551472
326.842201
205.247760
65.368440
-91.424392
-266.044981
-452.550741
-645.913330
-847.504114
-1056.408850
-1256.628268
-1449.533736
-1629.639788
-1792.375206
-1927.683306
-2040.592430
-2138.416530
-2196.928140
-2227.555312
-2230.298044
-2207.441946
-2153.044432
-2080.819163
-1983.909307
-1869.628817
-1750.319985
-1608.155056
-1460.047541
-1306.911684
-1145.090510
-974.126897
-797.220698
-618.028890
-431.523130
-244.560249
-44.340830
154.507223
351.069665
554.031816
747.394405
940.299872
1119.948802
1290.455293
1444.505394
1581.641982
1688.608521
1766.776376
1823.002377
1843.115743
1831.230572
1788.718230
1720.149936
1622.325837
1503.017005
1360.394953
1205.887731
1039.495337
868.531724
698.939477
528.432986
363.411958
205.247760
58.511611
-75.425123
-188.334248
-297.586396
-388.553666
-463.978790
-529.804352
-583.744743
-629.456939
-660.541232
-683.854452
-694.825379
-703.053575
-699.396599
-676.540501
-653.227281
-613.000549
-555.403182
-485.006400
-398.610349
-301.243372
-185.591516
-59.425855
73.596636
213.933077
360.669227
506.034010
646.370452
782.592796
906.015725
1017.553483
1116.291827
1184.860121
1236.057780
1266.227830
1272.627537
1258.456756
1225.086853
1169.775096
1098.464070
1019.381971
920.643628
812.762845
703.053575
583.287621
461.236058
339.641616
217.590053
96.452734
-26.513074
-142.622052
-259.645273
-376.668495
-488.663375
-603.400987
-716.310112
-830.133480
-943.499726
-1049.552020
-1147.833242
-1242.914610
-1338.453099
-1422.106418
-1489.303346
-1551.014811
-1600.841104
-1625.982812
-1641.067837
-1634.668129
-1609.983544
-1570.671055
-1508.502468
-1431.705979
-1336.167489
-1229.658073
-1110.349241
-972.755531
-838.818797
-695.739623
-549.003474
-402.724447
-257.816786
-115.651856
25.141708
156.335710
283.415615
405.467179
522.490400
627.628451
725.452551
826.476504
912.872554
996.068751
1067.379777
1132.748217
1191.259828
1231.943683
1271.256171
1292.283781
1298.683489
1290.912415
1265.313586
1219.601390
1156.518559
1071.493875
975.955385
863.046261
735.052112
597.458402
453.922106
307.643079
159.078442
12.799415
-131.194003
-260.102395
-373.011519
-476.778204
-568.202596
-644.999086
-702.596453
-741.908941
-770.250503
-783.507040
-786.249771
-778.021576
-756.993966
-733.223624
-703.510697
-666.483818
-622.600110
-572.773816
-512.433717
-451.636497
-381.696837
-300.786250
-211.190346
-110.166392
-5.942585
108.795027
232.675078
355.640885
481.349424
606.600841
724.995429
833.790455
938.928506
1032.638508
1108.063631
1167.946608
1214.573048
1239.714756
1247.485829
1245.657341
1215.944414
1172.517828
1126.348510
1056.865972
975.955385
884.988115
790.363869
687.968550
575.059426
457.579082
338.270251
223.989760
92.338636
-38.855367
-158.164198
-287.986835
-410.495520
-527.975864
-656.427135
-767.050649
-868.988846
-975.041141
-1074.236606
-1160.632657
-1233.315048
-1308.283050
-1371.365880
-1417.535198
-1451.362223
-1468.275736
-1476.503931
-1467.361492
-1440.848418
-1401.078808
-1345.767051
-1274.456025
-1189.431340
-1091.150119
-982.812214
-862.589139
-731.395136
-592.430060
-455.750594
-312.214299
-172.792101
-32.455659
104.680929
229.018102
348.784056
458.036204
559.974401
647.741818
725.909673
784.878406
836.076065
874.931432
898.701774
922.929238
927.957579
921.100750
902.358749
870.360212
824.648016
776.193088
711.281770
638.599378
553.574694
455.750594
356.098007
250.502834
133.936734
18.742000
-91.424392
-205.247760
-304.900347
-402.724447
-489.577619
-556.317425
-608.429329
-648.198939
-661.912598
-661.455476
-640.427866
-597.915524
-545.346498
-469.007131
-381.239715
-282.958493
-175.534833
-64.454196
49.826294
168.678003
283.415615
391.296398
503.748400
611.172061
701.682209
790.820991
871.274456
936.642896
990.583288
1037.209728
1072.865240
1095.264216
1103.492412
1104.406656
1090.692997
1064.179923
1026.238801
974.584019
915.615286
841.104407
755.165478
665.569574
559.974401
449.350887
331.870543
211.647468
95.538490
-30.170049
-155.421466
-273.816054
-386.268056
-490.948985
-588.315963
-669.226550
-743.737429
-807.734504
-862.589139
-900.987383
-924.757725
-941.214116
-945.785336
-942.128360
-922.929238
-898.244652
-868.074602
-835.161821
-793.563723
-747.851527
-702.139331
-650.941671
-600.201134
-551.289084
-497.348693
-449.808009
-394.496252
-343.298592
-304.443225
-262.388005
-214.390199
-174.620589
-143.079174
-106.052295
-71.311026
-48.912050
-32.455659
-7.771073
6.856829
16.456391
25.598830
26.055952
31.998537
36.112635
27.884440
26.055952
26.970196
16.456391
9.142439
5.942585
-3.199854
-10.970927
-17.827756
-20.113366
-30.627171
-34.741269
-39.769611
-44.797952
-43.883708
-44.340830
-44.340830
-43.426586
-34.741269
-27.884440
-22.398976
-9.142439
5.942585
25.141708
41.598098
64.911318
89.595904
113.823368
145.364783
179.648930
215.761565
253.245566
287.529713
320.899616
361.583470
399.067471
434.722984
467.178643
499.177180
532.547084
563.174255
586.944597
611.629183
630.371183
644.999086
658.712745
662.369720
662.826842
656.884257
644.541964
624.885720
600.201134
574.602304
538.489669
498.262937
448.893765
401.353081
343.298592
282.501371
219.418541
155.421466
93.252880
26.055952
-34.284147
-92.338636
-143.536295
-191.991223
-239.989029
-280.215762
-312.671421
-341.470104
-368.440300
-388.096544
-407.752788
-419.180837
-426.494789
-439.294204
-441.122692
-445.693911
-450.722253
-450.265131
-449.808009
-451.179375
-446.151033
-441.579813
-436.551472
-431.980252
-432.437374
-423.294935
-415.980984
-407.752788
-398.610349
-386.268056
-373.925763
-366.611812
-356.555129
-341.927226
-330.042055
-317.242640
-301.243372
-288.443957
-271.530444
-252.788444
-234.960688
-211.190346
-186.505760
-154.507223
-129.365515
-98.738343
-65.825562
-26.055952
12.342293
48.454928
84.567563
114.280490
144.450539
172.792101
198.390931
214.390199
234.503566
251.417078
256.902542
263.759371
258.731029
252.331322
245.017371
232.675078
218.504297
200.219419
182.848784
161.364052
140.336442
125.251417
111.537758
92.338636
75.882245
62.168587
50.740538
37.941123
35.198391
35.655513
35.198391
43.883708
51.197660
61.254343
79.082099
96.909856
118.394588
135.308100
160.449808
184.220150
209.361858
231.303712
249.588590
266.959225
287.986835
305.357469
309.928689
317.242640
318.614006
313.585665
301.243372
289.358201
267.873469
242.731761
213.475955
178.277564
143.079174
96.909856
55.311757
9.142439
-40.683854
-88.681660
-137.593710
-186.048638
-239.989029
-286.158347
-327.756445
-369.811666
-404.552935
-429.237521
-453.464984
-471.749863
-482.263668
-487.292010
-481.349424
-474.035473
-459.864692
-428.323277
-399.067471
-359.297861
-310.842933
-261.016639
-202.962150
-147.193271
-87.310294
-19.656244
38.855367
98.738343
160.906930
215.761565
271.073322
323.185226
364.326202
400.895959
428.780399
452.093619
466.721521
476.321082
476.778204
476.321082
465.350155
448.893765
428.780399
397.696105
362.040592
320.442494
272.901810
223.989760
169.592247
112.452002
55.768879
-1.371366
-60.797221
-118.394588
-172.334979
-227.189614
-276.558786
-319.071128
-351.983909
-389.925032
-417.352350
-438.379960
-450.722253
-463.521668
-469.007131
-465.807277
-453.922106
-442.036935
-422.837813
-397.696105
-371.640154
-336.441763
-296.672152
-258.731029
-217.590053
-167.306637
-119.765954
-70.396782
-21.941854
19.656244
66.282684
110.623514
147.193271
181.477418
218.047175
249.131468
268.787713
288.443957
300.786250
305.814591
311.757177
318.614006
309.928689
299.414884
289.815323
272.444688
257.359664
237.703419
213.475955
184.220150
153.135857
123.880051
91.881514
63.082830
29.712927
-0.457122
-31.998537
-59.425855
-90.510148
-117.023222
-141.707808
-160.449808
-180.106052
-198.848053
-205.704882
-213.475955
-211.190346
-212.561711
-209.818980
-200.676541
-190.619857
-173.706345
-152.221613
-137.136588
-119.765954
-90.510148
-60.340099
-37.484001
-10.970927
21.941854
53.483269
78.167855
109.709270
136.222344
162.735418
184.220150
208.447614
232.217956
245.931615
256.902542
262.845127
269.701956
271.530444
258.273907
246.388737
234.503566
219.875663
197.476687
170.963613
145.821905
116.108978
85.024685
50.740538
19.656244
-10.513805
-36.112635
-67.654050
-93.252880
-123.422929
-145.821905
-162.278296
-180.563174
-192.905467
-206.162004
-212.104590
-212.104590
-212.104590
-206.162004
-200.676541
-189.248491
-170.506491
-156.335710
-133.936734
-109.709270
-84.567563
-61.254343
-33.369903
-2.742732
21.027610
44.797952
62.168587
80.910587
96.452734
108.795027
120.680197
125.708539
133.022490
132.108246
132.565368
130.279759
122.965807
123.880051
112.452002
105.595173
99.195465
89.595904
87.767416
79.996343
71.768148
63.997074
55.311757
42.055220
33.369903
23.313220
10.513805
-0.914244
-18.284878
-34.284147
-47.540684
-63.539952
-82.739075
-93.710002
-108.795027
-126.165661
-134.393856
-142.622052
-150.393125
-159.992686
-170.506491
-176.906199
-188.791370
-194.276833
-197.933809
-207.533370
-218.047175
-226.732492
-234.503566
-247.302980
-257.359664
-264.216493
-265.130737
-264.673615
-265.130737
-264.673615
-255.531176
-241.360395
-218.504297
-194.276833
-168.678003
-131.651125
-89.595904
-50.283416
-4.114098
44.340830
94.167124
138.965076
181.934540
229.475224
270.159078
319.528250
357.469373
389.925032
419.180837
441.579813
467.635765
486.834888
498.262937
510.605229
512.433717
511.976595
504.662644
490.948985
469.464253
451.636497
423.294935
385.810934
341.470104
303.528982
252.788444
192.448345
138.965076
79.539221
14.627903
-46.626440
-103.766685
-162.278296
-213.475955
-268.787713
-309.014445
-348.784056
-383.068203
-409.581276
-426.951911
-438.379960
-449.808009
-450.265131
-448.893765
-432.894496
-414.609618
-394.953374
-369.811666
-345.584202
-314.499909
-284.329859
-248.217224
-211.647468
-173.249223
-128.908393
-87.767416
-44.340830
-0.457122
43.883708
87.310294
131.194003
174.163467
204.333516
238.617663
264.673615
284.329859
299.872006
310.385811
317.242640
318.614006
309.471567
293.015176
274.730298
244.103127
215.761565
186.505760
151.764491
112.452002
71.311026
31.541415
-10.056683
-48.454928
-84.567563
-121.137319
-157.249954
-194.276833
-226.732492
-249.588590
-275.644542
-301.700494
-322.728104
-341.470104
-353.812397
-352.441031
-357.926495
-356.098007
-350.155421
-336.898885
-311.757177
-288.443957
-262.388005
-229.018102
-181.934540
-134.850978
-93.710002
-39.769611
13.713659
59.882977
117.480344
176.449077
224.446882
281.130005
328.670689
367.068934
409.581276
444.779667
471.292741
494.148839
510.148108
519.290547
522.033278
517.462059
506.948254
489.577619
458.493326
428.780399
391.296398
341.927226
295.300786
242.731761
182.391662
120.680197
57.140245
-12.342293
-74.968001
-135.765222
-199.762297
-256.445420
-312.671421
-358.383617
-400.438837
-438.379960
-467.178643
-484.549278
-495.520205
-494.148839
-494.605961
-485.463522
-463.978790
-438.837082
-405.010057
-366.154690
-318.156884
-268.330591
-212.561711
-162.735418
-107.423661
-49.826294
0.914244
58.054489
113.366246
155.878588
198.390931
241.360395
280.215762
311.757177
336.898885
358.383617
367.068934
371.640154
370.268788
362.954836
350.612543
331.870543
308.557323
278.387274
245.017371
209.361858
166.392393
125.251417
76.339367
35.198391
-12.799415
-67.196928
-108.337905
-152.221613
-193.819711
-232.217956
-262.845127
-286.158347
-311.757177
-332.784787
-345.584202
-353.812397
-352.898153
-353.355275
-343.298592
-326.842201
-307.185957
-281.587127
-257.816786
-233.589322
-206.162004
-171.420735
-143.079174
-109.252148
-69.939660
-36.569757
-1.371366
29.712927
63.997074
95.081368
128.908393
155.421466
183.763028
214.847321
231.760834
252.788444
271.073322
285.701225
297.586396
308.557323
309.014445
309.471567
303.986103
294.386542
282.958493
270.616200
256.902542
230.846590
212.104590
192.905467
167.763759
143.536295
118.851710
95.081368
70.396782
54.397513
37.484001
19.656244
0.457122
-16.456391
-32.912781
-47.997806
-62.625709
-76.339367
-91.424392
-105.595173
-120.680197
-137.593710
-150.850247
-166.849515
-179.648930
-191.076979
-204.333516
-211.647468
-214.847321
-221.704151
-228.103858
-223.989760
-216.675809
-209.818980
-197.476687
-186.505760
-166.392393
-152.678735
-135.765222
-117.480344
-95.538490
-72.225270
-59.425855
-38.855367
-18.742000
-3.199854
12.799415
30.170049
42.969464
55.768879
63.997074
74.968001
87.310294
97.824099
105.138051
111.080636
115.194734
120.680197
124.794295
122.051563
132.108246
128.908393
122.965807
122.508685
114.280490
109.709270
102.852441
96.452734
84.110441
72.682392
64.454196
52.111903
42.512342
35.655513
25.141708
12.342293
1.371366
-5.485464
-12.342293
-16.913513
-26.970196
-35.198391
-41.140976
-45.255074
-50.283416
-57.140245
-62.625709
-69.025416
-79.996343
-88.224538
-90.967270
-98.281221
-95.995612
-101.023953
-106.509417
-105.595173
-98.738343
-95.538490
-88.681660
-78.167855
-65.825562
-53.940391
-37.484001
-21.484732
-5.028342
10.970927
28.341562
49.826294
62.625709
78.167855
95.995612
106.052295
115.194734
126.165661
131.651125
133.936734
130.279759
123.880051
121.137319
111.537758
103.766685
95.995612
80.910587
68.111172
48.454928
32.455659
15.085025
-2.742732
-15.085025
-33.369903
-51.654781
-68.111172
-84.567563
-97.366978
-109.252148
-122.051563
-132.108246
-138.965076
-145.364783
-150.393125
-150.393125
-150.393125
-143.536295
-133.936734
-122.508685
-108.337905
-85.938929
-69.482538
-44.797952
-20.570488
3.199854
28.341562
52.111903
76.339367
101.023953
124.337173
141.250686
164.106784
176.449077
188.791370
199.762297
209.361858
212.561711
212.561711
208.447614
202.505028
199.762297
184.220150
166.849515
153.592979
136.679466
118.851710
97.366978
72.225270
48.454928
17.370634
-16.456391
-42.055220
-71.311026
-107.880783
-133.936734
-157.249954
-182.391662
-204.790638
-222.618395
-241.360395
-256.445420
-269.244835
-274.730298
-273.358932
-274.273176
-270.159078
-255.531176
-238.617663
-222.618395
-206.619126
-184.677272
-167.306637
-143.993417
-119.308832
-95.081368
-71.311026
-46.626440
-22.398976
2.285610
26.055952
51.654781
72.682392
91.424392
111.994880
130.736881
150.850247
162.278296
170.506491
182.848784
192.905467
197.933809
204.333516
197.476687
193.362589
195.648199
186.962882
177.363321
165.021028
149.936003
141.250686
127.994149
110.166392
98.281221
90.967270
76.339367
70.853904
62.625709
52.111903
44.340830
36.569757
33.827025
26.970196
21.027610
12.799415
4.114098
-5.942585
-15.999269
-25.598830
-30.627171
-38.855367
-51.197660
-61.254343
-69.025416
-76.796489
-85.938929
-97.366978
-96.452734
-105.138051
-114.280490
-115.651856
-110.623514
-105.138051
-107.423661
-105.138051
-106.509417
-101.938197
-96.909856
-92.795758
-84.567563
-80.910587
-75.882245
-70.853904
-69.025416
-60.797221
-50.283416
-41.140976
-33.369903
-18.284878
-5.942585
6.399707
21.027610
38.398245
47.540684
59.425855
74.510880
85.481807
100.566831
109.252148
117.480344
123.880051
129.365515
124.794295
122.965807
116.566100
112.909124
106.052295
95.995612
82.281953
66.739806
53.483269
35.655513
21.484732
9.599561
-6.856829
-17.370634
-26.513074
-39.769611
-50.740538
-67.196928
-80.910587
-88.681660
-99.652587
-111.537758
-119.765954
-127.994149
-135.765222
-142.164930
-148.564637
-151.307369
-142.622052
-141.707808
-139.879320
-128.451271
-119.308832
-103.309563
-86.853172
-68.568294
-50.740538
-26.970196
-1.371366
21.027610
37.026879
62.625709
84.110441
101.481075
123.422929
137.593710
152.678735
165.935272
171.877857
177.363321
175.991955
176.906199
169.592247
161.364052
153.592979
138.050832
123.422929
109.252148
89.138782
69.482538
49.826294
31.084293
10.513805
-7.313951
-29.255805
-49.369172
-63.082830
-77.253611
-94.624246
-109.252148
-121.594441
-131.651125
-141.250686
-150.850247
-149.478881
-154.507223
-160.449808
-154.964344
-149.478881
-140.336442
-130.736881
-120.680197
-96.909856
-80.910587
-56.683123
-36.112635
-18.284878
7.771073
30.627171
57.140245
76.796489
95.538490
120.223076
143.536295
159.535564
175.991955
191.076979
194.733955
193.819711
199.762297
203.876394
196.105321
186.962882
175.534833
170.049369
155.878588
136.679466
121.594441
100.109709
74.968001
51.197660
26.970196
2.742732
-29.255805
-55.311757
-79.082099
-111.994880
-136.679466
-161.821174
-193.819711
-218.504297
-235.874931
-251.874200
-268.787713
-282.044249
-289.815323
-291.643811
-291.186689
-287.072591
-276.558786
-260.102395
-244.103127
-222.161273
-190.619857
-156.335710
-121.594441
-90.510148
-56.226001
-18.742000
17.370634
53.940391
87.310294
119.308832
151.764491
184.220150
201.133662
217.590053
233.132200
244.560249
257.359664
267.416347
270.159078
263.759371
266.044981
260.559517
248.674346
235.874931
219.418541
203.419272
184.220150
157.249954
132.108246
110.623514
85.938929
55.311757
26.970196
5.028342
-22.398976
-49.826294
-68.568294
-85.938929
-108.795027
-127.537027
-133.936734
-146.279027
-150.850247
-149.478881
-151.307369
-145.821905
-137.136588
-123.422929
-107.880783
-96.909856
-82.739075
-63.539952
-50.740538
-34.284147
-25.141708
-11.428049
3.199854
8.685317
16.913513
16.913513
23.313220
27.427318
26.055952
26.513074
26.970196
24.227464
17.370634
10.970927
8.228195
0.457122
-7.313951
-12.342293
-20.570488
-28.798683
-36.569757
-45.712196
-52.111903
-55.311757
-61.711465
-64.454196
-74.510880
-79.996343
-79.082099
-79.996343
-78.624977
-71.768148
-61.711465
-48.912050
-37.026879
-25.141708
-11.428049
5.485464
21.484732
37.484001
53.940391
69.939660
86.853172
97.824099
104.680929
113.823368
114.737612
116.108978
109.709270
105.595173
99.195465
85.481807
77.710733
64.911318
47.540684
29.255805
12.342293
0.000000
-13.256537
-29.255805
-41.140976
-56.226001
-70.853904
-79.539221
-88.681660
-95.081368
-105.595173
-114.737612
-114.737612
-113.823368
-116.108978
-111.080636
-106.052295
-101.938197
-88.681660
-72.682392
-59.882977
-46.169318
-23.770342
-7.771073
17.370634
39.769611
55.768879
81.824831
100.109709
116.108978
132.108246
144.907661
155.878588
161.821174
160.906930
158.164198
159.078442
149.478881
136.679466
124.794295
112.452002
98.281221
82.739075
59.425855
39.769611
25.598830
3.656976
-17.370634
-31.998537
-52.111903
-71.768148
-83.653319
-101.023953
-110.623514
-120.680197
-130.279759
-136.679466
-141.707808
-141.707808
-139.879320
-133.022490
-127.079905
-118.394588
-103.766685
-86.853172
-71.311026
-46.169318
-26.055952
-8.228195
18.284878
38.855367
57.597367
78.167855
93.252880
111.994880
128.908393
139.879320
151.307369
156.335710
165.021028
165.021028
158.164198
154.964344
144.450539
133.936734
120.223076
104.680929
85.024685
68.568294
42.055220
25.141708
-0.457122
-30.627171
-53.483269
-78.167855
-106.052295
-140.793564
-170.049369
-187.877126
-198.390931
-212.561711
-220.332785
-231.760834
-239.074785
-238.617663
-238.160541
-236.789175
-221.704151
-210.276102
-200.219419
-188.334248
-170.506491
-145.821905
-121.137319
-98.281221
-69.939660
-43.883708
-25.141708
0.914244
24.684586
48.912050
73.139514
96.909856
114.737612
132.565368
152.678735
172.334979
186.048638
201.133662
215.761565
224.446882
229.018102
234.503566
239.531907
237.246297
230.846590
224.904004
211.647468
201.133662
185.591516
164.106784
146.279027
127.994149
107.423661
81.824831
58.511611
32.455659
12.342293
-5.942585
-23.313220
-46.169318
-65.825562
-79.539221
-100.566831
-106.509417
-111.080636
-129.365515
-132.108246
-135.765222
-142.164930
-140.336442
-142.164930
-138.050832
-129.365515
-121.137319
-113.823368
-102.395319
-90.510148
-83.653319
-66.282684
-53.940391
-40.683854
-25.141708
-10.970927
4.571220
11.428049
20.570488
28.341562
36.569757
43.883708
43.883708
44.340830
44.797952
37.941123
34.284147
27.884440
19.199122
11.428049
3.199854
-5.485464
-17.370634
-23.770342
-30.170049
-35.198391
-42.055220
-51.197660
-53.026147
-52.569025
-53.483269
-46.169318
-43.883708
-39.769611
-30.170049
-25.141708
-17.370634
-9.599561
-1.371366
6.856829
14.627903
23.770342
31.084293
44.340830
53.026147
63.082830
74.968001
84.567563
87.767416
93.710002
97.824099
97.366978
97.366978
97.824099
95.081368
88.681660
85.024685
76.339367
65.825562
53.026147
37.026879
20.570488
4.571220
-11.885171
-25.141708
-40.683854
-54.397513
-70.396782
-83.653319
-93.710002
-102.852441
-114.280490
-114.280490
-120.680197
-125.251417
-118.851710
-113.823368
-115.651856
-108.795027
-98.281221
-93.710002
-85.024685
-74.053758
-61.254343
-49.369172
-37.026879
-29.712927
-16.456391
-5.485464
9.599561
24.227464
36.112635
47.997806
56.683123
67.196928
73.596636
78.624977
86.396050
88.224538
88.224538
88.681660
88.681660
87.767416
80.910587
77.253611
71.311026
64.911318
58.968733
52.111903
42.969464
36.112635
32.912781
26.055952
20.113366
15.999269
10.056683
7.771073
10.056683
1.828488
1.828488
10.513805
5.028342
8.228195
8.685317
9.142439
8.228195
11.885171
18.742000
16.913513
25.141708
26.055952
31.998537
36.112635
41.598098
45.255074
43.426586
44.340830
43.883708
45.255074
37.941123
34.284147
29.255805
18.284878
9.142439
-1.371366
-13.256537
-27.884440
-42.055220
-57.140245
-74.053758
-89.595904
-106.509417
-122.508685
-138.965076
-154.507223
-159.535564
-168.220881
-179.648930
-185.134394
-185.591516
-185.134394
-186.505760
-181.477418
-173.249223
-161.821174
-149.478881
-137.136588
-118.851710
-105.595173
-77.253611
-53.026147
-34.741269
-9.599561
15.085025
37.941123
70.396782
91.424392
111.537758
135.308100
151.764491
175.991955
193.362589
207.990492
215.761565
221.247029
220.332785
220.789907
220.332785
220.789907
211.190346
198.390931
186.962882
169.135125
150.393125
132.565368
112.909124
87.310294
63.997074
38.855367
15.085025
-10.513805
-28.798683
-48.454928
-74.053758
-97.824099
-112.452002
-126.622783
-140.793564
-146.736149
-153.592979
-159.078442
-159.078442
-158.621320
-148.107515
-140.336442
-135.308100
-124.794295
-109.709270
-95.538490
-80.453465
-62.625709
-47.997806
-28.798683
-5.485464
10.513805
24.684586
39.312489
56.226001
69.482538
82.281953
89.138782
95.081368
104.680929
106.052295
106.966539
104.223807
96.452734
85.938929
76.796489
66.282684
53.940391
37.941123
21.941854
5.028342
-10.970927
-27.884440
-46.169318
-57.597367
-69.939660
-82.281953
-94.167124
-101.938197
-107.880783
-114.737612
-115.194734
-114.737612
-115.194734
-111.994880
-101.938197
-97.366978
-88.681660
-78.624977
-69.482538
-54.854635
-38.398245
-22.856098
-10.970927
3.656976
22.398976
42.969464
60.797221
77.710733
87.767416
101.938197
117.023222
126.622783
132.565368
139.422198
141.707808
140.793564
141.250686
141.707808
138.965076
129.822637
119.765954
103.766685
87.310294
73.139514
61.711465
42.512342
24.227464
6.399707
-12.342293
-26.970196
-41.598098
-58.968733
-70.853904
-84.110441
-94.624246
-100.109709
-110.166392
-120.223076
-123.422929
-125.708539
-134.393856
-127.994149
-122.965807
-124.337173
-121.594441
-113.366246
-105.595173
-95.081368
-82.739075
-70.396782
-58.968733
-43.883708
-29.255805
-17.370634
-5.485464
8.685317
23.770342
35.198391
47.997806
55.768879
64.911318
74.968001
81.367709
87.310294
94.167124
97.366978
96.909856
97.824099
105.595173
105.595173
106.966539
102.395319
96.452734
89.138782
88.224538
85.024685
78.167855
70.853904
59.425855
53.940391
47.083562
33.827025
26.513074
20.570488
11.428049
3.656976
-4.114098
-17.370634
-26.055952
-31.541415
-43.883708
-50.283416
-54.854635
-59.882977
-67.196928
-70.396782
-71.311026
-69.482538
-72.682392
-75.425123
-69.939660
-70.853904
-70.853904
-69.482538
-62.168587
-61.254343
-63.082830
-57.140245
-53.026147
-50.740538
-43.883708
-40.683854
-32.912781
-28.341562
-23.313220
-18.284878
-16.456391
-9.599561
1.371366
9.599561
9.142439
17.827756
17.370634
21.484732
28.341562
24.684586
32.455659
33.827025
26.513074
26.513074
26.970196
26.513074
26.970196
23.770342
16.913513
18.284878
10.513805
8.228195
8.685317
9.142439
5.028342
-1.371366
1.371366
-1.828488
-8.685317
-8.685317
-8.685317
-8.685317
-9.142439
-8.228195
-9.142439
-3.656976
0.457122
-0.914244
0.000000
0.000000
0.000000
0.457122
8.228195
9.142439
8.228195
9.599561
17.370634
18.284878
17.827756
17.370634
17.827756
17.370634
17.827756
17.370634
17.827756
16.913513
18.284878
13.256537
10.970927
18.742000
17.370634
11.428049
7.771073
9.599561
8.228195
10.056683
17.370634
9.142439
12.799415
19.199122
10.513805
8.228195
17.370634
10.056683
11.428049
19.199122
16.913513
18.284878
16.913513
18.284878
17.370634
18.284878
17.370634
18.284878
17.370634
18.742000
10.513805
8.685317
3.656976
-1.371366
0.000000
0.000000
-1.828488
-10.056683
-7.771073
-11.885171
-18.284878
-16.913513
-18.284878
-16.913513
-20.113366
-26.970196
-26.513074
-26.970196
-26.513074
-26.513074
-26.513074
-26.055952
-26.513074
-26.513074
-20.113366
-16.913513
-18.284878
-15.542147
-8.228195
-9.599561
-3.199854
0.914244
0.000000
-0.457122
2.285610
9.599561
8.685317
9.142439
8.228195
0.914244
-0.457122
0.000000
0.000000
0.000000
-6.856829
-12.799415
-18.742000
-25.141708
-28.341562
-36.112635
-44.340830
-43.426586
-47.997806
-57.597367
-62.168587
-60.797221
-66.282684
-71.311026
-70.396782
-70.853904
-70.396782
-70.853904
-69.939660
-62.625709
-53.940391
-52.111903
-41.598098
-29.255805
-21.484732
-12.799415
-1.828488
11.428049
19.656244
30.627171
42.512342
55.311757
62.168587
69.025416
84.110441
88.224538
90.510148
97.366978
103.309563
106.966539
112.909124
116.566100
123.880051
117.937466
113.366246
115.651856
107.880783
103.309563
93.710002
88.224538
81.824831
72.682392
59.882977
51.197660
40.683854
31.541415
21.027610
8.228195
-3.656976
-15.999269
-22.398976
-31.998537
-42.055220
-51.197660
-52.569025
-54.854635
-61.711465
-68.111172
-71.768148
-70.396782
-70.853904
-70.396782
-70.396782
-70.853904
-69.939660
-70.853904
-64.911318
-60.797221
-62.625709
-55.311757
-53.026147
-48.912050
-41.140976
-36.569757
-32.455659
-26.055952
-26.513074
-19.656244
-10.970927
-8.228195
-9.142439
-1.828488
0.000000
1.828488
10.056683
7.771073
12.342293
18.284878
17.370634
17.370634
17.827756
17.370634
17.827756
17.370634
18.284878
15.085025
8.228195
9.142439
8.685317
9.142439
8.685317
1.828488
0.000000
9.599561
3.199854
-0.457122
0.000000
