80.782658
73.881627
58.861736
42.624016
37.346757
17.049606
-2.435658
-18.267435
-51.960705
-90.931233
-134.367135
-177.397093
-220.427052
-265.892669
-315.011772
-360.477389
-403.101405
-439.230332
-472.517659
-497.686125
-513.111959
-517.983275
-517.577332
-517.577332
-512.706016
-503.775270
-494.844524
-492.814809
-485.507835
-478.200861
-470.487943
-457.091824
-444.913534
-431.517415
-401.883576
-367.378420
-326.378177
-280.506617
-218.803280
-145.327596
-68.604368
8.524803
79.564829
135.990907
166.436632
178.614922
172.119834
152.634570
130.713648
111.228384
102.297637
104.733295
120.565073
141.268166
165.624746
186.733783
198.100187
202.565560
197.288301
191.605099
187.139726
188.763498
188.357555
196.476415
207.436876
220.427052
235.041000
248.843062
269.952099
291.061135
313.793943
340.992125
365.348705
382.804254
393.764715
404.725177
409.190550
403.913291
389.705285
374.279451
368.190306
362.913047
360.071446
360.883332
361.695218
369.408135
362.913047
358.853617
347.893156
332.873265
314.199886
289.437363
260.615410
229.763741
199.723959
173.337663
152.228627
131.119591
118.941301
106.357067
88.901518
67.386539
43.435902
14.208005
-17.861492
-62.515223
-112.852156
-163.189088
-214.743850
-270.358042
-330.031664
-393.358772
-454.656166
-507.428757
-558.171633
-604.043192
-634.082975
-647.073151
-651.538524
-646.667208
-644.231550
-632.053260
-621.092799
-617.439312
-608.914508
-602.825363
-592.270845
-576.845011
-561.013234
-544.369571
-522.854591
-491.191037
-459.527482
-422.180726
-366.972477
-304.863197
-225.298368
-137.614679
-51.148819
34.911098
108.792726
154.258342
172.119834
169.684176
151.010798
123.406674
97.426321
85.248031
88.901518
101.891694
123.406674
154.664285
175.773321
189.169441
196.882358
195.664529
196.476415
195.664529
197.288301
204.595275
213.931964
233.011285
255.338151
276.447187
299.991881
330.437607
356.417959
385.239912
416.091581
437.606560
455.468052
465.616627
472.111716
476.171146
465.210684
450.596736
441.665990
433.547130
422.992612
415.279695
416.091581
414.873752
416.497524
412.438094
404.725177
397.418202
384.022083
366.566534
340.992125
312.982057
286.595762
259.397581
227.734026
203.377446
184.298125
169.684176
155.882114
127.872047
104.327352
78.752943
45.871560
8.930746
-39.782415
-98.238207
-157.911829
-219.209223
-285.783876
-355.606073
-429.893643
-508.240643
-576.845011
-632.053260
-684.013964
-728.667695
-751.806446
-763.172851
-768.450110
-768.856053
-763.984737
-756.677762
-748.964845
-744.499472
-744.093529
-731.103353
-718.113177
-709.994317
-695.786312
-677.924819
-647.885037
-612.162052
-574.003410
-517.983275
-442.071933
-345.863441
-231.793456
-116.099700
-0.811886
106.357067
174.149549
206.219047
207.842819
183.486239
148.575140
106.763010
82.000487
81.188601
102.703580
131.931477
172.931720
205.001218
228.545912
243.565803
242.753917
242.753917
234.635057
237.476658
246.407404
262.645125
290.249249
317.447430
350.734757
387.269627
416.497524
440.042218
472.111716
507.428757
540.716083
565.072664
581.310384
595.924332
601.607534
592.676788
579.686612
564.666721
554.112203
546.399286
536.656653
532.597223
533.409109
532.597223
533.815052
528.943736
518.795161
515.141674
503.775270
480.636519
452.220508
421.368840
388.487456
356.012016
319.883088
289.437363
268.328327
246.407404
219.615166
191.605099
161.565316
120.159130
69.010311
13.396119
-61.703337
-141.674109
-228.951855
-317.853373
-410.002436
-514.329788
-619.469027
-712.024032
-787.529431
-858.163514
-919.866851
-962.490866
-977.510757
-984.411789
-991.718763
-999.837623
-999.431680
-990.500934
-990.500934
-1004.302996
-996.184136
-975.075099
-954.777949
-937.322400
-915.401478
-878.460664
-832.589104
-780.628400
-719.331006
-627.587887
-508.240643
-368.190306
-220.832995
-70.634083
67.792482
184.298125
254.120322
276.041244
265.080783
235.446943
194.852643
153.852399
133.149306
135.990907
166.842575
210.278477
254.120322
285.783876
306.892912
324.348461
329.625721
328.407892
321.100917
328.407892
359.259560
375.497280
394.170658
422.992612
457.903710
501.339612
530.567508
558.983519
592.676788
634.488918
667.370301
690.914996
700.251685
714.053747
720.142892
702.281400
675.489161
653.974182
638.548348
624.340343
609.726394
596.736218
602.419420
615.409596
617.033369
619.469027
616.627426
608.508565
598.359990
569.132094
530.973451
492.002923
448.161078
396.200373
345.457498
305.269140
275.229358
242.347974
208.248762
170.090119
125.436389
79.564829
20.297150
-47.089389
-135.179021
-231.387513
-326.784120
-427.457985
-543.557685
-666.152472
-768.450110
-858.975400
-939.758058
-1014.857514
-1073.719250
-1100.511488
-1107.412519
-1120.402695
-1133.798815
-1131.769100
-1117.561094
-1101.323374
-1100.105545
-1094.828286
-1070.877649
-1041.243809
-1020.946659
-1001.461395
-976.292928
-934.074856
-877.648778
-813.103840
-722.172607
-587.805472
-426.646099
-250.060891
-67.386539
103.921409
250.466834
349.516928
386.863684
378.744824
336.526752
276.041244
217.991394
172.931720
157.911829
175.773321
222.050824
275.229358
317.853373
353.576358
370.625964
377.932938
370.220021
348.299099
335.308923
340.992125
361.695218
377.932938
402.695462
437.200617
475.359260
512.300073
537.874482
566.290493
610.132337
647.479094
669.805959
685.637736
704.311115
715.677519
707.964602
681.578306
658.845498
648.290980
642.607778
626.370058
619.469027
638.142405
662.904928
681.172363
682.796135
689.291224
690.103110
673.053503
635.706747
580.498498
528.943736
478.200861
420.151011
364.130876
321.912803
287.813591
258.179752
228.139969
189.981327
144.921653
95.802549
43.841845
-32.881383
-129.089876
-233.823171
-340.586182
-447.755135
-574.003410
-714.459690
-844.361452
-933.262970
-1016.075343
-1100.511488
-1159.373224
-1182.511975
-1187.383291
-1199.967525
-1216.205245
-1220.264675
-1204.432898
-1196.314038
-1210.927986
-1210.927986
-1178.046602
-1143.541447
-1122.432410
-1094.828286
-1046.927011
-978.728587
-908.500447
-844.361452
-748.964845
-619.469027
-453.844280
-276.041244
-83.218316
116.505643
292.684907
424.616384
489.161322
493.626695
451.408622
375.497280
285.783876
204.189332
145.327596
133.555249
164.406917
217.991394
266.298612
302.021596
333.685151
343.021840
335.308923
309.328570
286.189819
293.902736
315.417715
332.061379
356.823902
403.507348
461.963140
508.240643
530.973451
562.637006
616.221483
668.182187
694.568483
708.370545
734.350897
761.955022
766.014452
745.717301
730.291467
737.598441
740.034099
725.826094
720.548835
741.657871
773.727369
785.093773
786.311602
796.054234
807.420638
804.579037
768.450110
716.489405
671.429731
619.874970
555.735975
490.379151
427.863928
374.685394
336.526752
301.209710
260.615410
208.654705
149.792969
93.772834
17.455549
-95.802549
-225.704311
-351.952586
-465.616627
-595.518389
-749.370788
-884.143866
-981.570188
-1069.659820
-1169.115856
-1260.858975
-1316.879110
-1333.928716
-1353.413981
-1388.731022
-1400.097426
-1374.523017
-1349.354551
-1346.107007
-1347.730779
-1319.720711
-1264.106519
-1224.324105
-1196.719981
-1140.699846
-1057.887473
-968.174068
-887.391410
-794.836405
-663.716814
-505.804985
-331.249493
-148.575140
50.336933
246.813347
406.754892
521.230819
569.132094
550.458716
482.260291
386.457741
277.665016
174.149549
112.040270
102.703580
135.990907
188.357555
239.100430
282.536332
332.061379
353.170415
332.061379
301.615653
289.843306
298.368109
305.675083
306.892912
334.091094
401.477633
471.299830
519.201104
565.478607
636.518633
724.608265
779.410571
798.895835
824.470244
869.529918
885.361695
861.005115
834.618820
830.965332
845.173338
835.836649
817.569213
818.787042
843.143623
861.817001
857.757571
854.510027
871.965576
887.391410
876.430949
845.985224
802.549322
742.469757
671.023788
589.023301
501.339612
421.774783
364.130876
327.596006
286.189819
232.199399
163.189088
97.020378
23.950637
-90.525290
-240.724202
-383.616140
-505.399042
-621.092799
-761.549079
-917.837136
-1031.501177
-1107.818462
-1195.908095
-1298.611675
-1370.869530
-1394.414224
-1397.255825
-1426.889665
-1459.365105
-1446.374929
-1411.463830
-1403.344970
-1417.147033
-1409.434115
-1358.285297
-1293.334416
-1241.779654
-1185.353576
-1092.798571
-978.322644
-867.906146
-768.044167
-651.944467
-507.834700
-343.833726
-175.773321
-4.465373
172.525777
333.685151
466.428513
549.240887
565.884550
532.597223
471.299830
391.329057
289.843306
191.605099
120.159130
101.891694
118.129415
125.030446
135.990907
184.704068
241.942031
270.358042
265.892669
274.823415
311.764228
344.239669
346.675327
347.487213
391.735000
458.715596
504.993099
528.131850
584.151985
678.330762
763.578794
805.390923
834.618820
887.797353
943.005602
955.183892
942.599659
941.381830
961.273037
971.015669
942.599659
924.332224
930.015426
937.322400
930.827312
920.272794
910.124219
906.064789
900.381586
873.589348
826.499959
768.856053
703.499229
635.300804
550.052773
449.378907
355.200130
290.249249
224.892425
132.337420
28.416010
-53.584477
-116.911586
-213.931964
-354.794187
-498.092068
-600.795648
-701.875457
-853.698141
-1024.600146
-1146.383048
-1220.264675
-1304.700820
-1415.929204
-1499.553463
-1510.919867
-1504.018836
-1527.563530
-1560.850857
-1539.741820
-1483.721685
-1451.652188
-1444.345214
-1419.582691
-1334.334659
-1241.373711
-1173.581229
-1096.452058
-988.877162
-853.292198
-722.578550
-607.290736
-474.953317
-321.506860
-154.664285
2.435658
154.258342
297.556223
422.180726
514.329788
557.765690
540.310140
483.884063
414.873752
332.061379
234.635057
131.119591
63.733052
52.366648
54.396363
47.089389
48.307218
88.901518
153.040513
176.585207
174.961435
205.407161
271.169928
315.823658
313.388000
322.318746
386.863684
459.527482
492.814809
518.389218
606.478850
725.826094
810.668182
855.321913
909.312333
988.471219
1040.837866
1047.738897
1035.560607
1047.738897
1073.313307
1066.006333
1036.372493
1024.194203
1026.223918
1027.035804
1007.550540
984.411789
979.946416
981.164245
969.391897
947.470975
907.282618
845.173338
775.757084
697.410084
582.934156
451.408622
333.279208
233.417228
130.307705
-10.960461
-152.634570
-246.001461
-329.625721
-465.210684
-640.172120
-779.816514
-870.747747
-981.164245
-1152.878136
-1317.285053
-1401.721198
-1444.345214
-1528.781359
-1623.772022
-1647.722660
-1604.692701
-1571.405375
-1577.494520
-1563.692458
-1493.058375
-1406.186571
-1368.839815
-1343.265406
-1264.512462
-1136.640416
-1021.758545
-920.272794
-795.242348
-630.429488
-453.438337
-302.833482
-165.218803
-23.544694
117.317529
236.664772
335.714866
403.913291
456.685881
497.686125
503.369327
464.398798
385.239912
296.744337
211.902249
110.416498
-10.554518
-116.099700
-156.694000
-155.476171
-161.159373
-162.377202
-120.159130
-32.881383
32.069497
58.049850
96.208492
168.060404
248.437119
277.665016
297.150280
365.348705
461.151254
526.914021
569.538037
647.073151
767.232281
872.777462
934.074856
993.342535
1078.996509
1160.591053
1187.383291
1186.165462
1206.056670
1235.690509
1230.819193
1193.878379
1175.610944
1177.234716
1170.333685
1141.511732
1115.531379
1099.293659
1089.145084
1065.194447
1021.758545
958.837379
880.490379
798.489892
690.914996
549.646830
401.477633
265.892669
127.466104
-39.782415
-224.892425
-380.774539
-497.686125
-637.330519
-817.163270
-983.599903
-1090.768856
-1165.056426
-1298.205732
-1452.870017
-1544.207193
-1572.623204
-1614.841276
-1692.376390
-1742.713323
-1709.425997
-1650.158318
-1642.039458
-1625.801737
-1536.088333
-1394.820167
-1283.997727
-1211.333929
-1092.798571
-902.817244
-727.449866
-602.013477
-466.428513
-276.447187
-79.564829
61.703337
176.585207
299.179995
410.002436
470.487943
477.794918
458.309653
455.062109
430.299586
349.516928
268.734270
196.882358
116.505643
41.000244
-42.218073
-135.990907
-224.080539
-304.051311
-352.358529
-379.962653
-410.002436
-409.190550
-352.358529
-269.140213
-187.139726
-110.822441
-10.554518
120.565073
221.644881
291.467078
386.457741
508.240643
624.746286
708.370545
785.093773
906.876675
1028.659576
1100.917431
1159.373224
1236.502395
1323.374198
1370.057644
1380.612162
1403.344970
1436.632297
1430.949095
1394.820167
1361.532841
1352.196152
1341.235691
1276.690753
1222.294390
1205.650727
1176.422830
1106.600633
1008.768369
910.530162
819.598928
673.865389
489.161322
340.180239
199.723959
11.772347
-224.486482
-466.022570
-641.389949
-791.994804
-1021.352602
-1259.235203
-1431.760981
-1520.256556
-1576.682634
-1687.099131
-1787.367054
-1795.485914
-1776.812536
-1789.802712
-1820.654380
-1815.783064
-1725.257774
-1643.257287
-1612.811561
-1547.860680
-1405.374685
-1215.393359
-1050.986442
-932.045141
-753.024275
-495.250467
-256.555980
-55.614192
125.436389
314.605829
519.607047
643.419664
697.816027
754.242104
775.757084
758.301534
684.013964
560.607291
468.458228
369.002192
210.278477
30.445725
-158.317772
-306.486969
-414.061866
-552.488431
-684.013964
-776.568970
-830.559389
-832.183161
-840.707965
-847.203053
-793.618576
-699.845742
-584.963871
-454.656166
-311.764228
-120.159130
83.624259
239.912316
397.418202
570.349923
740.034099
891.450840
973.857270
1063.164732
1208.086385
1319.314768
1383.047820
1434.602582
1500.771292
1598.197613
1646.504831
1637.980028
1658.277178
1678.168385
1668.019810
1616.059105
1551.108224
1523.910043
1500.771292
1418.770805
1340.017861
1293.740359
1242.997483
1171.145571
1035.966550
887.391410
733.944954
520.012990
291.061135
75.911342
-168.060404
-447.755135
-768.044167
-1046.115125
-1217.829017
-1429.325323
-1705.366567
-1924.981733
-2043.517090
-2066.655842
-2117.398717
-2219.290412
-2209.953722
-2106.438256
-2031.338800
-1980.595924
-1901.031095
-1729.317204
-1521.474385
-1409.434115
-1292.928473
-1071.689535
-804.173094
-558.983519
-381.586425
-177.397093
133.555249
427.863928
651.944467
856.133799
1029.065519
1194.690265
1314.443452
1316.067224
1281.968012
1198.749696
1037.184379
833.806934
558.577576
267.110498
6.089145
-273.199643
-559.795405
-831.777218
-1064.382561
-1195.908095
-1299.423561
-1434.196639
-1516.603069
-1518.226841
-1457.335390
-1383.453763
-1344.483235
-1224.324105
-987.253390
-772.103597
-589.835187
-369.408135
-51.148819
314.605829
581.716327
795.242348
1102.541203
1443.533328
1694.000162
1826.337582
1923.763904
2081.269790
2192.498173
2158.398961
2096.289681
2072.744987
2056.101323
1982.625639
1838.109929
1731.346919
1709.425997
1655.435577
1555.979540
1484.127628
1440.691727
1424.048064
1360.720955
1237.720224
1113.907607
948.688804
729.073638
463.992855
138.426565
-168.872290
-419.745068
-682.390192
-984.005846
-1315.255338
-1592.108468
-1693.594219
-1784.525453
-2016.724852
-2235.122189
-2302.102785
-2188.032800
-2089.794593
-2160.834619
-2161.240562
-1961.110660
-1745.554924
-1629.455224
-1570.999432
-1399.285540
-1111.471949
-940.569944
-866.282374
-666.964358
-345.863441
-34.911098
143.703824
278.882845
590.647073
950.312576
1176.422830
1333.522773
1473.573110
1627.019566
1721.198344
1652.999919
1530.811074
1365.186328
1064.382561
682.796135
237.070715
-209.466591
-609.320451
-1033.124949
-1440.691727
-1780.466023
-2039.863603
-2149.874158
-2155.963303
-2160.834619
-2117.398717
-1987.902898
-1760.168872
-1461.800763
-1221.076561
-987.253390
-688.885281
-403.507348
-144.109767
110.010555
389.299342
713.241861
955.589835
1144.759276
1438.256069
1785.337339
2069.497443
2242.835106
2342.291142
2478.282049
2586.262889
2542.015101
2434.034262
2307.785987
2132.824551
1938.377852
1694.406105
1493.464318
1383.859706
1246.650970
1113.501664
1039.214094
1010.798084
1054.639929
1072.501421
1023.788260
949.906633
800.113664
585.369814
318.665259
-61.297394
-433.141187
-743.281643
-1106.194690
-1486.157344
-1875.862629
-2137.289924
-2133.636437
-2166.923764
-2345.944629
-2424.291629
-2294.389868
-1961.516603
-1721.198344
-1724.039945
-1631.484940
-1369.245758
-1147.194934
-1053.828043
-1061.540960
-956.807664
-746.123244
-699.439799
-682.390192
-501.339612
-229.763741
48.307218
195.664529
334.902980
694.974426
1068.036048
1314.849395
1484.533571
1564.098401
1660.306893
1698.871478
1549.484452
1317.690996
984.411789
516.765446
17.861492
-528.943736
-1043.679467
-1463.424535
-1881.951774
-2241.211334
-2469.757246
-2553.381505
-2409.677681
-2176.666396
-1973.288950
-1700.089307
-1353.008038
-923.926281
-481.448405
-176.585207
75.911342
323.130632
480.636519
643.825607
797.272063
897.945928
1004.708939
1035.154664
1107.818462
1327.433628
1512.543639
1635.950313
1722.010230
1779.654137
1877.486401
1892.912235
1806.852318
1759.356986
1668.425753
1509.702038
1340.423804
1189.413006
1167.492084
1189.413006
1142.323618
1169.927742
1301.047333
1491.840546
1711.049769
1823.090038
1862.466510
1844.199074
1606.722416
1212.957701
727.043923
181.050580
-287.407648
-827.717788
-1484.127628
-2067.061785
-2500.202972
-2632.134448
-2622.391816
-2812.373143
-2993.017780
-2912.235122
-2550.945847
-2114.963059
-1974.100836
-1942.031339
-1706.584396
-1417.147033
-1235.690509
-1199.561582
-1154.907851
-952.342291
-812.291954
-760.331249
-552.488431
-134.773078
328.001949
657.221726
903.629130
1307.948364
1831.208898
2175.854510
2313.469189
2324.023707
2258.666883
2123.081919
1797.515629
1337.176260
835.836649
189.169441
-545.587400
-1242.997483
-1829.585126
-2239.993505
-2593.163920
-2900.056832
-3025.899164
-2926.037184
-2611.837298
-2194.121945
-1817.812779
-1445.157100
-1040.431923
-593.894617
-124.218560
232.605342
488.755379
684.825850
841.113908
1042.461638
1234.878623
1369.245758
1456.929447
1495.088090
1552.731996
1655.435577
1735.406349
1750.426240
1681.821872
1540.553706
1376.552732
1192.254607
1013.233742
861.411058
698.221970
545.181457
459.121539
489.161322
659.251441
884.549809
1138.264188
1469.107737
1824.307867
2202.240805
2567.589510
2785.986847
2844.848583
2658.114801
2177.072339
1561.256800
819.192985
51.960705
-593.082731
-1305.918649
-2044.328976
-2673.134692
-3070.146951
-3006.413899
-2859.462531
-2985.304863
-3075.424210
-2927.255013
-2444.994723
-1974.100836
-1966.793862
-2052.853779
-1952.991800
-1802.386945
-1699.277421
-1726.475603
-1632.702769
-1290.492815
-1005.114882
-700.251685
-157.505886
591.864902
1350.166437
1858.813023
2190.468458
2625.639360
3031.988309
3138.751319
2959.324511
2526.183324
2013.071365
1492.246489
807.420638
116.911586
-541.933912
-1263.294633
-1841.763416
-2305.756272
-2615.490785
-2684.095153
-2753.105464
-2761.224324
-2652.025656
-2486.400909
-2101.160997
-1678.168385
-1367.216043
-1064.382561
-785.093773
-372.249736
166.030689
586.587643
923.520338
1201.997240
1475.602825
1825.119753
2084.923277
2183.973370
2134.448323
1935.942194
1696.029877
1453.275960
1153.690022
808.638467
406.754892
-6.089145
-258.585695
-332.873265
-277.259073
-125.030446
21.920922
255.338151
634.488918
1054.639929
1527.157587
1955.833401
2311.845417
2676.788179
2943.492734
3191.117967
3425.753024
3453.763092
3237.801413
2662.580174
1875.456686
1157.749452
396.200373
-345.457498
-1084.679711
-1906.714297
-2560.282536
-3080.295527
-3323.861330
-3214.662661
-3286.108630
-3554.842900
-3708.289356
-3563.773646
-3036.453682
-2734.432086
-2828.610863
-2778.273930
-2473.004790
-2000.893075
-1565.316230
-1200.779411
-627.181944
71.851912
659.657384
1236.502395
1944.872940
2659.332630
3115.612568
3199.642770
3108.711537
3099.374848
2942.680848
2437.281806
1724.851831
895.104327
220.021109
-363.318990
-1015.669400
-1482.097913
-1885.605261
-2267.597629
-2473.816676
-2632.540391
-2625.639360
-2514.005034
-2608.589754
-2635.381992
-2475.846391
-2185.597142
-1691.158561
-1269.383779
-898.351871
-349.922871
251.684663
960.055208
1656.653406
2093.448080
2392.628075
2584.233174
2645.530568
2599.659008
2323.617764
1793.862142
1132.175043
397.418202
-214.743850
-595.518389
-918.243079
-1219.452789
-1403.344970
-1328.651457
-878.866607
-312.982057
136.396850
583.746042
1012.421856
1456.117561
1900.219209
2195.745717
2508.727775
2841.601039
3010.067387
3213.038889
3534.139807
3950.637331
4312.332549
4142.242429
3502.476252
2742.550946
1932.288707
971.421612
-160.753430
-1357.473411
-2526.183324
-3612.486807
-4612.730373
-5107.980839
-4977.673135
-4959.811642
-5179.426808
-5196.882358
-4567.670699
-3325.891045
-2546.886417
-2289.518552
-1847.446618
-1142.729561
-332.061379
94.584720
340.992125
875.619063
1364.780385
1670.861411
1930.258992
2358.122920
2940.651133
3197.207112
3023.057563
2766.907526
2604.124381
2351.221888
1747.178696
757.895591
-233.011285
-959.649265
-1591.702525
-2162.864334
-2607.371925
-2850.531785
-2862.304132
-2825.363319
-2668.669319
-2282.617521
-1813.347406
-1480.880084
-1354.631810
-1119.996752
-650.726638
-104.327352
256.961923
356.823902
558.577576
1007.550540
1498.741577
1829.991069
1903.060810
1873.426971
1823.495981
1655.435577
1339.205975
932.857027
404.725177
-319.477145
-1073.719250
-1566.940002
-1676.544613
-1648.128603
-1734.594463
-1746.366810
-1404.562799
-658.439555
195.258586
849.232768
1394.820167
1898.189494
2402.776650
2908.581635
3290.168060
3654.298936
3980.677113
4134.123569
4252.252984
4467.402777
4833.563368
5000.000000
4457.660145
3216.286433
1813.753349
606.072907
-662.498985
-2073.962816
-3530.080377
-4851.830803
-5753.836161
-6311.195908
-6176.422830
-5442.477876
-4998.376228
-4740.196476
-4249.411383
-3112.770967
-1579.524235
-786.717545
-565.072664
-237.882601
299.585938
904.846959
1172.769343
1333.522773
1695.623934
1976.130551
2085.735163
2250.548023
2580.579687
2860.274417
2716.570593
2038.645774
1333.116830
830.153446
189.575384
-707.964602
-1836.892100
-2727.125112
-3057.156775
-3144.028578
-2984.898920
-2557.034992
-1988.308841
-1317.285053
-692.132825
-69.010311
573.191524
928.391654
828.935617
554.112203
365.348705
360.477389
421.774783
267.922384
79.970772
116.911586
402.695462
860.193229
1136.640416
1099.699602
929.203540
642.201835
293.496793
-125.030446
-663.716814
-1291.710644
-1975.724608
-2507.509946
-2563.530080
-2134.448323
-1608.752131
-1176.828773
-719.331006
7.306974
1043.679467
1953.397743
2520.094179
2826.175205
2921.977754
3046.196314
3193.959568
3364.455630
3629.130470
3752.537144
3762.685719
3875.131931
4197.450678
4622.878948
4517.739709
3526.426890
1921.328246
245.595518
-1233.660794
-2707.233904
-4055.370626
-5235.446943
-6166.680198
-6599.821385
-6385.077535
-5173.743606
-3701.794268
-2927.255013
-2449.054153
-1687.099131
-326.378177
866.688317
981.164245
651.132581
494.032638
587.805472
687.261508
604.855078
708.776488
1005.520825
1190.630835
1256.799545
1444.345214
1762.604530
1771.941219
1141.105789
72.257855
-821.222700
-1377.364618
-1971.665178
-2715.352764
-3342.534708
-3367.297231
-2733.620200
-1832.020784
-738.816270
427.052042
1452.870017
2188.844686
2524.153609
2666.639604
2582.203459
1940.813510
839.896079
-281.724446
-980.352359
-1117.967037
-1104.570918
-1142.729561
-1029.471462
-595.112446
146.951368
781.846229
982.788017
783.470001
306.081026
-299.585938
-938.946172
-1482.909799
-1900.219209
-2316.310790
-2606.965982
-2468.539417
-1732.564748
-622.716571
300.803767
851.668426
1297.393846
1790.614598
2241.211334
2467.321588
2333.766339
2012.665422
1704.554681
1521.474385
1727.693432
2243.646992
2833.482179
3345.376309
3660.794025
4061.459771
4607.859057
4896.484534
4519.769424
3168.385159
1156.937566
-836.242592
-2610.213526
-4022.083300
-4907.039052
-5491.191037
-5756.677762
-5539.498254
-4617.195746
-2753.105464
-1054.639929
-482.666234
-474.547374
-386.863684
192.011042
556.141918
-60.891451
-804.173094
-1160.185110
-1072.501421
-639.360234
-179.832751
528.943736
1265.730291
1661.930665
1810.911748
1810.911748
1704.554681
1176.828773
10.554518
-1404.156856
-2416.984655
-2801.818625
-2842.412925
-2803.036454
-2537.955671
-1650.970204
-328.407892
1010.798084
2223.755785
3003.978241
3350.653568
3216.286433
2595.599578
1875.050743
897.539985
-336.526752
-1475.602825
-2320.370220
-2444.182837
-1942.437282
-1279.126411
-619.874970
-104.733295
458.715596
1035.560607
1176.422830
824.876187
72.257855
-803.361208
-1508.484209
-1965.170090
-2012.259479
-1772.347162
-1534.058618
-1204.838841
-591.864902
269.546156
1040.837866
1305.918649
1077.372737
719.331006
429.081757
243.971746
183.486239
176.585207
285.783876
643.013721
1241.779654
2171.795080
3251.603475
4097.994642
4587.561906
4699.602176
4626.126492
4554.274580
4262.807502
3450.515548
2018.754567
154.664285
-1549.078509
-2779.897702
-3618.170009
-3898.676626
-3806.933507
-3671.754486
-3464.723553
-3098.968905
-2108.062028
-1010.798084
-973.451327
-1669.643582
-2257.854997
-2055.289437
-1329.463343
-1130.551271
-1160.996996
-805.796866
-57.643907
914.183649
1618.088820
2037.022002
2274.092717
2065.438013
1375.740846
517.171389
-170.090119
-754.242104
-1539.335877
-2404.400422
-2723.877568
-2242.023220
-1434.602582
-781.034343
-274.823415
349.110985
1019.728830
1482.503856
1699.683364
1663.148494
1405.374685
971.827555
532.191280
246.813347
66.168710
-96.208492
-310.140456
-442.071933
-293.496793
86.465860
404.725177
324.754404
-6.495088
-263.862954
-437.200617
-638.142405
-918.649022
-1171.551514
-1301.453276
-1287.651214
-1030.283348
-517.983275
-15.019891
158.723715
36.534871
-123.406674
-134.367135
-54.802306
-187.951612
-572.379638
-869.935861
-763.984737
-258.991638
386.051798
977.510757
1534.464561
2049.606235
2472.192904
2911.423236
3361.208086
3649.427620
3617.358123
3315.742470
3052.691402
3053.503288
3195.177397
3034.423967
2244.864821
895.510270
-522.854591
-1649.752375
-2558.252821
-3077.453925
-3325.079159
-3698.952667
-4033.043761
-3972.964196
-2959.324511
-1618.088820
-1309.166193
-1661.524722
-1784.525453
-1113.907607
-96.614435
143.297881
-38.970529
-41.406187
255.338151
737.192498
916.619307
945.847203
989.283105
793.618576
293.496793
-273.199643
-536.656653
-700.657628
-1219.452789
-1869.773484
-2023.625883
-1576.276691
-1034.342778
-775.351141
-575.221239
-116.099700
480.636519
1089.956970
1516.197126
1642.851344
1655.841520
1555.979540
1529.593245
1518.226841
1261.264918
834.212877
115.287814
-469.676057
-566.290493
-514.329788
-530.161565
-860.599172
-1086.303483
-892.668669
-660.875213
-469.270114
-490.785094
-651.132581
-732.321182
-666.152472
-311.358285
29.227896
94.584720
-62.515223
-332.061379
-461.963140
-407.160835
-387.675570
-602.419420
-983.599903
-1113.501664
-752.212389
-196.070472
297.150280
766.014452
1230.819193
1704.960624
2129.577007
2514.410977
2852.155557
2965.819599
2946.740278
2936.591703
2986.522692
3138.345376
3308.029553
3243.484615
2693.025899
1711.049769
472.111716
-859.381343
-2177.884225
-3122.513599
-3370.544776
-3421.693594
-3494.357392
-3292.603718
-2495.331655
-1231.225136
-582.528213
-772.509540
-1047.332954
-848.014939
-84.436145
270.358042
-103.515466
-491.596980
-438.824389
69.010311
297.962166
62.109280
-129.901762
-321.506860
-654.380125
-1104.976861
-1439.067955
-1562.068686
-1790.208655
-2039.051717
-1884.387432
-1264.512462
-543.557685
-79.564829
189.169441
602.013477
1199.155639
1700.901193
1915.645043
1840.951530
1758.951043
1776.812536
1752.455955
1762.604530
1628.237395
1129.333442
344.645612
-411.626208
-746.935130
-912.559877
-1288.463100
-1641.633515
-1651.376147
-1256.393602
-760.331249
-427.457985
-159.535601
54.802306
252.090606
422.586669
507.834700
564.666721
492.002923
194.852643
-220.427052
-542.745798
-597.954047
-607.290736
-817.975156
-1014.857514
-964.114638
-608.508565
-147.763254
235.041000
624.340343
1002.679224
1294.958188
1552.326053
1721.604287
1883.575546
2089.388650
2257.449054
2434.846148
2621.985873
2844.036697
3183.405050
3420.881708
3279.613542
2667.857433
1514.573354
45.465617
-1489.810831
-2903.710319
-3726.962734
-3907.607372
-3799.626532
-3474.060242
-2791.670050
-1570.187546
-327.190063
42.624016
-372.249736
-776.163027
-565.478607
-68.604368
-161.159373
-737.192498
-1050.174555
-691.726882
-9.742632
286.595762
205.407161
64.544938
-179.020865
-606.072907
-1130.551271
-1522.286271
-1794.674028
-2095.071852
-2200.617033
-1792.238370
-961.273037
-228.139969
180.238694
483.072177
909.718276
1424.454007
1687.099131
1620.524478
1413.899489
1232.848908
1205.650727
1280.750183
1395.226110
1294.146302
723.390436
4.871316
-463.992855
-647.479094
-879.678493
-1335.958431
-1622.148250
-1428.107494
-910.936105
-419.339125
-91.743119
167.248518
401.071690
595.112446
676.706990
691.320939
648.696923
383.210197
-75.099456
-491.191037
-597.548104
-442.477876
-407.972721
-569.132094
-651.132581
-481.854348
-154.664285
151.416741
351.952586
522.448648
740.845985
961.678980
1232.442965
1553.543882
1854.347650
2147.032557
2410.895510
2741.739060
3104.246164
3326.296988
3340.910936
3101.810506
2647.560283
1906.714297
766.826338
-653.162296
-2081.675733
-3113.988796
-3396.931071
-3024.681335
-2578.955915
-2249.736137
-1725.257774
-904.035073
-187.951612
-309.328570
-1140.293903
-1688.722903
-1440.691727
-807.826581
-546.399286
-695.380369
-628.399773
-28.416010
614.597710
680.360477
286.595762
-265.486726
-867.906146
-1475.196882
-2011.447593
-2232.686531
-2202.646748
-2085.329220
-1686.693188
-923.926281
-21.514979
591.864902
709.182431
632.053260
674.677275
857.351628
907.282618
748.152959
630.835431
709.182431
1021.352602
1414.711375
1693.188276
1663.148494
1070.877649
192.416985
-480.230576
-869.529918
-1194.284322
-1589.266867
-1744.743038
-1328.245514
-452.220508
347.893156
718.113177
843.549566
862.222944
822.846472
691.320939
426.646099
188.357555
-117.317529
-502.151498
-642.607778
-411.626208
-21.514979
31.257611
-300.397824
-536.656653
-462.775026
-242.347974
-131.525534
-97.832264
107.168953
540.310140
1079.808395
1608.346188
2088.170821
2447.024438
2642.688966
2744.580661
2867.581392
3012.503045
2976.374117
2742.550946
2403.182593
1968.823577
1374.117074
444.507591
-692.132825
-1788.990826
-2569.213282
-2626.045303
-2254.607453
-2047.170577
-1948.932370
-1677.356499
-1167.492084
-755.459933
-975.481042
-1544.207193
-1591.702525
-965.332467
-243.159860
9.336689
-176.585207
-127.060161
300.397824
454.250223
103.921409
-493.626695
-1029.065519
-1395.226110
-1732.158805
-1943.655111
-1860.436795
-1675.326784
-1479.662255
-1104.976861
-596.330275
-162.783145
-6.089145
-139.238451
-230.981570
2.029715
403.913291
653.974182
686.043679
772.103597
1043.273524
1281.156126
1406.592514
1404.562799
1116.343265
411.626208
-391.329057
-779.410571
-829.747503
-871.965576
-930.827312
-814.727612
-310.952342
399.041975
759.519363
664.528700
407.972721
179.426808
80.782658
73.069741
90.931233
126.248275
104.327352
-30.039782
-71.445969
108.792726
171.307948
-168.060404
-681.984249
-958.431436
-780.222457
-377.526995
8.930746
413.249980
810.262239
1289.274986
1811.723634
2132.012665
2235.122189
2210.359666
2159.616790
2173.824795
2280.587805
2451.895754
2550.133961
2529.024925
2364.618008
1985.061297
1283.185841
226.110254
-939.758058
-2020.378339
-2601.282780
-2441.341236
-2100.349111
-1809.693919
-1488.998945
-1174.393115
-787.529431
-769.261996
-1319.720711
-1720.792401
-1465.860193
-749.776731
-208.248762
-148.575140
-135.990907
202.971503
520.418933
368.190306
-184.298125
-829.341560
-1294.958188
-1607.940245
-1912.397499
-1938.783795
-1657.871235
-1353.413981
-985.223675
-565.072664
-222.456767
-115.287814
-340.586182
-629.211659
-618.251198
-269.546156
97.020378
287.813591
513.517902
926.767882
1395.226110
1647.722660
1633.514655
1391.572623
758.301534
-90.119347
-661.687099
-878.054721
-885.361695
-795.242348
-641.389949
-211.902249
442.477876
817.569213
672.647560
317.447430
69.010311
-25.574409
-53.990420
-31.257611
68.198425
200.129902
235.852886
140.050337
79.970772
48.307218
-185.921897
-612.973938
-956.807664
-898.757814
-440.042218
107.574896
620.280913
1049.768612
1405.374685
1728.505318
1865.714054
1730.129090
1514.979297
1421.206463
1515.791183
1835.674271
2257.854997
2593.569863
2792.075993
2708.857676
2324.023707
1620.118535
463.992855
-787.529431
-1912.397499
-2627.669075
-2370.707153
-1745.148981
-1340.829748
-971.827555
-707.964602
-437.200617
-382.398311
-970.609726
-1634.326541
-1684.663473
-1102.947146
-399.447918
-121.782902
-97.832264
132.337420
404.319234
269.952099
-251.684663
-880.896322
-1371.275473
-1633.514655
-1854.753593
-1890.882520
-1597.791670
-1281.968012
-996.996022
-722.172607
-552.082488
-534.626938
-763.172851
-1026.223918
-990.094991
-570.349923
32.881383
463.180969
733.944954
1033.124949
1315.661281
1434.196639
1299.829504
1036.778436
586.181700
-71.040026
-466.022570
-479.418690
-357.229845
-173.337663
-2.029715
181.862467
481.854348
707.152716
581.716327
232.605342
-13.396119
-90.119347
-18.267435
154.258342
316.229601
394.982544
314.199886
116.911586
-21.920922
-85.248031
-185.921897
-389.705285
-541.527969
-430.299586
-41.000244
455.468052
846.391167
1055.451815
1160.185110
1276.284810
1383.453763
1394.820167
1335.146545
1382.235934
1591.296582
1924.169847
2354.063489
2673.540635
2695.867500
2375.984412
1803.198831
1043.679467
54.802306
-946.253146
-1738.653893
-2108.873914
-1690.752618
-984.411789
-650.320695
-590.647073
-631.647317
-636.924576
-862.222944
-1524.315986
-2020.378339
-1827.555411
-1036.778436
-195.664529
150.604855
141.674109
197.288301
248.843062
-99.456036
-777.380856
-1381.829991
-1702.524965
-1718.356743
-1623.366079
-1444.345214
-1104.164975
-840.707965
-755.053990
-774.133312
-893.480555
-1090.768856
-1318.502882
-1445.563043
-1205.244784
-526.508078
230.169684
690.103110
883.331980
939.352115
938.540229
858.975400
615.003653
371.031907
107.168953
-241.942031
-335.308923
-111.634327
146.139482
343.021840
397.418202
361.289275
402.695462
460.745311
384.833969
150.198912
-31.257611
30.039782
250.060891
445.319477
498.092068
409.190550
202.971503
-55.208249
-213.526021
-228.545912
-198.912073
-164.812860
-81.594544
84.030202
347.081270
654.786068
865.876431
870.747747
763.984737
775.757084
905.252902
1087.927255
1342.453520
1627.019566
1981.813753
2313.063246
2518.470407
2634.570106
2400.746935
1755.297556
1044.085410
281.318503
-449.378907
-977.510757
-1343.265406
-1195.096208
-564.260778
-176.179264
-227.734026
-570.755866
-942.193716
-1061.946903
-1355.037753
-1855.159536
-1842.169359
-1164.650483
-189.575384
426.646099
298.774052
-42.624016
-228.545912
-492.814809
-946.253146
-1396.443939
-1579.524235
-1383.453763
-1041.243809
-809.450353
-636.518633
-567.508322
-740.440042
-1069.253877
-1374.928960
-1530.405131
-1521.880328
-1416.335147
-1132.580986
-537.874482
206.219047
675.489161
686.043679
454.656166
235.852886
137.614679
113.258099
117.317529
217.585451
327.596006
335.714866
384.022083
447.349192
430.299586
374.279451
221.238938
91.337176
175.367378
359.259560
517.171389
584.963871
580.904441
615.409596
628.399773
463.992855
167.248518
-104.327352
-309.328570
-370.625964
-261.427296
-87.277746
119.347244
244.377689
237.882601
215.961679
190.793213
245.189575
378.744824
478.606804
597.142161
835.430706
1136.640416
1415.523261
1656.247463
1850.694163
1985.467240
2045.546805
2050.824064
1982.625639
1736.624178
1322.562312
812.291954
256.150037
-283.348218
-775.351141
-908.094504
-575.627182
-283.754161
-374.685394
-772.103597
-1120.808638
-1084.273768
-1030.689291
-1279.126411
-1465.048307
-1192.660550
-464.398798
164.812860
128.277990
-373.061622
-730.697410
-807.014695
-894.698384
-1083.055939
-1174.799058
-1014.451571
-684.825850
-471.299830
-489.567265
-610.944223
-811.074125
-1086.303483
-1331.493058
-1455.305675
-1421.612406
-1245.433141
-1002.679224
-723.796379
-345.863441
-3.247544
36.940814
-155.476171
-306.081026
-237.476658
55.208249
264.268897
313.388000
349.922871
347.487213
344.239669
328.407892
246.813347
239.100430
342.209954
482.666234
618.657141
752.618332
941.787773
1091.580742
1049.768612
837.460421
586.993586
371.031907
118.535358
-149.792969
-307.704798
-330.843550
-228.139969
-67.792482
61.297394
155.476171
161.159373
88.495575
68.604368
156.288057
332.061379
571.973695
754.242104
882.520094
1051.798328
1210.927986
1331.087115
1428.107494
1510.107981
1629.049281
1785.337339
1915.645043
1906.308354
1682.633758
1237.720224
640.984006
59.673622
-487.131607
-827.717788
-710.806203
-358.041731
-180.644637
-383.210197
-774.945198
-953.560120
-930.827312
-1027.035804
-1277.908582
-1339.611918
-960.055208
-396.606316
-161.159373
-446.943249
-867.906146
-971.827555
-880.084436
-863.440773
-960.055208
-982.788017
-722.172607
-358.447674
-181.050580
-258.585695
-514.735731
-759.519363
-929.203540
-1090.362913
-1220.670618
-1260.047089
-1151.254364
-907.282618
-607.290736
-335.308923
-227.328083
-310.952342
-425.022327
-434.359016
-264.268897
21.920922
232.199399
289.031420
214.337907
97.020378
92.555005
156.694000
233.823171
386.457741
556.953804
775.757084
1038.808151
1208.086385
1268.977836
1187.383291
958.837379
671.835674
372.249736
77.535114
-140.456280
-260.209467
-274.011529
-198.912073
-103.109523
-26.386295
15.425834
19.079321
-36.534871
-108.386782
-80.782658
90.119347
299.991881
495.656410
652.350410
788.341317
939.352115
1060.729074
1185.759519
1370.057644
1552.326053
1717.138914
1832.020784
1827.149468
1710.643826
1467.078022
1044.085410
534.626938
60.485508
-298.368109
-392.546886
-217.991394
-7.306974
-15.831777
-295.526508
-654.380125
-849.638711
-913.777706
-1046.115125
-1225.541934
-1251.522286
-1016.075343
-695.786312
-647.073151
-964.520581
-1295.364131
-1303.482991
-1021.758545
-769.261996
-772.509540
-836.242592
-675.083218
-359.259560
-147.763254
-199.318016
-461.151254
-692.538768
-772.915483
-757.489648
-740.034099
-772.103597
-774.539255
-625.152229
-349.922871
-132.337420
-161.159373
-413.655923
-620.686856
-593.894617
-426.240156
-289.843306
-239.912316
-220.832995
-139.238451
-15.425834
101.079808
249.249005
467.646342
714.459690
929.203540
1071.689535
1165.056426
1225.541934
1210.927986
1100.105545
893.074612
655.192011
474.141431
317.853373
157.099943
50.336933
-9.742632
-31.257611
-49.119104
-106.763010
-195.664529
-291.873021
-395.388487
-474.547374
-490.379151
-418.527239
-268.328327
-134.367135
-51.960705
63.733052
242.347974
421.368840
574.409353
699.033856
813.509783
913.371763
960.461151
932.451084
922.302509
964.926524
966.550296
912.153934
829.747503
741.657871
695.786312
697.816027
726.232037
832.995047
939.758058
884.955752
629.617602
275.229358
-12.178290
-167.248518
-241.942031
-260.209467
-250.872777
-293.902736
-423.804498
-609.320451
-779.410571
-872.777462
-915.807421
-919.054965
-909.312333
-908.906390
-900.787529
-920.272794
-910.936105
-830.965332
-759.113420
-732.321182
-720.954778
-726.637980
-729.073638
-738.410327
-738.816270
-657.627669
-514.735731
-433.547130
-477.388975
-600.389705
-701.063571
-674.271332
-550.458716
-419.339125
-338.150524
-345.051555
-396.606316
-396.606316
-286.189819
-70.228140
124.624503
209.466591
257.367866
325.566290
366.972477
317.041487
183.892182
37.346757
-14.613948
37.346757
97.426321
107.168953
72.257855
55.614192
88.089632
110.416498
66.168710
4.465373
-51.554762
-92.555005
-62.109280
43.029959
200.941788
382.398311
530.161565
613.379881
685.637736
760.737192
804.984980
830.965332
816.757327
815.133555
891.856783
977.104814
1018.105058
1047.332954
1072.501421
1106.600633
1144.353333
1134.610701
1069.253877
973.857270
908.500447
936.916457
1028.253633
1117.561094
1169.521799
1171.145571
1085.085654
850.856540
496.468296
171.307948
-4.059430
-30.851668
12.990176
-17.455549
-167.654461
-392.952829
-634.488918
-847.608996
-1036.778436
-1173.581229
-1235.284566
-1303.482991
-1407.404400
-1485.751401
-1490.622717
-1413.087603
-1298.611675
-1238.126167
-1255.987659
-1337.582203
-1421.612406
-1430.543152
-1389.948851
-1297.799789
-1124.462126
-953.560120
-872.371519
-847.608996
-841.925794
-782.252172
-657.627669
-503.369327
-338.962410
-235.446943
-212.714135
-166.436632
-26.792238
131.525534
226.922140
266.298612
299.585938
345.457498
377.121052
332.467322
215.555736
154.664285
206.219047
312.576114
339.774296
242.347974
105.951124
30.445725
28.010067
66.168710
113.258099
105.139238
80.376715
116.911586
228.545912
402.289519
574.409353
685.637736
748.964845
783.064058
811.480068
837.866364
844.361452
816.351384
798.083949
817.163270
862.222944
907.688561
901.599415
872.371519
896.322156
947.065032
1009.174312
1023.788260
943.411545
850.450597
802.955265
824.470244
898.351871
939.352115
921.084680
914.589592
945.847203
944.223431
813.103840
523.260534
175.367378
-63.327109
-126.654218
-102.297637
-122.188845
-243.565803
-458.715596
-697.004141
-900.381586
-1035.966550
-1108.224405
-1176.016887
-1281.968012
-1361.532841
-1347.324836
-1273.849152
-1205.650727
-1212.957701
-1288.057157
-1344.889178
-1359.909069
-1393.602338
-1408.216286
-1371.275473
-1245.433141
-1047.332954
-893.886498
-803.361208
-737.192498
-713.647804
-704.311115
-652.756353
-556.141918
-415.685638
-270.358042
-155.476171
-38.970529
74.693513
174.555492
254.120322
311.764228
340.992125
346.675327
320.289031
243.159860
178.614922
164.000974
163.189088
141.268166
111.228384
84.030202
61.297394
43.435902
60.079565
126.654218
232.605342
318.665259
349.922871
356.012016
382.398311
445.725420
518.795161
577.250954
625.964115
668.588130
707.964602
748.964845
766.826338
767.232281
746.123244
706.746773
668.588130
629.617602
582.528213
550.458716
567.508322
627.993830
686.043679
725.826094
736.786555
758.707477
817.975156
882.114151
933.668913
955.183892
936.104571
884.955752
860.193229
886.579524
910.124219
811.480068
561.419177
234.635057
-28.821953
-145.327596
-143.703824
-110.416498
-161.565316
-299.179995
-512.300073
-739.628156
-902.817244
-1005.114882
-1053.828043
-1081.026224
-1119.184866
-1148.412763
-1186.165462
-1232.848908
-1249.086628
-1255.175773
-1231.225136
-1185.353576
-1152.066250
-1141.511732
-1150.848421
-1126.085898
-1002.679224
-796.866120
-621.904685
-545.993343
-540.716083
-535.844767
-476.171146
-358.041731
-240.724202
-133.961192
-21.920922
83.218316
192.011042
266.298612
251.278720
166.030689
84.030202
62.921166
83.624259
43.435902
-80.376715
-197.288301
-219.615166
-114.881871
14.208005
42.624016
-17.455549
-56.426078
-22.732808
53.990420
125.436389
165.624746
189.981327
239.912316
328.813835
453.438337
578.062840
658.033612
684.013964
668.588130
630.023545
600.795648
579.280669
509.864415
430.705529
392.546886
406.348949
454.250223
490.785094
485.913778
476.983032
489.161322
553.706260
701.875457
840.707965
915.401478
963.302752
1012.827799
1068.847934
1119.590809
1117.155151
1044.491353
942.193716
876.836892
869.935861
866.688317
796.054234
612.973938
343.833726
93.366891
-41.406187
-45.059674
0.405943
12.584233
-60.891451
-240.318259
-485.101892
-699.845742
-863.034830
-987.659333
-1081.838110
-1143.947390
-1154.501908
-1115.937322
-1082.649996
-1083.055939
-1094.828286
-1107.006576
-1100.105545
-1109.442234
-1158.155395
-1166.274255
-1103.759032
-992.936592
-833.806934
-653.568239
-509.052529
-433.953073
-430.299586
-423.804498
-347.487213
-238.288544
-164.812860
-154.258342
-182.674353
-176.179264
-106.763010
-54.802306
-84.436145
-185.110011
-307.704798
-375.091337
-354.388244
-275.229358
-219.615166
-226.516197
-216.773565
-131.525534
-6.089145
71.851912
73.475684
68.198425
133.555249
282.536332
450.190793
542.745798
555.330032
523.260534
459.121539
399.447918
369.814078
358.447674
324.754404
259.803524
229.357798
277.665016
355.200130
395.388487
388.487456
358.447674
359.259560
406.348949
475.359260
556.141918
624.746286
701.875457
818.381099
947.470975
1049.362669
1120.402695
1125.274012
1097.263944
1119.996752
1151.254364
1118.778923
1010.392141
871.559633
775.351141
740.440042
750.994560
776.163027
744.093529
595.112446
358.041731
120.159130
-54.802306
-125.030446
-132.337420
-157.505886
-244.377689
-406.348949
-616.627426
-802.549322
-923.926281
-993.748478
-1028.659576
-1068.441991
-1098.887716
-1070.065763
-1025.006089
-986.847447
-948.282861
-934.074856
-932.451084
-936.104571
-954.372006
-951.936348
-903.629130
-812.291954
-661.281156
-498.498011
-393.358772
-374.685394
-430.705529
-511.894130
-530.567508
-492.408866
-483.478120
-534.220995
-596.330275
-611.350166
-549.646830
-468.458228
-434.359016
-439.636275
-462.775026
-438.824389
-351.546643
-257.367866
-179.020865
-86.871803
30.851668
171.713891
282.942275
323.536575
290.655192
228.545912
171.307948
147.357311
161.159373
189.575384
215.555736
238.288544
277.259073
332.061379
369.814078
347.081270
302.427539
262.645125
252.902492
277.259073
343.021840
456.279938
579.280669
686.855565
775.351141
862.222944
939.758058
969.797840
945.847203
894.698384
872.777462
909.718276
925.550053
881.708208
837.054478
847.203053
899.569700
932.045141
920.678737
908.500447
899.975643
861.411058
794.430462
710.806203
639.766177
625.558172
597.142161
470.893886
252.902492
12.990176
-142.485995
-166.030689
-97.426321
-43.029959
-95.396606
-278.476902
-496.468296
-647.073151
-721.766664
-754.648047
-793.618576
-868.718032
-951.530405
-989.689048
-975.075099
-932.451084
-898.351871
-894.292441
-886.579524
-865.470488
-858.975400
-856.539742
-855.727856
-839.490136
-783.064058
-713.241861
-688.885281
-736.786555
-827.717788
-883.331980
-856.945685
-750.182674
-607.290736
-509.458472
-461.557197
-414.873752
-342.615897
-275.635301
-259.803524
-280.506617
-269.952099
-225.704311
-146.545425
-102.703580
-110.416498
-118.941301
-103.515466
-63.733052
-24.356580
-26.792238
-62.109280
-100.267922
-100.673865
-27.604124
79.970772
174.555492
217.585451
238.694487
282.536332
375.903223
492.002923
589.429244
633.271089
651.538524
685.637736
755.053990
808.638467
791.182918
706.746773
632.053260
627.993830
668.994073
684.825850
636.112690
574.815296
562.231063
598.765933
656.815783
716.489405
757.895591
779.004628
784.687830
789.965089
809.450353
810.668182
770.073882
720.548835
707.558659
727.449866
723.796379
672.647560
610.944223
612.973938
664.934643
645.855322
487.131607
243.971746
28.416010
-60.079565
-24.356580
29.633839
6.901031
-122.594788
-319.477145
-480.636519
-576.033125
-625.964115
-655.192011
-707.558659
-768.044167
-808.638467
-827.717788
-833.400991
-846.391167
-885.361695
-930.421369
-977.104814
-1019.728830
-1036.372493
-1040.431923
-1006.332711
-908.094504
-786.311602
-687.261508
-642.201835
-650.726638
-667.370301
-646.667208
-574.815296
-498.903954
-456.279938
-466.428513
-494.032638
-496.468296
-480.636519
-468.864171
-481.854348
-517.577332
-539.498254
-510.270358
-451.002679
-400.665747
-350.734757
-267.922384
-154.664285
-53.990420
-4.871316
-0.811886
-5.683202
53.178534
186.327840
333.685151
444.507591
496.874239
510.676301
530.161565
567.102379
590.241130
565.478607
505.399042
460.339368
455.873995
482.260291
511.488187
531.379394
524.478363
503.775270
502.963384
518.389218
538.686368
527.725907
502.557441
496.468296
527.725907
557.765690
556.953804
533.409109
533.409109
578.874726
647.479094
714.865633
759.113420
781.846229
788.341317
807.014695
855.727856
923.926281
940.975887
863.846716
744.499472
681.984249
717.301291
795.648291
795.242348
649.102866
410.814322
211.090363
145.733539
192.416985
258.991638
237.476658
94.990663
-123.812617
-343.427783
-510.676301
-626.776001
-709.182431
-762.766908
-802.143379
-826.905902
-850.856540
-893.074612
-925.144110
-932.451084
-919.460908
-902.005358
-901.599415
-944.629374
-1013.233742
-1050.580498
-1036.778436
-996.184136
-954.372006
-946.253146
-993.748478
-1069.253877
-1118.778923
-1089.956970
-982.382074
-886.173581
-855.321913
-848.014939
-792.400747
-686.855565
-597.548104
-582.122270
-587.805472
-554.924089
-465.616627
-339.368353
-210.278477
-105.545181
-11.772347
83.624259
168.872290
241.130145
249.654948
202.971503
166.030689
209.872534
344.645612
485.913778
538.686368
520.012990
499.309897
510.676301
558.577576
607.696679
627.181944
607.696679
563.448892
528.131850
529.349679
552.082488
554.924089
535.438824
509.864415
494.438581
494.032638
507.022814
540.310140
583.340099
614.191767
619.469027
620.686856
627.993830
637.330519
659.251441
696.598198
743.281643
794.836405
821.222700
830.559389
858.975400
912.965820
967.362182
990.094991
969.391897
920.272794
840.302022
744.905415
697.004141
709.994317
731.509296
658.439555
462.775026
221.238938
29.633839
-39.376472
-3.247544
57.643907
55.208249
-56.020135
-233.417228
-407.566778
-539.498254
-629.211659
-713.647804
-792.400747
-872.777462
-946.253146
-1022.164488
-1099.293659
-1151.660307
-1193.472436
-1227.571649
-1267.354063
-1301.047333
-1324.997970
-1340.829748
-1316.067224
-1229.601364
-1108.224405
-1031.095234
-1035.966550
-1079.402452
-1100.105545
-1057.481530
-950.312576
-829.341560
-722.172607
-636.924576
-566.696436
-485.913778
-386.051798
-309.734513
-300.803767
-347.487213
-373.873508
-342.209954
-263.862954
-164.406917
-64.138995
53.178534
178.208979
268.734270
284.971990
252.496549
223.268653
239.506373
307.298855
404.319234
485.913778
523.666477
524.072420
511.082244
520.824876
544.369571
547.211172
516.765446
482.260291
481.042462
527.319964
608.102622
683.608021
705.123001
668.994073
615.003653
572.379638
551.676545
539.498254
545.993343
570.349923
615.003653
673.865389
707.152716
720.954778
722.578550
735.974669
750.182674
761.549079
755.865876
737.192498
718.925063
717.301291
754.648047
822.846472
893.480555
931.639198
917.837136
869.529918
816.757327
771.291711
759.519363
767.232281
782.658115
771.291711
649.914752
406.348949
106.763010
-123.000731
-209.872534
-187.951612
-164.000974
-231.387513
-403.507348
-621.904685
-793.618576
-885.361695
-915.401478
-962.896809
-1051.798328
-1159.779167
-1247.462856
-1269.789722
-1253.146058
-1236.502395
-1226.759763
-1214.581473
-1190.224892
-1169.927742
-1172.363400
-1180.482260
-1165.462369
-1108.224405
-1035.154664
-991.312820
-991.312820
-1020.540716
-1020.540716
-942.193716
-803.767151
-679.548591
-612.162052
-576.033125
-525.696192
-445.725420
-373.061622
-335.714866
-351.546643
-392.140943
-395.388487
-345.051555
-247.219290
-128.683933
-28.416010
53.584477
135.990907
219.615166
281.724446
284.971990
265.892669
293.902736
384.022083
508.240643
598.765933
630.023545
651.538524
690.914996
741.251928
771.697654
771.697654
754.648047
736.380612
741.251928
772.915483
819.192985
835.430706
803.361208
733.539011
654.786068
591.458959
539.092311
495.656410
473.329545
503.775270
577.250954
656.003897
681.984249
667.370301
660.063327
682.796135
719.331006
736.380612
718.113177
682.796135
660.063327
663.310871
695.786312
738.410327
751.400503
731.103353
697.410084
678.330762
668.182187
626.776001
528.943736
418.527239
364.942762
379.962653
396.606316
317.447430
116.099700
-138.832508
-315.011772
-348.705042
-273.199643
-198.506130
-225.298368
-383.616140
-594.300560
-770.885768
-866.282374
-920.272794
-982.788017
-1046.115125
-1087.115369
-1086.303483
-1067.224162
-1064.382561
-1085.085654
-1102.541203
-1122.026467
-1140.699846
-1178.452545
-1237.720224
-1276.284810
-1266.948120
-1197.531867
-1077.778680
-973.451327
-955.183892
-1016.887229
-1080.214338
-1071.283592
-965.332467
-818.381099
-706.746773
-656.409840
-636.518633
-595.924332
-513.517902
-401.883576
-289.437363
-225.704311
-192.822928
-131.525534
-28.416010
101.485751
225.704311
334.091094
437.200617
526.914021
590.241130
601.607534
567.914265
548.429001
586.181700
673.865389
774.539255
832.995047
834.212877
811.480068
798.895835
807.014695
827.717788
831.777218
809.450353
783.064058
775.757084
783.470001
787.935374
761.549079
707.964602
637.330519
561.013234
493.626695
443.695705
419.339125
417.309410
441.665990
461.963140
472.517659
455.062109
410.408379
358.041731
317.447430
295.526508
294.308679
312.576114
341.398068
378.338881
410.814322
442.883819
478.606804
526.914021
572.379638
579.686612
548.023058
502.557441
468.864171
448.567021
421.368840
377.526995
358.853617
385.239912
409.190550
364.536819
221.644881
27.198181
-149.792969
-255.338151
-279.288788
-272.793700
-293.496793
-393.358772
-578.468783
-773.321426
-899.569700
-961.273037
-1011.609970
-1084.679711
-1152.878136
-1188.195177
-1191.848664
-1198.343753
-1227.165706
-1257.611431
-1280.750183
-1290.898758
-1292.116587
-1286.839328
-1265.730291
-1211.739872
-1121.214581
-1000.243566
-884.143866
-818.787042
-813.103840
-843.955509
-832.183161
-734.756840
-590.241130
-462.775026
-384.833969
-332.873265
-248.843062
-130.713648
-17.455549
57.643907
84.030202
91.337176
123.000731
182.674353
278.882845
407.566778
554.924089
701.875457
808.232524
841.113908
807.826581
728.261752
664.934643
677.112933
757.083705
852.886255
909.312333
908.500447
873.995291
862.222944
861.005115
833.806934
755.459933
638.142405
531.785337
455.873995
413.249980
388.487456
375.091337
369.814078
356.417959
311.764228
248.031176
182.268410
130.713648
109.604612
115.693757
131.525534
159.129658
181.456524
190.387270
202.565560
211.496306
212.308192
222.862710
237.476658
265.892669
317.853373
382.398311
431.111472
455.468052
463.180969
467.646342
486.725664
498.903954
505.804985
498.498011
483.478120
465.210684
431.517415
377.932938
319.883088
262.645125
230.575627
215.555736
158.317772
40.594301
-147.357311
-341.398068
-460.339368
-466.428513
-395.794430
-352.358529
-419.339125
-586.993586
-768.856053
-894.292441
-949.094747
-971.421612
-996.996022
-1027.847690
-1049.768612
-1035.154664
-998.619794
-974.669156
-989.689048
-1019.322887
-1038.808151
-1020.540716
-980.758302
-949.094747
-917.431193
-849.232768
-725.420151
-576.845011
-474.547374
-453.438337
-474.547374
-477.794918
-425.022327
-330.031664
-225.298368
-145.733539
-87.683689
-24.356580
48.307218
120.159130
169.684176
196.882358
203.783389
211.902249
241.130145
296.744337
356.417959
402.695462
443.695705
476.577089
506.210928
524.072420
524.072420
512.300073
510.270358
537.468539
578.062840
605.261021
610.538280
600.795648
579.686612
563.448892
545.993343
517.171389
476.983032
421.774783
375.903223
356.012016
352.358529
352.358529
328.001949
273.199643
215.555736
168.466347
138.020622
108.792726
85.248031
69.416254
80.376715
101.485751
115.693757
125.842332
124.218560
116.099700
115.693757
129.901762
145.327596
175.367378
205.407161
226.516197
248.843062
270.763985
302.833482
338.962410
366.972477
379.556710
376.715109
366.566534
360.071446
361.289275
364.130876
351.952586
304.051311
241.130145
200.535845
187.545669
192.822928
194.446700
148.575140
51.960705
-90.525290
-237.882601
-339.368353
-366.160591
-321.912803
-266.704555
-248.843062
-291.873021
-388.081513
-501.339612
-576.845011
-618.657141
-628.805716
-625.964115
-631.647317
-633.271089
-621.092799
-612.162052
-612.162052
-632.865146
-678.330762
-725.014208
-763.984737
-777.380856
-761.549079
-721.360721
-683.202078
-656.003897
-643.013721
-639.360234
-623.122514
-602.825363
-583.340099
-539.904197
-472.923602
-415.685638
-352.358529
-280.506617
-206.624990
-127.872047
-62.515223
-24.762523
3.653487
25.980352
44.653731
84.842088
146.951368
236.258829
333.685151
410.408379
456.685881
481.042462
489.973208
495.656410
514.329788
535.844767
563.854835
586.587643
586.993586
573.191524
561.825120
554.112203
540.310140
515.953560
469.676057
409.596493
351.546643
312.982057
282.536332
253.308435
221.238938
201.753674
185.921897
165.624746
125.842332
69.010311
19.485264
-12.584233
-15.019891
7.306974
35.317041
47.089389
56.020135
71.445969
81.188601
78.752943
70.228140
67.386539
80.782658
118.941301
170.496062
213.120078
264.268897
321.506860
380.774539
449.378907
507.834700
532.597223
531.379394
515.547617
513.111959
539.904197
579.686612
606.072907
589.429244
537.468539
480.230576
440.854104
424.616384
415.279695
383.210197
302.833482
179.426808
59.267679
-40.594301
-112.040270
-154.664285
-182.674353
-208.654705
-251.684663
-337.744581
-468.052285
-597.142161
-679.548591
-709.182431
-722.984493
-747.747016
-790.776975
-852.074369
-903.629130
-937.728343
-959.243322
-972.233498
-993.342535
-1028.659576
-1064.788504
-1067.224162
-1026.223918
-951.936348
-874.401234
-806.202809
-756.677762
-736.786555
-720.954778
-698.627913
-643.419664
-543.557685
-422.180726
-308.110741
-203.783389
-112.040270
-41.406187
3.247544
34.099212
63.327109
106.357067
167.654461
230.575627
283.348218
340.180239
406.754892
478.606804
538.686368
563.854835
558.577576
524.884306
479.824633
457.903710
478.606804
517.577332
544.369571
533.003166
501.339612
461.151254
417.309410
374.685394
339.368353
308.922627
287.813591
273.605586
251.684663
230.981570
226.922140
233.011285
240.318259
237.070715
224.892425
198.506130
173.337663
166.436632
183.892182
220.832995
250.872777
268.734270
274.823415
274.417472
261.021353
250.466834
245.189575
254.526265
284.971990
317.447430
342.209954
360.071446
358.041731
356.417959
373.467565
394.982544
424.616384
430.299586
412.032151
401.071690
401.883576
427.052042
453.438337
460.339368
429.487700
371.437850
312.982057
271.169928
252.496549
236.664772
212.714135
174.555492
121.376959
40.188358
-72.257855
-202.971503
-305.269140
-351.952586
-346.675327
-335.308923
-366.566534
-453.032394
-568.726151
-668.182187
-733.133068
-776.974913
-820.004871
-870.341804
-912.153934
-928.391654
-923.520338
-915.807421
-930.015426
-963.708695
-998.619794
-1021.758545
-1005.114882
-963.302752
-905.658845
-839.490136
-775.351141
-711.618089
-674.271332
-665.340586
-667.776244
-645.043436
-581.310384
-492.408866
-402.289519
-326.784120
-259.803524
-192.011042
-117.723472
-50.336933
1.217829
28.010067
42.218073
72.663798
140.862223
246.407404
356.823902
447.349192
532.597223
600.389705
639.766177
657.221726
664.122757
680.360477
706.746773
749.776731
777.786799
785.093773
773.321426
742.875700
722.984493
709.182431
694.974426
671.429731
627.587887
582.122270
549.646830
522.448648
504.181213
470.893886
415.685638
363.318990
315.417715
278.070959
249.249005
214.337907
177.397093
138.426565
113.258099
97.832264
68.198425
35.722984
-2.841601
-23.544694
-15.019891
10.960461
29.227896
25.168466
4.465373
-6.901031
11.366404
44.247788
78.347000
105.139238
135.584964
173.337663
213.526021
233.823171
235.446943
236.664772
249.249005
267.110498
283.754161
276.447187
258.991638
248.437119
242.753917
243.971746
233.417228
202.159617
145.733539
100.673865
64.950881
20.297150
-34.911098
-118.941301
-210.684420
-278.882845
-332.061379
-380.368596
-438.418446
-515.547617
-605.261021
-696.598198
-770.479825
-826.499959
-870.341804
-916.619307
-956.807664
-980.352359
-987.659333
-992.124706
-1006.738654
-1018.916944
-1013.639685
-971.015669
-913.777706
-854.915970
-795.648291
-732.321182
-662.904928
-592.270845
-511.082244
-443.695705
-390.923114
-340.992125
-293.496793
-228.951855
-151.416741
-66.574653
26.386295
115.287814
192.822928
254.120322
289.843306
315.011772
347.893156
391.735000
450.596736
517.577332
569.132094
601.201591
628.805716
650.320695
684.013964
709.994317
719.331006
712.024032
695.786312
680.766420
663.716814
643.419664
616.221483
587.805472
552.894374
506.616871
451.002679
392.952829
332.061379
285.783876
252.902492
230.575627
207.030933
165.624746
114.475928
68.604368
38.158643
7.712917
-22.326865
-44.247788
-64.950881
-74.287570
-78.752943
-78.347000
-84.436145
-87.277746
-80.782658
-58.861736
-28.821953
-6.495088
6.901031
18.267435
42.218073
75.911342
112.852156
146.139482
168.872290
184.298125
193.634814
209.466591
231.793456
252.902492
265.080783
276.041244
285.783876
297.962166
303.239425
284.566047
258.179752
231.793456
213.526021
203.783389
203.783389
197.694244
174.149549
135.584964
99.861979
75.099456
53.584477
30.445725
-17.861492
-79.158886
-151.010798
-217.991394
-283.754161
-354.794187
-409.596493
-451.814565
-488.349436
-533.409109
-591.053016
-651.132581
-710.806203
-757.083705
-774.539255
-778.598685
-789.153203
-797.272063
-796.054234
-789.965089
-769.261996
-736.380612
-710.400260
-690.914996
-662.498985
-614.191767
-542.745798
-468.052285
-410.002436
-361.695218
-324.754404
-288.625477
-245.189575
-202.159617
-152.634570
-96.614435
-40.188358
22.326865
93.772834
163.595031
233.823171
300.803767
358.041731
400.665747
417.715353
429.081757
450.190793
477.388975
516.359503
551.676545
582.528213
589.429244
582.528213
567.508322
544.775514
523.666477
499.715840
478.200861
462.369083
451.002679
432.329301
403.507348
356.823902
300.803767
250.466834
197.694244
138.020622
77.941057
21.514979
-15.425834
-31.663554
-43.435902
-57.643907
-81.188601
-118.535358
-144.921653
-162.783145
-167.654461
-164.406917
-161.159373
-137.208736
-95.802549
-47.495332
18.673378
73.475684
116.911586
155.476171
194.852643
234.229114
266.298612
296.338394
330.031664
365.754648
397.418202
421.368840
420.151011
408.378664
409.190550
422.180726
443.695705
462.369083
455.062109
423.804498
391.735000
364.536819
351.140700
337.744581
317.041487
274.417472
209.872534
152.634570
88.089632
28.821953
-28.010067
-76.723228
-111.634327
-158.317772
-224.892425
-311.764228
-409.190550
-491.596980
-550.052773
-585.369814
-612.973938
-649.102866
-699.033856
-753.024275
-789.965089
-807.420638
-804.579037
-803.361208
-813.509783
-814.727612
-804.984980
-783.875944
-755.865876
-731.915239
-701.063571
-658.033612
-617.033369
-580.904441
-533.409109
-483.072177
-417.309410
-335.714866
-267.110498
-202.159617
-151.416741
-108.792726
-65.762767
-17.049606
29.633839
63.733052
96.614435
128.683933
170.090119
213.526021
256.555980
283.754161
295.120565
298.774052
297.150280
300.397824
312.982057
326.784120
335.714866
337.338638
337.338638
333.279208
324.754404
321.100917
321.506860
321.506860
315.417715
307.704798
304.863197
309.734513
318.259316
319.477145
310.546399
293.496793
265.486726
240.318259
223.674596
224.080539
235.446943
253.308435
269.952099
278.882845
283.754161
272.793700
258.179752
243.565803
233.417228
242.753917
250.872777
254.932208
263.862954
266.298612
271.981814
284.566047
294.308679
299.585938
294.714622
289.843306
290.655192
290.249249
293.090850
289.843306
282.536332
269.140213
250.466834
221.644881
199.318016
178.614922
154.258342
144.109767
136.396850
129.901762
115.693757
88.495575
51.960705
23.544694
-12.584233
-55.208249
-99.861979
-137.208736
-159.129658
-170.090119
-179.020865
-203.377446
-243.971746
-292.278964
-334.497037
-370.220021
-392.546886
-418.933182
-462.369083
-514.329788
-560.607291
-586.587643
-600.389705
-605.261021
-621.904685
-644.231550
-658.033612
-672.647560
-687.261508
-699.033856
-695.786312
-684.825850
-660.063327
-640.578063
-624.340343
-619.469027
-619.063084
-608.508565
-586.587643
-544.775514
-501.339612
-446.537306
-389.299342
-326.378177
-256.555980
-196.476415
-147.763254
-104.733295
-68.604368
-22.732808
35.722984
97.832264
162.377202
216.367622
268.734270
310.546399
355.606073
394.170658
422.586669
446.131363
470.893886
502.151498
521.636762
533.815052
531.379394
524.884306
526.102135
534.626938
558.983519
580.092555
578.062840
564.666721
542.745798
531.379394
525.290249
517.171389
509.864415
489.973208
466.022570
441.665990
416.903467
396.200373
373.467565
343.021840
313.388000
282.130389
254.932208
240.724202
226.922140
222.050824
208.654705
190.387270
170.090119
139.644394
107.980839
85.653974
71.040026
60.485508
55.208249
49.930990
43.841845
39.782415
36.128927
28.010067
18.267435
7.712917
2.029715
-6.495088
-7.712917
-12.178290
-23.544694
-34.099212
-54.802306
-71.851912
-88.089632
-103.515466
-117.317529
-132.337420
-151.822684
-178.208979
-204.189332
-234.635057
-263.457011
-284.971990
-300.803767
-320.694974
-353.576358
-387.675570
-425.428270
-454.656166
-471.299830
-484.695949
-486.725664
-485.913778
-486.319721
-492.408866
-504.993099
-510.270358
-509.458472
-510.270358
-504.181213
-500.933669
-502.963384
-498.498011
-490.379151
-472.111716
-444.913534
-418.527239
-388.081513
-359.665503
-333.685151
-305.675083
-279.694731
-251.684663
-218.397337
-187.545669
-157.099943
-127.872047
-99.456036
-62.921166
-19.079321
21.920922
52.772591
75.099456
96.614435
131.119591
173.743606
220.832995
261.021353
291.061135
312.576114
327.596006
347.081270
371.843793
401.071690
431.923358
465.616627
495.656410
523.666477
542.745798
555.330032
573.597467
593.894617
602.825363
606.478850
605.261021
598.765933
586.993586
573.597467
567.102379
562.231063
552.488431
537.874482
509.864415
476.171146
447.755135
415.279695
378.338881
342.615897
302.021596
264.268897
224.486482
174.149549
128.683933
82.812373
42.218073
12.178290
-20.297150
-57.643907
-98.238207
-143.703824
-177.803036
-187.951612
-200.535845
-214.743850
-233.011285
-266.704555
-294.714622
-306.486969
-305.269140
-306.892912
-301.615653
-297.962166
-283.348218
-269.140213
-262.645125
-258.585695
-266.704555
-274.011529
-267.516441
-255.744094
-248.031176
-242.753917
-241.942031
-234.635057
-222.862710
-207.436876
-196.882358
-196.070472
-200.535845
-207.030933
-207.842819
-202.565560
-196.070472
-197.694244
-204.595275
-207.030933
-198.100187
-188.357555
-188.357555
-191.199156
-211.902249
-225.298368
-228.139969
-226.110254
-219.615166
-211.902249
-211.902249
-211.496306
-211.902249
-211.090363
-215.555736
-229.357798
-239.100430
-233.823171
-215.149793
-188.357555
-165.218803
-152.634570
-140.050337
-122.594788
-100.267922
-88.495575
-77.129171
-62.921166
-46.277503
-16.237720
27.604124
71.040026
111.228384
146.545425
180.238694
218.397337
253.308435
268.734270
280.912560
299.991881
322.318746
353.576358
388.487456
419.339125
433.547130
438.824389
446.943249
454.656166
466.834456
470.893886
456.279938
437.200617
425.834213
416.903467
406.754892
393.764715
374.279451
348.299099
321.100917
300.803767
278.070959
257.773809
220.427052
189.169441
168.872290
138.426565
118.535358
91.743119
65.356824
34.911098
4.871316
-23.138751
-55.208249
-81.188601
-97.020378
-102.703580
-107.980839
-111.228384
-118.129415
-146.139482
-185.515954
-214.743850
-228.139969
-225.298368
-215.961679
-204.189332
-206.219047
-222.050824
-235.446943
-244.783632
-239.506373
-223.268653
-206.624990
-191.605099
-187.951612
-189.169441
-194.040757
-184.298125
-168.060404
-155.070228
-144.109767
-134.367135
-135.179021
-143.297881
-135.179021
-114.475928
-89.713404
-57.237964
-45.465617
-51.554762
-62.921166
-79.564829
-85.653974
-67.386539
-38.564586
-15.019891
-8.118860
-21.920922
-36.940814
-41.000244
-32.069497
-15.019891
-4.465373
0.811886
-9.336689
-25.980352
-42.218073
-58.049850
-62.921166
-69.416254
-70.634083
-70.634083
-79.970772
-90.525290
-104.327352
-112.852156
-110.416498
-102.297637
-101.891694
-101.891694
-111.634327
-116.911586
-104.733295
-84.436145
-54.396363
-39.376472
-39.376472
-36.534871
-23.950637
2.029715
35.722984
70.634083
95.396606
110.822441
128.277990
140.456280
155.882114
172.119834
191.605099
214.743850
233.011285
245.189575
250.872777
253.714379
265.892669
274.823415
288.625477
298.774052
292.684907
274.011529
252.090606
239.912316
233.823171
228.951855
222.862710
215.149793
195.258586
171.307948
141.674109
113.664042
92.960948
66.574653
36.940814
10.960461
-6.495088
-22.326865
-45.871560
-62.515223
-79.564829
-102.703580
-123.000731
-152.228627
-171.713891
-185.921897
-196.070472
-195.664529
-196.070472
-196.070472
-196.476415
-202.159617
-210.684420
-211.496306
-204.189332
-203.783389
-197.288301
-180.238694
-156.288057
-127.466104
-107.980839
-79.158886
-60.079565
-43.435902
-18.673378
8.930746
38.158643
67.792482
101.891694
127.466104
146.951368
156.288057
157.099943
156.288057
157.099943
156.694000
157.099943
156.288057
146.951368
129.089876
115.693757
99.050093
80.782658
66.574653
52.772591
36.940814
16.237720
-8.524803
-35.317041
-63.327109
-85.248031
-97.426321
-106.357067
-116.505643
-131.525534
-142.080052
-160.753430
-176.991150
-182.674353
-191.605099
-195.664529
-197.288301
-202.971503
-209.060648
-212.714135
-210.278477
-201.753674
-189.169441
-173.337663
-157.911829
-140.050337
-123.000731
-116.505643
-99.050093
-76.317285
-70.228140
-60.079565
-43.841845
-32.475440
-16.643663
8.118860
35.722984
56.426078
78.752943
95.396606
105.139238
118.941301
131.525534
141.674109
161.159373
176.585207
185.110011
193.634814
196.882358
194.446700
187.951612
179.020865
170.496062
163.595031
156.694000
148.575140
134.773078
121.376959
111.634327
97.426321
83.218316
67.386539
46.277503
23.544694
8.118860
2.029715
-6.089145
-12.990176
-16.643663
-14.613948
-19.485264
-23.544694
-27.198181
-39.782415
-49.525047
-60.891451
-69.416254
-77.941057
-75.505399
-69.416254
-62.921166
-49.119104
-36.128927
-28.010067
-23.138751
-23.544694
-23.138751
-13.396119
6.495088
28.416010
52.772591
70.228140
86.059917
102.703580
113.258099
120.971016
127.060161
137.614679
147.763254
149.387026
156.288057
163.595031
164.812860
164.812860
155.070228
140.456280
122.594788
100.267922
79.564829
64.138995
51.148819
38.970529
22.732808
3.247544
-23.544694
-49.119104
-80.376715
-108.386782
-123.000731
-140.050337
-154.258342
-165.218803
-184.298125
-203.783389
-213.526021
-224.892425
-231.387513
-236.664772
-242.753917
-243.565803
-242.753917
-243.565803
-240.724202
-229.763741
-220.021109
-213.526021
-209.060648
-198.912073
-184.704068
-172.525777
-158.723715
-144.109767
-129.901762
-115.287814
-101.079808
-86.465860
-65.762767
-42.624016
-13.396119
5.277259
20.297150
43.841845
58.049850
77.941057
106.763010
129.495819
150.604855
163.189088
173.743606
181.456524
196.070472
213.120078
221.644881
228.545912
224.486482
216.773565
209.872534
200.129902
186.733783
172.119834
157.505886
137.208736
114.475928
94.178777
77.941057
62.109280
44.653731
24.356580
12.178290
-5.683202
-23.138751
-34.099212
-40.188358
-38.158643
-42.624016
-50.336933
-56.020135
-53.178534
-45.871560
-38.564586
-32.069497
-30.851668
-32.069497
-28.416010
-21.109036
-10.960461
-0.405943
10.554518
22.326865
31.257611
37.346757
46.277503
60.079565
71.851912
82.000487
95.396606
107.980839
110.010555
110.010555
109.198669
112.446213
118.535358
117.317529
112.040270
106.763010
97.020378
86.465860
80.376715
66.574653
53.990420
41.000244
24.356580
7.306974
-15.425834
-32.881383
-46.277503
-58.049850
-67.792482
-83.218316
-105.951124
-121.376959
-139.644394
-156.288057
-168.466347
-179.426808
-190.387270
-205.407161
-214.743850
-223.674596
-227.734026
-227.734026
-224.080539
-215.961679
-209.466591
-198.506130
-188.763498
-170.090119
-153.446456
-137.208736
-124.624503
-114.069985
-93.772834
-79.158886
-65.356824
-44.653731
-32.881383
-17.455549
4.871316
13.396119
25.168466
41.406187
59.267679
75.505399
83.624259
92.149062
101.485751
107.980839
116.099700
127.466104
137.614679
144.921653
152.228627
162.783145
164.812860
164.406917
164.406917
164.812860
163.595031
152.634570
142.080052
131.119591
113.664042
99.050093
87.277746
75.505399
60.891451
53.178534
46.683446
33.693269
21.920922
12.178290
3.247544
-10.960461
-16.237720
-23.138751
-35.317041
-39.376472
-43.435902
-51.960705
-55.208249
-55.208249
-53.990420
-59.267679
-62.921166
-53.584477
-47.901275
-42.624016
-34.911098
-31.257611
-31.663554
-31.663554
-28.010067
-17.049606
-11.366404
-2.841601
7.306974
18.673378
28.821953
36.128927
43.029959
48.307218
54.396363
55.614192
53.584477
46.277503
47.901275
42.218073
38.970529
36.534871
29.227896
37.346757
35.722984
27.604124
20.703093
15.019891
16.237720
14.208005
7.712917
-1.623772
-12.178290
-25.574409
-37.346757
-44.247788
-47.901275
-52.772591
-58.049850
-69.822197
-84.030202
-86.465860
-85.653974
-90.931233
-95.396606
-99.456036
-105.951124
-109.604612
-111.634327
-118.535358
-114.475928
-108.792726
-101.891694
-89.307461
-80.376715
-75.911342
-65.762767
-54.396363
-44.247788
-33.287326
-26.792238
-14.208005
-8.524803
-5.277259
4.465373
20.297150
35.317041
45.059674
55.208249
61.703337
69.010311
76.723228
86.465860
92.960948
94.178777
99.456036
103.109523
108.386782
110.822441
109.198669
110.010555
109.198669
103.921409
98.644150
88.901518
85.248031
80.782658
76.723228
71.445969
61.703337
51.148819
40.188358
28.821953
14.208005
4.059430
-4.059430
-10.148575
-17.455549
-27.604124
-38.564586
-43.841845
-49.930990
-54.396363
-56.426078
-61.297394
-68.198425
-77.129171
-85.653974
-83.218316
-78.347000
-74.693513
-64.138995
-60.485508
-52.366648
-46.683446
-47.901275
-44.247788
-33.693269
-22.326865
-8.524803
1.623772
6.901031
10.148575
15.425834
21.920922
33.287326
43.841845
47.901275
43.841845
33.287326
30.445725
32.069497
30.445725
34.099212
39.376472
39.376472
33.693269
25.574409
13.802062
7.712917
7.306974
10.148575
16.643663
15.425834
15.831777
5.277259
-0.811886
-6.495088
-7.306974
0.811886
-4.871316
-9.336689
-18.673378
-30.445725
-31.663554
-30.851668
-31.663554
-30.851668
-35.722984
-41.406187
-46.683446
-52.772591
-55.614192
-52.772591
-47.089389
-47.495332
-41.812130
-38.158643
-40.188358
-38.564586
-40.188358
-34.505155
-23.138751
-14.208005
-8.524803
0.000000
5.683202
11.366404
21.109036
33.287326
42.624016
51.554762
54.396363
49.525047
55.208249
54.802306
54.802306
55.208249
53.584477
46.683446
47.495332
42.624016
34.099212
29.633839
23.544694
14.613948
2.435658
-0.811886
-10.554518
-16.237720
-22.326865
-23.950637
-23.138751
-23.138751
-25.574409
-32.069497
-36.940814
-39.782415
-38.970529
-38.970529
-39.782415
-33.693269
-34.911098
-40.594301
-38.158643
-40.188358
-36.534871
-31.663554
-29.633839
-24.762523
-17.861492
-15.831777
-9.336689
-8.118860
-6.089145
0.000000
2.841601
8.930746
14.613948
16.237720
16.237720
23.950637
30.445725
32.881383
39.376472
39.376472
39.376472
45.871560
47.495332
51.554762
61.297394
58.455793
54.396363
55.208249
55.208249
54.396363
55.614192
51.148819
47.089389
43.029959
38.564586
38.970529
31.663554
27.198181
21.514979
15.425834
7.712917
8.524803
4.059430
-1.217829
-7.712917
-15.425834
-15.425834
-15.425834
-16.237720
-22.732808
-23.544694
-23.544694
-23.544694
-23.544694
-23.138751
-23.950637
-18.267435
-15.019891
-15.831777
-15.831777
-15.831777
-15.831777
-15.425834
-16.237720
-9.336689
-9.336689
-17.049606
-8.524803
-8.118860
-7.306974
-8.118860
-6.901031
-11.366404
-16.643663
-15.831777
-8.930746
-12.990176
-16.237720
-19.485264
-25.980352
-30.851668
-32.069497
-30.851668
-32.069497
-30.445725
-37.752700
-39.376472
-43.029959
-48.307218
-46.277503
-39.782415
-38.564586
-39.782415
-47.089389
-46.277503
-49.119104
-51.960705
-41.000244
-34.505155
-26.386295
-22.732808
-26.792238
-31.663554
-31.663554
-28.416010
-19.485264
-15.425834
-8.930746
-4.871316
4.465373
6.901031
9.742632
15.425834
19.079321
23.950637
28.010067
32.069497
30.851668
31.663554
32.881383
40.188358
43.841845
51.148819
49.930990
46.683446
46.683446
49.525047
55.614192
54.396363
56.020135
62.109280
62.515223
56.020135
53.990420
55.208249
53.990420
55.614192
51.148819
47.089389
42.624016
37.752700
40.188358
36.128927
30.851668
31.663554
30.039782
23.950637
23.544694
15.831777
15.831777
12.584233
6.901031
8.118860
6.901031
-0.811886
-2.841601
0.811886
-6.901031
-7.712917
-10.148575
-18.267435
-23.138751
-24.356580
-30.851668
-31.257611
-31.663554
-31.257611
-31.257611
-31.663554
-31.663554
-31.257611
-31.663554
-30.445725
-32.881383
-33.287326
-30.851668
-31.257611
-35.317041
-40.594301
-37.752700
-32.475440
-30.445725
-32.475440
-25.168466
-23.544694
-22.732808
-25.168466
-30.851668
-23.544694
-23.544694
-17.049606
-15.425834
-16.643663
-15.019891
-9.336689
-7.306974
-8.524803
-7.712917
-8.118860
-7.712917
-8.118860
-7.712917
-8.524803
-17.049606
-12.178290
-12.178290
-16.237720
-15.831777
-15.425834
-17.861492
-22.732808
-15.019891
-15.831777
-15.425834
-15.831777
-15.831777
-15.831777
-15.831777
-15.425834
-10.148575
-1.623772
0.000000
0.405943
-1.217829
2.841601
8.118860
11.366404
20.297150
23.950637
22.732808
28.010067
32.475440
30.445725
32.069497
30.851668
32.069497
30.445725
34.099212
39.782415
38.970529
38.970529
41.000244
48.713161
42.624016
39.376472
36.534871
30.851668
31.257611
37.346757
34.505155
30.851668
28.010067
21.920922
25.168466
20.297150
16.237720
12.178290
7.306974
8.118860
8.118860
7.712917
8.118860
2.841601
-0.811886
0.811886
-6.495088
-8.118860
-8.118860
-7.712917
-7.712917
-7.712917
-8.118860
-1.217829
0.000000
-7.712917
-7.712917
-7.712917
-7.712917
-7.712917
-7.712917
-0.811886
0.000000
-0.405943
0.405943
0.000000
-0.811886
5.683202
8.118860
7.712917
7.712917
8.524803
6.495088
12.990176
12.584233
7.306974
3.653487
-0.811886
-0.405943
-8.524803
-6.901031
-12.178290
-17.455549
-23.544694
-23.138751
-24.762523
-31.257611
-36.940814
-40.188358
-38.564586
-45.871560
-51.960705
-48.307218
-46.277503
-47.901275
-46.683446
-47.901275
-45.059674
-38.970529
-38.970529
-39.782415
-36.940814
-30.851668
-32.069497
-30.851668
-32.069497
-26.792238
-23.544694
-21.109036
-14.613948
-16.237720
-15.425834
-15.831777
-15.831777
-11.772347
-6.495088
-9.336689
-2.435658
0.405943
0.811886
8.118860
7.712917
14.613948
15.425834
16.237720
23.138751
25.168466
31.663554
31.257611
31.663554
38.158643
39.376472
38.970529
39.782415
38.158643
43.435902
48.307218
41.000244
38.564586
39.782415
38.564586
40.188358
37.346757
31.257611
31.663554
30.851668
31.257611
24.356580
23.544694
21.514979
14.208005
20.703093
24.356580
23.544694
23.544694
23.544694
23.138751
23.138751
23.544694
23.544694
23.544694
17.455549
15.019891
16.643663
9.336689
8.118860
6.089145
-0.811886
0.405943
-0.405943
1.217829
-4.871316
-7.712917
-8.118860
-15.831777
-15.831777
-15.831777
-15.831777
-15.425834
-15.831777
-15.425834
-15.831777
-15.831777
-15.831777
-15.425834
-16.237720
-23.138751
-23.544694
-23.544694
-23.544694
-23.544694
-23.138751
-23.950637
-23.138751
-24.356580
-22.326865
-28.821953
-28.416010
-22.732808
-23.950637
-23.138751
-23.544694
-23.544694
-23.544694
-23.950637
-23.138751
-24.356580
-22.732808
-28.416010
-30.445725
-25.980352
-32.881383
-26.386295
-23.138751
-23.950637
