41.330962
48.655436
60.165324
74.814272
84.231453
97.310872
109.867113
119.284294
122.423355
120.853824
122.423355
119.807471
110.913467
110.913467
109.867113
91.555928
81.092393
75.337449
68.012975
60.165324
47.609082
33.483311
20.403892
12.556241
6.801297
-6.801297
-19.880716
-20.403892
-26.682013
-34.006487
-40.284608
-49.178613
-50.224966
-52.840850
-63.827561
-74.814272
-86.324160
-91.032751
-95.741341
-107.251229
-110.913467
-118.237941
-122.423355
-120.853824
-121.900178
-120.853824
-111.959820
-111.436643
-107.251229
-93.648635
-85.277807
-74.814272
-69.059328
-61.211677
-48.655436
-38.191901
-30.344250
-31.390604
-23.542953
-18.834362
-20.403892
-19.357539
-24.066130
-20.927069
-18.834362
-9.940358
-9.940358
-9.940358
-2.615884
2.092707
8.370828
15.695302
21.973423
30.867427
39.761431
40.807785
48.132259
59.118970
60.688501
60.165324
52.317673
50.224966
50.748143
50.748143
51.271319
50.224966
50.224966
50.748143
58.595794
62.781207
69.059328
77.430156
85.277807
96.264518
100.449932
107.774406
111.436643
115.098880
122.946531
117.714764
110.390290
112.482997
103.065816
91.032751
86.847337
67.489798
56.503087
42.900492
31.390604
20.927069
6.278121
-7.324474
-19.880716
-28.251543
-38.191901
-43.946845
-51.271319
-49.701789
-51.794496
-60.165324
-61.211677
-69.059328
-78.999686
-83.708277
-93.648635
-105.158523
-116.145234
-122.423355
-120.853824
-126.085592
-136.549126
-142.304070
-135.502773
-128.178299
-121.900178
-114.052527
-104.635346
-86.847337
-71.152035
-57.549440
-43.423669
-30.344250
-15.172125
-2.615884
7.324474
19.357539
28.251543
30.867427
40.284608
38.191901
29.821074
30.344250
31.390604
24.589306
19.880716
13.079418
8.894004
10.986711
9.940358
9.940358
10.986711
3.662237
1.046353
11.509888
8.894004
1.569530
-1.046353
1.046353
-6.801297
-10.986711
-18.311186
-20.403892
-19.880716
-19.880716
-20.403892
-16.218479
-8.894004
-1.046353
8.894004
18.311186
34.529664
52.840850
71.152035
86.324160
98.357225
107.774406
122.423355
133.410066
141.257717
141.780894
150.151721
151.721251
151.721251
145.966307
138.118656
130.794182
119.807471
112.482997
105.158523
91.555928
78.999686
71.675212
58.595794
41.330962
24.066130
10.463535
-1.046353
-15.695302
-29.821074
-40.807785
-51.794496
-66.443445
-78.999686
-87.370514
-99.403579
-117.714764
-122.423355
-133.933243
-148.582191
-153.813958
-162.184786
-161.138433
-165.323846
-172.648321
-170.555614
-160.615256
-152.244428
-149.105368
-140.734540
-122.946531
-111.436643
-97.834048
-77.430156
-58.595794
-42.900492
-29.821074
-9.940358
3.662237
17.788009
30.344250
37.668724
49.178613
50.748143
52.840850
61.211677
60.688501
53.887203
48.655436
51.794496
48.655436
41.330962
39.238255
33.483311
25.112483
20.927069
13.602595
9.940358
5.754944
-1.046353
1.046353
-2.092707
-10.463535
-9.417181
-16.741655
-20.927069
-19.357539
-20.403892
-19.880716
-11.509888
-9.940358
-9.417181
-1.569530
5.231767
20.403892
38.191901
53.364026
65.920268
84.231453
99.926755
113.529350
127.131945
133.933243
141.257717
141.780894
141.257717
141.780894
141.257717
142.304070
138.641833
128.701475
121.377001
115.098880
103.588992
91.555928
74.814272
58.072617
41.330962
24.589306
7.324474
-7.847651
-16.218479
-31.390604
-42.377315
-50.224966
-62.781207
-72.198389
-77.953333
-89.463221
-103.065816
-117.714764
-125.562415
-136.549126
-141.780894
-146.489484
-157.476195
-162.707963
-161.138433
-162.707963
-160.092079
-151.721251
-151.721251
-140.734540
-126.608768
-116.668411
-96.787695
-80.046040
-63.827561
-41.330962
-27.205190
-13.602595
0.523177
10.986711
20.403892
30.344250
38.715078
41.330962
50.748143
50.224966
51.271319
41.854138
40.807785
37.668724
29.821074
29.297897
20.403892
17.788009
8.894004
10.986711
8.894004
0.523177
0.000000
-0.523177
0.523177
-7.847651
-9.940358
-14.648948
-20.927069
-19.880716
-20.403892
-20.403892
-16.218479
-9.940358
-4.708591
1.569530
6.801297
14.125772
26.158836
40.807785
62.258031
79.522863
92.602281
111.959820
122.423355
131.840536
140.734540
150.151721
160.092079
161.661609
161.661609
161.661609
162.184786
161.138433
152.244428
140.734540
126.608768
113.529350
98.357225
80.046040
61.734854
42.900492
23.542953
9.417181
-9.940358
-27.205190
-38.191901
-49.178613
-60.165324
-72.198389
-80.046040
-95.218165
-107.251229
-114.052527
-129.747829
-140.211363
-146.489484
-153.290782
-163.754316
-173.694674
-170.032437
-176.833734
-181.542325
-173.171497
-166.370200
-161.661609
-155.383489
-139.688187
-115.622057
-95.741341
-82.661923
-59.118970
-40.807785
-16.218479
3.662237
16.741655
31.390604
45.516375
58.072617
64.350738
71.152035
70.628858
70.628858
71.152035
68.536152
60.688501
53.364026
44.470022
34.006487
21.973423
12.033065
9.940358
8.894004
-2.092707
-8.894004
-13.602595
-20.403892
-24.066130
-28.251543
-29.297897
-33.483311
-40.284608
-41.330962
-50.748143
-48.655436
-39.238255
-41.330962
-36.622371
-24.066130
-14.125772
-2.092707
7.847651
23.019776
41.330962
63.304384
78.999686
98.880402
118.237941
129.747829
145.443131
157.999372
164.277493
171.601967
171.601967
171.601967
171.601967
172.125144
168.462907
158.522549
149.628545
137.072303
122.423355
108.820760
92.079104
70.628858
49.701789
29.821074
11.509888
-6.278121
-18.311186
-33.483311
-43.423669
-52.317673
-64.350738
-78.476509
-83.185100
-93.125458
-104.635346
-119.807471
-131.317359
-140.211363
-149.105368
-155.383489
-164.800670
-172.648321
-170.555614
-179.449618
-182.065502
-174.217851
-165.323846
-150.674898
-140.211363
-122.946531
-104.635346
-86.324160
-66.966621
-50.224966
-34.006487
-11.509888
5.231767
16.741655
28.774720
37.668724
47.609082
50.748143
50.224966
50.748143
50.224966
50.748143
46.039552
35.052841
29.297897
20.927069
11.509888
9.940358
-3.139060
-10.986711
-9.417181
-9.940358
-10.463535
-19.357539
-20.403892
-20.403892
-19.880716
-20.927069
-28.774720
-31.390604
-26.682013
-29.297897
-29.821074
-30.867427
-29.821074
-21.450246
-14.648948
-1.046353
7.324474
23.542953
40.807785
64.873914
86.847337
104.112169
122.946531
141.257717
155.906665
168.986083
177.880088
187.297269
193.052213
191.482683
193.052213
183.111855
182.588678
174.741028
160.092079
144.919954
121.377001
105.158523
82.138746
58.595794
47.609082
28.774720
3.662237
-10.986711
-24.589306
-38.715078
-52.840850
-66.966621
-74.814272
-89.986397
-99.926755
-106.204876
-116.668411
-129.224652
-147.012661
-157.476195
-171.601967
-190.436329
-191.482683
-194.621743
-202.469394
-202.469394
-199.853511
-185.204562
-172.125144
-150.674898
-130.271006
-103.588992
-80.569216
-56.503087
-36.622371
-12.033065
11.509888
28.774720
43.946845
56.503087
71.675212
80.569216
80.569216
80.569216
81.092393
76.906979
66.443445
54.933557
39.238255
26.158836
14.648948
-1.569530
-13.602595
-18.834362
-24.066130
-30.344250
-32.960134
-40.807785
-40.284608
-39.761431
-45.516375
-51.794496
-48.655436
-53.887203
-61.211677
-60.165324
-60.688501
-60.688501
-60.688501
-60.688501
-60.165324
-48.132259
-31.913780
-12.556241
12.556241
41.330962
68.536152
105.158523
134.456419
162.184786
189.913153
209.793868
227.058700
236.475882
248.508946
258.449304
263.681071
258.972481
245.893063
228.628231
217.118343
201.423041
182.065502
155.383489
126.608768
99.403579
71.152035
43.946845
14.648948
-4.708591
-29.297897
-47.085906
-62.781207
-83.185100
-98.357225
-116.145234
-131.317359
-145.443131
-159.045726
-166.370200
-187.820446
-204.038924
-213.456105
-231.767291
-247.985770
-253.740714
-252.171183
-253.740714
-247.462593
-238.045412
-221.826933
-193.052213
-166.370200
-136.549126
-99.403579
-63.304384
-28.774720
5.231767
30.344250
62.781207
88.940044
107.251229
125.039238
134.979596
141.257717
141.780894
140.734540
131.840536
120.330648
106.728053
90.509574
70.628858
54.410380
40.807785
21.450246
3.662237
-12.556241
-20.927069
-39.238255
-49.701789
-57.026263
-61.211677
-68.012975
-71.152035
-76.383802
-90.509574
-92.602281
-100.449932
-107.774406
-111.959820
-118.761118
-121.900178
-120.853824
-116.668411
-101.496285
-81.615570
-60.165324
-26.682013
9.417181
44.993199
88.940044
130.794182
165.323846
200.376687
232.813644
256.879774
276.237313
290.886261
299.780266
303.965680
301.349796
293.502145
284.608141
263.681071
247.985770
230.197761
201.946217
174.741028
138.118656
108.297583
80.569216
52.840850
24.589306
1.046353
-19.880716
-40.284608
-65.920268
-91.032751
-106.728053
-130.794182
-152.244428
-174.741028
-196.714450
-217.641519
-236.999058
-254.263890
-275.190960
-293.502145
-301.349796
-305.535210
-306.058387
-300.826619
-287.747201
-270.482369
-236.999058
-201.946217
-164.800670
-121.900178
-85.277807
-44.470022
-7.324474
29.821074
63.827561
83.185100
108.820760
132.363712
144.919954
159.568902
162.707963
161.661609
161.661609
160.615256
153.813958
138.641833
121.377001
104.635346
82.661923
64.873914
51.794496
32.960134
15.695302
-6.278121
-25.112483
-37.668724
-55.979910
-75.337449
-91.032751
-104.112169
-118.761118
-131.840536
-145.443131
-159.568902
-162.184786
-170.555614
-172.648321
-168.986083
-151.198075
-135.502773
-117.191587
-88.940044
-55.456733
-11.509888
28.774720
72.198389
117.191587
161.138433
198.283980
236.999058
269.436015
289.316731
319.660981
342.680758
356.806529
364.654180
371.978654
367.793241
353.144292
335.879460
323.846395
299.780266
261.588365
222.350110
183.635032
144.919954
102.019462
66.966621
27.728367
-11.509888
-45.516375
-80.569216
-107.251229
-136.549126
-173.694674
-200.899864
-230.720938
-267.866485
-287.224024
-311.813331
-350.005232
-378.256775
-405.985142
-421.680444
-436.329392
-444.700220
-444.700220
-438.945276
-417.495030
-388.197133
-346.342995
-298.733912
-250.601653
-201.946217
-145.966307
-90.509574
-34.006487
19.357539
65.920268
108.820760
145.443131
180.495972
215.025636
233.336821
246.939416
250.601653
243.277179
238.568588
220.257403
196.714450
167.416553
140.734540
121.377001
94.694988
66.966621
39.238255
21.450246
1.046353
-19.880716
-34.529664
-59.118970
-80.046040
-103.588992
-124.516062
-147.535838
-168.462907
-189.389976
-210.840222
-229.151407
-233.336821
-222.873287
-200.376687
-170.032437
-135.502773
-91.032751
-27.205190
40.284608
116.668411
188.343622
253.740714
321.230512
388.197133
441.561159
490.216595
534.686617
564.507691
592.236057
612.639950
633.567019
638.275610
634.613372
626.242545
605.315476
566.600398
529.454850
476.090823
408.077849
335.356283
263.157895
199.330334
127.655122
62.258031
-6.278121
-70.105682
-126.085592
-174.741028
-225.489170
-283.561787
-337.972167
-394.998430
-458.825991
-508.004604
-560.322277
-617.348540
-672.805274
-725.122947
-760.698964
-782.672387
-798.367689
-802.553102
-793.135921
-764.884378
-710.997175
-646.123260
-572.878518
-493.355656
-404.938788
-315.998744
-222.350110
-127.131945
-43.946845
38.715078
107.774406
178.403265
241.707649
294.548498
328.554986
347.912525
354.190646
354.190646
348.958878
320.707335
281.469080
228.628231
172.125144
123.469708
74.291096
31.913780
-19.880716
-69.059328
-114.052527
-150.151721
-175.787381
-205.608455
-232.813644
-271.005546
-294.548498
-304.488856
-302.396149
-309.197447
-313.906037
-305.012033
-279.899550
-235.952705
-186.774092
-123.992885
-54.933557
25.112483
116.668411
227.058700
339.541697
447.316103
549.858742
643.507377
743.434132
844.407241
928.638694
989.850371
1036.936277
1071.989118
1102.856545
1120.644554
1115.412786
1083.499006
1019.148268
943.810819
862.718426
759.129434
636.706079
495.971539
348.435702
221.826933
110.390290
0.523177
-99.403579
-193.052213
-280.422727
-351.051585
-406.508319
-468.766349
-539.918384
-624.149838
-702.626347
-760.698964
-824.526525
-894.632207
-971.016009
-1048.446165
-1102.333368
-1121.690907
-1129.015381
-1122.737261
-1103.902898
-1062.048760
-994.035785
-893.585853
-764.884378
-635.136549
-508.527781
-376.164068
-228.628231
-80.569216
64.873914
190.959506
283.561787
370.932301
455.163754
520.560845
568.169928
584.388406
570.262635
542.011091
505.911897
460.918698
399.707021
318.091451
223.396463
137.072303
63.827561
-4.708591
-69.059328
-145.966307
-229.151407
-297.687559
-343.727111
-384.011719
-436.329392
-493.355656
-551.951449
-577.063932
-576.017579
-572.355342
-556.660040
-528.408496
-481.845768
-397.614314
-284.608141
-166.370200
-47.609082
72.721565
200.899864
331.170870
470.335879
596.944648
697.394580
795.228628
895.678560
998.744376
1097.101601
1181.856231
1231.558020
1274.458512
1302.710055
1323.637125
1345.610547
1318.928534
1244.637439
1147.849744
1038.505807
918.175160
771.162499
591.712881
394.998430
212.932929
57.549440
-79.522863
-198.807157
-320.707335
-435.283039
-515.329078
-584.388406
-633.567019
-685.361515
-758.083080
-834.990060
-916.082453
-974.155070
-1023.333682
-1082.452653
-1161.975515
-1217.955425
-1241.498378
-1235.743434
-1198.597886
-1158.313278
-1105.472429
-1022.810505
-903.003034
-757.559904
-590.666527
-430.574448
-283.038610
-120.853824
47.609082
224.965994
382.442189
504.865544
596.421471
677.513864
752.328136
805.692163
816.155697
777.440619
702.626347
627.812075
541.487915
429.004918
308.151093
160.615256
9.940358
-117.191587
-213.456105
-291.932615
-380.349482
-470.335879
-547.242859
-606.361829
-640.368316
-675.944334
-725.646123
-777.440619
-812.493460
-820.341111
-793.135921
-749.712253
-693.732343
-617.871717
-504.342367
-332.740400
-139.688187
59.642147
246.939416
437.375746
635.659726
836.036413
1010.254264
1150.988804
1259.809564
1342.994664
1427.226117
1505.702626
1567.437480
1602.490321
1617.662446
1622.371037
1629.172334
1621.847860
1587.841373
1499.424506
1362.352203
1199.644240
1019.671445
822.956995
585.957937
321.230512
53.887203
-171.601967
-353.667469
-521.084022
-689.546929
-846.499948
-959.506121
-1031.704510
-1084.545359
-1148.372920
-1219.001779
-1283.875693
-1335.670189
-1367.060793
-1390.603746
-1421.471173
-1442.921419
-1463.325311
-1456.524014
-1403.683164
-1318.928534
-1210.630951
-1103.902898
-972.585539
-783.195563
-552.474626
-317.045098
-100.449932
93.648635
296.641205
500.680130
700.533640
855.393952
953.751177
1035.889924
1089.777127
1134.247149
1160.929162
1130.061735
1040.075337
910.850685
754.420843
575.494402
371.978654
132.363712
-139.688187
-414.355969
-652.924558
-842.837711
-1014.439678
-1178.193994
-1314.743120
-1404.729518
-1427.226117
-1415.193052
-1386.941509
-1350.319138
-1295.385581
-1202.260123
-1076.697708
-919.744690
-748.142723
-574.971225
-398.660668
-187.820446
62.781207
329.078163
579.679816
805.692163
1039.552161
1304.279586
1560.636183
1771.476405
1932.091661
2049.806425
2152.349064
2238.673224
2298.315371
2315.057026
2296.745841
2260.646646
2208.852150
2145.547766
2062.885843
1935.230721
1735.377210
1473.788846
1160.405985
834.466883
493.355656
100.449932
-331.694046
-741.864602
-1053.677932
-1287.537930
-1485.821911
-1675.735063
-1806.529246
-1849.429737
-1825.886785
-1778.800879
-1750.549336
-1727.006383
-1683.582714
-1619.231977
-1566.391127
-1530.815109
-1495.239092
-1457.047191
-1429.842001
-1385.371979
-1286.491577
-1132.154442
-951.658470
-772.208852
-554.567333
-255.833421
100.449932
439.991629
713.089882
956.367061
1195.982003
1405.775871
1548.079941
1588.364550
1559.589829
1497.331799
1405.252694
1271.319452
1087.684420
867.427017
625.719368
354.190646
56.503087
-230.197761
-502.249660
-796.798158
-1098.147954
-1372.292560
-1581.563252
-1706.079314
-1805.482892
-1892.330229
-1923.197656
-1881.343518
-1768.860521
-1627.602804
-1490.007324
-1327.299362
-1115.412786
-889.400439
-654.494088
-414.879146
-157.476195
88.416867
317.045098
557.706393
817.202051
1092.393010
1321.544418
1519.305221
1720.728262
1932.614837
2125.667050
2244.951345
2298.838548
2327.613268
2348.540337
2334.414565
2267.447944
2173.799309
2091.137386
2023.124411
1937.846605
1834.257612
1731.191797
1612.430679
1417.808936
1129.538558
789.996861
445.746573
74.814272
-382.442189
-885.738202
-1304.279586
-1592.026787
-1809.145129
-2030.972062
-2209.375327
-2242.858638
-2126.190227
-1987.025217
-1899.131527
-1806.529246
-1650.622580
-1466.464372
-1345.610547
-1294.339228
-1233.650727
-1155.174218
-1108.088312
-1094.485717
-1062.048760
-934.393638
-755.990374
-602.699592
-426.389034
-138.641833
254.263890
644.553730
929.161871
1167.730459
1431.934708
1681.490007
1813.853720
1787.171707
1688.814482
1564.298420
1410.484462
1174.008580
878.936905
597.467825
315.998744
-4.185414
-352.097939
-675.944334
-946.949880
-1235.743434
-1566.391127
-1870.879983
-2077.011615
-2169.090719
-2241.289107
-2314.010673
-2289.944543
-2129.329287
-1876.111751
-1600.397614
-1332.531129
-1014.962854
-635.136549
-271.005546
49.178613
341.111227
619.964424
848.069478
1000.837083
1118.028670
1258.763210
1406.299048
1488.437794
1514.073454
1581.563252
1727.006383
1881.866695
1953.018730
1967.144501
2015.276760
2109.448572
2163.335775
2142.931882
2106.309511
2098.461860
2113.633986
2083.289735
1997.488752
1919.535419
1821.178194
1588.364550
1213.770012
786.857801
394.475254
-28.251543
-570.262635
-1145.233860
-1554.358062
-1731.714973
-1850.999268
-2024.170765
-2137.700115
-2040.389243
-1788.218060
-1597.258554
-1565.344773
-1532.907816
-1408.914931
-1302.186879
-1340.378780
-1483.729204
-1564.298420
-1574.238778
-1633.357748
-1723.344146
-1689.337658
-1466.464372
-1175.054934
-919.744690
-621.533954
-133.410066
490.216595
1001.883436
1326.253008
1583.655959
1881.343518
2117.296223
2105.263158
1871.926337
1606.675735
1371.769384
1087.684420
713.613058
350.528408
86.847337
-133.933243
-401.799728
-670.712567
-833.420529
-943.810819
-1150.988804
-1470.649785
-1750.026159
-1884.482578
-1965.051794
-2132.468348
-2317.149733
-2329.182798
-2130.375641
-1854.661505
-1586.795019
-1276.028042
-848.069478
-344.773464
106.728053
477.660354
829.235116
1143.664330
1332.531129
1381.186565
1393.742806
1445.537303
1460.709428
1349.795961
1199.121063
1187.611175
1325.729832
1461.232604
1498.378152
1541.278644
1719.158732
1972.376269
2136.130585
2193.156848
2269.017474
2411.844721
2504.970179
2478.811342
2414.983782
2348.017160
2179.554253
1785.602176
1229.465313
712.566705
250.601653
-317.045098
-1026.472742
-1622.894214
-1858.846918
-1899.131527
-2017.369467
-2194.203202
-2195.772732
-1904.886471
-1627.079627
-1634.404102
-1770.430051
-1791.357120
-1720.728262
-1791.880297
-2063.932196
-2279.481009
-2287.851836
-2240.765931
-2243.904991
-2169.090719
-1806.529246
-1258.240033
-755.467197
-303.965680
278.853197
1050.015695
1732.761327
2100.554567
2248.613582
2403.473893
2558.857382
2472.533222
2072.826201
1598.828084
1248.822852
957.936591
604.269122
257.926127
61.211677
-13.602595
-151.721251
-377.733598
-543.580622
-662.341739
-911.897039
-1387.464686
-1931.045307
-2295.176311
-2490.321231
-2727.320289
-2987.862300
-3048.550800
-2764.465837
-2236.580517
-1682.013184
-1112.273726
-448.362457
274.144606
900.910328
1343.517840
1650.099404
1844.721147
1848.383384
1590.980433
1253.531443
1023.856859
873.181961
665.480799
414.879146
352.097939
614.209480
1028.565449
1350.842315
1582.086429
1886.052108
2277.388302
2556.764675
2635.764361
2603.327404
2583.969865
2525.897248
2350.109867
2154.964947
2037.250183
1908.025531
1592.549963
1103.379722
674.374804
392.382547
44.470022
-530.501203
-1127.445851
-1416.239406
-1425.656587
-1522.444282
-1843.151617
-2101.600921
-2063.932196
-1938.369781
-2083.289735
-2423.354609
-2624.254473
-2593.387046
-2586.585749
-2744.585121
-2830.909281
-2633.671654
-2295.699487
-2023.124411
-1775.661819
-1307.418646
-621.533954
-31.913780
359.945590
765.407555
1344.564194
1905.932824
2156.534477
2138.223292
2141.885529
2240.765931
2202.050853
1891.807052
1503.609919
1270.273098
1124.306791
885.738202
587.004290
414.879146
352.097939
166.370200
-209.793868
-606.361829
-904.049388
-1245.683792
-1801.297478
-2426.493670
-2826.723867
-2939.206864
-2949.670399
-2941.299571
-2773.359841
-2284.712776
-1564.821597
-861.148896
-232.290468
387.673956
980.956367
1382.232918
1510.934394
1486.868264
1410.484462
1210.107774
791.566391
326.985456
73.244742
57.026263
88.416867
66.966621
192.005860
635.136549
1206.445537
1630.741865
1859.893272
2072.826201
2327.613268
2453.698859
2334.414565
2134.561055
2074.395731
2102.124098
2073.872554
2053.468662
2225.070629
2515.433714
2613.267762
2395.103066
2061.839489
1772.522758
1319.974888
453.594224
-607.408182
-1380.140211
-1813.853720
-2289.944543
-2994.663597
-3530.396568
-3518.886680
-3200.795229
-3089.881762
-3224.861358
-3157.371560
-2715.287224
-2254.891702
-2124.097520
-2147.640473
-1975.515329
-1662.132468
-1472.219316
-1403.683164
-1184.995291
-707.334938
-247.985770
61.211677
455.163754
1160.405985
1939.416135
2366.851522
2453.698859
2547.347494
2770.743957
2807.366328
2388.824945
1720.205085
1172.439050
787.380977
351.051585
-149.105368
-502.249660
-648.739144
-781.626033
-1001.360259
-1188.134352
-1263.471801
-1392.696453
-1755.257926
-2201.004499
-2428.586376
-2387.778592
-2292.560427
-2248.613582
-2086.428796
-1605.629382
-900.910328
-235.429528
303.442503
797.321335
1259.809564
1532.384640
1541.801821
1396.358690
1198.597886
884.168672
381.919012
-133.933243
-400.753374
-392.382547
-352.621115
-356.283353
-176.310558
345.296641
1011.300617
1515.119807
1785.602176
2025.740295
2335.460919
2534.791252
2507.586063
2356.387988
2321.858324
2452.652506
2612.744585
2792.717380
3066.338809
3345.192006
3366.642252
3012.974783
2452.652506
1821.701371
932.300931
-331.170870
-1670.503296
-2598.618813
-3080.987758
-3517.317150
-4054.619651
-4342.890028
-4033.692581
-3390.185205
-2969.551114
-2835.617872
-2614.837292
-2135.084231
-1680.443654
-1577.377838
-1663.178822
-1623.940567
-1470.649785
-1347.180077
-1228.942137
-905.095741
-333.263576
232.290468
673.328450
1190.750235
1906.979178
2560.426912
2765.512190
2554.671968
2287.328660
2086.951972
1713.403788
1008.161557
198.283980
-377.733598
-684.315162
-899.340797
-1039.552161
-984.095427
-751.804960
-538.348854
-424.296327
-343.727111
-281.469080
-375.640891
-755.990374
-1208.015067
-1475.881553
-1548.603118
-1572.669248
-1610.337972
-1473.265669
-1022.287329
-407.031495
165.847023
614.732657
987.757665
1263.471801
1306.895469
1097.624778
774.301559
408.601025
-66.443445
-635.659726
-1062.048760
-1140.002093
-940.671759
-711.520352
-472.428586
-13.602595
702.103170
1409.961285
1863.555509
2123.051167
2354.295281
2560.426912
2642.565659
2637.857068
2700.115099
2886.889191
3117.086952
3328.450351
3602.071780
3885.633567
3879.878623
3380.244847
2507.586063
1520.351575
435.283039
-919.744690
-2399.811656
-3509.992676
-4019.566810
-4219.420320
-4398.869938
-4381.081929
-3828.607304
-2898.922256
-2184.786021
-1913.780475
-1725.436853
-1330.961599
-978.863660
-1047.399812
-1408.914931
-1612.430679
-1515.119807
-1328.868892
-1166.160929
-836.559590
-206.131631
486.031181
991.943078
1386.418332
1824.840431
2164.905305
2052.945485
1470.126609
796.274982
325.939102
-89.986397
-690.070106
-1275.504866
-1461.232604
-1170.346343
-703.149524
-268.912839
218.687873
798.367689
1256.147327
1377.524328
1214.816365
898.294444
423.249974
-300.303443
-1131.631265
-1721.774615
-1931.045307
-1890.760699
-1771.476405
-1474.835199
-828.188762
10.986711
696.871403
1070.419588
1239.928848
1286.491577
1085.591713
557.183216
-94.694988
-632.520665
-1017.578738
-1342.471487
-1496.808622
-1288.061107
-723.553416
-85.800984
423.249974
908.757978
1494.192738
2002.197342
2176.415193
2072.303024
1942.555195
1938.369781
1946.740609
1931.568484
2083.812912
2540.023020
3151.093439
3686.303233
4081.301664
4352.830386
4324.055666
3727.111018
2583.446688
1159.359632
-374.594538
-2003.766872
-3534.581982
-4522.339646
-4754.630114
-4548.498483
-4244.532803
-3709.846186
-2676.048969
-1407.345401
-602.176415
-519.514492
-714.659412
-753.897667
-797.321335
-1260.855917
-2029.402532
-2525.374071
-2462.069687
-2062.885843
-1567.437480
-909.804332
-44.470022
760.698964
1250.915559
1490.007324
1650.622580
1577.377838
972.062363
-66.443445
-976.770953
-1400.020927
-1544.940881
-1697.708486
-1682.536361
-1136.863032
-77.953333
1032.227687
1858.846918
2426.493670
2790.624673
2809.459035
2317.672910
1431.934708
438.945276
-543.057445
-1508.318510
-2318.196087
-2684.419797
-2449.513446
-1849.952914
-1178.193994
-485.508005
280.945904
997.698022
1377.001151
1296.431935
906.142095
401.276551
-190.959506
-853.301245
-1384.325625
-1572.146071
-1425.133410
-1096.055247
-653.447735
-43.423669
684.838338
1271.842628
1503.086743
1460.709428
1351.365491
1208.015067
931.254578
587.004290
433.713508
636.706079
1093.439364
1653.761641
2361.096578
3247.357958
4138.327927
4754.630114
5000.000000
4916.291723
4430.783719
3384.430261
1809.145129
50.224966
-1587.318196
-3026.577378
-4165.533117
-4644.239824
-4208.433609
-3199.225698
-2219.838862
-1465.941195
-682.222455
155.383489
499.110600
-76.906979
-1189.703882
-2073.872554
-2509.678769
-2840.849639
-3249.450664
-3364.549545
-2779.114785
-1655.331171
-491.262949
439.991629
1141.048446
1508.318510
1370.723030
786.857801
83.708277
-582.818876
-1373.862091
-2256.461233
-2775.975725
-2511.771476
-1605.629382
-585.957937
302.396149
1250.392383
2340.692686
3217.536884
3441.979701
2989.431830
2167.521189
1167.730459
49.178613
-1023.333682
-1778.277702
-2093.753270
-2093.753270
-1830.595375
-1168.776813
-121.377001
932.300931
1516.689338
1544.940881
1334.623836
1058.386523
584.911583
-194.621743
-1043.214398
-1544.940881
-1583.655959
-1330.438422
-927.069164
-370.409124
303.442503
875.797845
1174.008580
1239.928848
1119.075024
759.129434
140.211363
-487.077535
-792.089568
-672.282097
-292.978968
212.932929
913.989746
1834.780789
2816.260333
3588.992362
4046.772000
4217.850790
4127.864393
3785.183635
3274.563147
2684.942974
1992.780161
1150.465627
253.217537
-544.626975
-1199.644240
-1769.383698
-2186.355551
-2190.017788
-1754.734749
-1292.246521
-1181.333054
-1292.769698
-1262.425447
-1124.306791
-1363.398556
-2071.256671
-2666.108611
-2582.400335
-1994.349691
-1553.311709
-1460.709428
-1309.511353
-819.294758
-241.184472
-2.092707
-177.356911
-540.441561
-973.631893
-1468.033902
-1861.462802
-1948.310139
-1777.754525
-1597.258554
-1425.133410
-982.002721
-138.641833
744.480486
1192.319766
1219.524956
1238.359318
1432.457884
1525.583342
1251.961913
765.930731
412.263263
325.939102
345.819818
335.356283
286.700848
183.635032
-16.741655
-275.714136
-401.276551
-366.746887
-340.064874
-435.283039
-500.680130
-303.965680
90.509574
393.952077
455.163754
456.210108
563.984514
678.037041
569.216281
217.641519
-179.449618
-433.190332
-566.600398
-663.388092
-678.037041
-580.202993
-414.355969
-232.813644
29.297897
454.640578
948.519410
1308.988176
1494.715915
1675.211887
1960.866381
2266.401590
2450.036622
2554.148791
2707.962750
2965.888877
3209.689233
3330.543057
3272.993617
2961.703463
2345.401277
1437.689652
372.501831
-764.361201
-1923.197656
-2900.491786
-3325.311290
-2998.325834
-2226.640159
-1546.510411
-1110.181019
-679.083394
-213.979282
-91.032751
-613.163127
-1452.338600
-2006.905933
-2101.077744
-2066.548080
-2179.031077
-2214.083918
-1860.416449
-1201.736947
-612.639950
-329.078163
-314.429214
-532.070733
-984.095427
-1521.921105
-1881.343518
-1960.866381
-1929.475777
-1894.946113
-1637.543162
-922.883750
96.787695
944.857173
1396.358690
1638.589516
1881.343518
1985.978864
1717.589202
1112.273726
478.706707
27.728367
-331.170870
-591.712881
-615.779010
-404.415612
-185.204562
-103.065816
4.185414
344.773464
767.500262
841.791357
485.508005
71.675212
-57.549440
27.728367
43.946845
-1.569530
85.800984
336.402637
553.520979
567.123574
447.316103
298.733912
53.887203
-321.230512
-628.858428
-690.593282
-563.461337
-455.163754
-326.462279
96.264518
855.393952
1609.291619
2041.958774
2222.454745
2391.440829
2598.095637
2687.035681
2598.095637
2477.241812
2446.897562
2456.314743
2435.387674
2380.977294
2255.414879
1914.826829
1267.657215
361.515120
-652.401381
-1624.463744
-2354.295281
-2582.400335
-2286.805483
-1782.463116
-1387.987862
-1055.770639
-600.083708
-197.760804
-319.660981
-1011.300617
-1674.688710
-1778.800879
-1506.748980
-1473.788846
-1845.767500
-2091.660563
-1789.787590
-1189.180705
-843.360887
-939.102229
-1235.743434
-1502.563566
-1725.436853
-1920.581773
-1979.700743
-1892.853406
-1749.502982
-1547.556765
-1110.704196
-351.574762
452.024694
919.744690
1031.181333
1124.306791
1352.935021
1475.358376
1212.723658
653.970911
224.965994
170.032437
343.727111
412.786439
253.217537
9.940358
-154.860312
-246.416239
-295.071675
-298.210736
-233.859998
-82.661923
127.131945
400.230198
707.858114
965.261065
1091.869834
1104.426075
1060.479230
962.645182
696.348226
225.489170
-277.283666
-587.527467
-642.984200
-576.017579
-517.421785
-458.825991
-294.025322
15.172125
358.376059
655.540442
895.155383
1106.518782
1314.219943
1505.702626
1697.185309
1932.614837
2199.958146
2469.394161
2723.134875
2909.908967
2974.782882
2856.544941
2514.910537
2011.614523
1418.855289
741.864602
-70.105682
-996.651669
-1816.992780
-2182.693314
-1918.489066
-1293.292874
-810.923930
-624.673015
-487.600712
-240.138119
-170.032437
-677.513864
-1562.205713
-2140.839175
-1998.011928
-1490.007324
-1249.346029
-1396.358690
-1497.331799
-1248.822852
-876.321021
-802.029926
-1153.081511
-1740.085801
-2301.977608
-2665.062258
-2701.684629
-2402.427540
-1960.866381
-1570.576541
-1193.366119
-643.507377
72.721565
636.706079
758.083080
569.739458
434.236685
493.355656
576.540755
526.838966
394.475254
280.422727
197.760804
195.668097
294.025322
355.760176
196.714450
-210.840222
-515.852255
-348.958878
204.038924
660.772209
769.592969
769.069792
990.896725
1375.431621
1567.960657
1407.345401
1054.201109
703.672701
396.044784
103.065816
-163.231139
-363.607827
-492.832479
-516.898608
-313.906037
98.357225
449.408810
475.567647
279.899550
238.045412
472.428586
732.970597
765.930731
698.440933
867.950194
1369.153500
1973.422622
2454.222036
2751.386418
2944.438631
3034.425029
2967.981584
2700.115099
2202.050853
1502.040389
680.652925
-144.396777
-906.665272
-1530.815109
-1847.337030
-1662.132468
-1039.552161
-434.236685
-183.635032
-181.019148
-190.436329
-255.310244
-725.646123
-1585.748666
-2215.130271
-2086.951972
-1418.855289
-926.022811
-944.857173
-1091.346657
-950.088940
-671.235743
-730.354714
-1275.504866
-2045.097834
-2683.896620
-3010.358899
-2975.829235
-2583.969865
-2002.197342
-1477.974260
-1063.618290
-608.977713
-69.582505
284.084964
190.959506
-177.356911
-390.813017
-266.296955
-14.648948
109.343936
166.893377
356.283353
668.619860
866.380663
780.579680
478.706707
39.761431
-477.137177
-889.923616
-947.473056
-545.673328
102.019462
723.553416
1206.445537
1644.867636
2024.693942
2161.243068
1951.972376
1471.696139
943.810819
487.077535
116.668411
-143.350424
-231.767291
-120.330648
114.052527
377.210422
574.971225
607.408182
415.925500
76.906979
-219.211049
-298.210736
-126.085592
195.668097
585.434760
1061.525583
1653.238464
2318.196087
2881.657424
3158.941090
3101.391650
2823.061630
2476.195459
2093.753270
1617.662446
1060.479230
539.918384
125.039238
-248.508946
-660.249032
-970.492832
-938.579052
-612.116773
-348.435702
-416.448676
-657.633148
-775.871089
-789.473684
-1014.962854
-1500.994036
-1819.608664
-1533.954170
-811.447107
-278.330020
-307.104740
-690.593282
-1007.115204
-1165.637752
-1359.213142
-1722.820969
-2174.845663
-2545.254787
-2667.154965
-2482.473580
-2030.972062
-1541.801821
-1278.120749
-1256.670503
-1229.465313
-1031.704510
-799.937219
-761.745318
-856.440306
-767.500262
-335.356283
229.674584
596.421471
657.109972
502.249660
260.018834
-17.264832
-256.879774
-419.064560
-527.885320
-605.315476
-543.580622
-144.396777
555.613686
1209.061421
1509.888040
1521.397928
1496.285445
1539.709114
1493.146385
1247.776499
939.102229
754.944020
727.738830
748.142723
741.341425
695.301873
611.070420
492.832479
409.124202
395.521607
366.746887
202.992571
-28.774720
-95.741341
114.052527
449.408810
670.712567
758.083080
911.897039
1258.240033
1698.754839
2027.309825
2176.938370
2242.335461
2319.242440
2400.334833
2335.460919
2011.091347
1490.007324
947.996233
443.653866
-117.714764
-828.711939
-1455.477660
-1554.358062
-1034.843570
-370.409124
-105.158523
-259.495658
-423.249974
-437.898922
-622.580308
-1226.849430
-1905.409647
-2000.104635
-1405.252694
-672.282097
-353.144292
-458.302815
-617.871717
-646.123260
-708.904468
-1008.684734
-1559.066653
-2182.693314
-2649.890133
-2752.432772
-2406.089777
-1814.376897
-1342.994664
-1180.286701
-1121.690907
-940.148582
-719.368003
-726.169300
-975.201423
-1149.419274
-954.797531
-492.309302
-118.237941
-20.403892
-85.800984
-155.383489
-197.237627
-209.270692
-233.336821
-276.760490
-299.257089
-216.595166
98.357225
621.010777
1141.048446
1450.769070
1528.199226
1507.795333
1490.007324
1416.239406
1233.127550
998.744376
826.619232
777.963796
817.725228
890.446793
951.658470
952.704824
883.645495
802.553102
738.202365
623.103484
377.733598
66.966621
-124.516062
-36.622371
306.581563
695.301873
1002.406613
1261.379094
1530.291933
1819.608664
2044.574657
2093.753270
1992.256984
1856.231035
1775.661819
1701.893900
1508.318510
1204.876007
841.791357
396.567961
-214.502459
-876.321021
-1237.836141
-1039.028984
-579.156639
-423.773151
-688.500575
-941.194936
-829.758292
-655.540442
-927.592341
-1528.199226
-1765.721461
-1257.716857
-453.594224
-69.582505
-266.820132
-613.686303
-757.036727
-782.149210
-890.969970
-1169.823166
-1555.927592
-1965.574971
-2231.871926
-2128.282934
-1686.721775
-1319.451711
-1366.014440
-1650.099404
-1701.370723
-1394.265983
-1095.532071
-1105.995605
-1232.604374
-1099.717485
-669.143037
-302.919326
-246.939416
-380.872659
-524.746259
-599.037355
-565.030867
-421.680444
-230.720938
-119.284294
-118.761118
-3.139060
390.289840
929.685048
1284.398870
1313.696767
1230.511667
1269.226745
1380.663388
1400.544104
1299.047818
1194.412473
1180.809878
1227.895783
1267.134038
1273.935335
1216.385895
1095.532071
957.413414
872.658784
841.791357
757.559904
558.229570
359.422413
345.296641
534.686617
795.751805
979.910014
1109.134666
1279.690279
1550.695825
1842.628440
2017.892644
2052.422308
2003.243696
1913.257298
1724.390499
1390.603746
990.896725
592.759234
153.290782
-434.759862
-1075.651355
-1382.232918
-1111.750549
-579.156639
-368.316417
-654.494088
-1022.287329
-1121.167730
-1114.366433
-1389.034216
-1853.615151
-1917.965889
-1274.458512
-365.700534
149.628545
80.569216
-264.727425
-576.017579
-828.188762
-1084.022183
-1305.849116
-1471.696139
-1634.404102
-1746.363922
-1642.774929
-1270.273098
-924.453280
-953.751177
-1332.007952
-1696.662132
-1784.555823
-1681.490007
-1561.682536
-1379.617035
-1004.499320
-498.587423
-100.449932
30.867427
-81.092393
-353.144292
-691.639636
-954.797531
-931.254578
-590.143350
-198.283980
26.682013
152.767605
388.197133
766.453908
1040.598514
1025.949566
817.202051
663.388092
696.871403
908.757978
1188.657529
1456.000837
1616.616093
1630.741865
1542.848174
1428.795647
1294.862405
1073.558648
813.539814
674.897981
772.208852
1008.161557
1170.346343
1101.287015
879.983258
721.983886
721.983886
817.725228
880.506435
877.367375
984.095427
1320.498064
1788.218060
2162.289421
2257.507586
2091.137386
1786.648530
1394.265983
924.453280
473.998117
115.622057
-215.548812
-612.639950
-957.936591
-885.738202
-373.548185
46.039552
-164.277493
-886.784556
-1503.609919
-1675.211887
-1672.072826
-1865.125039
-2069.163964
-1765.198284
-880.506435
50.224966
405.985142
86.324160
-498.587423
-991.419902
-1273.935335
-1405.775871
-1448.676363
-1450.245893
-1398.451397
-1228.942137
-925.499634
-639.845140
-634.090196
-991.943078
-1516.166161
-1900.701057
-1999.581459
-1868.787276
-1581.563252
-1156.220571
-672.282097
-288.270378
-152.244428
-294.025322
-604.792299
-946.426703
-1190.750235
-1233.650727
-1014.439678
-596.421471
-122.946531
275.714136
562.414984
740.295072
833.420529
832.897353
730.877891
603.745945
552.997803
670.712567
953.751177
1311.080883
1574.761955
1668.933766
1597.258554
1406.822225
1179.763524
947.996233
781.626033
756.513550
896.201737
1142.617976
1382.232918
1522.967458
1519.828398
1387.987862
1194.412473
1008.161557
861.672073
796.798158
845.976771
1086.638066
1518.782045
1970.283562
2227.163336
2199.434969
1961.912734
1617.139270
1191.273412
735.063304
349.482055
50.748143
-242.754002
-601.130062
-852.778068
-737.156011
-373.548185
-281.469080
-756.513550
-1464.371665
-1856.231035
-1834.257612
-1789.264414
-1913.780475
-1863.555509
-1279.690279
-394.475254
125.562415
-75.860626
-673.851627
-1157.790101
-1348.749608
-1329.915245
-1242.021555
-1125.353144
-1007.115204
-891.493146
-718.844826
-493.878832
-416.971853
-721.983886
-1312.127237
-1802.867008
-1889.714346
-1688.814482
-1471.172962
-1277.597572
-957.936591
-511.143664
-199.330334
-261.588365
-616.825364
-949.042587
-1089.253950
-1024.380036
-804.645809
-457.256461
-58.072617
243.800356
370.932301
423.249974
516.898608
633.043842
670.712567
598.514178
541.487915
627.288898
862.718426
1124.829968
1266.610861
1236.789788
1101.810191
971.539186
901.956681
911.373862
951.135294
1014.439678
1153.081511
1339.332426
1511.457570
1565.344773
1446.583656
1208.015067
985.141781
870.566077
877.367375
942.764466
1022.287329
1187.087998
1500.994036
1897.561996
2186.355551
2210.421680
1995.919222
1682.013184
1334.100659
964.737888
626.765721
398.660668
254.787067
38.715078
-289.316731
-509.050957
-423.773151
-263.157895
-475.567647
-1148.896097
-1837.396673
-2063.932196
-1909.595061
-1849.952914
-1978.131213
-1858.323742
-1207.491891
-383.488542
-110.390290
-631.474312
-1406.299048
-1756.827456
-1561.159360
-1190.227059
-1011.300617
-998.221199
-890.969970
-619.441247
-367.270064
-342.680758
-622.057131
-1086.114890
-1516.166161
-1724.390499
-1653.761641
-1412.577169
-1144.710683
-903.526211
-645.600084
-378.256775
-233.336821
-377.733598
-773.778382
-1148.896097
-1244.114262
-1006.592027
-586.481113
-208.747515
56.503087
261.588365
455.686931
614.732657
666.527153
628.335252
549.335566
471.382233
470.335879
589.096997
818.771581
1064.664644
1211.154128
1191.273412
1077.744062
985.664958
931.254578
892.016323
867.950194
919.744690
1103.379722
1338.809250
1468.033902
1409.438108
1248.822852
1116.982317
1067.280527
1044.783928
977.294130
914.512922
968.400126
1201.736947
1550.695825
1833.211259
1924.767186
1836.350319
1664.225175
1488.437794
1289.107461
1020.717798
788.427331
690.070106
679.083394
574.971225
243.277179
-165.847023
-386.104426
-364.654180
-398.137491
-763.838024
-1376.477974
-1863.555509
-1991.733808
-1907.502354
-1858.323742
-1850.476091
-1653.761641
-1195.982003
-776.917443
-798.367689
-1277.597572
-1756.827456
-1776.184995
-1350.842315
-918.175160
-817.202051
-959.506121
-991.943078
-742.910955
-448.362457
-437.898922
-751.804960
-1107.565136
-1254.054620
-1177.147640
-1044.783928
-969.969656
-894.632207
-732.970597
-516.375432
-384.011719
-435.806215
-632.520665
-831.327823
-895.155383
-784.765094
-558.752747
-324.369572
-140.734540
13.079418
164.277493
336.925814
513.759548
657.633148
719.891179
685.361515
590.143350
524.746259
568.693105
718.321649
887.830909
987.757665
1032.227687
1058.909700
1088.207597
1072.512295
974.155070
865.334310
841.268180
914.512922
994.558962
964.214712
806.215340
627.812075
545.673328
567.123574
597.991001
521.607199
343.203934
218.687873
273.621429
468.243173
691.639636
835.513236
890.446793
938.579052
974.678246
983.049074
930.208224
859.579366
835.513236
863.241603
900.387151
875.797845
740.295072
542.011091
373.548185
295.071675
303.442503
261.065188
52.317673
-315.475568
-706.811761
-970.492832
-1012.870148
-883.122319
-682.222455
-525.269436
-522.130376
-695.825050
-927.592341
-1056.816993
-1041.121691
-964.737888
-967.353772
-1042.691221
-1088.207597
-1032.227687
-906.142095
-803.599456
-784.241917
-827.142409
-877.367375
-906.665272
-918.698336
-921.314220
-893.062677
-787.904154
-595.375118
-367.793241
-241.707649
-310.766977
-530.501203
-729.831537
-778.486973
-695.301873
-607.408182
-625.196191
-716.752119
-765.930731
-701.579994
-547.766035
-408.077849
-367.793241
-396.567961
-424.296327
-422.726797
-413.309616
-399.183844
-319.137805
-126.085592
157.999372
423.249974
565.554044
595.898294
608.454536
648.739144
729.308360
820.341111
851.731715
816.155697
761.745318
782.149210
900.387151
1039.552161
1119.075024
1099.194308
1034.843570
960.552475
887.830909
848.069478
898.294444
1063.618290
1277.074396
1438.736005
1518.258868
1545.464058
1557.497123
1548.079941
1529.768756
1525.060165
1535.523700
1553.311709
1524.013812
1446.583656
1345.610547
1221.617662
1109.657842
1034.320393
970.492832
839.175473
555.090510
166.370200
-175.264204
-334.309930
-295.071675
-161.138433
-78.476509
-157.999372
-444.177043
-859.579366
-1212.723658
-1382.232918
-1422.517526
-1496.285445
-1683.059538
-1880.820341
-1958.773674
-1913.257298
-1856.754212
-1876.634927
-1961.912734
-2011.614523
-1973.422622
-1862.509156
-1747.410275
-1683.059538
-1633.357748
-1508.318510
-1271.319452
-1031.704510
-932.300931
-1023.856859
-1191.273412
-1267.657215
-1174.531757
-988.804018
-861.148896
-838.652297
-858.533012
-827.142409
-697.917757
-515.852255
-380.349482
-347.912525
-355.760176
-322.276865
-223.396463
-71.152035
106.728053
286.177671
480.799414
678.037041
838.129120
939.102229
947.473056
915.559276
918.175160
1006.592027
1182.902584
1342.471487
1401.067281
1374.908444
1350.842315
1395.835513
1482.159674
1524.013812
1480.590143
1363.921733
1250.915559
1243.591085
1360.782672
1522.967458
1639.635869
1684.105891
1700.324370
1730.668620
1744.794392
1663.178822
1524.013812
1402.636811
1333.577482
1306.372293
1257.716857
1177.147640
1065.710997
902.479858
740.295072
633.567019
562.938161
457.256461
233.336821
-92.079104
-357.852883
-455.686931
-380.349482
-249.555300
-204.038924
-349.482055
-678.560218
-1080.359946
-1397.405043
-1525.060165
-1536.570053
-1575.285131
-1714.450141
-1882.913048
-1952.495553
-1896.515643
-1831.641729
-1845.767500
-1931.045307
-1976.561683
-1913.780475
-1795.542534
-1690.384012
-1630.741865
-1584.702312
-1461.755781
-1273.412159
-1079.313592
-974.155070
-1023.333682
-1130.061735
-1183.425761
-1112.796903
-949.042587
-819.817934
-792.612745
-808.308046
-746.050016
-579.679816
-373.548185
-237.522235
-203.515748
-196.191273
-167.939730
-77.430156
51.271319
175.787381
293.502145
434.236685
602.699592
776.917443
909.281155
961.075651
947.473056
941.194936
985.664958
1073.558648
1151.511981
1175.578110
1179.240347
1197.551533
1245.683792
1306.895469
1351.888668
1357.120435
1333.577482
1308.464999
1311.604060
1349.272784
1378.047504
1408.914931
1454.954484
1537.616407
1617.662446
1608.245265
1500.470859
1367.060793
1287.014754
1261.379094
1223.710369
1148.372920
1081.929476
1026.995919
963.168358
850.685362
663.388092
480.799414
371.455478
341.634404
311.813331
177.356911
-69.059328
-314.429214
-412.786439
-329.601339
-202.992571
-240.661295
-533.640264
-959.506121
-1308.464999
-1462.278958
-1460.186251
-1457.047191
-1567.437480
-1729.099090
-1788.741237
-1708.695197
-1581.040075
-1554.881239
-1656.900701
-1770.953228
-1775.138642
-1663.178822
-1529.245579
-1461.755781
-1442.921419
-1366.014440
-1188.657529
-968.400126
-829.235116
-864.287956
-1030.134980
-1178.717171
-1165.114576
-993.512609
-804.645809
-719.368003
-727.738830
-693.209166
-543.057445
-321.230512
-148.059014
-92.602281
-142.827247
-189.389976
-153.813958
-16.741655
188.343622
336.925814
412.263263
467.196819
576.017579
713.089882
777.963796
747.619546
691.639636
709.427645
789.996861
881.552789
921.314220
918.175160
932.824108
992.466255
1095.532071
1179.763524
1190.227059
1130.061735
1095.008894
1165.637752
1300.617349
1385.895155
1341.425133
1234.697081
1183.425761
1251.961913
1374.385267
1436.120121
1384.848802
1246.730145
1103.902898
1031.181333
1012.870148
991.943078
929.161871
852.778068
843.884064
885.738202
865.857487
724.076593
555.090510
494.402009
548.289212
566.600398
385.058073
30.867427
-297.164382
-404.938788
-263.681071
-81.092393
-101.496285
-427.435388
-884.168672
-1177.147640
-1186.564822
-1070.419588
-1086.114890
-1304.802762
-1540.755467
-1585.225489
-1460.186251
-1346.656901
-1384.325625
-1531.338286
-1615.046563
-1542.848174
-1407.345401
-1370.723030
-1477.451083
-1605.629382
-1576.854662
-1346.133724
-1075.651355
-978.340483
-1109.134666
-1296.431935
-1329.915245
-1168.253636
-958.459768
-865.334310
-883.645495
-870.042900
-736.109658
-497.017893
-256.879774
-105.681699
-59.642147
-85.277807
-120.330648
-109.867113
-47.085906
26.682013
104.112169
192.005860
303.442503
434.236685
507.481427
520.037669
513.759548
558.752747
683.268808
822.433818
905.095741
897.248090
865.857487
900.387151
1028.565449
1195.982003
1292.769698
1263.994978
1191.273412
1182.379408
1270.273098
1360.782672
1368.630323
1294.339228
1211.154128
1197.551533
1228.418960
1246.206969
1203.306477
1093.439364
975.201423
906.142095
900.387151
952.181647
1012.346971
1028.565449
1013.393324
1005.022497
1016.532385
961.075651
784.765094
581.249346
512.190018
623.103484
733.493774
593.805588
186.250916
-242.230826
-405.985142
-238.045412
29.821074
98.880402
-173.171497
-653.970911
-1050.015695
-1160.929162
-1055.770639
-1000.313906
-1155.697395
-1430.888354
-1573.715601
-1485.821911
-1322.067594
-1296.955111
-1476.927906
-1703.463430
-1792.403474
-1699.278016
-1578.424192
-1570.053364
-1655.331171
-1689.860835
-1537.093230
-1262.948624
-1076.697708
-1126.399498
-1322.067594
-1415.716229
-1251.438736
-938.055875
-727.215653
-716.228942
-788.950507
-768.023438
-602.699592
-388.197133
-235.952705
-217.641519
-302.396149
-399.183844
-416.448676
-324.892749
-181.542325
-54.933557
38.191901
145.443131
272.575076
347.912525
344.250288
308.151093
347.389348
509.050957
721.983886
883.122319
940.148582
964.737888
1054.201109
1216.385895
1384.848802
1445.014126
1369.676677
1226.326253
1160.929162
1226.326253
1331.484776
1356.074082
1249.346029
1088.730773
975.724600
985.664958
1097.101601
1191.273412
1199.121063
1133.723972
1063.095114
1046.876635
1069.896411
1093.439364
1083.499006
1070.419588
1118.551847
1201.213770
1227.895783
1108.611489
868.473370
655.540442
619.964424
781.102857
937.532699
866.903840
484.984828
11.509888
-255.310244
-200.899864
18.311186
120.330648
-68.012975
-487.077535
-862.718426
-1002.406613
-950.088940
-929.161871
-1116.982317
-1449.722716
-1709.741551
-1750.026159
-1650.099404
-1591.503610
-1655.854348
-1780.893586
-1837.396673
-1792.403474
-1723.344146
-1718.112378
-1762.059224
-1768.337344
-1628.125981
-1366.014440
-1131.108088
-1047.399812
-1129.538558
-1226.326253
-1175.054934
-972.062363
-775.871089
-731.401067
-816.155697
-873.705138
-790.520038
-581.772523
-354.713822
-229.674584
-242.230826
-322.800042
-378.256775
-347.912525
-265.250602
-192.005860
-117.191587
1.569530
183.111855
386.104426
535.732971
612.639950
656.063618
732.970597
843.884064
953.751177
1024.380036
1062.571937
1118.551847
1195.458826
1283.352516
1325.729832
1273.935335
1168.776813
1067.803704
1017.055561
1046.876635
1137.909386
1204.352830
1193.889296
1108.088312
1023.333682
1018.101915
1067.803704
1100.240661
1093.962541
1059.432876
1039.552161
1042.168044
1037.982631
1028.565449
1038.505807
1077.744062
1123.260437
1167.207283
1186.564822
1127.445851
966.830595
779.533326
678.037041
738.202365
871.612431
892.016323
681.176101
320.184158
-1.569530
-102.019462
17.788009
165.323846
124.516062
-175.264204
-613.163127
-962.122005
-1073.035471
-1052.108402
-1081.406299
-1275.504866
-1554.358062
-1720.205085
-1710.264727
-1620.278330
-1604.583028
-1722.297792
-1871.926337
-1915.873182
-1830.072198
-1714.450141
-1651.145757
-1638.589516
-1570.053364
-1403.683164
-1208.015067
-1089.253950
-1120.644554
-1247.253322
-1322.590771
-1261.379094
-1100.763838
-956.890238
-901.433504
-900.387151
-855.393952
-712.043528
-534.163440
-420.110913
-416.448676
-459.349168
-447.839280
-352.621115
-206.654808
-72.721565
20.403892
129.224652
288.793554
463.534582
591.189704
623.103484
574.971225
543.057445
576.017579
674.374804
783.195563
831.850999
847.546301
895.678560
1005.022497
1136.339856
1197.028356
1145.757037
1035.366747
969.446479
1022.287329
1144.710683
1243.067908
1238.882495
1165.114576
1091.346657
1068.850058
1099.717485
1131.108088
1124.829968
1080.359946
1031.181333
1021.764152
1039.552161
1034.320393
989.850371
950.088940
961.598828
1036.936277
1112.796903
1127.969028
1062.048760
953.751177
868.473370
829.235116
834.466883
855.393952
851.208538
751.281783
513.236371
200.899864
-39.238255
-98.880402
-9.417181
74.291096
-7.324474
-291.409438
-659.202679
-954.274354
-1073.035471
-1058.386523
-1049.492519
-1160.405985
-1371.246207
-1541.278644
-1574.761955
-1500.470859
-1451.292247
-1516.166161
-1657.423878
-1761.012870
-1760.489693
-1700.324370
-1646.960343
-1624.986921
-1586.271843
-1482.159674
-1332.007952
-1226.849430
-1219.524956
-1297.478288
-1352.935021
-1291.200167
-1129.538558
-968.923302
-916.082453
-944.333996
-932.824108
-803.599456
-587.004290
-384.534896
-287.747201
-298.210736
-359.945590
-397.614314
-367.793241
-283.561787
-187.820446
-88.416867
12.033065
122.946531
230.197761
292.455792
320.707335
359.945590
432.143978
545.673328
659.202679
736.632835
794.182275
863.764780
992.466255
1141.571623
1243.591085
1251.961913
1169.823166
1082.452653
1058.386523
1093.962541
1161.452339
1218.478602
1234.697081
1216.385895
1190.750235
1170.869520
1179.240347
1192.842942
1192.842942
1186.041645
1161.452339
1137.386209
1107.041959
1089.253950
1109.657842
1180.286701
1260.332740
1319.451711
1328.868892
1270.796275
1171.392696
1050.015695
938.055875
853.301245
798.890865
777.440619
764.361201
695.301873
528.408496
267.343309
24.066130
-89.986397
-42.377315
42.377315
-22.496599
-294.548498
-671.235743
-950.612117
-1054.724286
-1061.525583
-1118.028670
-1297.478288
-1545.987234
-1725.960029
-1758.396987
-1703.986607
-1682.536361
-1764.675107
-1898.085173
-1959.820027
-1898.608350
-1792.926651
-1744.271215
-1760.489693
-1745.840745
-1623.417390
-1443.967772
-1317.882181
-1302.710055
-1337.239720
-1303.756409
-1163.021869
-955.320707
-805.692163
-793.659098
-868.996547
-900.387151
-802.553102
-612.116773
-454.640578
-434.236685
-523.699906
-583.865230
-506.958250
-334.309930
-169.509260
-64.873914
-4.708591
86.324160
232.813644
385.058073
493.878832
539.395208
560.845454
612.639950
722.507063
845.453594
913.989746
934.916815
954.274354
1039.028984
1175.578110
1284.398870
1286.491577
1212.723658
1152.035157
1151.511981
1200.690593
1245.683792
1245.160615
1190.750235
1150.465627
1170.869520
1235.220257
1285.445223
1275.504866
1193.366119
1109.657842
1088.730773
1129.538558
1169.823166
1145.233860
1078.267239
1017.055561
1019.671445
1068.850058
1109.134666
1107.041959
1058.386523
1022.287329
1021.764152
1032.750863
986.711311
873.181961
769.592969
733.493774
714.136235
589.096997
306.581563
-28.774720
-242.230826
-245.369886
-120.853824
-77.953333
-254.787067
-623.626661
-1002.929790
-1222.140839
-1257.716857
-1245.683792
-1330.961599
-1518.258868
-1706.602490
-1770.953228
-1712.880611
-1657.947055
-1694.569426
-1808.098776
-1889.714346
-1853.091974
-1743.224861
-1651.668934
-1622.371037
-1619.755153
-1560.113006
-1438.736005
-1319.451711
-1287.537930
-1361.305849
-1436.120121
-1393.742806
-1225.279900
-1028.565449
-899.340797
-867.427017
-863.241603
-790.520038
-658.156325
-517.944962
-434.236685
-434.759862
-464.580935
-448.362457
-363.607827
-235.952705
-110.390290
-2.092707
96.264518
219.734226
342.680758
407.031495
422.726797
444.177043
528.931673
656.063618
780.056503
859.579366
895.678560
944.333996
1043.737575
1188.134352
1316.312650
1361.829026
1319.974888
1233.127550
1199.644240
1234.697081
1306.895469
1328.345715
1272.888982
1216.385895
1202.260123
1245.683792
1289.630637
1276.028042
1217.432249
1157.266925
1144.187507
1187.611175
1247.776499
1260.332740
1214.293188
1160.405985
1140.525269
1157.790101
1158.313278
1094.485717
992.989432
922.360573
901.956681
905.618918
854.870775
738.202365
611.593596
546.196505
554.044156
541.487915
405.461965
106.728053
-262.111541
-500.680130
-492.832479
-330.124516
-235.952705
-370.409124
-696.348226
-1014.439678
-1154.127864
-1142.617976
-1132.154442
-1250.915559
-1465.941195
-1655.331171
-1700.847546
-1648.529873
-1617.662446
-1661.609292
-1771.476405
-1858.323742
-1849.952914
-1768.337344
-1697.708486
-1663.178822
-1624.986921
-1548.079941
-1418.332113
-1313.173590
-1289.107461
-1326.776185
-1354.504552
-1277.597572
-1110.181019
-945.903526
-875.797845
-892.539500
-904.049388
-826.619232
-664.957623
-494.402009
-408.601025
-434.759862
-502.249660
-509.574134
-421.680444
-287.224024
-164.800670
-71.152035
15.695302
130.794182
261.588365
366.746887
428.481741
456.210108
503.296013
598.514178
728.785184
855.393952
950.612117
1016.009208
1089.777127
1190.750235
1285.445223
1337.239720
1322.067594
1301.663702
1325.206655
1396.358690
1485.298734
1537.616407
1548.079941
1536.046877
1538.139584
1546.510411
1540.232290
1500.470859
1412.053992
1292.769698
1187.611175
1132.154442
1119.598200
1107.565136
1076.697708
1012.346971
937.532699
878.413728
822.956995
770.639322
724.599770
685.361515
654.494088
644.030554
629.904782
590.143350
527.362143
467.719996
442.607513
458.302815
460.918698
365.177357
135.502773
-149.105368
-364.654180
-429.004918
-378.256775
-316.521921
-367.270064
-570.785811
-829.758292
-1045.307105
-1159.882808
-1217.432249
-1305.325939
-1443.967772
-1588.887726
-1665.271529
-1649.053050
-1603.536675
-1587.841373
-1631.265041
-1713.403788
-1781.416763
-1776.184995
-1729.099090
-1683.059538
-1637.019985
-1582.086429
-1469.603432
-1330.438422
-1236.789788
-1223.710369
-1263.994978
-1276.551219
-1230.511667
-1140.525269
-1066.234174
-1026.995919
-989.327195
-908.757978
-766.453908
-617.871717
-521.084022
-516.375432
-558.229570
-572.355342
-508.527781
-374.071361
-229.151407
-109.343936
-1.046353
136.549126
296.118029
434.236685
545.673328
636.706079
725.122947
832.897353
962.122005
1089.777127
1216.385895
1330.961599
1438.212828
1547.033588
1629.695511
1646.437166
1608.245265
1550.695825
1532.384640
1555.927592
1587.841373
1581.040075
1527.676049
1466.987548
1427.749294
1411.530815
1394.789160
1341.425133
1225.803076
1090.823480
984.618604
939.102229
934.393638
928.115517
897.248090
864.811133
846.499948
831.327823
789.996861
723.030240
656.063618
607.408182
595.375118
604.792299
604.269122
576.540755
525.792613
460.918698
401.276551
343.727111
292.978968
243.277179
139.165010
-27.728367
-240.661295
-424.296327
-507.481427
-495.448362
-439.468452
-446.269750
-578.110286
-817.202051
-1062.048760
-1227.372606
-1289.630637
-1317.359004
-1387.987862
-1495.239092
-1589.934080
-1607.722089
-1572.669248
-1545.987234
-1574.238778
-1666.317882
-1761.012870
-1801.297478
-1783.509469
-1738.516271
-1689.860835
-1629.695511
-1551.219002
-1451.292247
-1350.319138
-1285.968400
-1276.551219
-1288.061107
-1273.412159
-1202.260123
-1107.041959
-1012.346971
-928.115517
-825.049702
-690.593282
-529.978027
-379.826305
-288.793554
-240.138119
-194.098566
-126.085592
-25.635660
86.324160
192.005860
316.521921
468.243173
631.474312
777.963796
878.413728
925.499634
959.506121
1010.254264
1073.558648
1137.386209
1190.227059
1259.809564
1340.901957
1413.100345
1459.139897
1465.418018
1446.060479
1421.994350
1407.345401
1393.219630
1356.597259
1311.604060
1261.902271
1219.524956
1205.399184
1199.644240
1197.028356
1178.717171
1118.551847
1033.274040
930.731401
830.804646
759.652611
721.460709
713.613058
717.275296
715.705765
692.162813
644.553730
588.050644
532.593910
482.368944
448.362457
419.064560
396.567961
368.316417
334.833107
309.720624
273.098253
236.999058
198.283980
167.416553
135.502773
97.310872
29.821074
-99.926755
-279.899550
-456.733285
-573.401695
-602.176415
-568.693105
-558.229570
-638.275610
-812.493460
-1035.889924
-1233.127550
-1350.842315
-1415.716229
-1475.881553
-1559.589829
-1618.185623
-1622.371037
-1579.993722
-1532.907816
-1544.940881
-1623.417390
-1713.926965
-1747.410275
-1713.403788
-1638.066339
-1554.358062
-1463.848488
-1356.074082
-1218.478602
-1085.068536
-1003.452966
-979.910014
-989.327195
-994.558962
-935.439992
-830.804646
-706.811761
-579.156639
-456.210108
-333.786753
-212.409752
-115.622057
-54.933557
-21.973423
-4.708591
40.284608
100.973109
184.681385
286.700848
412.786439
551.951449
702.103170
830.804646
912.420216
954.274354
981.479544
1008.684734
1051.585225
1117.505493
1181.856231
1241.498378
1286.491577
1334.623836
1371.769384
1392.696453
1388.511039
1355.550905
1296.431935
1239.928848
1204.352830
1169.299990
1149.942451
1113.320080
1058.909700
1012.346971
976.247776
934.916815
884.691849
825.572879
750.758606
679.606571
609.500889
544.626975
492.832479
456.733285
445.746573
443.653866
453.071047
465.104112
448.885634
399.707021
323.323219
243.277179
197.760804
181.542325
158.522549
114.052527
50.748143
-3.662237
-21.973423
-16.741655
-19.880716
-54.410380
-133.410066
-236.999058
-341.634404
-450.455164
-565.030867
-659.725855
-708.904468
-701.579994
-647.169614
-619.964424
-676.990687
-839.175473
-1042.691221
-1198.597886
-1262.425447
-1260.332740
-1254.054620
-1274.981689
-1299.047818
-1285.968400
-1223.187193
-1173.485403
-1177.670817
-1245.683792
-1345.087371
-1391.650099
-1351.365491
-1252.485089
-1138.432563
-1039.028984
-947.996233
-854.347599
-771.162499
-712.566705
-699.487287
-709.950821
-686.931045
-611.070420
-478.706707
-341.111227
-237.522235
-165.847023
-97.834048
-3.139060
102.542639
169.509260
184.158209
161.661609
156.953019
209.793868
310.766977
439.468452
555.090510
644.030554
702.626347
737.679188
754.420843
758.606257
775.347913
817.725228
876.844198
941.718112
985.141781
1000.313906
1005.545673
1025.949566
1061.525583
1093.962541
1093.962541
1054.724286
1009.207910
981.479544
971.539186
968.923302
944.333996
882.599142
821.387465
773.255206
732.970597
693.209166
638.798786
572.878518
492.832479
419.587737
369.362771
330.124516
290.886261
260.018834
234.383175
212.932929
200.899864
187.820446
167.939730
150.674898
130.794182
114.052527
91.032751
69.059328
55.456733
57.026263
81.092393
97.834048
93.125458
67.489798
41.330962
5.231767
-21.973423
-41.854138
-82.138746
-155.383489
-241.184472
-319.137805
-373.025008
-397.614314
-403.369258
-416.971853
-455.163754
-523.699906
-622.580308
-726.169300
-823.480172
-905.618918
-956.890238
-985.141781
-1001.360259
-987.234488
-965.784242
-949.565763
-939.625405
-957.413414
-1003.976143
-1052.108402
-1073.558648
-1043.214398
-966.830595
-868.996547
-780.056503
-716.752119
-661.818562
-609.500889
-573.401695
-563.984514
-583.342053
-606.885006
-587.004290
-508.527781
-401.276551
-296.641205
-246.939416
-229.674584
-201.946217
-150.674898
-86.324160
-48.132259
-39.761431
-40.284608
-4.708591
76.906979
193.052213
305.012033
375.640891
410.170556
444.177043
502.772837
578.110286
641.414670
680.129748
717.275296
755.990374
802.553102
858.533012
909.281155
940.148582
935.963168
928.638694
930.208224
926.022811
906.665272
886.261379
862.195250
833.420529
805.168986
765.407555
722.507063
683.268808
646.646437
625.719368
590.666527
534.163440
478.183530
409.124202
345.819818
291.932615
234.383175
189.389976
171.078790
178.403265
214.502459
235.429528
221.303756
168.986083
116.668411
93.648635
92.079104
105.158523
106.204876
93.648635
89.463221
107.251229
131.840536
141.780894
133.410066
97.834048
57.026263
35.576018
29.821074
19.880716
-5.754944
-48.132259
-110.913467
-166.893377
-223.396463
-267.343309
-284.084964
-291.932615
-307.627917
-337.448990
-372.501831
-439.991629
-522.130376
-607.408182
-673.328450
-700.533640
-708.381291
-703.672701
-709.427645
-726.169300
-759.129434
-793.659098
-818.771581
-839.175473
-860.102543
-869.519724
-868.473370
-851.208538
-806.738516
-765.407555
-735.586481
-725.646123
-732.970597
-748.142723
-758.606257
-758.083080
-747.619546
-723.030240
-691.116459
-637.229256
-578.110286
-524.223083
-471.382233
-423.773151
-368.839594
-320.184158
-276.237313
-220.780580
-166.893377
-91.032751
12.556241
127.131945
246.939416
351.051585
431.620802
497.541069
550.381919
597.467825
658.156325
711.520352
759.129434
799.414042
837.605943
871.089254
892.539500
908.234802
911.373862
920.267866
930.731401
923.406927
893.585853
849.639008
802.029926
770.116145
752.328136
740.818248
717.798472
681.176101
650.831851
625.196191
592.759234
558.752747
526.315789
487.600712
447.316103
404.415612
367.793241
349.482055
342.157581
346.342995
354.190646
350.005232
332.740400
303.965680
281.992257
263.681071
249.555300
234.383175
213.979282
192.529036
181.542325
182.065502
171.601967
147.535838
99.403579
41.330962
2.092707
-20.403892
-32.436957
-56.503087
-99.926755
-136.549126
-163.754316
-191.482683
-220.780580
-263.681071
-318.091451
-372.501831
-409.124202
-429.004918
-457.256461
-486.554358
-536.779324
-601.130062
-667.573506
-726.692477
-765.407555
-802.029926
-840.745004
-887.307733
-928.115517
-962.645182
-979.910014
-979.386837
-976.247776
-976.770953
-985.141781
-1005.022497
-1009.731087
-988.280841
-950.612117
-896.724914
-858.533012
-843.884064
-832.374176
-814.062990
-777.963796
-715.182589
-661.818562
-624.673015
-578.633462
-505.911897
-416.448676
-318.614628
-235.429528
-176.833734
-121.377001
-51.271319
41.854138
136.025950
210.840222
269.436015
333.263576
402.846081
492.309302
585.434760
664.957623
724.599770
769.069792
828.711939
892.016323
939.102229
949.565763
931.254578
930.731401
966.830595
1019.148268
1058.909700
1075.651355
1068.850058
1045.307105
1024.380036
999.790729
970.492832
944.333996
906.665272
879.983258
862.195250
824.526525
770.116145
712.566705
667.573506
637.752433
600.083708
553.520979
476.090823
397.614314
342.157581
307.627917
283.038610
255.833421
215.025636
166.370200
110.390290
71.152035
46.562729
12.556241
-27.728367
-76.383802
-122.946531
-162.707963
-186.250916
-208.747515
-231.767291
-250.078477
-276.760490
-312.859684
-337.448990
-356.283353
-372.501831
-373.548185
-378.779952
-388.720310
-402.322905
-417.495030
-430.051271
-447.839280
-462.488229
-470.859056
-480.799414
-497.541069
-517.421785
-544.626975
-563.461337
-573.924872
-579.679816
-595.375118
-626.242545
-671.758920
-718.321649
-748.665899
-768.546615
-765.930731
-758.606257
-757.559904
-773.778382
-800.460396
-831.850999
-859.579366
-871.089254
-853.824422
-817.725228
-780.056503
-749.189076
-730.354714
-709.950821
-664.434446
-610.024066
-550.905096
-491.786125
-445.746573
-403.892435
-346.342995
-271.528722
-184.158209
-86.847337
15.172125
112.482997
201.423041
292.978968
369.885947
433.713508
495.971539
574.448049
658.679502
740.818248
810.923930
856.963482
900.910328
953.228000
1013.393324
1059.956053
1084.022183
1091.869834
1084.022183
1080.883122
1092.916187
1112.796903
1121.690907
1108.611489
1084.022183
1054.724286
1028.565449
996.651669
947.473056
888.354086
824.003348
764.884378
710.997175
652.924558
584.911583
514.805901
456.210108
405.985142
357.329706
295.594852
216.595166
125.562415
37.145548
-24.066130
-80.046040
-130.271006
-178.926441
-224.442817
-249.555300
-257.926127
-277.283666
-307.627917
-360.468766
-418.541383
-458.825991
-465.104112
-467.196819
-475.567647
-475.044470
-471.382233
-460.395522
-442.084336
-435.283039
-453.071047
-474.521293
-493.355656
-480.276237
-449.931987
-427.435388
-423.249974
-425.865857
-419.587737
-398.137491
-373.025008
-376.687245
-414.355969
-464.057759
-493.355656
-490.739772
-475.044470
-464.057759
-472.951763
-502.772837
-516.375432
-514.805901
-515.852255
-527.885320
-559.275923
-580.726169
-587.004290
-569.216281
-540.964738
-527.362143
-525.269436
-520.560845
-501.203306
-468.243173
-433.190332
-408.077849
-393.952077
-379.303129
-354.190646
-308.151093
-250.601653
-199.330334
-158.522549
-114.575704
-59.118970
5.231767
73.767919
119.284294
157.476195
201.946217
252.694360
320.707335
388.197133
440.514806
485.508005
526.838966
578.633462
644.030554
691.116459
714.659412
737.679188
756.513550
780.056503
795.228628
804.645809
809.354400
822.433818
842.314534
864.287956
869.519724
846.499948
818.771581
791.043214
772.208852
760.175787
735.586481
692.685989
648.739144
602.176415
567.646751
528.931673
474.521293
408.601025
340.588051
265.773778
200.376687
140.211363
78.999686
16.741655
-39.238255
-77.953333
-117.191587
-157.999372
-216.071989
-269.436015
-328.031809
-362.561473
-382.965366
-402.846081
-429.004918
-466.150466
-486.554358
-494.925186
-480.276237
-474.521293
-475.044470
-484.984828
-495.971539
-492.309302
-468.243173
-438.945276
-412.263263
-383.488542
-346.342995
-309.720624
-278.853197
-243.277179
-223.396463
-206.131631
-178.926441
-151.198075
-121.900178
-100.449932
-86.324160
-80.046040
-81.092393
-80.046040
-81.615570
-80.569216
-83.708277
-93.125458
-102.019462
-114.052527
-128.701475
-142.304070
-161.661609
-178.926441
-201.423041
-229.151407
-248.508946
-259.495658
-270.482369
-274.144606
-289.316731
-310.766977
-333.263576
-359.422413
-377.210422
-392.905724
-394.475254
-393.952077
-385.581249
-360.991943
-335.356283
-312.859684
-289.839908
-277.283666
-253.740714
-221.826933
-172.648321
-113.529350
-67.489798
-23.542953
22.496599
78.476509
142.827247
199.330334
248.508946
283.561787
322.276865
369.885947
428.481741
477.660354
509.574134
538.348854
568.693105
603.222769
637.229256
667.573506
685.884692
695.825050
690.593282
681.176101
669.143037
654.494088
643.507377
616.302187
590.143350
551.951449
523.699906
488.123888
442.607513
389.243486
326.462279
274.144606
210.317045
150.151721
104.112169
66.966621
28.774720
-5.754944
-33.483311
-62.258031
-97.834048
-131.840536
-170.555614
-204.038924
-224.965994
-232.813644
-232.290468
-232.290468
-234.383175
-244.323532
-237.522235
-225.489170
-215.025636
-213.456105
-223.396463
-218.687873
-202.992571
-172.648321
-136.025950
-111.436643
-102.019462
-84.231453
-59.642147
-41.330962
-17.788009
-1.569530
5.754944
10.986711
10.986711
4.708591
-8.894004
-17.788009
-34.006487
-40.807785
-39.761431
-43.423669
-61.734854
-88.940044
-117.191587
-135.502773
-149.628545
-161.661609
-171.601967
-194.621743
-230.720938
-262.111541
-284.608141
-300.826619
-310.766977
-313.906037
-323.323219
-345.296641
-366.223710
-387.150780
-394.998430
-389.243486
-383.488542
-384.011719
-384.534896
-375.640891
-372.501831
-362.038297
-346.866171
-334.309930
-319.137805
-299.780266
-288.270378
-266.820132
-229.151407
-202.469394
-162.707963
-115.622057
-77.953333
-50.224966
-21.973423
5.231767
33.483311
60.688501
91.555928
127.655122
153.813958
189.913153
223.396463
263.157895
308.674270
349.482055
380.872659
393.952077
414.355969
426.389034
444.177043
460.395522
469.812703
475.567647
474.521293
474.521293
482.892121
485.508005
484.461651
474.521293
450.978340
429.004918
412.263263
386.627603
363.607827
349.482055
329.601339
318.614628
297.687559
278.330020
246.416239
212.932929
187.820446
157.476195
134.979596
113.529350
85.277807
64.873914
42.900492
30.867427
30.867427
21.973423
13.079418
-8.370828
-44.470022
-59.118970
-60.688501
-54.410380
-48.655436
-54.933557
-64.873914
-72.198389
-64.873914
-59.642147
-64.350738
-77.430156
-92.602281
-102.019462
-97.310872
-77.430156
-70.628858
-69.582505
-74.291096
-87.370514
-97.310872
-99.926755
-105.158523
-111.959820
-121.900178
-132.363712
-130.271006
-138.118656
-144.396777
-155.906665
-174.741028
-196.191273
-207.177985
-228.105054
-254.787067
-284.608141
-305.535210
-328.031809
-342.157581
-351.051585
-368.839594
-391.336193
-429.004918
-452.547871
-467.196819
-477.660354
-484.984828
-485.508005
-478.706707
-459.349168
-444.700220
-431.620802
-417.495030
-412.263263
-400.753374
-381.919012
-354.190646
-315.475568
-267.866485
-226.535524
-172.125144
-118.761118
-71.152035
-17.788009
19.357539
53.364026
92.602281
139.165010
172.125144
211.363399
250.078477
293.502145
344.250288
399.707021
434.236685
454.117401
464.580935
467.196819
477.137177
488.647065
503.296013
505.388720
504.865544
506.435074
518.468139
529.454850
525.792613
502.249660
469.812703
434.236685
409.647379
393.428900
377.733598
354.713822
326.462279
297.687559
279.376373
263.681071
244.323532
218.687873
182.065502
151.198075
125.562415
111.436643
96.264518
77.430156
59.118970
44.993199
39.761431
41.330962
38.191901
17.788009
-3.139060
-24.066130
-30.867427
-38.715078
-40.807785
-46.562729
-57.549440
-69.059328
-71.152035
-70.628858
-70.628858
-80.046040
-104.635346
-133.410066
-154.337135
-173.171497
-182.065502
-188.866799
-192.529036
-193.575390
-202.992571
-207.701161
-222.350110
-249.555300
-268.389662
-279.899550
-284.084964
-281.992257
-283.561787
-281.992257
-284.084964
-291.409438
-287.747201
-290.886261
-300.826619
-312.336507
-321.753688
-323.846395
-323.323219
-312.336507
-298.210736
-288.270378
-282.515434
-282.515434
-288.270378
-292.978968
-282.515434
-267.866485
-251.648007
-231.244114
-210.317045
-184.158209
-163.231139
-142.304070
-123.469708
-109.343936
-95.741341
-78.476509
-59.118970
-28.251543
7.847651
42.377315
73.767919
97.310872
113.006173
122.423355
134.456419
151.198075
179.449618
206.654808
235.429528
262.111541
290.886261
314.429214
323.846395
336.402637
344.773464
351.051585
358.376059
367.270064
375.117715
373.548185
375.117715
372.501831
377.210422
379.826305
368.839594
362.561473
354.713822
344.250288
344.250288
340.064874
321.230512
308.674270
290.886261
272.051899
253.217537
236.475882
222.873287
207.701161
189.389976
165.323846
136.025950
113.006173
92.079104
63.304384
35.576018
7.847651
-19.880716
-42.900492
-59.642147
-82.661923
-110.913467
-129.747829
-152.767605
-169.509260
-191.482683
-210.317045
-238.568588
-253.217537
-252.171183
-252.694360
-254.263890
-264.204248
-273.098253
-281.992257
-283.038610
-275.190960
-271.528722
-264.204248
-253.217537
-253.217537
-246.416239
-238.568588
-232.290468
-223.919640
-201.946217
-184.158209
-181.542325
-173.694674
-168.462907
-157.999372
-151.721251
-151.198075
-155.383489
-162.707963
-160.615256
-170.555614
-172.125144
-171.601967
-171.601967
-172.125144
-172.125144
-171.601967
-171.601967
-163.231139
-161.138433
-162.184786
-150.151721
-128.701475
-107.774406
-87.370514
-65.397091
-49.701789
-36.622371
-21.973423
-7.847651
2.092707
22.496599
49.701789
64.350738
88.416867
117.191587
143.873601
167.939730
186.774092
201.423041
217.118343
234.383175
249.032123
261.588365
277.806843
295.071675
309.197447
322.800042
335.879460
339.541697
333.263576
332.740400
319.660981
309.720624
300.826619
290.886261
283.038610
281.992257
274.144606
260.542011
239.091765
219.211049
204.038924
184.158209
162.707963
144.396777
125.562415
110.390290
100.449932
84.754630
63.827561
50.748143
26.158836
-12.033065
-32.960134
-54.410380
-74.291096
-89.463221
-100.449932
-110.913467
-126.608768
-138.641833
-148.059014
-157.999372
-162.707963
-160.615256
-168.462907
-172.648321
-171.601967
-172.125144
-172.125144
-172.125144
-173.171497
-183.635032
-174.217851
-173.694674
-182.588678
-181.019148
-182.065502
-182.588678
-179.972795
-171.601967
-177.880088
-185.727739
-187.297269
-179.972795
-171.601967
-162.184786
-154.337135
-162.707963
-156.953019
-156.953019
-163.231139
-160.092079
-162.707963
-157.999372
-151.721251
-142.827247
-129.747829
-121.900178
-120.853824
-113.529350
-107.774406
-94.171811
-80.046040
-57.549440
-41.854138
-21.973423
5.231767
23.542953
53.887203
79.522863
100.449932
116.145234
129.747829
143.873601
159.568902
185.727739
200.899864
215.548812
222.350110
218.164696
222.873287
228.105054
236.999058
241.707649
243.800356
234.906351
232.290468
230.720938
221.826933
223.396463
220.257403
206.131631
201.946217
195.144920
181.019148
174.217851
158.522549
143.350424
129.224652
119.807471
105.681699
86.324160
67.489798
60.165324
52.840850
50.224966
45.516375
34.006487
20.927069
5.754944
-1.046353
-8.370828
-10.463535
-8.894004
-13.602595
-20.403892
-20.927069
-26.682013
-34.006487
-51.794496
-72.198389
-80.569216
-86.847337
-97.834048
-102.019462
-107.774406
-115.622057
-121.900178
-129.224652
-140.734540
-154.337135
-168.986083
-171.601967
-172.648321
-163.754316
-167.416553
-172.648321
-175.264204
-184.681385
-189.913153
-198.807157
-194.098566
-190.436329
-193.052213
-185.727739
-173.694674
-164.800670
-161.138433
-162.707963
-159.568902
-151.721251
-138.641833
-119.807471
-105.681699
-97.310872
-80.569216
-64.350738
-50.224966
-39.238255
-30.344250
-21.450246
-9.940358
4.185414
18.311186
30.344250
38.715078
48.132259
53.887203
63.827561
71.675212
85.277807
97.834048
107.774406
121.900178
136.025950
149.105368
157.999372
162.184786
161.138433
162.707963
160.615256
167.416553
176.310558
186.774092
192.529036
192.005860
199.330334
192.005860
180.495972
163.754316
145.966307
132.886889
133.410066
143.350424
140.211363
143.873601
143.873601
141.257717
132.363712
116.145234
96.787695
80.569216
72.721565
62.258031
60.165324
61.734854
55.456733
41.330962
34.529664
20.927069
2.615884
-16.218479
-34.006487
-43.946845
-50.748143
-49.701789
-57.549440
-68.012975
-80.569216
-88.416867
-99.403579
-110.913467
-116.145234
-132.363712
-140.734540
-141.780894
-140.734540
-142.827247
-152.244428
-161.661609
-171.078790
-172.125144
-170.555614
-162.184786
-161.661609
-161.138433
-164.277493
-163.754316
-154.860312
-142.304070
-134.456419
-123.469708
-112.482997
-106.728053
-92.079104
-74.291096
-64.873914
-58.072617
-51.271319
-47.085906
-39.761431
-31.913780
-21.973423
-20.403892
-20.927069
-9.417181
1.046353
9.940358
9.940358
10.986711
8.370828
14.125772
20.403892
22.496599
30.867427
30.344250
29.821074
32.436957
41.330962
39.761431
41.330962
34.006487
38.191901
40.807785
46.562729
51.794496
49.701789
50.748143
56.503087
64.350738
72.721565
81.092393
86.847337
98.357225
110.913467
123.469708
129.747829
138.641833
141.780894
142.304070
152.244428
161.138433
162.184786
162.184786
172.648321
168.462907
161.661609
153.813958
151.721251
150.151721
134.979596
121.377001
109.867113
101.496285
92.079104
81.615570
65.920268
43.946845
25.112483
9.940358
-3.662237
-17.788009
-30.867427
-46.039552
-58.072617
-68.012975
-80.569216
-90.509574
-105.158523
-118.761118
-131.317359
-139.165010
-142.304070
-140.211363
-144.396777
-151.198075
-152.244428
-144.919954
-150.674898
-142.827247
-144.919954
-153.290782
-145.443131
-135.502773
-123.469708
-117.191587
-110.390290
-102.019462
-101.496285
-96.787695
-90.509574
-80.046040
-69.059328
-57.549440
-43.423669
-34.529664
-21.450246
-16.741655
-2.092707
0.000000
7.847651
17.264832
28.251543
29.821074
35.052841
41.854138
39.761431
40.284608
40.807785
37.145548
28.774720
21.973423
19.357539
20.403892
19.357539
21.450246
18.311186
9.417181
0.000000
1.046353
-2.092707
-10.463535
-9.940358
-9.940358
-10.463535
-8.370828
0.000000
0.000000
-0.523177
-0.523177
0.523177
10.463535
18.311186
24.589306
34.529664
42.900492
56.503087
65.920268
72.721565
79.522863
83.185100
90.509574
94.694988
104.635346
114.052527
121.900178
120.853824
121.377001
121.377001
113.006173
110.390290
111.436643
111.959820
102.019462
101.496285
97.834048
90.509574
86.847337
75.337449
63.827561
53.364026
46.039552
35.052841
29.821074
20.403892
12.033065
0.523177
-10.463535
-15.172125
-26.682013
-38.191901
-44.470022
-51.271319
-58.595794
-65.397091
-71.152035
-70.105682
-71.152035
-77.953333
-86.324160
-90.509574
-93.125458
-101.496285
-100.973109
-101.496285
-95.741341
-88.416867
-96.787695
-94.171811
-92.079104
-102.019462
-99.926755
-102.019462
-98.357225
-90.509574
-83.708277
-73.244742
-68.012975
-59.642147
-61.734854
-59.118970
-52.317673
-44.470022
-40.284608
-37.145548
-28.774720
-22.496599
-15.695302
-5.754944
1.046353
-0.523177
1.046353
-4.185414
-9.940358
-0.523177
0.000000
0.523177
-0.523177
0.523177
-0.523177
3.662237
10.986711
9.940358
9.417181
14.125772
21.973423
29.821074
30.344250
34.006487
41.854138
38.715078
46.039552
51.271319
49.178613
57.026263
61.734854
60.165324
61.211677
59.642147
51.794496
49.701789
51.271319
49.701789
51.271319
49.701789
58.072617
60.688501
51.794496
48.655436
41.330962
34.006487
29.297897
30.867427
29.821074
30.867427
30.344250
30.867427
37.145548
42.377315
37.145548
31.913780
25.635660
19.880716
19.357539
25.635660
30.867427
30.344250
39.238255
41.330962
36.099194
29.297897
30.867427
30.344250
30.344250
29.821074
30.867427
28.774720
19.357539
20.927069
13.602595
0.523177
-7.324474
-14.125772
-23.542953
-31.390604
-37.145548
-45.516375
-50.748143
-59.642147
-60.165324
-68.536152
-71.152035
-71.152035
-70.105682
-74.814272
-78.999686
-69.059328
-80.046040
-80.569216
-81.092393
-80.569216
-81.092393
-81.092393
-74.814272
-66.966621
-61.211677
-59.642147
-50.748143
-50.224966
-50.748143
-50.748143
-44.470022
-33.483311
-25.635660
-17.264832
-12.033065
-6.801297
-0.523177
4.185414
11.509888
8.894004
16.218479
20.403892
26.682013
31.390604
38.191901
41.330962
39.761431
40.807785
39.761431
41.330962
39.761431
47.085906
51.794496
46.039552
39.238255
41.854138
34.006487
30.344250
23.019776
19.880716
15.172125
4.708591
-4.708591
-10.986711
-9.417181
-19.357539
-35.052841
-40.284608
-42.900492
-51.271319
-50.224966
-50.224966
-50.748143
-50.748143
-50.748143
-50.748143
-40.807785
-39.761431
-32.960134
-29.297897
-19.880716
-3.139060
7.324474
14.125772
20.927069
29.297897
38.191901
48.132259
51.794496
59.118970
69.582505
70.628858
83.708277
91.032751
95.218165
102.019462
99.926755
92.602281
89.986397
92.079104
84.231453
80.569216
81.092393
81.092393
81.092393
71.152035
62.258031
51.271319
37.668724
23.019776
19.880716
11.509888
-1.569530
-8.894004
-14.648948
-25.635660
-30.344250
-32.436957
-41.330962
-47.085906
-54.933557
-61.211677
-60.688501
-60.165324
-60.688501
-60.165324
-61.211677
-60.688501
-60.165324
-50.224966
-52.840850
-53.364026
-46.562729
-37.145548
-29.821074
-29.821074
-31.390604
-27.205190
-19.357539
-19.357539
-8.894004
-1.046353
0.523177
-0.523177
0.000000
-0.523177
2.615884
2.092707
0.000000
10.463535
9.417181
10.463535
16.218479
12.033065
3.139060
-1.046353
0.000000
0.000000
0.000000
-8.894004
-9.940358
-10.463535
-19.357539
-20.927069
-19.880716
-20.403892
-19.880716
-21.973423
-30.867427
-29.297897
-37.145548
-40.807785
-40.807785
-40.807785
-40.284608
-40.284608
-42.377315
-50.224966
-40.284608
-40.284608
-47.085906
-40.284608
-29.821074
-31.390604
-25.112483
-20.403892
-19.880716
-11.509888
-5.231767
4.185414
14.125772
20.403892
28.774720
38.191901
48.132259
51.271319
59.642147
60.688501
61.734854
69.059328
76.906979
81.092393
77.430156
80.569216
81.615570
76.383802
69.582505
71.152035
70.105682
71.675212
63.304384
60.165324
55.456733
47.609082
40.807785
40.807785
35.052841
28.774720
24.066130
12.033065
10.463535
9.417181
11.509888
6.801297
-1.046353
-7.847651
-18.834362
-20.927069
-19.880716
-28.774720
-29.821074
-37.145548
-39.238255
-28.774720
-32.436957
-38.715078
-33.483311
-42.377315
-50.748143
-50.224966
-50.748143
-50.224966
-50.748143
-49.701789
-51.794496
-44.470022
-39.238255
-40.807785
-40.284608
-40.807785
-40.807785
-37.145548
-28.774720
-31.390604
-27.728367
-21.450246
-16.741655
-8.370828
3.139060
5.754944
0.000000
0.000000
8.894004
9.417181
13.079418
20.403892
13.079418
19.880716
20.403892
28.774720
30.867427
28.774720
20.927069
19.880716
20.403892
19.880716
20.403892
19.880716
12.033065
9.417181
10.986711
3.662237
-1.569530
1.569530
-4.185414
-10.463535
-11.509888
-20.927069
-19.357539
-20.403892
-19.880716
-20.403892
-19.880716
-20.403892
-28.774720
-30.344250
-29.821074
-31.390604
-27.728367
-19.880716
-20.927069
-13.079418
-19.357539
-19.357539
-8.894004
0.000000
-0.523177
-0.523177
6.801297
14.648948
20.403892
21.973423
30.344250
30.867427
39.761431
49.701789
50.748143
51.271319
59.642147
61.211677
59.118970
68.536152
68.536152
59.642147
61.211677
60.165324
60.165324
60.688501
52.317673
49.701789
50.224966
41.330962
40.284608
38.191901
25.635660
21.450246
15.172125
8.894004
0.000000
-8.370828
-12.556241
-19.357539
-27.728367
-39.238255
-45.516375
-51.794496
-50.748143
-60.165324
-69.582505
-71.152035
-70.105682
-71.152035
-70.628858
-70.628858
-77.430156
-83.185100
-74.291096
-70.628858
-68.012975
-57.026263
-49.701789
-51.271319
-43.423669
-33.483311
-28.251543
-19.357539
-8.894004
-1.046353
2.615884
11.509888
20.403892
19.357539
23.019776
29.821074
31.390604
39.761431
40.807785
40.284608
40.807785
40.284608
41.330962
39.238255
29.821074
31.390604
24.066130
19.880716
12.556241
9.940358
3.662237
0.000000
-3.662237
-12.033065
-18.834362
-20.927069
-27.728367
-31.390604
-30.344250
-29.821074
-34.529664
-41.854138
-39.761431
-41.330962
-31.913780
-30.344250
-30.344250
-30.867427
-21.973423
-19.880716
-18.311186
-6.801297
-0.523177
0.523177
9.417181
9.940358
11.509888
20.403892
25.112483
37.145548
40.284608
43.423669
51.794496
58.595794
61.734854
59.118970
64.350738
70.105682
76.383802
74.814272
69.059328
72.198389
69.582505
71.675212
69.582505
62.258031
60.165324
53.364026
48.655436
42.377315
37.668724
30.867427
29.297897
20.927069
10.986711
10.463535
3.139060
-7.324474
-9.940358
-14.125772
-21.450246
-18.834362
-32.436957
-39.761431
-44.470022
-51.271319
-50.224966
-49.701789
-54.410380
-61.734854
-60.165324
-60.688501
-60.688501
-60.688501
-60.688501
-60.688501
-61.734854
-69.582505
-71.152035
-65.920268
-59.642147
-61.211677
-49.701789
-55.979910
-53.364026
-50.224966
-48.655436
-39.238255
-41.330962
-33.483311
-27.728367
-18.834362
-21.450246
-16.741655
-8.894004
-10.986711
-2.092707
0.523177
-0.523177
5.231767
15.172125
20.927069
18.834362
26.158836
31.390604
29.297897
30.867427
30.344250
30.344250
29.821074
30.344250
30.344250
30.867427
30.867427
29.821074
30.867427
28.774720
19.880716
20.403892
19.880716
20.403892
19.880716
20.403892
19.880716
19.880716
20.403892
14.648948
5.754944
2.615884
9.940358
10.463535
7.324474
8.370828
11.509888
2.092707
-0.523177
0.523177
-0.523177
0.000000
-0.523177
0.000000
7.847651
10.986711
9.417181
10.463535
9.940358
10.463535
9.940358
9.940358
9.417181
17.264832
20.927069
19.357539
25.635660
31.390604
29.821074
32.436957
41.330962
39.761431
40.807785
39.761431
41.854138
51.271319
43.946845
36.622371
29.821074
31.390604
23.019776
20.403892
18.834362
9.940358
3.662237
-1.569530
-7.847651
-14.648948
-24.589306
-31.390604
-38.191901
-41.854138
-49.701789
-50.748143
-51.794496
-61.734854
-59.642147
-68.012975
-71.152035
-70.628858
-70.628858
-71.675212
-68.536152
-60.165324
-60.165324
-60.688501
-50.748143
-51.271319
-47.085906
-32.960134
-27.205190
-19.880716
-20.403892
-17.264832
-8.894004
-3.662237
5.754944
9.417181
13.602595
19.880716
24.589306
31.390604
29.821074
29.821074
34.006487
42.900492
33.483311
29.821074
30.867427
29.821074
30.867427
20.927069
21.450246
23.019776
18.834362
21.450246
17.788009
10.463535
9.417181
10.463535
1.569530
0.000000
0.000000
-8.894004
-10.986711
-9.940358
-10.986711
-19.357539
-20.403892
-19.880716
-20.403892
-19.880716
-20.927069
-19.357539
-21.973423
-13.602595
-9.940358
-8.894004
-1.046353
1.046353
-1.046353
4.708591
9.417181
16.741655
20.403892
24.066130
31.390604
30.344250
29.821074
34.529664
41.854138
39.761431
40.807785
39.761431
40.807785
39.761431
40.807785
39.238255
30.344250
30.344250
30.344250
30.344250
29.297897
19.880716
20.403892
15.172125
8.894004
10.986711
4.185414
-3.139060
-9.417181
-17.264832
-21.450246
-19.357539
-21.450246
-29.821074
-30.344250
-30.344250
-30.344250
-30.344250
-30.867427
-30.344250
-30.344250
-30.344250
-30.344250
-30.344250
-30.344250
-27.728367
-16.218479
-14.648948
-22.496599
-15.695302
-9.940358
-19.357539
-20.403892
-20.927069
-17.264832
-8.894004
-10.986711
-8.894004
0.000000
-4.708591
-11.509888
-5.754944
0.523177
-0.523177
0.523177
-8.370828
-7.847651
1.569530
-0.523177
1.046353
0.000000
0.523177
0.000000
0.000000
-0.523177
0.523177
-0.523177
0.523177
-1.569530
6.801297
5.231767
-1.046353
0.523177
5.231767
12.556241
8.370828
12.033065
5.754944
2.092707
9.417181
14.125772
20.927069
19.880716
12.033065
16.741655
21.973423
14.125772
9.417181
17.788009
20.927069
10.463535
10.986711
9.417181
17.788009
15.695302
7.847651
10.986711
9.417181
10.986711
7.847651
0.523177
0.000000
0.523177
-0.523177
0.000000
0.000000
0.000000
0.000000
0.523177
0.000000
0.523177
0.000000
-7.324474
-0.523177
0.523177
0.000000
0.000000
0.000000
-0.523177
5.231767
10.986711
8.894004
10.463535
9.940358
2.092707
-1.046353
1.046353
-0.523177
0.523177
-0.523177
0.000000
0.000000
0.000000
0.000000
1.046353
-2.092707
-10.986711
-9.417181
-13.079418
-20.927069
-19.357539
-21.973423
-27.205190
-18.834362
-25.635660
-31.390604
-29.821074
-30.867427
-29.821074
-30.867427
-29.821074
-30.344250
-29.821074
-30.344250
-30.344250
-30.344250
-30.344250
-29.297897
-19.880716
-20.927069
-17.788009
-10.463535
-6.278121
1.569530
-1.046353
2.092707
8.894004
16.741655
21.450246
19.357539
21.973423
29.821074
30.344250
29.821074
31.390604
