-38.373502
-33.324357
-31.977918
-32.651138
-23.899286
-18.850141
-19.859970
-19.186751
-19.523361
-19.859970
-16.493874
-11.444729
-7.405413
-4.375926
0.000000
5.385755
7.068803
12.454558
18.513532
24.909115
27.938602
35.344015
35.344015
36.353844
40.393160
34.334186
32.651138
32.314528
32.987747
28.275212
25.245725
26.255554
25.918944
26.255554
25.918944
25.918944
25.582335
26.255554
25.582335
25.918944
25.918944
30.631480
33.324357
32.314528
32.651138
32.314528
32.651138
32.651138
32.651138
32.987747
38.373502
39.046721
39.046721
39.046721
39.046721
39.046721
38.710112
39.046721
38.710112
39.383331
38.710112
39.046721
39.046721
39.383331
39.046721
39.383331
38.373502
33.660967
26.928773
26.255554
24.572506
15.820654
11.444729
7.068803
2.019658
-0.336610
-6.058974
-14.474216
-18.850141
-26.928773
-36.017234
-41.739599
-47.798573
-52.847718
-57.223643
-63.955837
-69.004982
-73.717517
-77.420224
-83.142588
-84.825636
-84.825636
-83.479198
-87.518514
-89.538172
-83.479198
-85.498856
-81.122930
-77.756833
-70.351420
-64.629056
-65.302275
-63.282617
-53.520937
-52.174498
-49.481621
-45.105695
-44.432476
-35.007405
-29.958260
-22.889457
-17.503703
-9.425071
0.000000
8.751851
17.840312
26.592164
36.353844
43.422647
50.491450
52.174498
52.511108
51.164669
46.452134
41.402989
39.046721
36.690454
31.304699
33.660967
28.611822
30.631480
33.324357
31.977918
32.987747
31.977918
33.324357
30.294870
26.928773
32.987747
31.977918
32.987747
31.977918
33.324357
39.046721
40.729770
46.115524
44.769086
47.798573
52.847718
51.164669
53.184327
57.896863
60.589740
65.302275
64.629056
65.638885
71.024640
71.361249
71.361249
71.697859
71.361249
71.697859
71.361249
72.034469
66.648714
64.965666
62.272788
55.540595
47.125353
39.046721
33.660967
26.592164
14.810825
6.395584
0.000000
-9.761680
-18.176922
-27.265383
-42.412818
-56.550424
-66.312104
-77.420224
-92.231049
-103.339168
-115.793726
-127.238454
-133.970648
-142.385889
-156.186886
-167.968224
-168.641443
-170.324492
-175.710246
-182.105830
-178.403124
-175.373637
-173.690588
-166.285176
-161.572640
-152.820789
-143.395718
-136.663525
-128.921503
-122.189309
-114.783897
-105.695436
-96.270365
-84.152417
-72.034469
-62.946008
-46.788744
-29.958260
-17.840312
1.009829
14.474216
28.948431
48.135182
65.302275
80.786320
89.874781
94.250707
97.953413
97.280194
98.290023
91.557830
84.489027
84.825636
84.489027
79.103272
78.093443
84.489027
85.162246
92.231049
97.616804
97.616804
103.339168
104.348997
108.051703
115.457116
117.140164
116.803555
119.496432
124.545577
122.525919
125.218796
129.258112
132.624209
136.326915
137.000135
135.990306
139.019793
143.395718
143.059109
143.059109
143.395718
143.059109
144.068938
149.791302
149.118083
150.127912
146.088596
142.722499
139.356402
133.970648
129.931332
125.555406
115.793726
101.656120
91.221220
75.063956
62.272788
46.452134
33.324357
16.830483
-1.683048
-18.513532
-41.066379
-62.609398
-86.508685
-110.407971
-134.307257
-153.494008
-180.422782
-208.024774
-229.567793
-252.457251
-275.010098
-292.850411
-311.027333
-327.857816
-339.639154
-350.410664
-357.816076
-354.449980
-350.410664
-351.083883
-344.015080
-332.906961
-319.105965
-305.304968
-289.820924
-280.059243
-263.228760
-240.002693
-221.152552
-204.322068
-183.452269
-156.186886
-135.317086
-108.051703
-77.083614
-45.442305
-15.484045
14.137606
41.739599
68.668372
93.240878
115.793726
129.931332
139.356402
143.732328
143.059109
143.395718
138.346573
135.990306
130.941161
129.258112
130.604551
129.258112
131.950990
136.326915
137.336744
142.722499
146.761815
153.494008
157.196715
162.919079
168.304834
176.383466
182.442440
185.808536
193.550559
195.233607
199.946142
206.341726
208.361384
207.688165
213.747139
214.420358
214.756968
214.083748
217.786455
216.776626
213.747139
215.093577
214.420358
214.420358
215.093577
212.737310
208.024774
207.688165
201.965800
197.926484
188.164804
180.086172
168.978053
156.860105
145.078767
127.911674
114.447287
99.636462
80.113101
63.619227
42.412818
18.850141
-5.722364
-28.611822
-54.867376
-88.528343
-120.169651
-150.801131
-183.452269
-219.469503
-255.823347
-290.494143
-316.413087
-345.361519
-370.607244
-392.486872
-411.000404
-427.494278
-436.582739
-443.651542
-448.364077
-449.373906
-444.997980
-435.909519
-421.098694
-405.278040
-392.486872
-373.636731
-351.757102
-326.511377
-300.592433
-277.702976
-250.774202
-213.747139
-184.798707
-153.157399
-113.774068
-75.063956
-34.334186
0.000000
27.265383
61.262959
94.587317
114.447287
132.960819
143.732328
149.118083
155.177057
156.186886
151.474350
148.781473
144.405547
142.722499
143.395718
142.722499
143.395718
142.385889
147.771644
150.127912
149.454692
154.840447
160.899421
164.602127
170.661101
178.403124
185.135317
192.877339
203.312239
213.410529
219.806113
232.260671
240.339303
246.061667
249.427764
256.496567
259.526054
263.901979
261.882321
261.882321
267.604686
266.258247
266.931466
266.594857
266.258247
266.931466
265.585028
260.872492
258.179615
253.467080
248.754544
242.358961
232.260671
218.459674
205.331897
188.164804
175.037027
159.889592
145.751986
121.852700
97.953413
74.054127
49.818231
17.167093
-19.186751
-55.877205
-100.982900
-144.742157
-186.818365
-231.924061
-281.405682
-330.214084
-375.656389
-414.703110
-457.115928
-493.469772
-522.418204
-549.010368
-570.216777
-584.690992
-593.779453
-598.491989
-597.482160
-598.491989
-596.472331
-579.978457
-561.464925
-543.624613
-525.784301
-500.538575
-466.877609
-429.850545
-395.179750
-357.479467
-313.046991
-265.248418
-211.390871
-163.592298
-104.012387
-46.452134
6.058974
51.164669
87.518514
127.575064
159.216373
182.442440
192.877339
201.629191
209.034603
213.410529
216.103406
215.766797
214.083748
214.756968
214.420358
214.756968
214.420358
214.756968
214.420358
214.756968
214.083748
219.132893
228.894574
237.646425
246.734886
255.823347
271.980611
288.811095
304.968359
319.442574
335.936448
347.044567
359.835734
369.597415
370.607244
370.607244
370.607244
370.270634
364.211660
364.884879
361.182173
357.142857
354.449980
346.034738
347.044567
347.717786
344.015080
338.965935
332.570351
327.184597
318.769355
306.651407
294.533459
278.712805
265.921637
248.417935
230.241013
217.786455
201.629191
179.412953
151.810960
122.189309
90.211391
52.847718
7.405413
-45.778915
-104.348997
-170.997711
-232.260671
-294.533459
-361.182173
-426.484449
-491.450114
-548.337148
-596.808940
-646.627171
-692.069476
-724.384004
-754.342265
-779.924599
-797.091692
-799.784570
-801.131008
-804.833715
-800.794399
-791.032718
-766.796822
-739.868049
-711.592837
-675.912212
-630.806517
-578.632018
-529.487007
-466.540999
-400.902114
-330.887303
-262.218931
-194.896997
-120.842871
-52.847718
6.732193
58.906692
105.695436
144.068938
174.700417
199.609533
216.440016
226.201697
231.587451
241.685741
247.071496
247.071496
247.071496
247.071496
247.071496
247.071496
247.408106
246.734886
247.071496
247.071496
248.417935
257.506396
266.258247
280.395853
299.245994
316.413087
335.936448
359.162515
385.418069
408.644136
422.781742
434.563081
447.017638
455.096270
455.096270
450.720345
442.978322
436.246129
432.543423
422.781742
416.722768
415.039720
405.951259
397.872627
392.150263
386.091289
382.388582
373.636731
360.845563
348.054396
334.590009
326.511377
318.769355
305.641578
295.206678
284.771779
271.307392
258.516225
248.754544
230.914232
213.410529
183.115659
146.425205
110.744581
66.312104
12.454558
-52.174498
-119.496432
-190.857681
-261.209102
-329.204255
-399.219066
-470.243705
-538.575468
-600.848256
-651.676316
-698.465060
-746.936852
-783.290696
-815.941834
-843.543827
-859.364481
-866.433284
-869.126161
-871.145819
-862.393968
-846.909923
-819.307931
-788.676451
-750.639558
-704.524034
-649.656658
-588.393699
-522.418204
-455.096270
-386.091289
-314.056820
-242.022351
-172.344150
-106.705265
-44.432476
3.702706
47.798573
87.518514
118.149993
147.098425
169.314663
186.481756
199.946142
211.390871
223.845429
233.607109
239.666083
245.725057
247.744715
240.002693
244.042009
247.744715
246.734886
247.408106
246.734886
252.457251
266.594857
285.781608
307.661236
333.916790
358.152686
383.735021
414.366501
443.651542
462.501683
481.015215
495.152821
503.568062
507.943988
502.894843
496.835869
488.084018
478.322337
466.204389
459.808806
454.086441
448.364077
440.622055
428.504107
427.157668
424.464791
418.069207
412.010233
403.258382
394.169921
385.754679
379.695705
370.607244
361.182173
348.727615
336.946277
324.155110
308.671065
293.187020
270.297563
234.953548
193.887168
150.464521
97.280194
35.680625
-34.670796
-113.100848
-199.272923
-282.415511
-360.845563
-444.324761
-528.477178
-608.253669
-680.288138
-741.214488
-797.764912
-851.285849
-895.718325
-932.408779
-960.010772
-982.900229
-994.681567
-994.344958
-995.354787
-992.998519
-980.543961
-950.585701
-907.836273
-857.681433
-804.160495
-738.521610
-663.121045
-579.978457
-490.103676
-409.317356
-325.838158
-242.022351
-166.621785
-97.280194
-30.294870
30.294870
73.380907
108.388313
140.366231
168.978053
193.550559
207.014945
217.449845
228.221355
238.992864
249.764373
255.150128
257.506396
253.467080
253.130470
253.803689
253.467080
253.803689
253.467080
254.140299
260.872492
271.644002
294.870069
322.808671
349.064225
376.329608
408.980746
446.007809
481.015215
508.280598
528.813788
541.268345
549.010368
553.049684
552.039855
542.614784
531.506665
514.676181
500.201966
487.747408
481.688434
477.312508
468.560657
467.550828
461.828464
467.550828
471.253534
464.521341
461.828464
460.145415
454.423051
455.769490
450.047125
442.305103
435.909519
425.474620
418.069207
403.594991
379.695705
360.845563
329.540864
281.405682
222.835600
159.889592
91.894439
7.405413
-93.240878
-196.916655
-295.543288
-389.793995
-488.084018
-583.007944
-672.209506
-751.985997
-818.971321
-881.244109
-940.487411
-985.593106
-1026.322876
-1068.062475
-1095.327858
-1107.445806
-1114.177999
-1118.890535
-1116.197657
-1100.377003
-1067.725865
-1017.907634
-960.683991
-897.737983
-815.941834
-720.681298
-615.322472
-516.359230
-420.425475
-323.481890
-232.597280
-150.127912
-80.113101
-13.800996
40.729770
82.132759
114.110677
139.019793
164.602127
184.462098
199.609533
209.371213
217.449845
228.894574
238.992864
244.378619
248.081325
246.061667
241.012522
240.339303
235.290158
228.557964
229.231184
235.963377
241.349132
255.150128
285.781608
320.452403
352.766931
387.437727
430.523765
478.322337
515.686011
545.980881
566.850680
584.354383
596.135721
601.521476
595.462502
587.720479
580.315067
568.197119
556.079171
544.297832
539.248687
534.872762
527.467349
520.398546
518.042278
518.042278
517.705669
511.646694
505.587720
500.201966
500.875185
491.786724
481.351824
474.956241
465.531170
455.096270
436.919348
419.415646
395.852969
362.192002
313.720210
252.120641
186.481756
112.091019
23.226067
-78.093443
-190.184462
-295.879898
-393.833311
-499.528746
-604.887572
-699.474889
-777.231722
-850.949239
-917.261344
-974.484987
-1022.956779
-1057.627575
-1096.001077
-1130.671873
-1144.809479
-1144.809479
-1142.453211
-1139.423724
-1119.900364
-1081.190252
-1031.035411
-966.742965
-898.411202
-813.248957
-708.563350
-599.838427
-495.152821
-392.150263
-284.098559
-182.442440
-97.280194
-23.562677
44.432476
98.626633
138.009964
162.245860
184.798707
202.302410
207.351555
208.697994
207.688165
203.985458
207.351555
209.371213
206.341726
202.302410
200.619362
196.916655
198.263094
194.560388
188.501414
188.838023
193.887168
197.926484
209.371213
237.646425
269.287734
305.641578
340.312374
383.061802
431.533594
478.995557
515.012791
540.931736
568.533728
589.066918
604.887572
610.946546
604.887572
604.550963
604.214353
593.442844
585.364212
579.978457
577.958799
579.305238
574.256093
572.909654
584.690992
592.433015
586.037431
574.256093
571.899825
571.899825
564.831022
548.673758
529.823617
514.676181
502.221624
479.668776
451.056954
420.088865
381.042144
327.521206
261.882321
186.818365
106.368655
9.088461
-103.675778
-224.855258
-346.034738
-447.690858
-557.762219
-672.209506
-779.587990
-869.462771
-944.526727
-1012.858489
-1074.458058
-1122.256631
-1158.610475
-1188.568736
-1210.784974
-1222.902922
-1219.200215
-1209.775145
-1200.013464
-1177.124007
-1131.681702
-1068.399084
-991.315471
-912.885418
-817.288273
-700.821328
-576.948970
-453.076612
-334.590009
-223.845429
-119.496432
-31.641309
42.749428
100.982900
141.712670
168.978053
182.105830
186.481756
194.560388
190.857681
179.076343
165.611956
154.840447
158.543153
162.919079
166.621785
162.919079
162.245860
162.919079
162.245860
162.919079
158.206544
155.177057
159.216373
170.661101
193.887168
223.508819
259.526054
304.295139
353.440151
407.634307
472.263363
534.536152
581.661505
618.015349
651.339706
677.595261
697.118621
705.197253
702.504376
699.811499
694.089134
694.089134
690.386428
688.366770
682.644406
680.288138
676.585432
677.258651
680.624748
674.229164
664.804093
646.627171
634.172613
617.678740
600.511647
572.909654
540.258516
511.646694
480.678605
443.651542
403.931601
360.508954
304.295139
229.231184
141.712670
56.887034
-40.056550
-163.255689
-289.147704
-413.356672
-523.764643
-634.845833
-756.698532
-867.443113
-957.991114
-1031.035411
-1098.020735
-1149.185405
-1190.925003
-1224.922580
-1245.119160
-1260.939814
-1263.969301
-1250.841524
-1230.644944
-1207.755487
-1171.738252
-1113.168170
-1036.757776
-941.160630
-844.890265
-736.165343
-607.243840
-474.956241
-341.995422
-219.132893
-104.348997
-9.088461
68.331762
131.277770
176.720075
197.253265
202.302410
193.887168
180.422782
166.621785
149.791302
135.317086
113.100848
95.933755
88.191733
84.152417
84.825636
83.815807
76.410395
70.351420
75.737175
77.756833
72.034469
68.668372
75.737175
93.914097
116.130335
148.444863
194.223778
258.179615
322.135452
388.447556
464.857951
539.585297
608.590279
659.081729
699.811499
736.838562
768.816480
786.993402
788.676451
787.330012
786.656793
786.656793
780.934428
774.538845
773.529016
773.865625
773.865625
771.172748
763.767335
760.737848
751.649387
730.779588
707.553521
678.941699
649.993268
614.985862
567.187290
512.656523
462.501683
415.376330
357.816076
281.069072
190.521072
101.319510
11.781338
-93.240878
-220.815942
-351.420493
-472.936583
-590.413357
-709.573179
-832.099098
-935.101656
-1013.531709
-1090.951932
-1162.986401
-1208.428706
-1231.654773
-1247.475427
-1271.038104
-1289.888246
-1280.463175
-1244.782550
-1217.517167
-1196.310758
-1160.293524
-1088.259055
-992.998519
-904.133567
-802.140837
-675.912212
-528.140568
-384.744850
-251.110812
-119.159822
16.830483
128.584893
202.975629
251.784031
292.177191
317.086307
305.304968
263.565370
210.044432
173.690588
133.634038
81.459540
25.582335
-12.117948
-22.889457
-41.066379
-54.194156
-59.243301
-49.818231
-39.383331
-39.383331
-37.363673
-23.562677
-1.683048
20.196580
37.363673
62.272788
109.061532
176.720075
247.744715
310.017504
380.032315
470.916925
568.533728
646.290561
712.939276
780.261209
843.543827
889.322741
912.885418
930.052511
949.239262
961.357210
952.605359
935.438266
929.042682
930.052511
924.330147
904.470176
877.204793
863.067187
859.027871
837.821462
795.072034
751.985997
712.939276
665.140703
602.194695
525.784301
459.808806
396.526188
313.046991
209.707823
97.616804
7.068803
-84.152417
-210.044432
-359.162515
-488.757237
-594.116063
-700.148108
-830.416050
-963.376868
-1056.617746
-1126.969167
-1205.399219
-1279.116736
-1321.192945
-1332.637673
-1342.735963
-1362.259324
-1367.308469
-1327.251919
-1268.345227
-1232.327992
-1202.706342
-1134.711189
-1016.561196
-891.342399
-790.696109
-679.278309
-521.071765
-345.361519
-191.867510
-59.243301
83.142588
224.182039
323.145281
370.270634
400.902114
432.206813
427.494278
364.884879
272.990440
193.887168
137.336744
65.638885
-30.968089
-118.486603
-173.017369
-195.570217
-216.440016
-245.388448
-251.447422
-232.933890
-216.776626
-213.747139
-197.253265
-158.543153
-118.486603
-92.567659
-76.073785
-28.611822
54.530766
145.078767
216.103406
289.147704
402.921772
536.555810
660.091558
754.342265
845.226875
949.912481
1040.460482
1096.337687
1126.632557
1159.956914
1194.291100
1199.003635
1170.055204
1144.809479
1137.404066
1131.345092
1083.883129
1018.580854
981.553790
960.683991
928.369463
860.374310
777.568332
715.632153
655.715632
570.889996
462.165073
364.211660
282.078901
177.729904
44.432476
-86.172075
-191.530901
-291.167362
-421.435304
-577.958799
-710.583008
-803.487276
-896.728154
-1023.629999
-1146.155918
-1226.942238
-1277.097078
-1331.627844
-1397.603339
-1425.541942
-1412.414165
-1398.276559
-1396.593510
-1370.674566
-1291.571294
-1189.578565
-1111.821732
-1045.846237
-940.487411
-775.548674
-614.985862
-488.084018
-358.152686
-192.540730
-5.385755
140.702841
256.159957
374.646560
480.341995
543.288003
548.337148
528.813788
515.012791
466.204389
348.727615
201.292581
73.380907
-22.552848
-131.614380
-268.277905
-385.754679
-454.086441
-486.737579
-520.061936
-539.248687
-524.101252
-486.064360
-448.700687
-418.742426
-365.894708
-282.415511
-212.400700
-168.978053
-127.575064
-50.154840
64.292446
172.007540
256.833176
347.044567
482.361653
644.944123
793.725596
911.538979
1030.025582
1156.590817
1264.642521
1339.369867
1387.168439
1427.224990
1454.490373
1430.927696
1373.030833
1332.637673
1318.163458
1285.848930
1201.696513
1108.792245
1053.588259
1031.708631
977.514474
870.135990
766.460213
691.059647
604.214353
471.926754
332.233742
214.420358
94.250707
-67.658543
-257.506396
-408.644136
-506.934159
-630.806517
-815.605224
-987.612764
-1079.507203
-1121.246802
-1202.369732
-1324.222432
-1404.335533
-1413.423994
-1413.423994
-1438.333109
-1447.758180
-1400.969436
-1341.052915
-1305.035681
-1259.256766
-1146.829137
-984.583277
-861.384139
-778.578161
-654.705803
-450.047125
-226.201697
-66.312104
61.599569
219.806113
408.307527
565.167632
660.428167
731.789417
785.983573
798.774741
745.253804
655.042413
561.464925
443.988151
257.843005
17.503703
-195.233607
-351.420493
-494.479601
-676.585432
-868.116332
-990.978861
-1026.659486
-1027.332705
-1033.391679
-1020.263902
-946.209775
-828.733001
-709.573179
-581.998115
-417.732597
-239.329474
-102.329339
3.029487
148.108254
330.214084
493.469772
587.720479
648.310219
766.796822
926.686414
1057.627575
1137.067457
1206.409048
1305.372290
1411.404336
1493.537094
1563.215296
1631.210448
1675.306315
1665.208025
1631.547058
1622.121987
1624.141645
1558.502760
1407.365020
1258.246937
1159.283695
1073.784839
924.666756
726.067053
542.614784
402.585162
263.228760
100.646291
-43.422647
-163.592298
-304.631749
-488.420627
-645.280732
-718.661640
-787.666622
-958.664333
-1172.411472
-1304.699071
-1339.033257
-1384.475562
-1514.070284
-1634.239935
-1664.534805
-1634.576545
-1618.419281
-1594.519995
-1508.347920
-1387.841659
-1292.917733
-1189.578565
-1000.740541
-736.165343
-516.695840
-383.061802
-232.933890
18.176922
307.324626
512.656523
631.143126
744.580584
894.035277
1024.976437
1079.170594
1072.438400
1036.757776
947.219604
795.072034
610.273327
424.464791
220.142722
-54.867376
-382.725192
-673.555945
-871.819039
-1023.966608
-1204.726000
-1406.355191
-1532.583816
-1534.940083
-1466.944931
-1408.038239
-1360.912885
-1265.652350
-1107.782416
-933.418608
-766.460213
-580.651676
-379.695705
-202.975629
-35.680625
169.987882
434.226471
700.148108
887.303083
1037.430995
1230.644944
1469.637808
1673.623266
1786.387505
1834.859297
1885.014138
1934.832368
1958.395045
1942.574391
1887.370405
1801.534940
1703.918137
1618.419281
1560.522418
1495.893362
1373.367443
1222.902922
1083.209910
957.991114
812.912347
628.450249
409.317356
159.216373
-106.368655
-342.332032
-524.437862
-703.177595
-933.755217
-1188.568736
-1350.814595
-1378.753198
-1393.227413
-1501.615726
-1636.596203
-1653.763296
-1571.293928
-1517.099771
-1530.227548
-1522.148916
-1446.075131
-1374.713882
-1340.379696
-1266.325569
-1104.752929
-958.664333
-900.430860
-828.059782
-611.956375
-310.690723
-89.201562
30.968089
188.164804
469.570486
762.420897
952.941968
1059.647233
1175.104349
1287.531978
1310.758045
1259.256766
1179.480275
1054.934698
820.317760
475.292850
126.565235
-162.919079
-455.769490
-838.831291
-1266.325569
-1591.827117
-1751.043490
-1834.186078
-1943.247610
-2029.419685
-1993.065841
-1814.662717
-1593.510166
-1404.672142
-1202.033122
-949.575872
-687.693551
-477.312508
-288.811095
-49.818231
198.599704
371.280463
496.499259
691.732867
986.602935
1260.266595
1431.937525
1572.640366
1785.377676
2037.498317
2202.773664
2253.601723
2264.036623
2269.758987
2245.186482
2150.935775
2007.540057
1860.441632
1706.611014
1540.999057
1383.129123
1250.504915
1146.155918
1035.411337
887.639693
708.226740
526.120910
353.103541
141.039451
-155.513666
-505.587720
-794.735425
-977.851084
-1173.757910
-1449.441228
-1695.502895
-1757.439074
-1672.613437
-1651.743638
-1706.274404
-1651.407028
-1425.878551
-1199.003635
-1113.168170
-1044.499798
-865.086845
-676.248822
-627.777030
-643.934294
-540.931736
-368.587586
-305.978188
-333.243571
-244.042009
18.176922
268.614515
394.843140
515.349401
761.074458
1057.290965
1255.890669
1359.566447
1447.084960
1517.436381
1500.605897
1374.040662
1202.706342
1003.433419
719.334859
321.798842
-113.100848
-492.123334
-801.131008
-1124.612899
-1496.229972
-1800.861721
-1916.655446
-1868.520264
-1807.593914
-1774.269557
-1648.377541
-1350.814595
-1005.116467
-742.560926
-519.725327
-234.953548
54.867376
218.123064
298.236165
434.226471
613.639424
688.703380
645.617342
663.794264
832.099098
1015.551367
1073.111620
1093.644809
1207.082267
1380.772856
1488.487949
1493.873704
1468.964589
1454.153763
1417.463310
1325.905480
1205.062609
1097.347516
1021.610341
966.406355
899.757641
826.713343
788.003231
783.627306
732.126027
531.843275
235.963377
-45.442305
-346.707957
-822.674027
-1438.669719
-1963.107580
-2343.813114
-2776.356537
-3349.939410
-3808.738387
-3926.551771
-3893.900633
-4028.207890
-4208.630672
-4101.252188
-3723.239531
-3430.725730
-3360.037700
-3233.135856
-2914.029891
-2620.842871
-2509.425071
-2398.680490
-2121.650734
-1803.554598
-1598.559311
-1376.733540
-924.330147
-324.491719
205.668507
650.329877
1155.580988
1766.864144
2350.545308
2802.948701
3129.796688
3355.325165
3488.622593
3534.738118
3477.851084
3299.784570
3001.885014
2617.140164
2183.923522
1731.856739
1320.183116
966.069746
605.224182
218.796284
-61.262959
-102.329339
1.346439
44.095866
38.710112
191.530901
518.715498
820.654369
1004.443248
1198.330416
1445.065302
1608.994210
1641.645348
1694.493066
1851.353171
1927.090346
1808.940353
1692.136798
1770.903460
1921.704591
1926.417127
1827.117275
1807.593914
1870.539922
1878.955164
1802.881379
1722.095059
1647.031103
1510.704187
1326.242090
1191.934832
1142.116602
1105.762758
1041.806921
1017.234415
1074.458058
1192.944661
1319.509896
1399.622997
1372.357614
1222.566312
1019.927292
788.003231
439.948835
-73.380907
-614.649253
-1028.679144
-1393.900633
-1862.461290
-2332.368386
-2553.184327
-2529.285041
-2570.351420
-2764.911808
-2842.668641
-2640.366231
-2378.483910
-2348.189040
-2453.884476
-2422.243167
-2305.103003
-2308.132490
-2401.373367
-2373.434765
-2210.852296
-2070.149455
-1941.564562
-1630.200619
-1094.991248
-541.604955
-98.626633
332.570351
837.821462
1333.310893
1686.414434
1855.729097
1881.311431
1782.011579
1583.411876
1291.234684
891.679009
401.911943
-127.238454
-645.617342
-1141.443382
-1601.252188
-1956.038777
-2202.100444
-2438.400431
-2661.236031
-2739.329474
-2616.803555
-2442.776357
-2357.950720
-2274.134913
-2035.478659
-1699.878821
-1429.581258
-1217.180557
-959.674162
-676.585432
-455.096270
-271.644002
-37.027063
202.639020
333.243571
370.943854
435.909519
558.435438
640.568197
631.143126
593.442844
564.831022
540.931736
538.238858
572.909654
600.511647
568.197119
544.971052
627.777030
794.735425
946.209775
1078.497374
1284.165881
1555.809883
1807.930524
2003.837350
2210.515686
2374.444594
2328.665679
2058.704726
1724.451326
1401.979265
970.109062
350.074054
-267.604686
-665.140703
-947.556214
-1310.421435
-1651.407028
-1701.561869
-1490.844217
-1388.851488
-1494.883533
-1499.596068
-1238.050357
-969.435842
-994.681567
-1179.480275
-1211.121583
-1089.268884
-1020.600512
-1024.639828
-911.538979
-598.491989
-203.985458
223.172210
760.064629
1425.541942
2098.088057
2635.653696
3020.735156
3336.138414
3605.762758
3723.912751
3575.467887
3185.673893
2729.231184
2309.815538
1865.827387
1295.610610
679.278309
170.997711
-227.211526
-611.956375
-974.821597
-1210.111754
-1343.072573
-1498.922849
-1674.969705
-1705.264575
-1546.721422
-1368.654908
-1301.669584
-1205.062609
-920.627440
-498.855527
-97.280194
219.806113
521.744985
847.583143
1152.888111
1382.455904
1509.357749
1527.871280
1428.234819
1241.416453
1013.531709
786.320183
578.632018
359.835734
98.290023
-131.614380
-209.707823
-113.100848
17.167093
46.452134
58.906692
209.371213
475.966070
701.157937
832.772317
963.376868
1167.362327
1370.337956
1510.367578
1657.802612
1820.048472
1843.611149
1603.271846
1235.694089
911.538979
556.752390
2.692877
-679.614919
-1201.359903
-1557.492931
-1995.758718
-2503.702706
-2772.317221
-2718.123064
-2717.786455
-3002.894843
-3222.364346
-3050.356806
-2746.061667
-2740.675912
-2942.305103
-2925.811229
-2639.019793
-2378.483910
-2232.395314
-1991.719402
-1548.067861
-1044.836408
-564.157803
6.732193
679.614919
1294.600781
1718.728962
1989.026525
2194.358422
2358.287330
2375.117813
2135.115121
1683.721556
1209.438535
835.128585
478.658947
8.751851
-508.280598
-879.897671
-1125.622728
-1397.266730
-1700.888650
-1904.200889
-2015.955298
-2161.707284
-2347.852430
-2382.186616
-2164.400162
-1881.984651
-1683.721556
-1441.362596
-965.733136
-320.115794
267.268076
698.465060
1078.160765
1458.866299
1756.092635
1851.353171
1756.765854
1576.679682
1333.647502
987.949374
579.305238
241.685741
62.946008
-37.363673
-149.791302
-179.076343
5.722364
342.668641
643.597684
830.079440
1001.413761
1240.743234
1461.222566
1585.431534
1684.058166
1856.738926
2109.532786
2383.533055
2664.602127
3023.428033
3431.735559
3707.418877
3688.232126
3415.578295
3024.101252
2479.466810
1639.962300
619.025178
-248.081325
-948.229433
-1796.822405
-2775.010098
-3333.108927
-3209.236569
-2979.668776
-3182.307796
-3414.568466
-3051.366635
-2302.746735
-1919.011714
-2002.827521
-1971.522822
-1659.822270
-1425.205332
-1379.426417
-1212.468022
-801.131008
-391.813653
-71.697859
434.226471
1239.396795
2051.299313
2560.926350
2780.059243
2905.278040
3018.042278
2999.865356
2622.189309
1862.461290
1007.136125
348.391006
-160.899421
-734.145685
-1297.293658
-1588.797630
-1625.488084
-1672.950047
-1752.726538
-1652.753467
-1425.205332
-1390.871146
-1605.628114
-1730.510300
-1562.205467
-1341.052915
-1321.866164
-1317.153629
-1020.937121
-461.828464
90.211391
528.477178
949.912481
1371.684395
1669.247341
1736.569274
1629.527400
1435.640232
1104.416319
555.069342
-89.201562
-571.226606
-807.189982
-969.435842
-1192.944661
-1282.482833
-1022.620170
-528.477178
-101.319510
179.076343
476.975899
842.197388
1134.374579
1284.165881
1422.512455
1653.763296
1917.665275
2139.827656
2398.680490
2807.997846
3281.607648
3559.310623
3437.794533
3031.506665
2539.719941
1885.350747
861.047529
-414.703110
-1497.576410
-2273.461694
-3123.064494
-4103.945065
-4623.670392
-4352.026390
-3877.743369
-3862.595934
-3928.908038
-3391.005790
-2467.685472
-1974.888919
-2027.400027
-1990.372964
-1630.537229
-1350.141376
-1312.104484
-1155.917598
-707.216911
-218.459674
162.582469
647.973610
1385.822001
2127.709708
2517.167093
2514.810825
2346.505992
2175.844890
1896.122257
1265.315740
311.027333
-575.939141
-1123.939680
-1461.559176
-1780.328531
-1938.535075
-1737.242494
-1358.220008
-1072.775010
-829.069611
-473.609802
-177.056685
-241.012522
-566.177461
-746.263633
-710.246398
-718.998250
-846.573314
-845.563485
-493.469772
109.398142
686.010502
1136.057628
1539.652619
1904.537498
2062.407432
1884.004309
1481.419146
1031.372021
497.172479
-238.656254
-992.325300
-1373.030833
-1357.546789
-1265.988959
-1205.735829
-904.806786
-229.567793
513.329743
1015.887976
1336.676989
1660.158880
1892.082941
1918.338495
1874.915848
1966.473677
2193.685203
2438.400431
2738.992864
3245.590413
3931.264306
4567.119968
4917.194022
4850.881917
4393.092770
3628.988825
2507.742022
1021.273731
-566.177461
-1882.657870
-2874.646560
-3836.340380
-4702.773664
-4866.029352
-4120.102329
-3172.882725
-2736.636596
-2503.366097
-1808.267133
-862.057358
-431.870203
-658.408509
-954.288407
-1008.482564
-1050.895382
-1140.770163
-979.534132
-473.946412
110.071361
631.143126
1265.652350
2095.395180
2822.472061
3028.477178
2647.435034
1990.036354
1348.794937
678.605090
-258.852834
-1381.782685
-2227.009560
-2519.859970
-2443.786186
-2204.793322
-1737.579103
-1011.848660
-310.354113
123.872358
409.653965
654.032584
618.351959
98.290023
-657.398680
-1178.807055
-1334.320722
-1352.497644
-1370.337956
-1228.961896
-723.374175
58.906692
770.162919
1195.300929
1391.207755
1419.146358
1156.927427
558.772048
-150.801131
-761.411068
-1342.735963
-1964.117409
-2356.604282
-2214.218392
-1700.215430
-1224.922580
-872.155648
-414.029891
178.739733
633.499394
746.600242
632.489565
518.042278
463.174902
460.818635
585.027602
967.079575
1615.053184
2377.474081
3130.806517
3882.792514
4583.950451
5000.000000
4840.783627
4042.008886
2843.341861
1445.401912
-174.700417
-1889.390063
-3260.064629
-3939.679548
-4167.900902
-4358.085364
-4292.783089
-3463.376868
-2117.274808
-1236.030699
-1175.777568
-1265.315740
-1008.145954
-838.494682
-1248.821866
-1897.132086
-2135.451730
-1920.694762
-1556.819712
-998.047664
-69.341591
1032.381850
1889.053454
2401.373367
2756.496567
2987.410798
2811.700552
1990.709573
747.610071
-381.042144
-1101.386832
-1575.669853
-2001.817692
-2189.645887
-1829.810152
-1033.055069
-178.739733
581.324896
1265.652350
1702.571698
1671.603608
1269.691666
814.595395
358.152686
-281.742292
-1022.620170
-1483.102195
-1379.426417
-833.782146
-220.815942
302.612091
846.236704
1441.699206
1877.272115
1870.539922
1479.062879
954.625017
353.776760
-364.548270
-1005.789686
-1304.025852
-1286.185539
-1196.647368
-1063.013330
-665.140703
-50.491450
407.297698
492.796553
360.508954
251.447422
165.275347
-40.056550
-286.454827
-366.904537
-164.265518
298.236165
923.993537
1702.908308
2588.191733
3408.509492
4023.495355
4383.331089
4500.807863
4338.562004
3821.192945
2967.214218
1902.517840
789.349670
-302.612091
-1367.308469
-2200.754006
-2450.181769
-2193.011983
-2024.033930
-2293.658274
-2533.997576
-2143.193753
-1520.465868
-1623.131816
-2426.282483
-2990.776895
-2841.322203
-2448.162111
-2286.589471
-2089.672815
-1528.207890
-797.428302
-131.614380
527.130739
1184.529420
1542.345496
1357.883398
854.315336
457.115928
257.169786
-37.363673
-644.270903
-1285.175710
-1477.043221
-1151.878282
-721.354517
-481.351824
-317.759526
-47.125353
224.518648
349.400835
406.961088
422.781742
256.496567
-81.459540
-297.899556
-187.491585
38.373502
38.373502
-149.791302
-208.697994
17.840312
324.491719
398.209237
226.874916
88.191733
112.764239
161.909250
130.267941
86.172075
101.319510
69.678201
-54.867376
-67.321933
89.874781
147.771644
-96.270365
-427.494278
-529.823617
-444.324761
-451.730174
-624.410933
-738.185001
-592.433015
-275.346708
35.680625
300.255823
586.037431
899.421031
1171.401643
1423.522284
1748.350613
2123.333782
2401.036758
2568.668372
2776.356537
3112.292985
3411.538979
3426.013195
3101.521476
2566.985324
1894.102599
1032.381850
-74.390737
-1205.399219
-1917.328666
-2133.768682
-2345.159553
-2842.668641
-3165.477313
-2759.189444
-1946.613707
-1620.102329
-1937.188636
-2164.063552
-1892.082941
-1503.635384
-1420.156187
-1454.490373
-1255.890669
-918.607782
-604.550963
-211.390871
332.233742
791.705938
867.779723
661.774606
558.098829
645.280732
569.206948
73.380907
-550.356806
-830.079440
-721.354517
-552.713074
-476.975899
-352.766931
-105.695436
140.366231
322.135452
501.885014
635.519052
552.713074
277.366366
59.243301
68.668372
178.066514
137.673354
-56.887034
-149.118083
19.523361
329.204255
488.084018
421.771913
331.223913
312.373771
287.464656
197.926484
115.457116
75.063956
-21.879628
-167.295005
-167.631614
10.771509
133.970648
13.464387
-229.231184
-347.717786
-331.223913
-390.803824
-607.917059
-794.062205
-761.747677
-557.089000
-317.086307
-46.788744
310.017504
694.762354
998.384274
1236.030699
1538.642790
1893.765989
2151.608994
2265.046452
2351.218527
2513.800996
2697.926484
2741.685741
2509.425071
2014.272250
1376.396930
663.121045
-190.521072
-1103.743100
-1714.016427
-1843.611149
-1882.994480
-2230.375656
-2586.172075
-2372.761546
-1715.026256
-1427.898209
-1776.962434
-2121.650734
-1938.871684
-1463.915444
-1232.327992
-1264.305911
-1199.340245
-938.131143
-640.568197
-408.644136
-224.518648
-146.425205
-307.324626
-636.528881
-839.504511
-805.506934
-773.529016
-986.939545
-1256.563889
-1190.588394
-756.025313
-302.275481
-76.747004
60.926350
313.383600
630.469907
854.315336
956.308065
991.988690
975.158207
909.519321
872.492258
908.172883
902.450518
705.533863
349.064225
62.946008
-16.830483
-20.196580
-115.793726
-246.398277
-218.796284
10.434900
260.872492
400.902114
503.231453
648.646829
766.796822
758.381581
662.111216
557.089000
409.990575
174.027198
-94.587317
-259.189444
-307.661236
-369.934025
-491.450114
-533.526323
-385.418069
-140.702841
54.530766
214.420358
460.482025
792.379157
1081.190252
1286.185539
1508.684529
1815.335936
2100.444325
2291.302006
2451.191598
2618.149993
2736.299987
2691.867510
2449.171940
2073.178942
1587.787801
984.919887
244.715228
-540.595126
-1114.177999
-1290.898075
-1238.386966
-1340.379696
-1636.932813
-1729.163862
-1408.711458
-1057.627575
-1114.177999
-1424.195503
-1461.895786
-1088.259055
-655.715632
-506.260940
-598.155379
-678.941699
-659.418338
-624.074323
-662.447826
-827.723172
-1114.177999
-1440.689377
-1631.210448
-1553.790225
-1341.389525
-1232.327992
-1252.524573
-1179.816884
-869.126161
-465.867780
-240.675912
-215.766797
-158.206544
58.570082
360.845563
586.374041
694.762354
749.966339
787.666622
809.209641
778.914770
654.032584
392.150263
-4.712535
-404.604820
-626.767201
-615.995691
-492.123334
-340.648983
-124.545577
193.887168
510.973475
673.555945
682.981015
625.084152
541.941565
415.376330
227.884745
59.916521
-34.334186
-104.012387
-190.857681
-272.653831
-302.275481
-302.948701
-359.162515
-470.916925
-548.673758
-527.803959
-427.830887
-285.444998
-53.520937
286.791437
636.192271
908.846102
1142.789821
1435.303622
1762.488219
1987.343477
2052.982362
2062.070823
2107.513128
2145.886630
2032.785782
1691.463579
1240.406624
824.020466
405.951259
-162.245860
-799.447960
-1145.146089
-1065.032988
-955.298236
-1214.487680
-1616.063013
-1616.736233
-1218.190386
-1017.907634
-1275.750640
-1497.913020
-1176.787397
-546.317490
-222.498990
-347.044567
-553.386293
-584.690992
-562.474754
-636.192271
-774.202235
-922.983708
-1111.485122
-1285.512320
-1272.721153
-1028.679144
-786.656793
-782.954086
-885.956645
-795.072034
-454.086441
-151.810960
-107.378484
-151.474350
14.810825
406.624478
738.858220
838.831291
817.624882
819.981150
826.040124
796.418473
727.413491
535.882591
154.840447
-315.066649
-615.995691
-606.907230
-474.283021
-397.199408
-266.594857
93.914097
569.543557
863.740407
867.443113
773.865625
763.767335
767.470042
648.646829
441.968493
275.683318
199.609533
137.000135
60.926350
22.552848
-12.454558
-114.783897
-277.366366
-375.319779
-337.282887
-259.526054
-182.442440
-7.742022
348.054396
786.993402
1084.892958
1256.227279
1454.826983
1729.837081
1967.820116
2047.596607
2028.073246
2029.419685
2073.178942
2083.277232
1941.901171
1615.726404
1191.934832
761.747677
293.523630
-287.801266
-805.843544
-982.227010
-858.354652
-850.612630
-1184.192810
-1516.426552
-1485.121853
-1256.563889
-1285.175710
-1583.411876
-1643.328396
-1219.200215
-677.258651
-471.926754
-611.283156
-781.271038
-836.475024
-871.145819
-985.256497
-1161.303353
-1352.497644
-1548.067861
-1623.468426
-1453.817154
-1113.841390
-876.531574
-881.580719
-927.023024
-788.676451
-534.872762
-416.722768
-457.115928
-395.852969
-112.764239
230.577622
440.622055
505.924330
520.735156
484.044702
379.695705
271.307392
173.690588
15.147435
-244.715228
-472.263363
-459.808806
-204.658678
80.113101
249.427764
383.735021
569.206948
725.057224
714.285714
564.831022
468.560657
500.538575
538.912078
515.686011
492.796553
518.378888
509.290427
385.081460
226.201697
106.368655
-14.474216
-191.194291
-373.636731
-417.059378
-282.415511
-66.985324
156.523495
420.088865
755.352094
1056.281136
1214.151070
1297.630268
1448.431399
1637.606032
1744.647906
1757.775683
1799.851892
1925.070688
2009.896324
1931.466272
1686.414434
1340.716305
982.563619
597.145550
118.486603
-385.418069
-631.816346
-467.887438
-234.616938
-413.020062
-915.914905
-1230.308334
-1187.222297
-1172.748081
-1470.311027
-1733.876397
-1492.863875
-844.217046
-325.164939
-234.616938
-403.594991
-561.801535
-639.558368
-739.531439
-931.062340
-1171.738252
-1405.345362
-1551.770567
-1471.320856
-1133.364750
-761.747677
-634.509223
-735.492123
-788.339841
-640.231587
-475.629460
-494.142992
-589.740137
-523.428033
-255.486738
30.294870
184.798707
214.083748
193.550559
156.523495
107.041874
51.501279
-30.294870
-175.373637
-360.845563
-432.543423
-268.277905
38.036892
272.653831
365.221489
431.196984
526.794130
573.919483
504.241282
405.614649
409.653965
527.803959
627.103810
629.796688
576.948970
507.270769
394.843140
197.926484
-56.550424
-276.019927
-410.663794
-484.381311
-483.371482
-340.648983
-51.164669
310.017504
663.794264
986.266326
1207.755487
1239.733405
1138.077286
1067.725865
1122.593241
1231.991383
1324.222432
1442.035815
1648.714151
1905.547327
2077.218258
1989.026525
1612.023697
1101.050222
663.121045
277.702976
-190.857681
-624.410933
-675.912212
-343.678470
-174.700417
-512.993133
-1031.372021
-1258.246937
-1241.753063
-1390.534536
-1705.264575
-1699.542211
-1149.185405
-456.779319
-151.137741
-258.516225
-447.017638
-566.850680
-732.126027
-1013.868318
-1298.303487
-1469.974418
-1532.247206
-1488.151340
-1247.812037
-820.990979
-481.351824
-456.106099
-647.973610
-790.359499
-773.192406
-753.332436
-838.158072
-871.819039
-672.546116
-293.523630
33.997576
208.024774
280.732463
288.474485
203.312239
37.027063
-107.041874
-183.115659
-276.693147
-361.182173
-264.575199
77.420224
492.796553
740.877878
783.963915
743.570755
685.673893
586.710650
469.233876
453.749832
568.533728
716.978592
788.676451
754.342265
670.189848
501.548404
236.636596
-52.847718
-287.128046
-399.892285
-379.022486
-252.793860
-61.262959
191.194291
504.241282
785.310354
939.814191
956.644675
872.155648
765.113774
743.234146
887.976303
1151.205063
1422.175845
1645.348054
1812.643059
1927.763565
1962.097751
1810.286791
1380.772856
817.961492
430.860374
281.742292
114.447287
-201.629191
-344.688299
-17.840312
336.609667
63.282617
-746.600242
-1385.485391
-1472.667295
-1374.040662
-1486.131682
-1549.414299
-1116.870877
-339.975764
173.353979
81.459540
-364.548270
-777.904941
-1060.320452
-1297.630268
-1445.738522
-1402.652484
-1226.942238
-1044.163188
-844.890265
-541.604955
-295.879898
-390.467214
-809.882860
-1215.160899
-1336.340380
-1233.337821
-1107.109196
-931.062340
-584.354383
-146.425205
161.572640
212.737310
107.041874
-19.859970
-181.096001
-361.518783
-425.474620
-319.779184
-188.501414
-152.820789
-135.317086
8.415242
253.130470
429.850545
460.482025
432.206813
440.285445
494.816211
566.850680
678.605090
842.197388
956.644675
925.676585
759.728019
538.912078
328.531035
109.061532
-104.348997
-238.992864
-228.221355
-89.538172
81.796149
212.400700
293.523630
375.319779
488.084018
601.858085
661.774606
661.437996
654.369193
728.086711
928.706072
1210.111754
1458.529689
1599.569140
1656.792783
1696.512724
1746.330955
1702.235088
1436.313451
981.890400
589.740137
423.791571
321.462232
75.400566
-176.046856
-88.191733
214.420358
150.127912
-473.273192
-1185.202639
-1476.370001
-1395.920291
-1345.092231
-1389.524707
-1186.212468
-620.708227
-60.589740
38.373502
-352.093712
-846.573314
-1111.148512
-1179.143665
-1219.873435
-1249.158476
-1155.244379
-920.290831
-679.951528
-542.614784
-499.865356
-569.543557
-788.676451
-1102.733270
-1312.777703
-1240.743234
-971.118891
-690.723038
-474.619631
-265.921637
-48.471792
49.145011
-71.697859
-300.255823
-463.174902
-504.914501
-462.838293
-369.934025
-233.943719
-77.083614
60.253130
181.096001
312.373771
436.582739
500.538575
480.678605
425.811229
398.545846
440.622055
558.772048
725.393833
859.364481
863.067187
727.076882
521.408375
322.808671
165.275347
51.164669
-20.869799
-35.344015
26.255554
147.771644
275.010098
337.282887
343.678470
364.211660
435.909519
518.715498
572.236435
611.283156
686.683722
859.364481
1108.455635
1336.340380
1466.271711
1471.994076
1417.126700
1370.337956
1316.817019
1195.974148
976.168036
750.302949
659.754948
656.725461
539.585297
252.793860
38.036892
96.606975
160.899421
-168.641443
-841.860778
-1354.517302
-1349.468157
-1057.964185
-915.914905
-944.190117
-805.170324
-397.536017
-74.727346
-241.685741
-814.932005
-1308.401777
-1400.296217
-1224.585970
-1065.706207
-997.037835
-905.480005
-725.393833
-560.118487
-525.447691
-625.084152
-789.013060
-951.258920
-1079.843813
-1088.595664
-911.202370
-640.568197
-440.285445
-373.973341
-346.371348
-289.147704
-270.970782
-366.231318
-507.607378
-549.010368
-442.305103
-273.327050
-127.575064
-44.769086
-7.742022
29.285041
114.110677
254.813518
398.882456
508.280598
567.860509
593.779453
612.966204
650.329877
712.266056
782.617477
777.568332
648.646829
458.798977
315.739868
223.845429
128.584893
22.216238
-34.334186
10.098290
99.973071
187.491585
244.378619
292.177191
356.469638
440.958664
539.248687
589.403528
564.494412
536.555810
596.808940
759.728019
964.050088
1131.345092
1230.981554
1306.382119
1380.099636
1431.600916
1418.473139
1283.492662
1038.777434
806.853373
690.723038
649.993268
525.111081
258.179615
48.135182
104.685607
254.140299
100.982900
-470.916925
-1083.883129
-1267.335398
-1045.846237
-863.740407
-962.030430
-1071.765181
-866.433284
-480.678605
-382.725192
-764.440555
-1281.809614
-1499.259459
-1318.163458
-1005.453077
-825.366905
-778.241551
-707.890131
-549.346977
-397.199408
-399.555675
-573.919483
-805.170324
-981.890400
-1016.561196
-879.897671
-652.349535
-461.155244
-388.784166
-375.992999
-329.540864
-284.098559
-330.887303
-470.916925
-594.789282
-605.560792
-474.956241
-275.346708
-113.774068
-30.631480
39.719941
192.877339
421.098694
616.332301
695.098963
680.624748
630.133297
590.076747
584.690992
630.806517
689.713209
673.219335
554.732732
409.990575
319.442574
255.150128
142.722499
-10.098290
-102.665949
-58.570082
84.152417
210.381042
245.725057
222.498990
232.260671
308.334455
396.189579
426.147839
404.268211
404.941430
511.310085
728.423320
974.484987
1148.848795
1207.082267
1224.585970
1253.534402
1269.018446
1227.278847
1122.256631
992.661909
873.838697
796.418473
797.428302
826.376734
753.332436
561.464925
396.189579
370.943854
314.730039
-30.968089
-642.924465
-1120.573583
-1163.323011
-925.676585
-797.428302
-916.251515
-1016.561196
-859.027871
-613.639424
-654.032584
-1049.212333
-1453.817154
-1478.726269
-1148.848795
-806.516763
-683.317625
-704.187424
-653.695974
-494.142992
-393.833311
-461.828464
-641.578026
-807.863202
-857.008213
-759.391410
-567.523899
-390.130605
-307.324626
-324.828329
-362.528612
-390.467214
-444.997980
-535.545981
-620.035007
-623.064494
-500.538575
-300.929043
-109.061532
39.046721
154.167228
246.398277
328.531035
415.376330
499.528746
533.189713
495.489430
438.265787
441.631884
521.744985
605.897401
629.460078
549.683587
403.258382
292.177191
242.695570
203.648849
114.110677
12.117948
-13.127777
51.837889
137.673354
159.552982
101.319510
24.235896
-1.346439
24.572506
61.262959
54.530766
25.582335
53.857547
181.096001
337.282887
430.860374
442.641713
452.066783
513.666352
606.907230
680.624748
714.958934
729.096540
748.956510
781.944257
821.664198
870.809210
916.588124
943.853507
930.052511
869.462771
780.597819
669.853238
539.921907
382.725192
214.083748
52.174498
-82.132759
-190.857681
-274.000269
-352.093712
-424.464791
-441.631884
-407.634307
-410.663794
-549.346977
-782.954086
-947.219604
-931.398950
-805.506934
-722.700956
-768.479871
-860.374310
-850.276020
-716.641982
-593.442844
-594.789282
-698.801670
-782.617477
-757.035142
-686.683722
-659.081729
-669.516629
-646.290561
-557.762219
-418.742426
-293.523630
-239.666083
-254.476909
-289.147704
-275.346708
-187.491585
-75.737175
-31.977918
-77.420224
-126.565235
-114.110677
-66.985324
-53.857547
-113.100848
-207.014945
-251.110812
-230.914232
-202.975629
-208.697994
-238.656254
-244.042009
-208.024774
-162.919079
-133.634038
-124.882187
-130.604551
-109.398142
-25.918944
101.319510
200.955971
257.506396
309.680894
394.169921
501.548404
565.840851
586.710650
594.789282
612.966204
639.221758
643.597684
644.944123
653.022755
663.121045
670.189848
702.167766
782.280867
884.610206
966.406355
992.661909
1003.096809
1030.025582
1057.290965
1058.974014
1046.519456
1040.123872
1052.915040
1071.091962
1067.052646
1012.185270
906.153225
797.764912
721.354517
645.617342
493.133163
241.349132
-16.830483
-174.700417
-186.818365
-95.933755
-11.781338
-39.046721
-217.449845
-475.629460
-720.008079
-892.688838
-1017.234415
-1115.861048
-1173.757910
-1199.003635
-1219.200215
-1244.109331
-1266.325569
-1283.829272
-1322.539383
-1389.861317
-1435.303622
-1405.345362
-1306.718729
-1178.470446
-1033.728289
-849.602801
-632.826175
-437.592568
-326.174768
-306.651407
-332.570351
-353.440151
-328.531035
-263.901979
-208.361384
-200.619362
-213.410529
-204.658678
-154.167228
-95.933755
-77.420224
-108.388313
-184.125488
-290.830753
-392.150263
-442.641713
-420.088865
-338.965935
-237.646425
-140.366231
-54.867376
24.572506
100.982900
175.373637
252.120641
336.609667
424.128181
508.617207
568.533728
614.649253
682.981015
764.777164
822.000808
824.693685
795.745254
771.845967
774.202235
808.536421
855.998384
903.460347
912.885418
885.283425
862.057358
887.303083
948.902652
980.543961
959.674162
930.052511
920.627440
901.440689
843.207217
787.330012
786.656793
835.801804
887.639693
885.283425
802.140837
639.221758
461.155244
341.322203
307.324626
277.029756
168.978053
12.791167
-90.884610
-90.211391
-19.186751
36.017234
-11.108119
-210.044432
-528.140568
-823.347247
-980.543961
-1019.254073
-1050.558772
-1128.315605
-1221.219873
-1261.613034
-1246.128989
-1234.684260
-1240.406624
-1259.256766
-1266.998788
-1222.229702
-1120.573583
-1001.413761
-906.489834
-831.425879
-727.413491
-557.762219
-386.427898
-297.226336
-308.671065
-384.744850
-458.462367
-463.511512
-385.418069
-306.314797
-297.899556
-361.518783
-414.703110
-407.297698
-353.776760
-309.680894
-310.690723
-332.906961
-360.172344
-360.508954
-318.432745
-247.071496
-169.651272
-94.250707
-1.346439
107.378484
204.995287
262.892150
302.948701
353.440151
426.147839
514.339572
556.415780
536.219200
508.953817
534.199542
629.460078
740.877878
790.359499
768.479871
737.511781
727.750101
731.452807
737.175172
749.966339
782.280867
806.180153
821.664198
839.504511
855.661775
843.207217
801.804228
772.519187
789.349670
833.782146
828.059782
771.509358
722.364346
719.671469
748.956510
760.064629
721.354517
624.410933
499.865356
412.683452
398.545846
426.484449
425.138010
323.818500
135.990306
-67.321933
-233.943719
-305.641578
-275.346708
-220.479332
-256.159957
-435.236300
-697.118621
-920.964050
-1024.303218
-1040.460482
-1041.806921
-1063.686549
-1097.010906
-1067.725865
-948.566043
-816.951663
-755.688703
-785.983573
-835.128585
-818.971321
-750.976168
-696.445402
-681.634577
-659.754948
-570.216777
-437.592568
-349.064225
-361.855392
-456.442709
-577.622189
-659.081729
-668.170190
-624.074323
-596.135721
-623.401104
-658.071900
-625.084152
-506.934159
-371.280463
-297.899556
-308.671065
-367.914367
-395.179750
-343.678470
-240.339303
-124.882187
-43.422647
28.611822
129.931332
250.774202
327.521206
305.641578
234.616938
199.609533
250.774202
347.717786
414.366501
434.226471
453.413222
524.437862
636.865491
730.106369
748.283291
695.098963
627.103810
616.332301
682.981015
772.519187
825.366905
822.674027
804.833715
817.288273
853.978726
871.482429
838.158072
773.529016
720.008079
708.563350
730.442978
732.799246
702.167766
663.457655
662.784435
710.246398
780.934428
807.189982
744.243975
614.649253
473.609802
381.042144
357.479467
352.766931
294.533459
169.651272
11.444729
-125.892016
-222.498990
-258.852834
-238.656254
-208.024774
-252.793860
-408.307527
-596.135721
-692.742696
-667.833580
-601.858085
-580.651676
-637.875320
-713.275885
-743.570755
-718.661640
-678.605090
-693.079305
-782.954086
-871.819039
-894.371886
-858.354652
-816.951663
-821.327589
-834.118756
-792.715767
-723.374175
-695.772183
-750.302949
-859.027871
-934.765046
-912.885418
-794.062205
-631.479736
-523.428033
-499.865356
-498.182308
-444.997980
-334.926619
-236.973206
-219.469503
-258.852834
-274.673489
-245.051838
-184.462098
-137.000135
-120.169651
-116.130335
-85.162246
-8.415242
66.648714
91.221220
69.341591
59.916521
117.140164
217.786455
315.403258
385.754679
432.543423
494.142992
588.393699
701.157937
787.330012
808.199811
772.855796
736.838562
749.293120
801.131008
838.494682
827.386563
796.418473
788.003231
809.209641
820.654369
778.578161
702.504376
645.617342
640.904807
674.902383
716.978592
746.936852
736.165343
696.445402
658.745119
642.924465
650.666487
639.894978
588.730308
510.973475
431.870203
358.825905
307.661236
303.621920
340.312374
371.280463
343.005251
246.734886
127.575064
58.906692
69.004982
137.000135
178.403124
104.685607
-93.240878
-319.779184
-461.155244
-481.351824
-477.985728
-527.803959
-634.172613
-750.639558
-823.347247
-852.632288
-888.986132
-973.475158
-1095.664467
-1191.934832
-1205.735829
-1168.035546
-1133.364750
-1119.563754
-1079.843813
-984.583277
-853.642117
-753.332436
-728.423320
-756.025313
-798.438131
-789.686280
-700.821328
-568.870338
-478.995557
-479.332166
-524.437862
-518.715498
-446.007809
-372.626902
-351.083883
-392.823482
-432.880032
-421.771913
-350.747273
-249.091154
-171.334321
-133.634038
-94.250707
-20.196580
81.459540
161.572640
202.302410
249.427764
332.906961
452.403393
568.533728
628.450249
626.093981
619.025178
659.754948
731.789417
782.280867
766.123603
709.909789
672.882725
674.565774
704.860644
738.185001
763.094116
777.568332
780.597819
779.924599
768.816480
732.462636
657.062071
566.177461
507.607378
514.339572
559.445267
584.690992
572.909654
557.425609
577.622189
614.312643
630.133297
619.698398
604.214353
609.936717
632.826175
656.725461
655.042413
628.450249
606.234011
597.482160
578.968628
509.290427
363.875050
174.700417
36.690454
29.621651
115.457116
164.265518
60.253130
-175.373637
-422.445133
-576.275751
-642.587855
-692.069476
-778.914770
-898.411202
-995.691396
-1019.927292
-978.524303
-929.715901
-938.467753
-1012.521880
-1078.833984
-1079.843813
-1043.826579
-1035.411337
-1047.192675
-1025.649657
-944.526727
-841.524169
-782.617477
-806.516763
-887.639693
-961.357210
-965.396526
-880.570890
-745.927023
-656.725461
-650.666487
-682.644406
-680.624748
-604.550963
-501.211795
-426.484449
-373.636731
-296.216507
-189.174633
-79.103272
0.336610
36.353844
56.550424
86.172075
122.189309
157.869934
194.223778
237.983035
284.435169
339.639154
406.961088
481.015215
527.467349
510.636865
461.491854
460.818635
533.189713
630.133297
691.732867
682.981015
653.359364
644.270903
659.754948
659.754948
628.450249
597.145550
603.877743
648.646829
695.435573
718.998250
705.533863
677.595261
652.686145
658.408509
687.020331
711.256227
709.909789
694.762354
692.406086
718.998250
760.401239
788.003231
792.042547
780.934428
766.796822
744.580584
710.583008
648.310219
560.791706
482.025044
454.759661
488.084018
519.388717
456.779319
263.901979
46.115524
-71.361249
-59.579911
13.800996
30.294870
-77.756833
-258.179615
-427.830887
-523.091423
-538.912078
-556.079171
-634.509223
-769.489700
-901.777299
-961.020601
-961.693820
-980.543961
-1049.548943
-1148.512185
-1225.259189
-1252.861182
-1259.593376
-1268.008617
-1272.384543
-1247.812037
-1170.391814
-1055.271307
-958.664333
-919.617611
-932.408779
-938.804362
-853.305507
-695.098963
-554.396122
-500.875185
-513.666352
-517.032449
-458.462367
-358.489296
-282.415511
-249.427764
-253.467080
-270.634173
-266.594857
-225.528477
-161.572640
-98.290023
-58.233472
-12.454558
51.164669
111.081190
142.385889
149.118083
172.344150
242.695570
341.322203
405.278040
422.781742
424.464791
463.511512
551.703245
660.764777
725.393833
715.632153
672.546116
649.656658
689.376599
768.816480
848.929581
895.045106
894.035277
869.462771
861.720749
870.472600
873.502087
850.276020
810.556079
779.587990
766.796822
772.855796
780.597819
786.320183
784.300525
758.381581
721.691127
680.624748
636.865491
591.423186
574.929312
601.184866
654.705803
680.961357
641.914636
570.216777
512.656523
517.032449
565.840851
599.165208
554.396122
400.902114
188.164804
11.444729
-64.292446
-47.461963
-24.235896
-95.597146
-289.820924
-542.951394
-750.302949
-844.217046
-872.828868
-919.954221
-1015.551367
-1127.642386
-1191.598223
-1204.389390
-1199.676855
-1196.310758
-1203.042951
-1219.200215
-1219.873435
-1195.300929
-1154.571159
-1127.305776
-1104.416319
-1042.480140
-935.774875
-837.148243
-808.199811
-853.305507
-914.568466
-896.391544
-785.310354
-633.836004
-536.892420
-532.853104
-576.948970
-592.096405
-523.428033
-398.545846
-297.899556
-268.614515
-300.592433
-336.609667
-312.037162
-230.914232
-142.385889
-89.201562
-69.678201
-28.611822
51.837889
130.267941
172.344150
202.302410
257.843005
370.607244
502.894843
594.116063
636.192271
657.735290
710.246398
810.219470
921.973879
980.880571
966.742965
919.617611
907.836273
943.853507
981.217181
989.969032
970.445671
937.121314
906.826444
892.015619
886.293254
871.145819
822.000808
741.551097
673.892554
654.369193
664.130874
659.081729
636.865491
633.836004
669.180019
714.285714
716.641982
671.536287
607.917059
574.592702
586.374041
607.243840
598.155379
542.614784
460.482025
388.784166
337.282887
307.661236
297.562946
257.843005
149.454692
-15.820654
-180.422782
-276.019927
-292.177191
-276.019927
-271.980611
-330.887303
-466.540999
-645.617342
-793.725596
-855.325165
-863.740407
-894.708496
-970.445671
-1066.042817
-1127.978996
-1131.008483
-1118.890535
-1116.870877
-1146.829137
-1181.836542
-1189.915174
-1178.807055
-1165.679278
-1136.394237
-1082.873300
-990.642251
-882.590548
-804.833715
-772.519187
-785.646964
-806.853373
-796.418473
-732.462636
-644.944123
-587.383870
-590.413357
-613.302814
-592.096405
-519.388717
-441.631884
-386.091289
-348.054396
-312.037162
-276.019927
-220.815942
-139.356402
-45.442305
40.393160
107.715094
175.710246
250.774202
308.334455
345.361519
397.872627
485.727750
602.867914
701.494547
756.025313
785.983573
812.912347
845.563485
888.649522
929.379292
947.892823
945.873165
927.023024
922.983708
934.765046
956.308065
963.376868
943.516898
926.686414
925.003366
928.032853
907.499663
851.959068
776.221893
709.236569
651.676316
604.214353
563.484583
523.764643
499.192137
481.015215
464.521341
458.798977
447.017638
421.098694
393.833311
380.032315
386.091289
401.575333
399.219066
376.329608
350.074054
318.432745
280.395853
238.319645
214.083748
221.489161
235.626767
186.145146
42.412818
-143.059109
-294.533459
-350.410664
-319.779184
-278.712805
-317.086307
-461.155244
-643.597684
-770.499529
-811.229299
-825.030295
-874.848526
-967.416184
-1048.539114
-1066.042817
-1035.411337
-1013.531709
-1046.182846
-1119.900364
-1193.281271
-1221.556483
-1202.706342
-1176.450788
-1153.897940
-1119.227144
-1043.489969
-927.696243
-806.180153
-741.887707
-762.084287
-815.941834
-834.455366
-766.460213
-641.241416
-520.061936
-449.037296
-417.059378
-381.042144
-315.066649
-229.904403
-155.177057
-110.071361
-95.597146
-81.796149
-46.115524
25.918944
102.329339
172.680759
247.744715
330.550693
417.732597
478.322337
506.934159
543.624613
603.877743
694.089134
788.676451
863.067187
908.846102
917.934563
909.855931
905.480005
920.964050
935.438266
927.696243
896.391544
852.295678
817.288273
806.516763
804.497105
778.241551
724.047395
669.516629
631.143126
601.858085
570.553386
531.170055
503.568062
488.084018
463.511512
427.830887
386.764508
363.875050
365.221489
367.914367
364.884879
361.182173
349.737444
331.560522
300.255823
278.039585
271.980611
278.039585
287.128046
283.425340
270.970782
260.535883
254.476909
248.754544
234.280329
216.776626
188.501414
126.565235
25.245725
-110.071361
-232.933890
-291.167362
-278.039585
-257.169786
-292.177191
-413.020062
-592.096405
-759.391410
-867.106503
-915.241686
-951.595530
-1005.789686
-1051.568601
-1073.111620
-1052.578430
-1031.035411
-1048.875724
-1102.060051
-1159.620304
-1180.490104
-1156.590817
-1103.743100
-1059.983843
-1008.482564
-935.774875
-826.376734
-703.514205
-632.489565
-637.538710
-682.644406
-692.742696
-629.796688
-517.369059
-397.872627
-307.997846
-256.496567
-211.727481
-140.366231
-43.759257
38.373502
81.122930
81.459540
81.459540
127.238454
208.361384
288.474485
336.273058
372.626902
427.157668
493.133163
546.317490
566.514070
557.425609
555.742561
585.364212
655.379022
728.086711
764.777164
759.728019
736.501952
739.531439
768.479871
784.973744
755.015484
690.723038
632.489565
625.084152
647.973610
657.398680
630.806517
585.700821
550.020197
522.081594
499.528746
465.531170
410.327185
359.835734
330.550693
329.204255
329.204255
312.037162
287.128046
276.693147
296.889727
333.243571
358.152686
328.194426
267.268076
220.815942
215.430187
236.636596
259.526054
264.911808
248.081325
235.626767
223.845429
207.688165
188.164804
148.444863
101.656120
64.965666
47.798573
35.007405
-8.751851
-98.626633
-225.865087
-334.253400
-381.715363
-376.329608
-371.617073
-415.376330
-512.319914
-627.440420
-731.116198
-808.536421
-852.295678
-887.303083
-923.993537
-954.625017
-968.762623
-959.000943
-944.190117
-943.853507
-956.644675
-960.347381
-936.784704
-894.708496
-845.563485
-796.418473
-738.185001
-659.081729
-555.742561
-452.740003
-390.130605
-381.715363
-398.545846
-377.002828
-302.612091
-210.717652
-139.356402
-97.953413
-63.619227
-16.157264
27.265383
46.115524
42.412818
42.749428
61.599569
89.201562
117.476774
148.108254
192.540730
239.666083
276.693147
307.661236
333.580180
360.845563
371.280463
361.855392
368.250976
413.020062
481.688434
536.219200
552.713074
547.327319
545.644271
546.654100
555.069342
570.216777
578.968628
565.840851
543.961223
534.199542
543.288003
553.722903
539.921907
505.587720
474.956241
454.423051
443.314932
415.039720
378.685876
351.420493
343.678470
341.658812
311.027333
258.516225
201.292581
169.987882
178.066514
208.697994
232.597280
229.904403
208.024774
186.145146
175.037027
179.076343
188.164804
188.164804
188.838023
188.164804
189.511243
195.233607
203.312239
211.054261
204.322068
168.978053
114.783897
59.579911
13.127777
-19.859970
-65.302275
-126.228625
-198.263094
-266.931466
-303.285310
-316.749697
-328.194426
-352.430322
-414.366501
-504.914501
-583.007944
-628.786859
-634.509223
-634.509223
-646.627171
-664.804093
-684.327454
-701.831157
-713.275885
-716.305372
-721.691127
-722.364346
-717.315201
-687.693551
-631.479736
-570.553386
-522.754814
-479.332166
-439.612226
-401.238724
-385.754679
-403.258382
-426.147839
-408.980746
-343.341861
-266.594857
-207.351555
-182.105830
-183.115659
-170.997711
-142.049280
-109.398142
-92.904268
-108.388313
-122.862529
-108.724923
-49.818231
29.958260
91.894439
123.872358
145.415376
187.491585
242.695570
282.415511
306.314797
315.739868
346.707957
415.376330
493.469772
560.118487
592.433015
595.799111
590.413357
596.472331
612.292985
615.322472
596.808940
561.801535
535.545981
530.833446
529.823617
503.904672
447.354248
380.032315
331.560522
313.720210
299.919214
277.366366
251.110812
227.884745
219.806113
226.538306
215.093577
183.452269
130.941161
97.953413
113.100848
147.098425
168.978053
160.899421
145.415376
149.454692
181.769220
215.430187
233.270500
233.943719
244.042009
269.287734
299.245994
313.720210
306.651407
279.049414
260.872492
256.496567
247.408106
217.786455
172.680759
129.258112
98.626633
76.073785
35.007405
-39.046721
-139.356402
-215.093577
-244.042009
-248.417935
-274.336879
-343.341861
-439.275616
-523.764643
-570.889996
-581.661505
-577.622189
-585.700821
-614.312643
-640.568197
-646.963781
-640.904807
-638.211929
-654.705803
-687.693551
-708.563350
-707.216911
-682.981015
-651.003097
-629.123468
-612.292985
-592.433015
-566.177461
-543.624613
-533.189713
-532.516494
-517.369059
-480.005386
-429.850545
-372.626902
-327.184597
-304.968359
-279.722634
-233.270500
-176.720075
-132.960819
-109.061532
-103.339168
-77.756833
-26.592164
40.729770
106.705265
144.068938
184.798707
224.182039
270.297563
316.749697
348.727615
374.646560
406.624478
454.759661
504.914501
539.921907
553.386293
552.039855
553.722903
559.108658
558.435438
534.536152
494.142992
456.442709
434.563081
439.612226
447.690858
449.037296
432.543423
397.872627
364.211660
343.005251
332.906961
331.560522
331.223913
334.253400
338.629325
338.292716
334.926619
315.739868
294.196849
293.523630
309.680894
336.946277
356.806247
348.727615
333.243571
321.798842
318.432745
317.759526
301.265652
269.287734
240.675912
226.538306
238.319645
253.130470
247.744715
210.381042
159.889592
127.575064
116.466945
113.100848
84.825636
35.007405
-27.265383
-78.093443
-112.091019
-141.376060
-187.491585
-257.506396
-332.570351
-390.130605
-408.980746
-413.020062
-431.533594
-472.263363
-520.735156
-558.098829
-566.850680
-565.840851
-580.651676
-609.600108
-636.528881
-648.983439
-640.568197
-625.757372
-625.084152
-635.182442
-646.963781
-651.339706
-644.607513
-627.440420
-616.668911
-603.541134
-582.671334
-550.356806
-517.705669
-501.548404
-500.875185
-496.835869
-474.956241
-439.612226
-397.536017
-362.528612
-336.609667
-310.690723
-267.604686
-219.469503
-171.334321
-126.565235
-95.260536
-64.965666
-22.216238
30.631480
85.162246
140.029622
178.739733
225.528477
293.860240
361.855392
420.762084
466.540999
496.835869
524.101252
566.850680
609.600108
642.924465
658.071900
652.686145
653.022755
656.388851
664.804093
669.853238
652.349535
621.718056
592.096405
568.870338
549.683587
527.803959
495.826040
464.857951
435.909519
410.327185
386.091289
359.499125
342.332032
320.789013
302.948701
288.811095
275.010098
273.327050
268.614515
257.169786
238.992864
213.747139
186.481756
161.909250
139.019793
123.872358
112.764239
102.329339
91.221220
76.073785
58.233472
40.056550
22.889457
18.850141
19.859970
19.523361
18.850141
10.434900
2.019658
-1.346439
-11.444729
-40.729770
-85.162246
-120.842871
-134.980477
-130.604551
-122.862529
-128.584893
-161.909250
-217.449845
-267.604686
-309.344284
-342.332032
-375.656389
-415.376330
-455.432880
-488.084018
-507.943988
-518.378888
-536.892420
-569.206948
-608.926888
-640.904807
-667.833580
-692.069476
-712.602666
-729.769759
-735.492123
-727.076882
-717.988421
-698.128450
-681.297967
-674.229164
-660.428167
-630.806517
-573.919483
-509.963646
-459.135586
-416.722768
-374.309950
-317.086307
-260.199273
-212.400700
-175.037027
-145.751986
-102.665949
-40.729770
28.948431
88.191733
133.297428
176.046856
221.152552
272.653831
315.739868
350.410664
381.715363
408.644136
449.037296
493.469772
524.437862
539.921907
551.703245
568.870338
587.047260
604.887572
621.718056
630.133297
630.469907
622.054665
609.936717
596.135721
582.671334
552.713074
514.676181
483.371482
458.125757
444.324761
430.187155
412.346843
391.813653
366.904537
336.946277
307.661236
276.693147
252.793860
240.675912
223.845429
204.658678
190.184462
176.046856
158.543153
136.663525
106.368655
80.449711
59.579911
48.471792
40.056550
38.373502
39.383331
38.036892
30.631480
8.751851
-15.147435
-39.719941
-55.540595
-59.243301
-56.887034
-51.501279
-52.174498
-64.292446
-78.093443
-91.221220
-99.636462
-111.417800
-128.584893
-156.523495
-191.194291
-215.766797
-228.221355
-220.815942
-209.371213
-218.123064
-245.725057
-282.078901
-309.680894
-319.442574
-314.056820
-312.710381
-325.501548
-345.361519
-363.875050
-381.715363
-397.199408
-404.941430
-416.049549
-428.167497
-444.997980
-463.174902
-470.580315
-475.629460
-471.253534
-467.887438
-463.848122
-460.818635
-467.550828
-467.887438
-460.145415
-436.919348
-407.634307
-380.032315
-359.162515
-350.074054
-334.926619
-308.671065
-269.624344
-218.123064
-168.641443
-125.218796
-89.874781
-53.184327
-19.186751
6.058974
31.304699
64.629056
111.081190
163.928908
220.815942
266.594857
293.187020
308.334455
330.887303
364.884879
410.327185
445.671200
456.106099
454.086441
466.540999
495.826040
536.892420
568.870338
571.899825
549.683587
524.101252
519.725327
520.735156
519.388717
506.260940
482.361653
453.413222
428.504107
414.703110
398.209237
366.231318
330.550693
292.177191
251.110812
218.459674
186.818365
156.523495
131.614380
105.695436
69.341591
34.670796
4.375926
-27.938602
-50.154840
-67.658543
-72.034469
-72.707688
-80.113101
-84.489027
-89.874781
-91.557830
-91.221220
-82.469369
-62.272788
-48.135182
-33.997576
-18.850141
-10.771509
0.000000
18.176922
41.066379
61.262959
75.737175
78.766662
71.024640
64.965666
64.629056
66.648714
71.024640
56.887034
24.909115
-7.405413
-30.294870
-40.393160
-49.145011
-72.034469
-104.685607
-150.464521
-197.589875
-231.587451
-263.565370
-290.830753
-321.125623
-355.796418
-393.160092
-419.079036
-439.275616
-469.907096
-495.826040
-522.418204
-539.248687
-537.565639
-535.882591
-543.961223
-559.781877
-568.533728
-564.494412
-539.585297
-504.241282
-475.966070
-450.383735
-433.216642
-419.079036
-389.120776
-347.044567
-299.919214
-255.486738
-220.815942
-183.115659
-138.009964
-84.489027
-32.651138
11.781338
60.589740
107.378484
158.206544
210.381042
251.447422
282.752121
306.314797
332.570351
362.865221
386.764508
399.219066
404.604820
414.029891
432.206813
450.047125
466.204389
467.550828
452.403393
438.602397
425.138010
416.049549
416.722768
415.712939
417.395988
410.663794
394.843140
379.022486
357.142857
336.609667
307.997846
293.523630
279.049414
255.486738
235.626767
213.410529
201.292581
189.511243
169.314663
138.683183
102.665949
74.390737
53.857547
40.056550
38.036892
43.086037
46.115524
45.442305
41.402989
36.690454
29.285041
19.523361
11.444729
1.346439
3.366097
14.810825
36.353844
54.867376
58.570082
58.570082
53.857547
39.046721
28.948431
21.879628
22.216238
22.216238
18.513532
19.186751
7.742022
-6.058974
-18.850141
-36.017234
-53.857547
-73.717517
-100.309681
-124.208967
-145.415376
-167.295005
-189.511243
-221.152552
-259.189444
-288.811095
-305.641578
-322.135452
-340.648983
-362.865221
-393.833311
-419.415646
-438.939006
-451.056954
-459.472196
-468.897267
-480.341995
-494.142992
-503.904672
-503.568062
-500.201966
-498.855527
-501.211795
-506.260940
-508.280598
-500.201966
-479.332166
-448.027467
-410.663794
-383.061802
-363.875050
-345.361519
-312.037162
-276.019927
-239.329474
-199.272923
-157.869934
-105.022216
-49.481621
11.108119
70.014811
118.486603
165.948566
213.410529
258.852834
297.226336
333.243571
364.884879
402.921772
441.295274
475.966070
509.290427
529.487007
541.268345
549.346977
564.157803
584.017773
592.433015
591.423186
590.749966
579.978457
563.821193
551.366635
532.179884
506.597549
484.717921
452.403393
420.425475
387.101118
353.776760
320.452403
287.128046
262.218931
237.646425
204.658678
168.304834
132.624209
99.636462
73.717517
48.808402
27.265383
9.425071
-8.751851
-22.552848
-26.255554
-25.918944
-28.611822
-40.056550
-46.788744
-41.402989
-38.036892
-30.631480
-21.206409
-18.176922
-12.117948
-6.058974
0.000000
0.336610
-2.356268
-9.761680
-13.127777
-13.127777
-8.078632
-1.009829
0.336610
-1.346439
-15.484045
-30.294870
-50.154840
-75.063956
-110.744581
-146.425205
-182.779049
-207.351555
-223.845429
-243.032180
-268.614515
-302.948701
-338.965935
-379.022486
-419.752255
-459.135586
-495.489430
-523.428033
-535.209371
-540.258516
-538.912078
-547.663929
-566.850680
-583.681163
-597.818769
-604.214353
-593.779453
-579.641847
-567.187290
-547.327319
-522.418204
-489.093847
-452.740003
-422.108523
-392.486872
-358.825905
-319.105965
-270.634173
-218.796284
-172.344150
-128.584893
-74.727346
-12.454558
50.491450
104.685607
143.395718
174.027198
209.371213
262.555541
314.730039
358.489296
393.833311
422.445133
455.432880
497.509088
532.516494
558.098829
566.514070
570.216777
573.246264
579.305238
589.066918
598.155379
601.184866
593.442844
591.759795
589.066918
578.295409
555.742561
528.140568
501.885014
477.312508
455.096270
431.196984
402.921772
377.339437
349.064225
319.779184
291.840582
257.506396
220.815942
186.145146
154.167228
128.921503
116.803555
106.032045
97.616804
84.825636
65.975495
43.086037
15.820654
-11.444729
-33.660967
-50.491450
-63.955837
-74.054127
-85.162246
-103.002558
-112.764239
-117.476774
-125.892016
-141.712670
-161.572640
-184.462098
-204.658678
-219.132893
-220.815942
-223.845429
-230.241013
-235.963377
-243.705399
-250.774202
-253.803689
-254.813518
-264.911808
-276.693147
-284.771779
-287.128046
-284.435169
-279.386024
-284.435169
-294.870069
-302.612091
-310.017504
-321.462232
-337.956106
-349.064225
-356.806247
-357.816076
-357.816076
-357.142857
-360.508954
-371.953683
-384.408240
-394.169921
-398.545846
-402.585162
-403.594991
-398.882456
-395.516359
-386.427898
-374.983170
-358.489296
-344.015080
-335.263229
-317.759526
-290.830753
-251.110812
-218.123064
-194.223778
-164.265518
-120.842871
-72.371078
-30.294870
8.415242
39.719941
73.044298
121.516090
175.037027
229.231184
274.673489
310.354113
344.015080
381.378753
412.683452
444.997980
473.273192
493.133163
509.963646
535.882591
564.831022
584.017773
594.789282
591.759795
589.740137
591.423186
591.759795
584.354383
571.226606
552.376464
533.526323
524.437862
512.319914
495.152821
467.550828
430.187155
392.486872
360.172344
334.926619
308.334455
272.653831
230.577622
186.145146
153.830618
133.970648
104.685607
69.341591
30.294870
-15.484045
-47.125353
-73.717517
-94.587317
-112.091019
-137.000135
-159.889592
-179.412953
-196.580046
-215.093577
-232.597280
-250.437593
-258.852834
-261.209102
-265.248418
-267.941295
-272.990440
-273.327050
-265.248418
-259.526054
-260.199273
-259.862663
-259.862663
-263.565370
-262.555541
-254.813518
-243.705399
-230.914232
-221.825771
-221.489161
-226.874916
-231.250842
-234.616938
-233.607109
-226.201697
-219.806113
-219.132893
-220.479332
-225.191868
-237.309816
-249.091154
-259.862663
-266.258247
-267.268076
-271.980611
-274.000269
-271.980611
-268.277905
-264.238589
-262.892150
-266.594857
-267.268076
-265.248418
-255.150128
-240.002693
-223.845429
-211.054261
-187.828194
-168.641443
-147.435034
-123.535748
-103.002558
-76.410395
-44.095866
-15.147435
16.830483
47.125353
76.747004
106.705265
141.712670
173.017369
194.560388
212.400700
230.577622
248.081325
266.931466
289.484314
309.007675
325.501548
338.629325
352.093712
365.894708
377.002828
383.398411
383.735021
378.349266
376.329608
379.359095
384.408240
382.051973
377.002828
373.300121
366.231318
363.875050
362.528612
350.074054
334.253400
324.491719
313.046991
303.621920
293.860240
268.614515
244.715228
225.865087
203.985458
189.511243
163.255689
133.297428
99.636462
69.341591
43.759257
25.245725
5.385755
-24.572506
-57.223643
-89.874781
-116.466945
-134.643867
-152.820789
-169.987882
-190.521072
-213.073919
-230.577622
-243.705399
-247.744715
-246.398277
-248.417935
-253.467080
-257.506396
-264.238589
-267.268076
-265.585028
-271.644002
-269.624344
-259.526054
-247.744715
-241.012522
-236.636596
-227.884745
-223.172210
-214.756968
-201.292581
-188.838023
-183.452269
-181.096001
-176.383466
-167.295005
-153.157399
-138.009964
-125.892016
-117.476774
-110.744581
-103.339168
-96.606975
-88.528343
-85.162246
-79.776491
-77.756833
-78.430053
-72.707688
-71.697859
-71.361249
-65.638885
-64.629056
-65.302275
-62.946008
-58.233472
-59.243301
-55.877205
-49.481621
-37.700283
-26.592164
-21.543019
-18.850141
-20.533190
-15.820654
-12.791167
-8.751851
5.049145
23.562677
40.393160
52.511108
63.282617
71.697859
84.152417
93.240878
101.992729
112.764239
126.565235
139.356402
155.513666
166.958395
175.037027
186.818365
192.540730
199.946142
212.064090
223.508819
228.557964
232.597280
241.012522
246.734886
251.110812
254.140299
247.408106
234.616938
226.538306
216.440016
209.371213
205.331897
199.609533
189.174633
173.017369
160.899421
151.137741
138.009964
119.496432
101.992729
75.400566
52.174498
35.680625
16.493874
2.019658
-11.781338
-30.631480
-47.798573
-65.638885
-83.815807
-101.319510
-115.120506
-123.535748
-123.199138
-124.882187
-131.277770
-135.990306
-144.405547
-151.137741
-156.860105
-150.801131
-149.454692
-148.108254
-143.059109
-140.702841
-131.614380
-122.189309
-116.803555
-112.091019
-110.071361
-110.744581
-105.022216
-98.963242
-97.280194
-97.280194
-91.894439
-85.162246
-73.380907
-63.955837
-54.867376
-51.164669
-52.511108
-51.501279
-46.788744
-39.719941
-39.383331
-35.344015
-31.977918
-27.938602
-20.533190
-12.791167
-7.405413
-0.673219
-0.336610
2.019658
7.068803
6.058974
6.395584
10.434900
13.800996
12.454558
13.464387
12.454558
7.742022
6.058974
2.356268
-5.385755
-5.722364
-7.742022
-12.117948
-17.840312
-25.918944
-25.582335
-26.255554
-25.582335
-29.285041
-34.334186
-38.710112
-39.046721
-45.442305
-42.412818
-32.987747
-28.611822
-21.206409
-13.800996
-7.742022
-1.683048
8.415242
14.137606
22.216238
26.928773
31.641309
39.719941
51.837889
60.926350
66.985324
74.727346
84.825636
91.221220
90.548001
91.221220
90.548001
91.557830
90.211391
95.260536
98.963242
104.685607
99.299852
97.616804
90.548001
84.489027
82.469369
77.756833
77.083614
71.361249
67.658543
61.262959
54.867376
46.788744
43.422647
34.670796
23.562677
11.108119
1.009829
-6.732193
-11.781338
-19.186751
-26.255554
-33.660967
-40.393160
-48.135182
-52.847718
-55.203985
-63.282617
-64.292446
-67.658543
-71.697859
-71.361249
-71.361249
-72.034469
-66.985324
-57.560253
-48.808402
-40.729770
-37.027063
-31.977918
-27.938602
-23.226067
-15.147435
-3.029487
6.732193
18.850141
26.592164
32.987747
42.749428
51.164669
58.906692
58.233472
54.194156
58.233472
58.570082
62.272788
71.024640
71.361249
67.321933
60.589740
52.174498
41.739599
27.601993
18.176922
9.425071
-0.336610
-6.732193
-14.137606
-23.226067
-33.997576
-46.788744
-64.965666
-81.459540
-85.498856
-92.904268
-102.665949
-109.734752
-115.793726
-117.813384
-116.466945
-120.842871
-124.208967
-132.624209
-137.336744
-136.326915
-130.941161
-120.169651
-112.764239
-106.368655
-97.616804
-84.825636
-78.093443
-68.668372
-58.570082
-53.857547
-38.036892
-22.552848
-8.751851
6.058974
17.840312
29.621651
42.412818
56.550424
65.638885
71.024640
71.697859
76.410395
83.142588
96.943584
106.368655
110.071361
110.744581
110.071361
104.348997
104.012387
101.992729
96.606975
98.290023
97.280194
97.616804
97.616804
94.587317
86.172075
75.737175
66.648714
58.570082
58.906692
53.184327
43.422647
37.363673
32.314528
32.987747
31.977918
25.918944
14.474216
4.039316
-5.385755
-12.454558
-14.474216
-19.523361
-19.523361
-19.186751
-20.869799
-25.918944
-30.294870
-33.660967
-28.611822
-25.582335
-26.255554
-25.918944
-26.255554
-30.631480
-25.918944
-19.523361
-12.791167
-4.712535
-0.673219
1.009829
5.049145
9.761680
15.147435
22.216238
25.918944
31.641309
31.977918
34.334186
39.719941
37.700283
31.977918
26.255554
25.918944
20.533190
19.859970
15.484045
8.751851
3.029487
-3.029487
-11.108119
-17.503703
-26.592164
-40.056550
-51.837889
-57.896863
-59.579911
-65.302275
-64.965666
-73.044298
-81.459540
-87.855123
-91.557830
-96.943584
-97.280194
-100.309681
-104.348997
-97.280194
-97.953413
-97.616804
-97.616804
-90.548001
-85.498856
-81.459540
-73.044298
-69.678201
-63.619227
-55.203985
-46.452134
-34.670796
-22.552848
-12.117948
-6.395584
-2.356268
2.019658
9.761680
18.850141
28.275212
32.651138
35.344015
42.412818
49.818231
56.550424
65.638885
71.697859
75.737175
78.766662
77.420224
81.122930
86.845294
91.894439
96.270365
98.626633
94.587317
90.548001
91.221220
85.498856
88.528343
92.231049
86.845294
82.132759
70.014811
60.589740
55.203985
48.135182
44.769086
37.700283
30.631480
23.562677
13.464387
5.385755
-4.375926
-9.088461
-16.493874
-19.523361
-27.265383
-32.651138
-34.670796
-44.432476
-45.778915
-45.442305
-45.442305
-45.442305
-45.442305
-45.778915
-45.778915
-45.105695
-39.046721
-33.660967
-29.285041
-25.245725
-19.859970
-19.859970
-16.830483
-7.405413
-2.692877
2.019658
5.722364
11.781338
13.127777
16.830483
20.196580
18.850141
19.859970
25.245725
26.255554
21.543019
17.167093
12.791167
13.127777
13.127777
12.454558
7.068803
1.009829
-4.712535
-7.742022
-11.781338
-16.830483
-19.523361
-19.186751
-20.869799
-29.958260
-32.314528
-36.690454
-40.056550
-38.710112
-44.432476
-46.115524
-45.442305
-45.442305
-45.442305
-41.066379
-38.036892
-39.719941
-35.680625
-31.977918
-32.651138
-32.314528
-32.651138
-27.601993
-21.879628
-15.147435
-12.454558
-8.415242
-6.058974
-4.039316
4.375926
6.732193
13.464387
14.810825
13.464387
20.869799
25.582335
26.255554
31.304699
33.660967
38.710112
39.046721
39.719941
46.452134
44.769086
47.461963
52.174498
52.174498
51.837889
52.511108
48.471792
45.442305
45.442305
39.046721
39.046721
38.373502
31.641309
26.928773
21.879628
19.186751
17.503703
11.108119
3.029487
-0.673219
-9.088461
-13.464387
-12.791167
-18.176922
-24.909115
-26.255554
-29.621651
-33.660967
-31.641309
-37.027063
-39.383331
-38.710112
-39.383331
-38.373502
-40.393160
-40.393160
-38.373502
-39.719941
-34.670796
-31.977918
-32.651138
-31.977918
-26.255554
-26.255554
-19.523361
-13.127777
-9.088461
-5.722364
-7.405413
-1.683048
8.078632
13.464387
8.415242
13.127777
12.454558
16.493874
25.582335
25.245725
19.523361
19.859970
18.513532
17.840312
20.196580
25.582335
23.899286
16.493874
12.454558
13.800996
12.117948
16.830483
17.167093
13.127777
9.425071
6.395584
4.712535
-0.673219
0.673219
-0.336610
0.000000
0.000000
0.000000
0.336610
-2.019658
-7.068803
-6.395584
-6.732193
-6.395584
-7.068803
-6.732193
-11.781338
-12.791167
-6.732193
-6.395584
-6.395584
-6.732193
-6.395584
-6.395584
-6.395584
-6.058974
0.336610
-4.039316
-7.068803
-6.058974
-6.732193
-3.029487
1.683048
-3.702706
-4.712535
0.673219
0.000000
-0.673219
2.019658
7.068803
6.395584
6.732193
6.395584
6.395584
6.395584
6.058974
-0.673219
4.375926
5.722364
0.000000
7.405413
2.692877
-3.702706
-7.742022
-5.049145
-2.692877
-6.058974
-9.425071
-13.800996
-12.791167
-13.127777
-12.454558
-17.840312
-19.859970
-19.186751
-19.859970
-19.523361
-19.523361
-19.523361
-19.523361
-19.523361
-15.147435
-12.117948
-13.800996
-12.117948
-7.068803
-6.058974
-6.732193
-5.385755
-0.673219
0.336610
0.000000
5.385755
6.058974
8.078632
13.464387
12.454558
13.127777
19.523361
19.523361
22.216238
26.592164
25.582335
26.592164
25.582335
27.938602
34.670796
39.383331
33.660967
32.314528
32.651138
32.651138
32.314528
32.651138
28.275212
26.255554
33.997576
29.285041
25.582335
27.938602
26.592164
20.869799
19.523361
19.186751
14.474216
10.098290
6.395584
3.029487
-1.683048
-6.395584
-6.395584
-7.742022
-13.800996
-12.117948
-15.484045
-19.859970
-19.186751
-24.572506
-26.928773
-31.641309
-33.324357
-31.304699
-26.592164
-25.582335
-26.928773
-25.245725
-27.265383
-23.226067
-22.889457
-26.928773
-20.869799
-18.850141
-20.196580
-16.157264
-12.117948
-13.800996
-9.425071
-5.722364
-7.405413
-4.039316
0.336610
0.000000
0.000000
0.000000
6.058974
6.732193
6.395584
6.395584
0.336610
-0.336610
0.000000
0.000000
0.336610
-1.346439
-6.732193
-6.058974
-7.068803
-6.058974
-7.742022
-12.454558
-17.503703
-19.523361
-21.879628
-27.265383
-25.582335
-26.592164
-25.245725
-28.611822
-32.987747
-32.314528
-32.651138
-32.314528
-32.651138
-32.651138
-27.601993
-20.869799
-18.850141
-20.196580
-16.157264
-12.454558
-9.088461
-4.375926
0.000000
4.375926
11.444729
19.186751
19.859970
19.186751
21.879628
26.928773
30.631480
36.017234
39.046721
42.749428
46.452134
45.105695
46.452134
51.164669
52.511108
46.788744
45.778915
51.837889
48.808402
44.432476
46.788744
40.729770
39.383331
35.680625
31.977918
32.651138
32.987747
29.285041
26.255554
24.235896
18.850141
14.810825
12.117948
6.395584
1.009829
-3.366097
-11.444729
