43.362832
41.150442
47.787611
50.884956
42.477876
42.920354
42.920354
42.920354
42.920354
34.513274
34.513274
33.185841
37.610619
43.362832
42.477876
42.477876
45.575221
51.769912
50.884956
51.327434
51.327434
51.327434
51.327434
51.769912
51.327434
51.327434
58.849558
60.176991
59.734513
59.734513
59.734513
59.734513
59.292035
60.619469
59.292035
61.061947
55.752212
51.327434
49.115044
42.920354
39.380531
32.743363
26.991150
25.221239
19.911504
14.159292
6.194690
-0.442478
-7.079646
-19.911504
-30.530973
-35.840708
-45.575221
-54.867257
-60.176991
-66.371681
-76.548673
-85.398230
-85.398230
-94.247788
-103.097345
-101.769912
-103.097345
-109.734513
-105.309735
-101.769912
-103.539823
-101.769912
-96.017699
-92.035398
-87.610619
-80.088496
-69.911504
-68.584071
-63.716814
-56.637168
-51.327434
-44.690265
-42.035398
-43.362832
-34.955752
-34.070796
-31.858407
-20.353982
-11.946903
-7.522124
-3.982301
5.752212
12.389381
19.469027
24.336283
31.415929
34.513274
40.707965
43.362832
42.477876
42.920354
42.477876
42.477876
34.955752
33.628319
34.513274
34.070796
34.070796
33.628319
34.955752
33.628319
39.823009
43.805310
42.477876
42.477876
42.477876
42.920354
42.920354
42.477876
48.230088
51.769912
50.884956
52.212389
59.292035
60.176991
59.734513
65.929204
69.026549
67.699115
69.026549
66.814159
74.778761
75.221239
67.699115
69.026549
68.141593
68.584071
60.619469
60.176991
57.079646
50.442478
44.690265
41.150442
34.070796
26.106195
18.141593
10.176991
5.752212
-2.654867
-9.734513
-21.238938
-32.743363
-43.362832
-49.557522
-59.734513
-69.026549
-76.548673
-84.513274
-85.840708
-91.592920
-100.442478
-103.539823
-102.212389
-108.849558
-111.504425
-110.619469
-111.504425
-111.061947
-111.061947
-102.654867
-103.097345
-98.672566
-93.805310
-89.823009
-82.300885
-77.876106
-71.238938
-62.831858
-51.327434
-52.212389
-44.690265
-34.070796
-34.070796
-31.415929
-21.238938
-17.699115
-12.389381
-1.327434
5.752212
13.274336
22.566372
25.663717
26.106195
33.628319
34.955752
32.743363
37.610619
42.920354
36.283186
43.362832
42.477876
42.920354
42.035398
39.380531
43.362832
42.477876
42.920354
42.477876
42.477876
48.230088
52.212389
50.884956
51.327434
51.327434
51.769912
50.884956
52.212389
60.176991
58.849558
64.601770
69.026549
68.141593
68.141593
72.566372
77.876106
76.106195
77.433628
76.106195
77.433628
76.548673
77.433628
75.221239
67.699115
69.469027
62.389381
60.176991
58.849558
52.212389
45.575221
42.477876
38.938053
32.743363
24.336283
14.601770
4.424779
-1.327434
-10.619469
-27.876106
-38.053097
-44.690265
-50.442478
-61.504425
-72.566372
-81.415929
-85.840708
-89.380531
-100.000000
-102.212389
-108.407080
-111.946903
-111.061947
-117.699115
-120.796460
-119.026549
-120.353982
-118.141593
-112.389381
-108.849558
-101.769912
-102.654867
-96.902655
-91.150442
-84.070796
-75.221239
-68.584071
-66.371681
-57.522124
-51.769912
-48.230088
-41.150442
-35.840708
-29.646018
-17.699115
-7.964602
0.000000
14.159292
17.256637
17.699115
24.778761
26.106195
30.973451
42.035398
40.707965
34.070796
34.513274
34.070796
34.070796
34.513274
34.070796
34.955752
41.592920
43.362832
42.035398
46.460177
51.327434
51.327434
43.805310
48.230088
52.212389
50.442478
52.654867
59.292035
60.176991
59.734513
66.814159
69.469027
67.256637
70.796460
76.991150
80.530973
86.283186
85.398230
85.398230
85.840708
85.840708
85.398230
85.398230
85.398230
85.398230
85.398230
85.398230
82.743363
73.008850
68.584071
64.601770
52.212389
51.769912
46.460177
38.053097
30.088496
22.566372
14.601770
7.522124
-4.867257
-20.353982
-30.973451
-43.805310
-53.097345
-59.734513
-70.353982
-77.433628
-83.628319
-92.477876
-103.097345
-109.734513
-113.274336
-119.026549
-125.221239
-130.530973
-137.610619
-133.628319
-127.433628
-128.761062
-127.876106
-128.761062
-122.123894
-119.469027
-116.371681
-106.637168
-96.902655
-88.938053
-80.530973
-76.548673
-72.123894
-61.946903
-53.097345
-47.787611
-36.283186
-23.893805
-15.929204
-5.309735
7.079646
16.814159
24.778761
32.300885
34.513274
33.185841
38.938053
43.805310
36.283186
34.070796
34.955752
33.628319
40.707965
42.920354
42.920354
42.035398
46.017699
51.769912
51.769912
47.345133
42.035398
42.920354
42.035398
43.362832
42.477876
43.362832
42.477876
42.920354
43.805310
51.769912
58.407080
61.946903
67.699115
74.336283
76.991150
80.973451
86.725664
84.513274
88.053097
94.690265
93.805310
94.690265
93.362832
95.575221
102.212389
103.097345
97.345133
93.362832
94.690265
93.362832
86.283186
77.433628
70.353982
61.946903
59.292035
51.327434
37.610619
22.123894
11.946903
1.769912
-12.831858
-26.991150
-42.035398
-50.000000
-62.389381
-76.106195
-91.150442
-104.424779
-115.044248
-127.433628
-137.168142
-144.690265
-152.654867
-160.176991
-168.584071
-171.681416
-170.353982
-171.238938
-171.238938
-170.796460
-163.716814
-154.867257
-142.035398
-136.283186
-128.761062
-115.044248
-108.849558
-94.247788
-80.530973
-73.008850
-61.061947
-49.115044
-38.053097
-25.663717
-10.619469
7.079646
24.336283
38.495575
50.000000
61.946903
73.893805
77.433628
76.106195
77.876106
74.778761
68.584071
62.389381
56.637168
50.884956
51.327434
50.884956
52.212389
46.017699
42.035398
42.920354
43.362832
37.610619
33.628319
27.876106
25.221239
15.929204
7.522124
9.292035
7.964602
8.849558
8.407080
15.486726
23.893805
35.840708
47.787611
55.309735
66.814159
78.761062
91.150442
94.247788
96.902655
104.424779
108.849558
115.929204
119.469027
122.123894
128.761062
134.955752
137.610619
136.725664
136.725664
139.380531
138.053097
134.070796
117.699115
110.619469
108.407080
93.805310
77.876106
58.849558
44.247788
30.973451
11.061947
-14.601770
-30.088496
-46.902655
-60.619469
-74.778761
-96.017699
-111.946903
-127.876106
-142.920354
-165.929204
-183.185841
-199.115044
-207.079646
-218.141593
-222.566372
-227.433628
-230.530973
-219.911504
-214.601770
-212.831858
-205.309735
-190.707965
-176.106195
-169.469027
-164.159292
-150.000000
-125.663717
-107.964602
-98.230088
-80.973451
-57.522124
-33.628319
-19.026549
5.309735
20.796460
46.017699
74.778761
84.070796
92.035398
100.442478
102.654867
102.654867
95.132743
84.513274
77.433628
69.469027
64.601770
58.849558
52.212389
50.442478
51.769912
50.884956
51.327434
43.362832
43.362832
34.955752
16.371681
6.637168
-1.327434
-8.849558
-19.469027
-26.106195
-26.106195
-23.008850
-13.716814
-7.079646
5.309735
21.238938
40.265487
56.194690
61.504425
71.681416
89.380531
98.230088
108.407080
110.619469
117.256637
130.088496
138.938053
145.132743
146.017699
157.522124
173.008850
177.433628
174.336283
179.646018
180.088496
176.106195
163.716814
148.672566
135.398230
123.893805
106.637168
92.477876
71.238938
51.769912
46.017699
23.451327
-6.637168
-29.646018
-50.884956
-64.159292
-84.955752
-115.929204
-138.053097
-154.424779
-176.991150
-200.884956
-223.893805
-237.168142
-244.247788
-257.079646
-265.486726
-262.831858
-253.539823
-247.787611
-248.230088
-245.575221
-231.858407
-216.814159
-207.079646
-202.212389
-191.592920
-167.699115
-147.787611
-130.973451
-112.389381
-84.513274
-46.902655
-16.371681
9.734513
40.265487
56.194690
78.761062
94.690265
93.805310
93.805310
100.000000
102.212389
87.168142
79.646018
72.123894
73.893805
77.433628
69.911504
67.699115
74.336283
76.991150
76.991150
69.911504
58.849558
61.061947
54.424779
37.610619
19.911504
13.716814
8.849558
2.212389
-0.884956
1.769912
14.159292
34.513274
44.247788
59.734513
77.433628
96.902655
115.929204
129.646018
149.557522
161.946903
177.876106
187.610619
191.592920
202.212389
219.911504
233.185841
243.805310
252.654867
263.274336
279.646018
282.300885
281.858407
279.203540
270.353982
263.274336
244.690265
219.026549
199.557522
181.415929
157.522124
127.433628
89.823009
62.831858
47.345133
15.486726
-25.221239
-66.814159
-99.557522
-124.336283
-165.044248
-216.814159
-254.424779
-285.840708
-323.451327
-359.292035
-395.132743
-416.371681
-430.088496
-450.884956
-469.026549
-479.203540
-477.876106
-469.911504
-473.893805
-480.088496
-469.911504
-452.212389
-434.070796
-426.548673
-415.044248
-383.628319
-338.495575
-298.230088
-265.044248
-220.353982
-153.539823
-95.132743
-46.902655
0.442478
43.805310
80.088496
106.194690
105.309735
103.982301
112.389381
109.734513
100.884956
79.646018
76.548673
82.743363
86.725664
92.035398
100.442478
122.566372
141.150442
153.097345
153.982301
153.097345
154.424779
152.212389
139.380531
115.929204
98.672566
96.460177
95.132743
92.920354
97.345133
118.584071
152.654867
184.955752
206.194690
238.938053
284.955752
319.469027
342.035398
354.424779
379.203540
407.079646
423.008850
427.433628
428.318584
448.672566
466.814159
470.353982
470.353982
478.318584
491.150442
494.690265
475.221239
453.982301
441.150442
424.778761
384.955752
330.088496
288.053097
251.769912
212.831858
160.619469
95.132743
42.920354
7.964602
-40.265487
-104.867257
-169.026549
-221.681416
-267.256637
-326.548673
-399.115044
-452.654867
-500.000000
-543.362832
-595.575221
-650.884956
-680.530973
-691.592920
-711.504425
-735.840708
-745.575221
-738.495575
-718.584071
-720.796460
-726.548673
-700.442478
-665.486726
-638.495575
-613.716814
-580.973451
-522.123894
-450.884956
-389.823009
-332.300885
-261.946903
-175.663717
-95.575221
-40.707965
6.637168
52.654867
93.805310
121.681416
107.964602
102.212389
111.061947
110.176991
97.787611
77.876106
73.451327
91.592920
103.539823
101.769912
108.407080
132.743363
158.849558
174.336283
171.681416
170.796460
177.876106
180.530973
171.238938
148.230088
145.575221
157.522124
163.274336
161.504425
177.433628
223.451327
273.008850
307.079646
343.362832
387.168142
438.938053
486.283186
504.867257
523.451327
553.982301
581.415929
590.707965
582.300885
586.725664
604.867257
612.831858
603.539823
590.707965
592.035398
597.787611
578.318584
547.345133
512.389381
490.265487
454.867257
399.557522
340.265487
285.840708
239.823009
173.008850
94.690265
24.336283
-32.743363
-88.053097
-153.982301
-234.070796
-299.115044
-353.539823
-415.044248
-488.495575
-561.061947
-613.274336
-652.654867
-699.115044
-754.867257
-789.823009
-810.176991
-820.796460
-829.203540
-839.380531
-833.628319
-807.964602
-791.150442
-775.663717
-747.345133
-703.097345
-647.345133
-601.327434
-558.849558
-496.460177
-411.504425
-329.646018
-265.929204
-190.707965
-108.849558
-30.088496
36.725664
79.203540
114.601770
156.194690
171.681416
170.796460
161.504425
153.097345
148.672566
137.168142
107.964602
87.610619
85.840708
85.398230
83.628319
75.663717
84.955752
100.000000
111.504425
106.637168
102.654867
114.159292
120.353982
118.141593
103.539823
105.309735
122.566372
137.168142
150.000000
177.433628
220.796460
275.221239
324.336283
369.911504
433.185841
500.442478
563.716814
601.327434
633.628319
675.663717
707.964602
725.221239
726.106195
730.530973
739.823009
750.442478
736.283186
715.044248
708.849558
696.902655
673.893805
634.955752
598.672566
559.292035
507.079646
438.938053
361.061947
290.707965
220.353982
135.398230
38.495575
-44.690265
-121.681416
-197.787611
-285.398230
-380.088496
-457.079646
-518.141593
-593.805310
-676.106195
-747.345133
-807.522124
-854.867257
-908.849558
-961.504425
-1000.000000
-1018.141593
-1030.088496
-1045.132743
-1042.035398
-1020.353982
-987.610619
-952.654867
-914.159292
-859.292035
-782.300885
-702.654867
-626.548673
-540.265487
-442.035398
-329.646018
-223.451327
-133.628319
-41.592920
46.902655
121.681416
177.876106
210.619469
232.300885
247.345133
241.592920
215.929204
181.858407
149.115044
118.141593
79.646018
40.265487
6.637168
-10.176991
-22.123894
-32.743363
-34.955752
-31.858407
-12.389381
12.831858
17.699115
27.876106
46.902655
62.831858
71.238938
74.336283
90.707965
116.814159
146.902655
182.300885
221.681416
286.725664
372.566372
450.442478
529.203540
615.486726
710.619469
794.690265
862.831858
915.044248
963.274336
1001.327434
1019.026549
1026.548673
1022.566372
1007.964602
992.035398
969.469027
932.300885
895.575221
861.061947
816.371681
758.849558
685.398230
608.849558
529.646018
446.902655
346.902655
240.265487
132.743363
23.451327
-77.876106
-185.840708
-304.867257
-410.176991
-515.044248
-615.044248
-708.407080
-808.849558
-896.902655
-980.530973
-1053.982301
-1123.008850
-1183.185841
-1220.353982
-1238.938053
-1259.734513
-1265.929204
-1247.787611
-1211.504425
-1170.353982
-1119.911504
-1057.964602
-973.008850
-875.663717
-773.451327
-672.123894
-562.831858
-434.955752
-300.442478
-174.336283
-51.327434
71.681416
183.185841
276.548673
342.920354
404.424779
443.362832
455.752212
429.203540
380.973451
326.991150
260.176991
181.415929
78.761062
-21.681416
-107.522124
-176.991150
-234.070796
-281.415929
-304.867257
-304.867257
-293.362832
-256.637168
-208.849558
-160.176991
-103.097345
-58.407080
-24.778761
15.929204
49.557522
73.893805
95.575221
111.946903
149.115044
203.539823
276.106195
363.716814
465.486726
591.150442
724.336283
861.061947
993.362832
1112.389381
1213.274336
1286.283186
1331.415929
1347.345133
1348.672566
1328.318584
1283.628319
1223.893805
1166.814159
1115.044248
1059.734513
988.495575
910.619469
838.495575
751.769912
650.000000
534.070796
416.814159
282.300885
136.283186
-23.451327
-177.433628
-318.141593
-459.292035
-605.309735
-745.575221
-857.964602
-945.575221
-1029.203540
-1122.123894
-1200.884956
-1262.389381
-1306.637168
-1355.752212
-1402.654867
-1429.203540
-1436.725664
-1428.318584
-1410.176991
-1369.026549
-1286.725664
-1190.707965
-1097.787611
-985.840708
-832.743363
-659.734513
-487.168142
-329.646018
-173.451327
1.327434
164.159292
310.176991
426.548673
519.911504
600.442478
656.637168
675.663717
674.336283
656.637168
599.557522
521.681416
436.283186
336.725664
235.840708
126.548673
-2.654867
-125.663717
-239.380531
-336.725664
-428.318584
-515.929204
-593.362832
-646.460177
-660.176991
-647.345133
-622.123894
-585.398230
-519.026549
-430.530973
-325.221239
-209.734513
-90.707965
23.008850
126.548673
227.433628
326.548673
436.725664
538.053097
625.221239
707.079646
810.176991
940.265487
1072.566372
1195.132743
1307.964602
1429.646018
1539.823009
1626.548673
1692.035398
1718.584071
1710.176991
1662.389381
1588.938053
1503.539823
1389.380531
1248.230088
1079.203540
912.831858
753.097345
592.035398
422.123894
249.557522
73.451327
-105.309735
-278.318584
-446.902655
-597.345133
-755.309735
-930.530973
-1098.230088
-1232.300885
-1330.973451
-1425.221239
-1531.858407
-1624.778761
-1682.300885
-1697.345133
-1704.867257
-1716.371681
-1703.097345
-1663.274336
-1608.407080
-1538.495575
-1427.433628
-1285.398230
-1133.185841
-983.628319
-812.389381
-589.380531
-334.955752
-100.442478
103.539823
307.964602
529.203540
750.442478
926.106195
1048.672566
1134.955752
1181.415929
1187.168142
1151.327434
1068.141593
944.247788
768.584071
555.752212
331.858407
110.176991
-101.327434
-323.451327
-558.849558
-771.238938
-933.628319
-1049.557522
-1140.707965
-1224.336283
-1292.035398
-1322.566372
-1282.743363
-1199.557522
-1115.486726
-1026.991150
-897.787611
-721.238938
-520.796460
-308.849558
-91.592920
139.380531
361.946903
573.008850
789.823009
1019.469027
1230.530973
1383.185841
1479.203540
1591.592920
1734.070796
1861.061947
1945.132743
1981.415929
2034.955752
2115.929204
2188.053097
2212.831858
2191.592920
2132.300885
2045.575221
1925.663717
1757.522124
1542.477876
1274.778761
969.026549
630.973451
286.283186
-28.761062
-325.663717
-635.840708
-945.132743
-1215.929204
-1401.327434
-1516.371681
-1623.451327
-1759.292035
-1873.451327
-1917.256637
-1897.345133
-1880.973451
-1918.584071
-1951.327434
-1928.318584
-1880.088496
-1841.150442
-1790.707965
-1705.309735
-1592.920354
-1492.920354
-1369.469027
-1162.831858
-899.557522
-635.398230
-408.407080
-158.407080
170.796460
541.150442
859.292035
1098.672566
1300.884956
1512.831858
1712.389381
1828.318584
1853.097345
1803.539823
1706.637168
1557.964602
1352.212389
1101.769912
800.442478
457.079646
82.300885
-302.654867
-651.769912
-955.752212
-1244.690265
-1535.840708
-1803.097345
-1979.646018
-2032.743363
-2041.150442
-2072.123894
-2083.185841
-1995.132743
-1810.176991
-1611.504425
-1435.840708
-1239.823009
-978.761062
-686.283186
-400.000000
-103.539823
233.628319
584.513274
896.017699
1182.743363
1503.539823
1864.159292
2176.991150
2391.592920
2547.345133
2724.778761
2896.460177
2992.920354
2998.230088
2932.743363
2844.690265
2756.637168
2636.283186
2474.336283
2269.911504
2032.743363
1798.672566
1560.176991
1302.212389
998.672566
645.575221
260.619469
-152.654867
-581.415929
-975.221239
-1336.725664
-1703.097345
-2083.628319
-2410.619469
-2590.707965
-2638.495575
-2679.203540
-2750.884956
-2751.769912
-2606.194690
-2367.699115
-2172.123894
-2034.070796
-1857.079646
-1623.008850
-1406.637168
-1229.646018
-1045.575221
-833.628319
-627.876106
-476.106195
-303.982301
-30.530973
284.955752
542.920354
724.778761
942.477876
1252.654867
1553.539823
1747.787611
1838.495575
1891.592920
1946.017699
1950.442478
1856.194690
1665.486726
1403.539823
1093.362832
736.725664
331.415929
-104.424779
-551.769912
-1018.141593
-1479.203540
-1910.619469
-2251.769912
-2460.619469
-2611.061947
-2750.442478
-2811.504425
-2706.194690
-2445.575221
-2162.389381
-1920.796460
-1636.725664
-1243.362832
-812.389381
-435.840708
-126.991150
199.115044
543.362832
814.159292
1029.646018
1252.212389
1510.176991
1738.938053
1874.778761
1997.787611
2192.035398
2404.424779
2540.707965
2589.823009
2625.221239
2706.637168
2760.619469
2719.469027
2610.619469
2488.053097
2385.398230
2262.831858
2055.752212
1814.601770
1589.380531
1355.309735
1082.300885
724.778761
340.265487
-12.831858
-384.513274
-810.619469
-1224.336283
-1549.115044
-1806.194690
-2076.548673
-2353.097345
-2482.743363
-2450.442478
-2415.486726
-2443.805310
-2454.424779
-2300.884956
-2040.265487
-1887.610619
-1831.415929
-1729.646018
-1542.035398
-1356.637168
-1242.035398
-1127.876106
-936.725664
-737.610619
-558.407080
-334.955752
-17.699115
343.805310
644.247788
883.185841
1163.274336
1488.938053
1762.389381
1909.734513
1928.761062
1894.690265
1830.530973
1712.389381
1529.646018
1243.805310
867.699115
494.247788
142.920354
-222.123894
-612.831858
-1040.265487
-1450.442478
-1819.911504
-2142.477876
-2358.407080
-2497.787611
-2606.194690
-2673.008850
-2623.008850
-2391.150442
-2066.814159
-1765.486726
-1454.867257
-1066.371681
-619.469027
-177.876106
191.592920
515.929204
815.486726
1035.840708
1202.212389
1376.106195
1535.840708
1636.725664
1661.061947
1681.858407
1784.513274
1909.734513
1990.707965
2017.699115
2048.672566
2122.566372
2206.637168
2247.345133
2230.973451
2175.663717
2144.690265
2128.318584
2080.088496
1978.318584
1851.327434
1728.318584
1556.637168
1286.725664
946.017699
597.787611
207.964602
-283.628319
-793.362832
-1180.973451
-1465.929204
-1793.805310
-2179.203540
-2403.097345
-2350.442478
-2240.265487
-2302.212389
-2401.769912
-2288.495575
-2016.371681
-1850.884956
-1892.477876
-1919.911504
-1800.000000
-1690.707965
-1680.530973
-1663.274336
-1522.123894
-1303.097345
-1113.716814
-894.690265
-502.212389
17.699115
509.292035
902.212389
1275.663717
1697.787611
2101.769912
2376.991150
2458.407080
2355.309735
2185.840708
2010.619469
1753.982301
1365.044248
861.946903
350.442478
-73.451327
-478.318584
-895.575221
-1280.973451
-1594.690265
-1847.345133
-2077.433628
-2227.433628
-2240.265487
-2193.805310
-2182.300885
-2154.424779
-2016.814159
-1742.477876
-1450.884956
-1205.309735
-936.283186
-613.716814
-253.539823
117.256637
461.504425
752.212389
1001.327434
1208.849558
1411.061947
1575.221239
1655.752212
1693.362832
1711.504425
1715.486726
1688.938053
1651.327434
1658.407080
1685.840708
1669.911504
1655.752212
1689.823009
1779.203540
1880.088496
1948.672566
2027.876106
2116.814159
2164.601770
2178.318584
2146.902655
2014.159292
1757.079646
1385.398230
933.185841
426.991150
-168.141593
-739.380531
-1183.185841
-1610.619469
-2080.088496
-2472.123894
-2574.336283
-2412.389381
-2346.017699
-2480.530973
-2511.946903
-2270.796460
-1938.938053
-1850.884956
-2006.637168
-2068.141593
-1973.008850
-1916.371681
-1935.398230
-1898.230088
-1715.486726
-1472.123894
-1234.955752
-837.168142
-189.380531
502.212389
1052.212389
1475.221239
1928.318584
2468.584071
2880.973451
2988.495575
2826.548673
2511.061947
2207.079646
1885.840708
1433.185841
851.769912
225.221239
-292.477876
-674.336283
-1000.442478
-1288.495575
-1534.513274
-1769.469027
-1980.973451
-2120.353982
-2146.460177
-2110.176991
-2167.256637
-2300.000000
-2307.964602
-2116.814159
-1812.389381
-1530.530973
-1284.070796
-938.495575
-467.699115
56.637168
584.070796
1025.221239
1344.690265
1578.761062
1758.849558
1904.424779
1934.070796
1807.964602
1604.867257
1380.088496
1172.123894
1040.265487
969.911504
947.787611
953.539823
1004.867257
1200.442478
1510.619469
1802.654867
2038.495575
2234.513274
2430.973451
2621.238938
2687.168142
2646.902655
2520.353982
2231.415929
1817.256637
1311.061947
741.592920
130.973451
-528.318584
-1095.575221
-1476.991150
-1822.123894
-2183.185841
-2419.026549
-2384.955752
-2179.646018
-2147.345133
-2319.911504
-2399.115044
-2276.548673
-2152.654867
-2292.035398
-2598.230088
-2748.230088
-2703.982301
-2619.469027
-2502.654867
-2261.061947
-1837.610619
-1296.902655
-707.079646
35.840708
893.362832
1664.159292
2245.575221
2634.513274
2949.115044
3232.743363
3301.769912
3059.292035
2557.079646
1955.309735
1473.893805
1063.274336
585.398230
61.946903
-387.168142
-631.858407
-734.070796
-859.292035
-1018.141593
-1208.849558
-1480.088496
-1800.884956
-2094.247788
-2309.292035
-2503.097345
-2773.451327
-2994.690265
-2952.654867
-2618.584071
-2099.557522
-1546.017699
-973.451327
-281.415929
491.150442
1250.884956
1850.884956
2174.336283
2269.026549
2188.053097
1975.663717
1669.911504
1263.274336
795.132743
346.902655
-15.929204
-158.407080
-54.867257
190.265487
499.115044
815.929204
1230.973451
1772.123894
2240.265487
2544.247788
2701.769912
2766.371681
2796.460177
2729.646018
2588.938053
2465.486726
2272.123894
1973.008850
1623.008850
1268.584071
936.283186
499.115044
-15.929204
-376.991150
-657.964602
-1066.371681
-1607.522124
-2078.761062
-2226.548673
-2327.876106
-2780.973451
-3358.849558
-3644.690265
-3533.628319
-3386.725664
-3530.530973
-3646.017699
-3385.840708
-2889.380531
-2365.486726
-1892.035398
-1343.362832
-641.592920
-0.884956
568.584071
1225.663717
1867.699115
2361.946903
2600.884956
2624.336283
2733.185841
2894.690265
2886.725664
2613.274336
2088.938053
1649.115044
1452.654867
1226.991150
828.318584
301.769912
-154.867257
-400.884956
-688.938053
-1133.185841
-1594.690265
-2078.761062
-2548.230088
-2966.814159
-3281.858407
-3336.725664
-3264.159292
-3162.831858
-2871.681416
-2338.053097
-1551.769912
-673.451327
24.336283
623.893805
1192.035398
1683.185841
2049.115044
2100.000000
1867.256637
1538.495575
1133.185841
749.557522
395.575221
50.442478
-155.752212
-249.557522
-209.292035
75.663717
467.699115
854.424779
1192.035398
1417.256637
1677.433628
1936.725664
2035.840708
2036.725664
1980.530973
1974.336283
2121.238938
2283.185841
2461.061947
2680.530973
2814.601770
2897.345133
2846.902655
2544.247788
2026.548673
1265.486726
471.681416
-210.176991
-1040.707965
-2081.858407
-3090.707965
-3666.371681
-3732.300885
-3859.734513
-4254.867257
-4438.495575
-4086.283186
-3401.769912
-2930.530973
-2805.752212
-2560.619469
-2107.964602
-1686.283186
-1370.353982
-1076.991150
-671.238938
-241.150442
92.477876
570.353982
1311.946903
2082.300885
2666.814159
2947.787611
3153.097345
3491.150442
3736.283186
3610.619469
3005.752212
2178.318584
1520.796460
961.504425
267.699115
-548.672566
-1286.283186
-1723.451327
-1973.008850
-2199.557522
-2312.831858
-2337.610619
-2375.221239
-2456.637168
-2503.982301
-2347.345133
-2082.743363
-1957.079646
-1883.628319
-1656.194690
-1177.876106
-562.389381
-53.097345
353.097345
782.743363
1225.663717
1624.778761
1839.380531
1820.796460
1668.141593
1352.212389
917.256637
490.265487
96.017699
-230.973451
-570.353982
-876.548673
-884.070796
-608.407080
-211.946903
169.026549
465.044248
874.336283
1400.442478
1853.097345
2207.964602
2460.619469
2707.522124
2992.477876
3212.389381
3415.044248
3637.168142
3731.858407
3610.619469
3244.247788
2694.690265
2048.230088
1154.867257
120.353982
-765.486726
-1575.663717
-2487.168142
-3453.982301
-4108.407080
-4123.893805
-3992.477876
-4212.389381
-4478.761062
-4303.982301
-3611.946903
-2984.070796
-2843.362832
-2766.371681
-2396.017699
-1850.442478
-1315.929204
-885.398230
-383.628319
253.097345
850.000000
1468.141593
2201.327434
2930.973451
3487.168142
3640.707965
3484.955752
3372.566372
3266.814159
2922.566372
2138.053097
1025.221239
154.867257
-326.548673
-750.884956
-1254.867257
-1751.769912
-1942.035398
-1786.283186
-1651.769912
-1612.389381
-1592.920354
-1642.477876
-1726.991150
-1861.504425
-1916.814159
-1772.123894
-1638.053097
-1543.362832
-1303.982301
-814.159292
-70.353982
613.274336
1034.955752
1383.628319
1718.141593
1933.185841
1883.628319
1493.362832
966.371681
408.849558
-244.690265
-838.053097
-1243.805310
-1471.238938
-1543.362832
-1549.115044
-1318.584071
-739.823009
-70.796460
499.557522
914.601770
1268.584071
1717.699115
2110.619469
2337.168142
2510.619469
2715.486726
3049.115044
3468.584071
3851.769912
4229.646018
4519.469027
4512.389381
4166.814159
3487.168142
2496.460177
1237.168142
-215.486726
-1559.734513
-2652.654867
-3731.858407
-4767.699115
-5378.318584
-5308.407080
-4788.938053
-4426.548673
-4284.513274
-3856.637168
-3047.787611
-2261.504425
-1914.159292
-1921.238938
-1828.761062
-1538.053097
-1196.017699
-820.353982
-332.743363
342.477876
1115.044248
1879.646018
2695.132743
3542.920354
4137.168142
4225.221239
3826.548673
3262.831858
2749.557522
2050.884956
967.256637
-302.212389
-1322.566372
-1815.486726
-1989.380531
-2073.008850
-2017.256637
-1749.557522
-1286.283186
-800.884956
-443.805310
-241.150442
-263.274336
-517.699115
-856.194690
-1084.513274
-1093.805310
-1027.876106
-1011.946903
-894.247788
-446.460177
300.442478
1011.504425
1402.212389
1543.805310
1607.079646
1546.460177
1196.902655
565.486726
-160.619469
-860.619469
-1544.247788
-2073.008850
-2244.247788
-2063.716814
-1756.194690
-1493.805310
-1103.982301
-400.884956
423.008850
1023.008850
1264.159292
1375.663717
1635.398230
1974.336283
2224.778761
2405.309735
2683.185841
3200.884956
3805.752212
4334.070796
4769.026549
5000.000000
4846.460177
4208.407080
3163.716814
1866.814159
333.185841
-1328.318584
-2726.106195
-3666.814159
-4326.106195
-4853.982301
-5049.557522
-4585.840708
-3680.530973
-2989.380531
-2709.292035
-2461.504425
-1939.380531
-1373.451327
-1271.238938
-1626.548673
-1903.982301
-1800.884956
-1407.522124
-978.761062
-544.247788
113.274336
934.955752
1702.654867
2334.955752
2774.778761
2926.991150
2598.230088
1782.300885
884.955752
209.734513
-376.548673
-1053.539823
-1717.256637
-1905.752212
-1393.805310
-575.221239
161.504425
734.070796
1263.274336
1802.212389
2089.823009
1952.212389
1484.955752
766.371681
-50.884956
-755.752212
-1189.380531
-1266.371681
-1195.575221
-1152.212389
-964.159292
-488.495575
143.805310
560.619469
485.840708
148.230088
-135.398230
-415.486726
-821.681416
-1366.371681
-1837.610619
-2020.796460
-1970.353982
-1742.920354
-1322.566372
-795.575221
-304.867257
31.415929
279.203540
607.522124
913.716814
1003.539823
884.513274
804.424779
1066.814159
1580.088496
2030.973451
2390.265487
2823.893805
3447.787611
4091.592920
4408.849558
4354.424779
4023.008850
3417.699115
2552.212389
1450.884956
178.318584
-1160.619469
-2370.353982
-3082.300885
-3117.699115
-2851.327434
-2650.884956
-2404.424779
-1795.575221
-891.592920
-361.504425
-588.938053
-1118.584071
-1360.619469
-1277.876106
-1370.796460
-1865.486726
-2258.407080
-2079.646018
-1448.672566
-783.185841
-320.353982
72.123894
448.230088
636.283186
577.876106
363.716814
19.469027
-524.778761
-1246.902655
-1789.823009
-1788.938053
-1387.168142
-972.566372
-660.176991
-149.115044
794.247788
1833.185841
2428.318584
2446.017699
2202.654867
1973.451327
1655.309735
1078.761062
322.123894
-383.628319
-872.123894
-1092.477876
-1015.929204
-653.982301
-233.185841
20.796460
139.823009
304.424779
496.902655
443.805310
18.584071
-533.185841
-849.557522
-890.265487
-877.876106
-951.327434
-957.522124
-736.283186
-373.451327
-88.495575
26.991150
44.247788
6.194690
-118.141593
-316.371681
-407.522124
-297.345133
-56.194690
208.407080
564.601770
1180.973451
1964.601770
2601.769912
2949.557522
3182.300885
3478.318584
3703.097345
3585.398230
3200.442478
2745.575221
2268.584071
1677.876106
935.398230
155.309735
-635.398230
-1409.292035
-1915.929204
-1976.991150
-1811.504425
-1831.415929
-2086.283186
-2129.203540
-1740.265487
-1402.654867
-1615.929204
-2149.557522
-2276.548673
-1716.814159
-1110.176991
-1038.495575
-1260.619469
-1177.433628
-633.628319
-124.336283
-53.097345
-235.398230
-384.513274
-461.946903
-561.504425
-665.486726
-674.778761
-679.646018
-825.221239
-908.407080
-629.646018
-41.592920
418.584071
450.442478
389.380531
702.212389
1258.849558
1540.265487
1296.460177
882.743363
776.548673
864.601770
791.592920
490.265487
156.194690
-52.212389
-178.318584
-252.654867
-207.964602
-122.566372
-193.362832
-409.734513
-517.699115
-376.991150
-188.053097
-231.858407
-430.530973
-468.584071
-243.362832
3.982301
-38.495575
-323.008850
-531.415929
-561.504425
-566.814159
-676.548673
-830.530973
-854.424779
-764.159292
-654.424779
-461.061947
-83.185841
405.309735
813.716814
1099.557522
1464.601770
1984.955752
2449.115044
2669.911504
2738.495575
2920.353982
3211.946903
3363.274336
3284.513274
3055.309735
2716.371681
2215.929204
1523.451327
692.035398
-281.415929
-1342.920354
-2152.654867
-2416.814159
-2296.017699
-2224.336283
-2326.106195
-2203.982301
-1601.769912
-999.115044
-983.628319
-1405.752212
-1577.433628
-1165.044248
-712.831858
-824.336283
-1285.840708
-1448.230088
-1088.938053
-638.053097
-524.778761
-640.707965
-700.884956
-690.265487
-710.619469
-788.053097
-851.327434
-921.681416
-1119.469027
-1293.805310
-1125.663717
-615.486726
-111.061947
84.070796
166.371681
551.769912
1187.168142
1601.769912
1507.522124
1144.247788
932.743363
931.415929
889.380531
705.309735
443.805310
223.451327
117.699115
156.637168
330.088496
452.654867
335.398230
63.274336
-93.362832
-50.000000
7.964602
-145.575221
-393.805310
-416.814159
-153.982301
138.053097
187.610619
18.141593
-140.707965
-211.946903
-326.548673
-534.513274
-765.929204
-913.716814
-969.026549
-957.522124
-787.610619
-361.946903
211.946903
715.044248
1072.123894
1447.345133
1942.477876
2339.380531
2427.876106
2296.017699
2256.637168
2392.477876
2473.451327
2376.548673
2251.769912
2188.495575
2038.053097
1662.389381
1109.734513
476.106195
-301.769912
-1198.672566
-1855.309735
-1998.672566
-1882.300885
-1936.283186
-2114.601770
-1939.380531
-1301.769912
-783.185841
-843.362832
-1179.203540
-1138.495575
-642.035398
-353.982301
-680.973451
-1227.433628
-1388.053097
-1107.964602
-858.849558
-913.716814
-1050.442478
-1049.557522
-982.743363
-965.929204
-959.292035
-894.690265
-887.610619
-1053.539823
-1161.061947
-910.176991
-396.460177
-32.300885
-8.849558
29.646018
450.442478
1031.858407
1276.991150
1001.769912
595.132743
453.982301
493.362832
473.451327
304.424779
98.672566
-12.389381
16.814159
167.256637
339.380531
381.858407
220.353982
36.725664
31.858407
194.690265
282.300885
161.946903
38.495575
137.168142
389.823009
502.212389
318.584071
3.539823
-205.752212
-323.008850
-438.053097
-556.194690
-609.292035
-552.654867
-442.920354
-292.920354
23.451327
495.575221
937.610619
1207.079646
1361.061947
1607.079646
1922.566372
2086.725664
2057.964602
2018.584071
2154.867257
2393.805310
2526.548673
2494.690265
2326.991150
1984.070796
1457.522124
838.053097
157.522124
-630.973451
-1480.973451
-2027.433628
-1971.681416
-1603.982301
-1440.265487
-1524.778761
-1412.831858
-912.831858
-495.132743
-672.123894
-1188.938053
-1367.699115
-1037.610619
-742.477876
-929.203540
-1315.486726
-1387.610619
-1119.469027
-886.725664
-890.265487
-996.017699
-1068.141593
-1157.522124
-1300.442478
-1352.654867
-1260.176991
-1182.300885
-1234.070796
-1263.716814
-968.584071
-373.893805
80.088496
160.619469
158.407080
439.823009
917.256637
1130.530973
897.345133
549.557522
427.876106
474.778761
486.725664
417.256637
342.920354
307.522124
296.902655
358.849558
488.938053
537.168142
384.513274
141.592920
98.672566
301.769912
495.575221
468.141593
348.230088
378.318584
536.283186
556.194690
299.115044
-65.486726
-329.646018
-488.938053
-628.318584
-715.929204
-670.353982
-503.097345
-346.902655
-233.185841
-48.230088
264.159292
579.646018
742.920354
804.867257
1001.769912
1399.115044
1786.725664
2002.212389
2109.292035
2272.123894
2489.823009
2593.805310
2491.150442
2183.628319
1702.654867
1131.858407
582.743363
44.690265
-568.584071
-1209.292035
-1531.858407
-1311.061947
-897.345133
-822.123894
-1097.345133
-1248.672566
-1011.061947
-792.035398
-1089.823009
-1607.522124
-1661.946903
-1135.398230
-624.778761
-628.318584
-880.973451
-869.026549
-646.460177
-607.522124
-853.097345
-1179.203540
-1401.769912
-1570.796460
-1717.256637
-1656.194690
-1362.831858
-1088.495575
-1005.752212
-990.265487
-733.185841
-265.929204
-6.637168
-120.353982
-296.017699
-153.097345
282.743363
571.681416
511.504425
394.690265
437.168142
583.628319
640.707965
535.398230
378.318584
207.522124
38.495575
-19.026549
72.566372
216.814159
272.123894
228.761062
288.938053
571.681416
883.185841
982.300885
872.566372
742.035398
690.265487
597.345133
356.194690
81.858407
-87.610619
-147.345133
-154.424779
-148.672566
-80.530973
29.203540
49.115044
-48.230088
-103.539823
32.300885
311.504425
530.088496
650.884956
896.460177
1368.584071
1867.256637
2173.893805
2267.699115
2273.893805
2266.814159
2196.902655
2027.433628
1748.230088
1324.336283
867.699115
549.557522
312.831858
-20.353982
-497.345133
-825.663717
-717.699115
-469.911504
-593.805310
-1106.194690
-1504.424779
-1425.663717
-1176.106195
-1284.955752
-1600.884956
-1513.274336
-864.601770
-216.371681
-174.778761
-591.150442
-884.513274
-908.849558
-966.814159
-1200.000000
-1478.318584
-1594.247788
-1589.380531
-1566.814159
-1385.398230
-1057.522124
-830.973451
-900.884956
-1117.256637
-1083.628319
-714.159292
-416.371681
-436.283186
-492.035398
-227.876106
309.292035
659.292035
594.690265
354.867257
187.610619
117.699115
88.053097
82.743363
115.929204
128.761062
124.778761
269.026549
546.902655
730.088496
647.345133
397.787611
273.008850
383.628319
538.495575
523.008850
427.876106
444.247788
571.681416
617.256637
458.407080
211.061947
20.796460
-125.663717
-286.283186
-389.380531
-356.637168
-229.203540
-175.221239
-230.088496
-188.495575
83.185841
461.946903
696.902655
754.867257
889.823009
1245.132743
1623.008850
1838.938053
1919.026549
1992.035398
2110.619469
2201.327434
2171.681416
1973.008850
1538.495575
998.672566
588.495575
277.876106
-84.955752
-542.035398
-803.097345
-605.752212
-288.053097
-395.132743
-905.752212
-1338.053097
-1332.300885
-1142.477876
-1281.858407
-1560.619469
-1407.522124
-727.876106
-39.823009
101.327434
-208.849558
-464.159292
-577.876106
-784.513274
-1112.389381
-1421.238938
-1551.327434
-1562.831858
-1553.539823
-1361.061947
-970.796460
-705.752212
-785.398230
-1102.212389
-1228.318584
-978.761062
-730.530973
-748.672566
-809.292035
-581.415929
-57.964602
353.982301
386.725664
247.787611
132.300885
86.283186
123.451327
213.716814
328.318584
396.460177
363.716814
422.566372
635.398230
811.061947
789.823009
588.495575
444.690265
561.061947
754.424779
808.849558
748.230088
666.371681
664.159292
643.805310
482.300885
280.530973
105.309735
-78.318584
-230.088496
-291.150442
-220.353982
-61.946903
-23.451327
-99.115044
-72.566372
143.805310
502.212389
757.079646
821.681416
942.920354
1204.424779
1517.699115
1760.619469
1825.221239
1797.345133
1784.070796
1743.362832
1706.194690
1572.566372
1197.345133
765.486726
450.000000
202.654867
-69.469027
-416.814159
-615.929204
-504.424779
-436.283186
-692.920354
-1116.371681
-1365.486726
-1254.424779
-1063.274336
-1100.000000
-1115.929204
-796.902655
-218.141593
229.646018
163.274336
-254.867257
-639.380531
-874.778761
-980.530973
-1096.017699
-1292.477876
-1404.867257
-1364.601770
-1193.805310
-979.203540
-915.486726
-1006.194690
-1153.982301
-1306.194690
-1315.486726
-1125.663717
-867.256637
-638.938053
-477.876106
-301.769912
-23.008850
188.053097
158.407080
-84.955752
-358.407080
-388.495575
-119.911504
220.353982
430.973451
497.345133
551.769912
674.778761
745.575221
648.230088
437.610619
251.769912
226.548673
417.256637
685.840708
892.035398
971.238938
922.566372
813.274336
638.938053
354.867257
4.867257
-303.097345
-483.185841
-475.221239
-328.761062
-111.946903
107.522124
196.460177
152.654867
92.477876
129.646018
294.690265
457.522124
557.522124
729.646018
1048.230088
1419.911504
1715.929204
1814.601770
1783.185841
1744.247788
1707.079646
1645.575221
1426.548673
1012.831858
628.761062
425.221239
282.743363
17.256637
-344.690265
-487.610619
-326.991150
-292.477876
-675.221239
-1263.716814
-1538.938053
-1292.477876
-953.539823
-919.026549
-973.451327
-693.362832
-114.601770
264.601770
48.672566
-538.495575
-973.893805
-1078.761062
-1027.876106
-1037.168142
-1092.477876
-1030.973451
-887.610619
-789.823009
-769.026549
-787.610619
-846.017699
-1050.442478
-1332.743363
-1383.185841
-1053.982301
-613.716814
-413.716814
-447.787611
-410.176991
-186.725664
-41.592920
-194.690265
-496.017699
-632.300885
-438.938053
-36.725664
341.150442
560.176991
604.867257
572.123894
534.513274
503.982301
490.265487
465.044248
462.831858
568.584071
789.823009
1069.911504
1246.460177
1197.787611
971.681416
685.840708
433.185841
230.530973
58.407080
-66.371681
-89.823009
-17.256637
108.849558
225.221239
260.619469
211.504425
59.292035
-88.938053
-42.920354
223.451327
566.814159
822.566372
972.566372
1153.097345
1413.716814
1601.769912
1614.601770
1450.884956
1292.477876
1319.911504
1411.946903
1346.460177
1081.415929
803.097345
706.194690
636.283186
301.769912
-198.672566
-486.283186
-414.159292
-290.707965
-550.884956
-1068.584071
-1323.008850
-1123.451327
-769.026549
-711.061947
-916.371681
-900.884956
-518.141593
-169.469027
-250.000000
-706.194690
-1090.707965
-1113.716814
-964.601770
-879.203540
-884.955752
-892.035398
-857.522124
-862.389381
-921.238938
-922.566372
-902.654867
-1004.867257
-1188.495575
-1261.061947
-1033.185841
-654.424779
-481.858407
-556.194690
-627.433628
-546.460177
-381.858407
-373.008850
-562.389381
-679.203540
-532.743363
-147.345133
254.867257
446.460177
403.982301
290.707965
221.238938
226.991150
307.964602
396.902655
500.442478
635.398230
810.176991
1003.982301
1109.734513
1057.964602
861.946903
600.442478
372.123894
243.805310
175.221239
122.123894
68.584071
3.097345
-3.539823
52.654867
91.592920
53.982301
-74.336283
-177.433628
-73.008850
224.778761
561.504425
796.460177
883.185841
943.805310
1060.619469
1194.690265
1305.309735
1311.061947
1252.654867
1264.159292
1342.477876
1392.035398
1284.955752
1004.867257
776.548673
681.858407
555.752212
280.530973
-47.787611
-215.929204
-174.336283
-223.008850
-602.212389
-1080.530973
-1288.053097
-1104.424779
-826.548673
-789.823009
-862.831858
-723.451327
-369.469027
-143.805310
-342.920354
-830.088496
-1164.159292
-1151.327434
-944.247788
-760.619469
-701.769912
-660.619469
-592.477876
-576.106195
-602.212389
-651.769912
-750.442478
-882.300885
-995.575221
-967.256637
-754.867257
-517.699115
-436.283186
-511.061947
-617.256637
-639.823009
-613.274336
-674.336283
-774.778761
-771.681416
-568.141593
-206.637168
80.088496
163.274336
144.247788
134.955752
219.026549
365.486726
488.053097
628.318584
841.592920
1051.769912
1176.106195
1158.407080
1052.212389
968.584071
848.672566
628.761062
376.106195
187.610619
147.345133
189.380531
144.247788
35.840708
-26.991150
19.469027
119.469027
126.991150
54.867257
55.752212
218.584071
478.761062
702.212389
784.513274
784.955752
808.407080
895.132743
1031.415929
1130.088496
1177.433628
1238.495575
1341.592920
1451.769912
1454.424779
1257.522124
955.752212
693.362832
530.530973
361.504425
100.000000
-115.486726
-123.451327
-38.938053
-181.415929
-669.911504
-1237.168142
-1452.654867
-1270.353982
-1038.938053
-978.761062
-994.690265
-842.920354
-518.141593
-365.929204
-622.123894
-1128.761062
-1457.522124
-1323.451327
-892.477876
-536.725664
-413.716814
-425.663717
-422.123894
-354.424779
-348.672566
-502.212389
-760.619469
-971.238938
-991.592920
-796.902655
-510.176991
-304.867257
-308.849558
-474.336283
-626.548673
-677.876106
-710.176991
-805.309735
-896.460177
-826.106195
-541.150442
-197.787611
22.123894
59.734513
18.141593
61.061947
219.026549
400.884956
569.911504
743.805310
926.548673
1062.389381
1093.362832
1038.495575
926.106195
748.672566
526.548673
292.477876
132.743363
86.725664
103.097345
126.991150
122.123894
108.849558
124.336283
153.539823
133.628319
56.637168
-11.946903
27.876106
191.150442
376.991150
493.805310
564.159292
684.513274
889.380531
1102.212389
1232.300885
1286.725664
1338.938053
1409.734513
1442.920354
1411.061947
1319.026549
1166.814159
955.752212
788.053097
752.654867
746.460177
588.053097
287.610619
63.716814
55.752212
52.212389
-290.265487
-931.415929
-1438.938053
-1441.150442
-1085.398230
-845.132743
-932.743363
-1105.309735
-1051.327434
-811.061947
-740.265487
-1013.274336
-1374.336283
-1446.017699
-1087.168142
-567.256637
-243.362832
-234.513274
-396.902655
-506.194690
-488.495575
-460.176991
-544.690265
-709.292035
-807.964602
-719.469027
-485.840708
-272.123894
-217.256637
-355.309735
-588.495575
-796.460177
-879.203540
-865.044248
-833.628319
-805.752212
-721.681416
-509.734513
-226.106195
-5.752212
80.530973
94.247788
168.141593
349.557522
597.345133
823.008850
941.150442
965.486726
923.008850
844.247788
769.026549
683.628319
550.884956
386.283186
242.035398
194.247788
224.778761
261.946903
246.017699
187.610619
151.327434
138.495575
88.495575
-1.327434
-63.274336
-24.336283
124.778761
306.194690
445.132743
538.053097
605.752212
671.238938
747.345133
845.132743
994.247788
1144.690265
1230.088496
1246.460177
1232.743363
1230.973451
1200.442478
1076.991150
918.584071
841.150442
881.858407
932.300885
820.796460
561.061947
334.955752
248.672566
173.893805
-131.415929
-680.530973
-1181.858407
-1326.991150
-1136.725664
-915.044248
-913.274336
-1066.814159
-1134.513274
-1024.336283
-923.008850
-1052.654867
-1351.769912
-1492.035398
-1244.247788
-761.946903
-397.787611
-350.442478
-488.495575
-570.796460
-524.336283
-451.327434
-457.964602
-544.690265
-622.123894
-595.132743
-438.938053
-226.991150
-112.831858
-215.044248
-477.433628
-711.504425
-779.646018
-711.946903
-657.964602
-672.123894
-633.185841
-449.115044
-179.646018
25.663717
52.212389
-2.654867
-15.486726
50.442478
190.265487
321.681416
407.522124
468.584071
514.159292
546.460177
559.734513
497.345133
382.743363
282.300885
238.053097
250.442478
267.699115
279.203540
310.619469
340.265487
313.274336
237.610619
153.097345
130.088496
178.761062
237.610619
283.185841
334.955752
404.867257
458.407080
442.477876
374.778761
329.646018
342.035398
396.017699
462.389381
527.876106
630.973451
761.946903
872.123894
934.070796
944.247788
923.451327
892.920354
872.123894
896.902655
960.176991
993.362832
956.637168
850.884956
758.407080
715.929204
619.026549
380.088496
24.778761
-311.504425
-486.725664
-515.044248
-498.230088
-511.504425
-565.486726
-599.557522
-613.716814
-666.371681
-840.265487
-1103.982301
-1295.132743
-1272.566372
-1071.681416
-880.088496
-819.911504
-842.920354
-815.486726
-710.176991
-624.778761
-661.061947
-791.150442
-882.300885
-848.672566
-693.805310
-488.938053
-316.814159
-212.389381
-171.238938
-169.469027
-187.168142
-204.424779
-263.716814
-327.433628
-331.415929
-230.530973
-65.044248
25.221239
0.884956
-78.761062
-130.973451
-138.053097
-138.938053
-188.495575
-261.061947
-318.584071
-330.530973
-270.353982
-160.619469
-58.849558
-35.398230
-85.840708
-126.106195
-88.053097
-4.867257
90.707965
183.185841
292.477876
406.637168
481.415929
505.752212
502.654867
508.407080
535.840708
543.362832
501.769912
445.132743
415.486726
430.088496
473.008850
521.238938
540.707965
529.646018
507.964602
512.389381
563.274336
632.743363
704.867257
761.946903
814.601770
864.601770
896.902655
910.176991
928.761062
983.185841
1047.787611
1078.318584
1060.176991
1004.867257
917.256637
811.504425
716.814159
655.309735
623.893805
561.504425
409.734513
204.867257
30.530973
-38.938053
-29.203540
-35.840708
-130.088496
-323.451327
-579.203540
-810.619469
-949.115044
-981.415929
-963.274336
-1009.734513
-1144.690265
-1265.929204
-1310.176991
-1271.681416
-1230.530973
-1250.442478
-1275.663717
-1230.530973
-1109.292035
-990.707965
-908.407080
-833.185841
-722.123894
-585.398230
-480.973451
-443.362832
-464.159292
-519.026549
-559.292035
-541.592920
-455.752212
-347.787611
-312.389381
-378.761062
-484.955752
-553.539823
-563.716814
-554.424779
-559.292035
-575.221239
-569.026549
-506.637168
-376.991150
-224.336283
-112.831858
-64.601770
-38.495575
41.150442
168.141593
275.663717
327.876106
376.106195
490.707965
653.982301
785.398230
804.867257
739.823009
690.707965
713.274336
787.610619
831.415929
784.070796
692.477876
656.194690
720.353982
842.920354
919.026549
911.504425
857.964602
814.601770
819.026549
848.230088
864.601770
854.424779
820.796460
782.300885
766.814159
784.070796
826.991150
849.557522
838.938053
831.858407
840.265487
854.424779
819.911504
714.159292
585.398230
503.097345
487.168142
459.734513
347.787611
154.867257
-42.920354
-179.203540
-211.061947
-161.946903
-126.106195
-200.884956
-431.415929
-738.495575
-969.469027
-1046.460177
-1030.088496
-1028.761062
-1085.840708
-1152.212389
-1153.539823
-1094.690265
-1024.778761
-999.557522
-1032.300885
-1053.097345
-1023.893805
-952.654867
-851.327434
-745.132743
-672.566372
-638.938053
-600.884956
-553.982301
-535.398230
-603.097345
-743.805310
-867.699115
-876.106195
-770.353982
-637.610619
-578.761062
-598.230088
-607.079646
-576.106195
-519.911504
-475.221239
-486.283186
-504.867257
-456.194690
-315.486726
-111.504425
71.238938
185.398230
245.132743
283.628319
300.000000
284.070796
241.150442
203.982301
209.734513
288.053097
416.371681
538.495575
596.902655
592.477876
578.761062
613.274336
705.752212
781.858407
781.415929
725.221239
696.902655
751.327434
846.460177
894.690265
872.566372
830.530973
798.230088
788.495575
813.274336
850.442478
886.283186
898.230088
892.035398
888.938053
911.061947
919.026549
873.008850
796.460177
757.522124
794.247788
843.805310
823.893805
728.318584
614.601770
521.681416
450.442478
389.380531
324.778761
231.415929
82.300885
-94.690265
-219.469027
-250.442478
-233.185841
-248.230088
-352.654867
-519.911504
-686.725664
-780.530973
-800.442478
-783.628319
-773.451327
-803.982301
-858.407080
-888.495575
-878.318584
-863.274336
-892.477876
-962.831858
-1027.433628
-1034.513274
-980.088496
-901.769912
-838.495575
-829.203540
-853.539823
-884.070796
-886.725664
-870.796460
-887.610619
-941.150442
-965.486726
-884.070796
-703.097345
-539.380531
-495.132743
-530.530973
-516.814159
-393.362832
-217.699115
-119.469027
-132.743363
-194.247788
-213.716814
-167.256637
-94.247788
-58.849558
-63.274336
-69.469027
-53.539823
2.654867
72.123894
133.628319
170.796460
209.734513
278.761062
401.327434
521.238938
566.814159
550.442478
523.451327
557.079646
659.292035
759.292035
786.725664
747.787611
698.230088
703.539823
778.318584
863.274336
898.230088
868.584071
820.796460
812.831858
828.318584
813.274336
768.141593
728.318584
743.362832
803.097345
841.150442
832.300885
794.690265
765.486726
760.619469
773.893805
777.876106
753.982301
684.513274
578.318584
495.132743
459.734513
472.123894
471.681416
404.424779
281.858407
153.097345
56.194690
11.061947
12.831858
42.477876
76.991150
50.000000
-78.761062
-292.920354
-514.601770
-643.805310
-669.469027
-664.601770
-698.230088
-792.477876
-893.805310
-960.619469
-998.672566
-1039.823009
-1119.469027
-1217.699115
-1271.238938
-1252.212389
-1191.592920
-1132.300885
-1081.858407
-1006.637168
-901.327434
-809.292035
-768.584071
-781.858407
-805.752212
-773.893805
-680.088496
-568.584071
-488.938053
-480.973451
-525.221239
-562.389381
-557.964602
-512.389381
-464.601770
-446.017699
-456.194690
-463.274336
-433.185841
-353.097345
-243.362832
-142.035398
-76.106195
-48.672566
-29.203540
0.442478
50.442478
126.106195
214.159292
320.353982
441.150442
542.035398
596.460177
608.407080
605.309735
622.123894
661.946903
697.345133
716.814159
723.893805
733.628319
762.389381
806.194690
861.061947
917.256637
951.769912
962.389381
932.743363
881.415929
846.460177
816.814159
799.115044
784.513274
763.274336
743.362832
741.592920
737.610619
723.008850
705.752212
700.884956
723.451327
734.513274
709.292035
661.946903
630.973451
625.221239
633.628319
622.566372
581.415929
532.743363
487.610619
421.238938
305.309735
154.867257
22.566372
-33.628319
0.884956
49.557522
-6.194690
-183.185841
-427.433628
-643.362832
-752.212389
-796.902655
-829.646018
-900.884956
-985.398230
-1012.389381
-972.123894
-916.371681
-903.982301
-971.681416
-1064.159292
-1111.504425
-1092.035398
-1040.265487
-996.902655
-973.451327
-959.734513
-931.858407
-905.309735
-916.371681
-965.929204
-1043.362832
-1080.973451
-1028.761062
-896.902655
-761.504425
-697.787611
-708.849558
-726.106195
-672.123894
-546.902655
-416.814159
-344.247788
-329.203540
-329.203540
-290.707965
-205.752212
-95.132743
-19.469027
-7.522124
-18.141593
1.769912
73.008850
150.000000
199.557522
228.761062
288.938053
380.088496
457.522124
494.690265
507.964602
546.017699
621.238938
707.964602
780.530973
839.823009
874.336283
874.778761
850.000000
830.088496
846.017699
873.451327
876.991150
841.592920
813.274336
811.946903
818.584071
807.522124
779.646018
768.584071
782.300885
796.460177
788.495575
763.274336
738.938053
724.778761
713.274336
718.584071
712.389381
688.938053
648.230088
600.000000
565.486726
554.424779
544.690265
532.743363
524.336283
497.345133
438.938053
339.380531
219.469027
100.442478
10.176991
-20.353982
23.451327
106.637168
134.513274
23.451327
-197.345133
-406.194690
-514.159292
-534.513274
-577.433628
-706.194690
-880.530973
-1007.522124
-1061.061947
-1091.150442
-1146.902655
-1234.955752
-1345.132743
-1417.256637
-1420.796460
-1356.194690
-1271.238938
-1210.176991
-1173.008850
-1123.893805
-1047.345133
-988.053097
-976.991150
-1001.769912
-989.380531
-893.362832
-736.725664
-595.132743
-532.300885
-552.212389
-582.743363
-562.389381
-487.610619
-400.884956
-366.371681
-393.805310
-420.796460
-385.840708
-275.663717
-153.539823
-75.663717
-37.168142
-12.389381
29.203540
94.247788
160.176991
225.663717
301.327434
382.743363
469.911504
551.327434
607.522124
630.530973
633.628319
667.256637
757.522124
862.831858
915.486726
896.017699
851.769912
852.212389
926.548673
1008.407080
1044.247788
1013.274336
942.477876
884.955752
853.539823
847.345133
839.823009
799.557522
719.911504
646.902655
618.141593
642.920354
668.141593
654.424779
614.159292
567.699115
555.309735
571.238938
570.796460
558.407080
555.752212
573.893805
619.911504
685.840708
728.318584
725.663717
692.035398
658.407080
649.115044
641.150442
578.318584
421.238938
220.796460
59.734513
-0.884956
1.327434
-12.389381
-80.088496
-238.053097
-450.000000
-663.716814
-817.699115
-883.185841
-921.681416
-980.973451
-1078.761062
-1178.318584
-1214.159292
-1193.805310
-1191.592920
-1236.283186
-1321.681416
-1382.743363
-1379.646018
-1342.920354
-1289.380531
-1242.035398
-1196.017699
-1134.955752
-1071.238938
-1023.451327
-1017.699115
-1046.017699
-1070.353982
-1036.283186
-928.761062
-779.203540
-665.929204
-613.716814
-584.955752
-532.743363
-453.097345
-382.743363
-358.849558
-379.203540
-381.858407
-326.991150
-235.840708
-144.247788
-82.743363
-34.955752
34.070796
117.699115
213.716814
280.530973
339.380531
421.238938
517.256637
613.716814
693.805310
762.831858
839.823009
899.115044
916.371681
909.734513
908.407080
923.451327
933.185841
919.026549
898.230088
902.212389
933.628319
958.849558
933.628319
880.088496
828.318584
792.920354
774.778761
768.584071
756.637168
731.858407
703.539823
689.380531
723.008850
778.318584
820.796460
807.964602
770.796460
747.787611
744.247788
732.743363
685.840708
639.823009
611.946903
597.787611
571.238938
535.398230
491.150442
466.814159
443.362832
399.115044
343.362832
284.513274
223.893805
150.442478
47.345133
-84.955752
-205.309735
-294.690265
-327.433628
-328.318584
-358.407080
-457.079646
-625.663717
-811.061947
-950.442478
-1027.433628
-1078.318584
-1124.778761
-1186.283186
-1244.690265
-1282.743363
-1297.787611
-1289.380531
-1299.557522
-1343.362832
-1382.300885
-1379.646018
-1327.433628
-1242.920354
-1173.893805
-1125.663717
-1079.646018
-1029.203540
-986.725664
-967.256637
-972.566372
-988.938053
-967.256637
-893.362832
-762.831858
-601.769912
-478.761062
-416.814159
-395.132743
-349.557522
-245.575221
-128.318584
-63.716814
-46.460177
-30.088496
21.238938
128.318584
241.592920
329.646018
391.150442
433.185841
474.778761
514.159292
547.787611
573.451327
587.610619
625.221239
695.132743
773.893805
818.584071
817.256637
803.097345
818.584071
873.893805
943.362832
995.132743
1009.292035
997.345133
984.070796
975.221239
976.991150
984.070796
969.469027
919.911504
850.442478
788.938053
753.982301
731.415929
712.831858
699.115044
677.876106
645.132743
588.053097
523.893805
487.610619
474.778761
465.929204
460.176991
431.858407
384.070796
336.725664
296.460177
296.460177
322.566372
353.539823
352.212389
308.849558
250.884956
194.690265
143.362832
96.902655
57.522124
3.982301
-61.946903
-150.884956
-253.982301
-335.398230
-380.088496
-391.592920
-377.876106
-373.008850
-423.451327
-546.460177
-716.814159
-865.486726
-954.867257
-999.115044
-1043.805310
-1118.584071
-1192.477876
-1226.106195
-1226.548673
-1220.353982
-1232.743363
-1256.637168
-1287.168142
-1286.725664
-1262.831858
-1204.867257
-1099.557522
-991.150442
-898.230088
-819.911504
-757.522124
-709.734513
-692.477876
-692.920354
-675.221239
-603.539823
-490.265487
-370.796460
-273.893805
-209.734513
-176.548673
-150.000000
-105.309735
-44.690265
4.424779
17.256637
21.238938
56.637168
154.424779
288.053097
404.424779
474.336283
509.734513
542.035398
581.858407
622.566372
669.911504
718.584071
757.522124
794.247788
836.725664
884.513274
914.159292
898.672566
863.716814
846.460177
865.929204
891.592920
879.203540
824.778761
770.353982
746.017699
746.902655
760.619469
751.769912
703.539823
627.433628
577.433628
563.716814
574.336283
577.876106
544.247788
475.221239
410.619469
377.876106
342.477876
299.115044
265.486726
242.920354
238.938053
239.823009
239.380531
228.318584
209.734513
204.424779
204.867257
217.256637
230.973451
227.433628
200.442478
157.964602
119.469027
84.513274
53.539823
17.256637
-24.778761
-76.106195
-142.035398
-224.778761
-316.371681
-394.247788
-442.477876
-469.911504
-479.646018
-495.132743
-553.097345
-655.309735
-786.725664
-890.707965
-947.787611
-961.946903
-963.716814
-970.353982
-997.787611
-1030.973451
-1049.115044
-1051.327434
-1057.522124
-1070.353982
-1078.761062
-1061.061947
-1011.504425
-934.070796
-850.884956
-773.893805
-701.327434
-634.070796
-574.336283
-521.238938
-476.991150
-426.548673
-343.805310
-231.415929
-88.053097
26.548673
75.221239
72.123894
51.327434
61.504425
117.699115
179.646018
208.407080
214.601770
212.389381
230.973451
284.070796
350.442478
406.637168
427.433628
399.557522
367.699115
375.663717
426.106195
488.495575
533.628319
579.203540
626.548673
673.451327
718.584071
725.663717
703.539823
679.646018
664.601770
673.008850
674.778761
643.805310
587.168142
542.035398
535.840708
569.026549
597.787611
577.876106
518.584071
449.115044
402.212389
381.415929
374.336283
381.415929
376.106195
340.707965
294.247788
246.902655
226.106195
219.469027
194.247788
159.734513
143.805310
147.787611
159.734513
153.097345
126.548673
122.566372
143.805310
166.814159
177.433628
168.584071
146.017699
122.566372
102.212389
109.734513
118.141593
94.690265
39.380531
-27.876106
-61.061947
-69.911504
-91.592920
-160.176991
-273.008850
-396.902655
-502.212389
-559.292035
-556.194690
-532.300885
-541.592920
-614.601770
-720.353982
-792.477876
-799.557522
-774.336283
-768.584071
-769.469027
-757.964602
-721.681416
-690.265487
-682.743363
-692.477876
-702.212389
-692.920354
-661.061947
-612.831858
-569.911504
-546.902655
-523.451327
-474.778761
-410.176991
-353.982301
-343.362832
-363.274336
-367.699115
-330.973451
-259.734513
-186.283186
-129.203540
-93.362832
-84.070796
-88.053097
-84.070796
-43.805310
18.141593
56.194690
60.619469
61.946903
93.362832
142.477876
184.070796
198.672566
193.362832
196.902655
221.238938
264.601770
326.991150
392.920354
445.132743
473.893805
507.522124
548.672566
585.398230
603.982301
607.079646
608.407080
621.681416
634.070796
623.008850
588.938053
549.115044
516.371681
486.283186
458.407080
430.530973
392.477876
350.884956
323.893805
315.486726
323.451327
325.221239
297.787611
253.982301
219.026549
213.716814
222.123894
220.796460
208.407080
186.725664
177.433628
199.557522
234.070796
246.460177
234.955752
191.592920
147.787611
138.938053
169.026549
204.424779
211.946903
192.920354
190.265487
211.504425
236.725664
248.230088
230.088496
196.017699
164.159292
150.000000
138.495575
122.566372
78.318584
3.097345
-85.840708
-175.663717
-243.805310
-277.433628
-303.982301
-335.398230
-372.123894
-439.380531
-519.469027
-581.415929
-631.858407
-658.849558
-675.663717
-702.654867
-717.256637
-728.761062
-739.823009
-743.805310
-743.362832
-735.398230
-715.929204
-691.592920
-682.300885
-684.955752
-673.451327
-646.017699
-601.327434
-554.867257
-525.221239
-514.601770
-529.203540
-540.265487
-519.469027
-460.176991
-371.238938
-294.690265
-262.389381
-247.345133
-215.929204
-155.309735
-81.415929
-25.221239
-2.212389
-7.964602
-4.867257
21.238938
69.911504
132.743363
188.938053
224.778761
247.787611
282.300885
326.106195
361.061947
386.725664
422.566372
478.761062
561.946903
626.106195
641.592920
617.699115
586.283186
571.681416
587.168142
612.389381
605.309735
562.831858
506.637168
465.044248
450.884956
443.362832
413.274336
365.044248
328.318584
316.371681
324.336283
332.743363
330.088496
317.699115
315.929204
319.911504
330.088496
332.743363
325.663717
323.893805
329.203540
352.212389
383.185841
386.283186
363.716814
345.132743
347.345133
360.176991
369.911504
372.566372
361.504425
353.097345
324.336283
288.495575
255.752212
234.070796
218.141593
190.265487
144.247788
98.672566
59.292035
4.424779
-44.247788
-90.265487
-124.336283
-171.681416
-244.247788
-329.646018
-409.292035
-453.097345
-479.646018
-509.734513
-563.716814
-638.053097
-715.044248
-772.123894
-788.053097
-776.548673
-757.964602
-756.194690
-774.336283
-785.398230
-786.283186
-772.566372
-759.292035
-748.230088
-741.592920
-735.840708
-723.008850
-701.769912
-667.699115
-630.088496
-597.345133
-568.141593
-544.247788
-523.008850
-511.504425
-491.592920
-464.159292
-409.734513
-337.168142
-263.716814
-207.964602
-172.123894
-146.460177
-122.566372
-83.628319
-23.008850
36.725664
73.451327
88.053097
95.575221
140.707965
216.371681
282.300885
324.336283
350.000000
376.548673
428.318584
492.477876
539.380531
580.530973
611.504425
628.318584
648.672566
674.336283
691.150442
692.920354
689.380531
683.628319
684.070796
682.743363
673.008850
639.380531
602.212389
576.106195
560.176991
543.805310
514.159292
473.008850
426.106195
392.035398
369.026549
358.407080
359.292035
349.115044
328.761062
300.442478
286.725664
295.575221
309.292035
313.716814
297.787611
273.893805
255.752212
237.610619
220.796460
195.132743
155.309735
116.371681
82.743363
63.274336
53.982301
50.884956
45.575221
37.168142
20.353982
-11.504425
-36.283186
-59.734513
-83.628319
-98.672566
-110.176991
-122.566372
-138.053097
-154.867257
-181.415929
-227.433628
-300.000000
-381.858407
-442.920354
-468.141593
-475.663717
-491.150442
-526.548673
-575.221239
-615.486726
-639.823009
-661.946903
-682.300885
-699.557522
-719.469027
-726.991150
-723.893805
-716.371681
-724.336283
-739.823009
-744.690265
-736.725664
-707.522124
-679.646018
-674.336283
-670.796460
-650.442478
-615.486726
-565.486726
-512.389381
-479.646018
-458.407080
-430.530973
-379.203540
-305.752212
-230.530973
-173.893805
-127.876106
-78.761062
-19.911504
50.884956
120.796460
183.185841
227.433628
250.884956
286.283186
325.663717
365.486726
396.460177
426.106195
465.486726
512.831858
563.274336
602.654867
619.469027
623.893805
638.938053
667.256637
692.477876
702.212389
696.902655
688.938053
691.592920
692.920354
684.513274
665.486726
625.221239
580.973451
545.132743
512.389381
485.840708
446.017699
389.823009
332.743363
284.070796
257.522124
244.247788
227.876106
210.619469
180.088496
147.787611
129.203540
130.530973
142.920354
153.097345
147.345133
133.628319
123.008850
110.619469
92.035398
60.619469
34.955752
12.389381
7.964602
8.407080
10.176991
18.584071
11.946903
-2.654867
-14.159292
-21.238938
-31.415929
-46.460177
-67.699115
-87.610619
-94.247788
-93.805310
-109.734513
-138.938053
-177.876106
-208.849558
-223.451327
-221.238938
-234.513274
-264.601770
-314.159292
-359.734513
-382.743363
-393.362832
-395.575221
-416.814159
-444.690265
-474.336283
-490.265487
-501.327434
-513.716814
-524.778761
-537.168142
-536.283186
-532.743363
-550.000000
-561.504425
-565.044248
-557.964602
-536.283186
-520.796460
-506.194690
-511.504425
-512.831858
-496.017699
-452.654867
-396.902655
-362.831858
-346.460177
-328.761062
-296.902655
-242.920354
-183.185841
-139.380531
-103.982301
-67.256637
-28.318584
22.123894
83.628319
137.168142
181.858407
213.274336
238.053097
264.159292
284.070796
309.292035
338.938053
376.548673
424.336283
454.867257
461.504425
465.044248
475.221239
495.575221
530.973451
568.584071
592.920354
602.212389
597.787611
591.150442
582.300885
563.716814
533.628319
485.840708
437.168142
407.964602
389.823009
384.955752
373.893805
345.575221
308.849558
260.619469
218.584071
196.902655
188.053097
178.761062
158.849558
134.070796
111.946903
82.300885
54.424779
32.300885
19.026549
12.389381
-0.442478
-11.946903
-34.955752
-47.787611
-56.194690
-60.176991
-60.176991
-54.424779
-42.920354
-36.725664
-27.433628
-23.893805
-3.539823
18.141593
22.566372
15.929204
21.681416
42.920354
80.530973
119.469027
130.088496
116.371681
79.646018
42.920354
21.238938
8.849558
-3.097345
-16.814159
-42.477876
-74.336283
-107.522124
-153.097345
-205.309735
-261.946903
-312.831858
-353.982301
-382.743363
-413.716814
-444.690265
-473.451327
-503.097345
-519.026549
-534.070796
-557.964602
-591.592920
-619.469027
-630.973451
-621.681416
-600.000000
-583.628319
-584.513274
-591.150442
-587.610619
-568.141593
-542.920354
-519.911504
-486.283186
-450.000000
-400.000000
-338.053097
-276.991150
-219.911504
-172.566372
-136.725664
-100.884956
-58.407080
-18.141593
30.088496
84.955752
140.265487
184.955752
215.486726
239.380531
254.424779
286.283186
321.681416
353.982301
383.185841
406.637168
430.088496
448.230088
452.212389
455.752212
457.964602
452.654867
461.061947
465.044248
461.061947
450.442478
429.203540
405.752212
393.805310
381.858407
360.619469
336.283186
312.831858
289.823009
274.336283
250.442478
227.433628
203.539823
191.150442
182.300885
179.646018
178.761062
182.743363
186.725664
179.203540
173.008850
159.734513
148.230088
144.690265
145.575221
150.442478
159.734513
162.831858
163.274336
170.796460
170.796460
172.123894
179.646018
179.646018
175.663717
165.044248
163.274336
170.796460
175.221239
173.451327
162.831858
163.274336
159.292035
145.575221
124.336283
93.362832
69.026549
47.345133
31.415929
6.637168
-26.106195
-63.716814
-103.097345
-145.132743
-186.283186
-234.955752
-276.991150
-319.469027
-365.044248
-383.185841
-398.672566
-419.469027
-450.000000
-488.938053
-525.663717
-542.035398
-554.867257
-570.353982
-580.530973
-597.345133
-607.522124
-612.831858
-605.752212
-595.132743
-576.991150
-564.601770
-562.389381
-555.309735
-546.460177
-539.380531
-530.088496
-510.176991
-485.840708
-453.539823
-415.486726
-377.433628
-340.707965
-299.557522
-258.407080
-215.929204
-173.451327
-132.743363
-95.132743
-57.964602
-8.407080
48.230088
98.230088
144.690265
185.840708
212.831858
238.938053
269.026549
299.115044
340.707965
381.858407
416.814159
446.460177
470.353982
492.477876
507.079646
517.699115
521.238938
514.159292
511.946903
516.814159
522.123894
520.796460
522.123894
518.141593
503.539823
480.088496
454.867257
422.566372
392.477876
368.141593
346.460177
333.628319
323.008850
307.964602
286.283186
271.681416
254.424779
237.168142
217.256637
198.672566
186.283186
185.398230
188.938053
188.053097
182.300885
162.389381
138.938053
123.008850
113.274336
110.176991
112.831858
105.752212
104.867257
111.946903
113.274336
112.389381
107.522124
96.460177
84.070796
65.486726
51.769912
40.707965
28.318584
16.814159
-1.327434
-18.141593
-42.477876
-79.203540
-112.831858
-140.707965
-172.566372
-203.539823
-237.168142
-274.336283
-306.194690
-339.823009
-372.123894
-405.752212
-438.938053
-468.584071
-503.982301
-532.743363
-560.619469
-583.185841
-593.805310
-605.752212
-620.353982
-629.203540
-640.707965
-656.637168
-669.026549
-668.141593
-658.407080
-639.380531
-614.601770
-592.035398
-567.699115
-545.575221
-518.141593
-486.283186
-448.230088
-408.849558
-372.123894
-320.796460
-267.699115
-211.946903
-159.734513
-114.159292
-65.486726
-22.566372
12.831858
57.522124
104.867257
159.292035
220.796460
267.256637
296.460177
319.026549
340.707965
366.814159
400.000000
432.743363
463.274336
485.840708
515.929204
541.592920
557.079646
565.486726
563.716814
563.716814
554.424779
548.230088
546.017699
541.150442
528.761062
514.159292
504.867257
496.460177
482.743363
462.389381
434.955752
408.407080
402.212389
398.672566
382.300885
367.256637
348.230088
323.008850
306.194690
292.920354
276.991150
255.752212
231.858407
208.849558
198.230088
193.805310
182.300885
165.929204
141.592920
114.601770
85.398230
64.601770
48.230088
32.743363
16.814159
-6.194690
-23.008850
-43.805310
-60.176991
-83.628319
-110.176991
-130.088496
-153.982301
-177.433628
-194.247788
-216.371681
-234.513274
-249.115044
-267.699115
-284.070796
-297.345133
-312.389381
-325.663717
-337.168142
-348.230088
-355.752212
-370.796460
-387.168142
-402.212389
-418.584071
-432.300885
-440.707965
-445.132743
-444.690265
-451.769912
-462.831858
-480.973451
-497.787611
-516.371681
-522.566372
-520.353982
-522.123894
-520.796460
-529.203540
-523.451327
-510.176991
-502.212389
-495.132743
-489.823009
-469.911504
-446.902655
-418.141593
-371.238938
-329.203540
-291.592920
-254.867257
-215.929204
-178.761062
-130.973451
-85.840708
-46.017699
1.327434
47.787611
99.115044
162.389381
216.814159
262.389381
299.115044
326.548673
360.619469
398.672566
431.858407
463.716814
503.982301
542.477876
580.088496
610.176991
622.123894
629.203540
634.955752
642.035398
653.097345
660.619469
669.911504
671.238938
665.929204
662.389381
650.884956
628.761062
601.327434
569.469027
539.823009
517.256637
493.362832
469.469027
446.460177
412.389381
370.353982
324.778761
275.663717
234.513274
191.150442
149.557522
111.061947
70.796460
32.300885
-3.097345
-40.265487
-80.088496
-123.451327
-153.982301
-180.973451
-208.849558
-225.663717
-243.362832
-263.274336
-279.203540
-285.398230
-297.345133
-304.424779
-309.292035
-303.539823
-296.017699
-287.610619
-281.415929
-281.858407
-282.300885
-281.858407
-282.300885
-282.300885
-276.548673
-270.353982
-260.176991
-251.327434
-247.345133
-247.787611
-248.230088
-254.424779
-260.176991
-270.796460
-275.663717
-284.070796
-290.707965
-293.362832
-300.442478
-298.230088
-307.079646
-322.566372
-335.840708
-346.017699
-355.752212
-358.849558
-359.292035
-349.557522
-341.592920
-339.380531
-331.858407
-326.548673
-323.008850
-314.159292
-299.115044
-276.106195
-245.575221
-214.159292
-173.451327
-139.380531
-108.849558
-80.088496
-44.690265
-11.061947
20.796460
60.619469
96.460177
139.823009
174.336283
201.769912
234.955752
263.716814
287.168142
312.831858
346.902655
372.566372
388.938053
412.389381
426.106195
439.823009
457.522124
461.504425
463.716814
465.929204
462.389381
472.123894
477.876106
481.858407
482.743363
476.991150
467.699115
449.557522
436.725664
414.601770
400.442478
392.035398
369.911504
353.539823
333.628319
311.504425
284.955752
261.061947
230.530973
204.867257
179.646018
149.115044
126.548673
101.769912
70.796460
39.823009
6.637168
-26.106195
-62.389381
-98.672566
-122.566372
-146.017699
-169.469027
-185.840708
-201.327434
-222.123894
-238.938053
-252.654867
-264.601770
-275.663717
-290.265487
-304.424779
-315.044248
-316.814159
-315.929204
-312.389381
-302.654867
-299.557522
-307.522124
-307.964602
-301.327434
-292.035398
-280.088496
-268.584071
-261.061947
-249.115044
-242.035398
-236.725664
-231.415929
-224.336283
-222.123894
-220.796460
-209.734513
-195.132743
-180.530973
-172.123894
-162.389381
-150.442478
-142.477876
-134.513274
-127.876106
-128.318584
-117.256637
-108.407080
-98.230088
-86.283186
-85.398230
-75.221239
-66.814159
-58.849558
-49.557522
-35.840708
-27.433628
-21.238938
-16.814159
-15.929204
-3.097345
1.327434
8.407080
7.964602
13.274336
19.026549
27.876106
40.707965
46.460177
57.079646
71.238938
83.185841
98.230088
111.946903
126.106195
144.690265
161.061947
176.991150
189.823009
196.017699
206.637168
223.008850
238.053097
250.442478
261.946903
276.106195
293.362832
302.212389
311.061947
312.389381
306.637168
308.849558
307.079646
300.884956
298.230088
300.000000
296.460177
288.938053
278.318584
264.601770
247.787611
226.548673
197.345133
174.778761
160.619469
143.805310
125.663717
97.345133
68.141593
45.132743
21.238938
-2.212389
-26.106195
-47.345133
-63.274336
-88.495575
-107.964602
-125.663717
-142.920354
-157.964602
-174.336283
-189.380531
-200.884956
-212.831858
-223.008850
-229.646018
-238.938053
-232.743363
-230.088496
-231.415929
-226.548673
-219.911504
-215.044248
-210.619469
-204.867257
-201.769912
-189.380531
-177.876106
-161.061947
-146.902655
-138.495575
-125.663717
-110.619469
-98.230088
-87.168142
-83.185841
-72.123894
-60.619469
-59.292035
-51.327434
-43.362832
-42.035398
-42.920354
-42.035398
-35.840708
-33.185841
-34.955752
-33.185841
-35.398230
-29.203540
-26.106195
-22.566372
-18.584071
-26.991150
-25.221239
-26.106195
-25.663717
-18.141593
-16.371681
-17.256637
-17.256637
-15.929204
-7.964602
-8.849558
-7.964602
-9.292035
-3.982301
0.442478
0.000000
-0.442478
3.982301
10.176991
7.964602
8.849558
7.964602
15.044248
18.141593
23.893805
29.646018
37.610619
48.672566
52.212389
50.442478
55.309735
60.176991
65.929204
82.300885
92.477876
105.752212
115.929204
122.123894
127.433628
131.415929
137.168142
136.725664
137.168142
136.725664
136.725664
136.283186
143.805310
146.017699
145.132743
137.168142
123.893805
118.584071
111.061947
111.504425
107.522124
101.327434
94.690265
93.805310
88.053097
78.318584
66.371681
50.000000
38.938053
26.548673
15.044248
6.194690
-3.982301
-16.371681
-27.876106
-36.283186
-46.902655
-53.982301
-68.141593
-84.513274
-99.115044
-102.654867
-105.309735
-111.946903
-110.619469
-111.946903
-110.619469
-111.946903
-106.637168
-101.327434
-108.849558
-112.389381
-107.079646
-92.477876
-77.876106
-68.584071
-60.619469
-53.097345
-47.787611
-41.592920
-35.840708
-30.530973
-22.123894
-11.061947
0.884956
12.389381
24.336283
35.840708
48.230088
51.327434
53.982301
61.504425
57.522124
51.327434
51.327434
51.769912
50.884956
51.769912
48.230088
35.840708
24.778761
11.504425
-3.982301
-14.601770
-30.530973
-42.477876
-49.115044
-57.964602
-68.141593
-67.256637
-79.203540
-97.787611
-107.964602
-119.911504
-125.221239
-131.858407
-136.725664
-137.168142
-135.840708
-128.318584
-128.761062
-127.433628
-129.203540
-125.221239
-119.026549
-111.061947
-91.150442
-76.106195
-58.849558
-41.592920
-23.893805
-6.194690
11.504425
21.681416
38.053097
55.309735
76.548673
96.460177
110.176991
127.876106
136.725664
145.132743
151.769912
157.964602
163.274336
161.946903
162.831858
156.194690
153.539823
153.982301
145.575221
139.823009
138.938053
126.106195
111.504425
110.176991
96.902655
88.495575
79.646018
56.637168
50.884956
50.442478
36.725664
27.876106
18.584071
7.079646
-5.309735
-19.026549
-30.973451
-33.185841
-37.168142
-38.495575
-34.070796
-42.477876
-44.247788
-52.212389
-50.442478
-57.522124
-60.619469
-56.194690
-46.460177
-43.362832
-40.265487
-34.513274
-30.530973
-24.778761
-23.893805
-16.371681
-17.699115
-16.371681
-9.292035
0.442478
10.176991
17.256637
17.256637
24.778761
25.221239
28.318584
34.955752
34.955752
44.247788
38.938053
33.628319
33.628319
34.955752
30.973451
24.336283
19.026549
8.849558
-3.097345
-14.159292
-22.123894
-34.070796
-46.017699
-54.424779
-64.601770
-73.008850
-80.530973
-88.495575
-103.982301
-112.389381
-120.353982
-127.876106
-128.761062
-128.318584
-128.761062
-125.221239
-118.584071
-120.353982
-115.929204
-110.176991
-111.504425
-109.734513
-98.672566
-92.920354
-85.840708
-77.876106
-73.451327
-64.601770
-54.424779
-41.592920
-30.530973
-21.238938
-16.814159
-8.407080
7.522124
14.159292
23.893805
33.185841
42.035398
54.867257
62.831858
73.008850
81.415929
92.035398
99.557522
104.867257
114.601770
128.318584
136.283186
137.168142
136.283186
140.265487
146.017699
145.132743
145.575221
145.132743
146.017699
140.707965
134.955752
125.663717
111.946903
103.539823
93.362832
84.955752
80.088496
70.353982
61.061947
52.212389
39.380531
28.761062
20.796460
8.849558
-3.539823
-14.159292
-27.433628
-34.070796
-37.168142
-43.805310
-49.115044
-53.539823
-59.292035
-65.929204
-68.584071
-68.584071
-68.141593
-70.796460
-77.876106
-76.548673
-71.681416
-64.159292
-60.619469
-55.309735
-50.884956
-46.017699
-37.168142
-29.646018
-22.123894
-9.734513
-0.884956
4.424779
11.946903
20.796460
26.106195
25.663717
25.221239
31.858407
34.955752
34.513274
34.070796
34.955752
28.318584
24.778761
24.778761
16.371681
7.522124
-5.309735
-12.831858
-23.893805
-30.530973
-39.823009
-50.000000
-57.522124
-65.044248
-70.796460
-80.088496
-89.823009
-93.805310
-103.539823
-111.504425
-111.061947
-110.619469
-111.946903
-109.292035
-103.097345
-100.000000
-88.938053
-80.530973
-76.548673
-76.106195
-69.026549
-59.292035
-47.787611
-35.398230
-26.106195
-16.814159
-0.442478
9.292035
15.929204
26.548673
34.070796
39.823009
48.230088
60.619469
69.469027
79.203540
92.035398
93.362832
97.787611
103.982301
110.619469
111.061947
114.601770
120.796460
119.026549
120.353982
119.026549
119.911504
118.584071
112.831858
108.849558
103.539823
96.902655
89.380531
79.646018
64.601770
57.079646
46.460177
38.053097
26.548673
10.619469
-1.769912
-13.274336
-25.663717
-36.725664
-45.575221
-55.752212
-62.389381
-67.256637
-74.336283
-77.433628
-76.548673
-77.433628
-76.548673
-80.973451
-80.088496
-72.566372
-68.141593
-68.584071
-61.504425
-53.097345
-46.017699
-37.610619
-32.743363
-25.221239
-16.814159
-9.734513
-6.637168
-0.442478
5.309735
11.061947
17.699115
16.371681
23.008850
26.548673
26.548673
35.398230
30.973451
25.221239
28.318584
27.433628
19.026549
17.256637
16.371681
21.238938
26.106195
25.663717
25.221239
26.106195
19.026549
16.371681
16.814159
17.256637
15.929204
11.061947
17.699115
16.814159
16.814159
8.407080
9.292035
6.637168
0.442478
-2.654867
-9.292035
-15.486726
-18.141593
-16.814159
-17.256637
-24.336283
-26.548673
-25.221239
-34.070796
-34.955752
-43.805310
-38.938053
-36.283186
-43.805310
-35.840708
-33.185841
-27.433628
-23.008850
-17.699115
-14.159292
-7.964602
-8.407080
-8.849558
-8.407080
-3.982301
5.752212
8.407080
11.504425
17.699115
16.814159
17.699115
15.929204
19.911504
26.991150
22.123894
15.486726
23.451327
16.814159
21.681416
23.008850
16.371681
15.929204
7.522124
9.292035
8.407080
6.637168
-0.442478
0.442478
-0.442478
-3.539823
-14.601770
-16.371681
-23.451327
-25.663717
-26.991150
-34.070796
-34.513274
-41.150442
-48.230088
-48.230088
-41.592920
-43.362832
-41.592920
-42.920354
-42.035398
-43.805310
-40.707965
-33.628319
-34.513274
-29.203540
-23.008850
-17.699115
-10.619469
-8.407080
-0.884956
6.637168
15.486726
27.433628
37.168142
42.477876
43.805310
50.442478
56.194690
67.699115
68.141593
68.141593
68.584071
75.221239
77.876106
76.106195
77.876106
72.123894
68.584071
63.274336
58.849558
53.539823
47.345133
42.035398
43.362832
38.495575
26.106195
26.106195
20.796460
14.601770
8.849558
7.964602
0.442478
0.000000
-3.539823
-10.176991
-15.486726
-25.663717
-24.778761
-28.318584
-40.707965
-42.920354
-46.017699
-53.539823
-58.407080
-65.044248
-68.584071
-68.141593
-68.584071
-68.584071
-68.584071
-74.336283
-69.026549
-59.734513
-60.619469
-56.637168
-48.230088
-37.610619
-29.646018
-21.681416
-16.371681
-13.274336
-2.212389
-0.884956
2.654867
13.274336
22.566372
25.221239
31.858407
34.513274
34.955752
43.362832
41.592920
43.805310
37.610619
34.070796
31.858407
23.893805
27.433628
20.796460
17.256637
14.601770
7.964602
2.212389
-3.097345
-11.946903
-16.814159
-20.796460
-27.433628
-33.185841
-34.513274
-34.070796
-34.070796
-34.513274
-33.628319
-36.283186
-42.477876
-43.362832
-37.610619
-33.185841
-34.513274
-28.761062
-19.911504
-16.814159
-17.699115
-11.061947
-7.964602
-1.327434
0.000000
3.097345
9.734513
15.929204
18.141593
28.761062
34.070796
38.495575
43.362832
48.230088
52.654867
58.407080
60.176991
65.486726
69.469027
67.699115
68.584071
68.141593
68.141593
69.026549
66.814159
60.176991
57.522124
49.115044
40.707965
34.955752
30.973451
25.221239
25.663717
25.663717
26.106195
21.238938
11.946903
8.407080
8.407080
0.442478
0.000000
-7.079646
-3.097345
1.327434
-0.884956
-5.309735
-12.389381
-17.256637
-24.778761
-25.663717
-24.778761
-30.973451
-34.955752
-33.628319
-34.955752
-33.628319
-35.840708
-43.362832
-41.592920
-44.690265
-52.212389
-47.345133
-41.150442
-49.115044
-50.442478
-41.592920
-44.247788
-39.380531
-33.628319
-34.070796
-34.513274
-33.628319
-34.955752
-29.203540
-28.761062
-35.398230
-25.663717
-26.106195
-25.663717
-25.663717
-25.221239
-25.221239
-25.663717
-25.221239
-25.663717
-25.663717
-25.663717
-25.663717
-25.221239
-27.433628
-34.513274
-34.070796
-34.070796
-34.513274
-27.433628
-24.778761
-17.256637
-17.699115
-13.274336
-8.407080
-3.539823
0.884956
6.637168
9.292035
13.716814
18.584071
22.566372
30.530973
34.070796
42.477876
42.477876
43.362832
42.035398
47.787611
51.769912
50.884956
51.769912
50.884956
52.212389
47.787611
42.035398
43.362832
42.477876
42.920354
42.035398
34.955752
34.070796
34.513274
34.070796
34.513274
34.070796
34.513274
33.185841
26.106195
25.221239
25.663717
25.663717
26.106195
25.221239
23.008850
26.106195
24.778761
18.141593
16.371681
18.141593
14.601770
7.964602
8.407080
8.849558
7.964602
9.292035
4.424779
-0.884956
0.884956
-0.442478
0.884956
-1.327434
-7.522124
-11.061947
-17.256637
-17.256637
-16.814159
-22.566372
-26.548673
-24.778761
-26.548673
-24.778761
-30.530973
-34.955752
-34.070796
-34.513274
-34.070796
-34.070796
-34.955752
-33.628319
-39.380531
-42.477876
-33.628319
-34.513274
-34.070796
-27.433628
-24.778761
-26.548673
-23.451327
-16.814159
-17.256637
-16.814159
-16.814159
-10.176991
-7.522124
-9.292035
-2.654867
0.884956
0.000000
-0.442478
0.442478
0.000000
0.442478
-6.194690
-9.292035
-8.407080
-8.849558
-8.407080
-8.407080
-8.849558
-7.964602
-11.504425
-18.141593
-16.814159
-17.699115
-16.814159
-16.814159
-17.256637
-17.256637
-16.371681
-9.292035
-8.849558
-8.849558
-8.849558
-8.407080
-9.292035
-7.079646
0.000000
0.000000
7.964602
14.601770
8.407080
8.849558
15.929204
17.699115
16.814159
23.008850
26.548673
32.300885
35.398230
33.185841
39.823009
43.362832
42.477876
42.920354
42.920354
42.477876
49.557522
51.327434
51.769912
50.000000
42.035398
42.920354
51.769912
46.902655
42.035398
42.920354
43.362832
37.610619
33.628319
27.876106
25.663717
21.238938
15.929204
18.141593
11.504425
6.194690
0.000000
-6.194690
-11.504425
-17.699115
-15.486726
-21.238938
-26.106195
-26.991150
-34.955752
-33.628319
-34.955752
-33.185841
-38.495575
-44.247788
-39.380531
-33.628319
-42.035398
-41.592920
-34.513274
-34.070796
-34.955752
-30.530973
-24.336283
-26.548673
-25.221239
-26.106195
-25.221239
-26.106195
-23.893805
-16.814159
-17.256637
-17.256637
-16.814159
-18.141593
-25.663717
-25.221239
-18.584071
-15.929204
-18.141593
-10.619469
-9.734513
-17.699115
-16.814159
-17.256637
-16.814159
-16.814159
-16.814159
-17.699115
-16.814159
-16.371681
-7.964602
-11.946903
-17.256637
-17.256637
-16.814159
-17.699115
-14.601770
-8.407080
-8.849558
-8.849558
-6.194690
0.884956
-0.442478
0.884956
-0.442478
0.442478
-0.884956
3.539823
9.292035
8.407080
8.849558
14.159292
17.699115
16.371681
24.778761
25.663717
25.663717
25.221239
26.548673
34.070796
34.513274
34.070796
34.070796
34.070796
34.513274
34.070796
33.628319
37.168142
44.247788
39.380531
35.398230
42.920354
42.477876
42.920354
42.477876
43.362832
42.035398
43.362832
37.610619
36.725664
43.805310
41.150442
44.247788
38.495575
33.628319
34.513274
26.106195
25.221239
24.778761
17.256637
17.256637
17.256637
17.256637
11.946903
5.752212
0.442478
-6.637168
-8.849558
-8.407080
-8.407080
-15.486726
-17.256637
-21.238938
-26.991150
-24.336283
-28.761062
-34.513274
-34.070796
-34.513274
-34.070796
-34.070796
-41.150442
-42.920354
-42.477876
-43.362832
-42.477876
-39.380531
-42.920354
-42.477876
-42.477876
-42.920354
-42.477876
-42.477876
-43.362832
-39.380531
-32.743363
-40.265487
-42.920354
-42.920354
-42.035398
-34.513274
-34.070796
-34.070796
-34.513274
-31.858407
-24.778761
-26.548673
-24.336283
-18.141593
-16.371681
-18.141593
-10.619469
-7.964602
-8.407080
-8.849558
-7.964602
0.000000
0.000000
0.000000
0.000000
-0.442478
0.442478
6.637168
9.734513
1.769912
0.000000
-0.442478
3.539823
9.734513
8.407080
8.849558
8.407080
9.292035
16.371681
17.256637
17.256637
16.371681
19.469027
26.106195
25.221239
26.106195
25.663717
33.185841
34.513274
34.070796
34.070796
34.070796
34.070796
34.070796
39.380531
44.247788
39.823009
38.053097
42.920354
34.513274
38.053097
44.690265
38.938053
34.955752
29.203540
24.778761
25.663717
26.548673
23.893805
16.371681
16.814159
17.699115
12.831858
7.522124
8.849558
6.194690
-0.442478
0.884956
-1.327434
-2.654867
0.442478
-7.522124
-8.849558
-8.407080
-8.849558
-8.849558
-8.407080
-8.407080
-8.407080
-8.407080
-8.407080
-8.849558
-7.964602
-12.389381
-18.141593
-16.371681
-17.699115
-16.814159
-17.256637
-16.371681
-9.292035
-15.044248
-18.141593
-16.371681
-17.699115
-16.371681
-20.796460
-26.548673
-25.221239
-25.663717
-25.663717
-25.663717
-25.221239
-26.106195
-25.663717
-25.663717
-25.221239
-25.663717
-25.221239
-26.106195
-24.778761
-30.973451
-34.070796
-25.663717
-26.106195
-24.778761
-15.929204
-21.238938
-23.451327
-16.814159
-16.814159
-17.699115
-11.504425
-7.964602
-8.407080
-8.407080
-3.539823
1.327434
-0.884956
6.194690
8.849558
7.964602
8.849558
7.522124
11.061947
18.141593
15.929204
24.778761
19.469027
20.796460
27.433628
24.336283
26.548673
24.778761
26.106195
24.778761
28.318584
34.955752
32.300885
25.221239
25.663717
25.663717
26.106195
25.663717
25.663717
25.221239
25.663717
26.106195
25.221239
25.221239
18.141593
17.256637
16.814159
17.699115
15.044248
8.407080
8.407080
9.292035
6.637168
-0.442478
0.000000
0.000000
0.000000
0.000000
-0.442478
0.000000
-0.442478
-0.442478
0.000000
0.000000
0.000000
0.442478
0.000000
0.442478
-0.442478
0.442478
-0.442478
0.884956
-0.442478
1.327434
-3.982301
-9.292035
-8.407080
-8.849558
-8.407080
-8.849558
-9.292035
-15.929204
-17.699115
-15.929204
-19.911504
-26.548673
-25.663717
-26.106195
-25.221239
-25.663717
-24.778761
-29.203540
