94.526134
98.850859
106.882491
108.118127
98.233041
101.939948
109.353763
97.615223
91.437044
80.316323
69.195601
60.546151
51.278883
46.336340
38.304708
25.948350
16.681082
3.706907
-12.356357
-29.037440
-40.158161
-50.661065
-66.106512
-76.609416
-96.379587
-113.060670
-118.621031
-129.123934
-139.009020
-151.983195
-167.428642
-166.193006
-175.460274
-180.402817
-178.549364
-179.167182
-179.167182
-179.167182
-179.784999
-173.606821
-165.575188
-168.046460
-155.690103
-146.422835
-137.773384
-128.506116
-110.589398
-107.500309
-97.615223
-75.373780
-63.635240
-46.954158
-30.273075
-14.827629
3.089089
13.591993
30.890893
49.425429
58.692697
59.928333
59.310515
59.310515
66.724330
72.902508
70.431237
72.284690
64.253058
58.074880
65.488694
72.284690
71.049055
61.781787
58.692697
60.546151
56.221426
58.074880
59.928333
59.310515
60.546151
70.431237
80.934141
84.641048
95.143952
106.882491
109.353763
121.092302
129.741752
134.684295
144.569381
160.014828
168.046460
167.428642
176.695910
189.670085
182.874089
177.931546
189.670085
191.523539
190.287903
192.141357
184.109724
177.931546
179.167182
167.428642
156.925738
144.569381
127.270481
111.825034
93.290498
72.284690
49.425429
33.362165
14.209811
-15.445447
-38.304708
-71.049055
-93.290498
-124.799209
-156.925738
-179.167182
-200.790807
-232.917336
-261.954776
-277.400222
-300.877301
-321.265291
-339.182009
-349.684913
-362.041270
-370.072903
-370.072903
-369.455085
-371.308538
-367.601631
-358.334363
-354.627456
-337.328556
-321.883109
-304.584209
-289.756580
-264.426047
-236.006425
-217.471889
-189.052267
-156.307920
-123.563573
-90.201409
-57.457062
-24.712715
8.649450
39.540344
63.017422
88.347955
108.118127
122.327938
130.359570
135.302113
143.951563
142.098109
144.569381
134.684295
131.595206
126.034845
118.003213
120.474484
112.442852
105.646855
109.353763
101.939948
97.615223
108.118127
106.882491
107.500309
119.856666
128.506116
137.773384
158.161374
177.931546
197.701718
219.325343
244.655875
269.986408
291.610033
315.704930
339.799827
349.067095
366.365995
388.607439
402.199432
414.555789
417.644878
418.880514
429.383418
428.765600
430.619054
424.440875
413.320153
397.256889
380.575806
362.041270
341.035463
307.055480
263.808229
234.152972
195.848264
145.805017
103.793402
56.221426
7.413814
-38.304708
-91.437044
-156.925738
-218.089707
-266.279501
-328.679105
-376.868899
-429.383418
-479.426665
-524.527369
-570.863709
-603.608056
-635.116768
-663.536389
-686.395651
-701.841097
-712.961819
-717.286544
-712.961819
-703.076733
-688.866922
-669.096750
-636.352403
-604.225874
-569.628074
-537.501545
-491.783022
-441.739775
-389.225256
-336.710738
-288.520944
-231.681700
-178.549364
-118.621031
-59.310515
-16.681082
32.126529
80.934141
118.003213
147.658470
169.899914
189.052267
202.026443
203.262078
202.644260
202.026443
190.905721
181.638453
173.606821
166.193006
155.690103
144.569381
141.480292
131.595206
130.977388
131.595206
130.359570
135.302113
147.040652
161.868281
178.549364
199.555171
223.032250
257.012233
293.463487
321.883109
354.627456
391.078710
413.937971
443.593229
478.808847
502.903744
528.852094
551.093538
570.245892
590.016063
604.225874
607.932781
611.639689
615.346596
607.932781
608.550599
592.487335
578.277524
553.564809
525.763005
501.668108
452.860497
404.052885
361.423452
308.291116
252.069690
192.141357
127.270481
69.813419
-1.853454
-74.755962
-142.098109
-218.089707
-292.227851
-363.276906
-426.912146
-494.254294
-559.742988
-626.467317
-686.395651
-731.496355
-775.361423
-808.105770
-841.467935
-864.945014
-879.772643
-884.097368
-883.479550
-874.212282
-854.442110
-834.671939
-806.252317
-764.240702
-717.904362
-668.478932
-613.493142
-556.653898
-495.489930
-431.854689
-368.837267
-300.877301
-238.477697
-165.575188
-98.850859
-39.540344
19.152354
73.520326
115.531941
156.925738
192.759175
213.147164
234.770790
238.477697
238.477697
238.477697
227.974793
216.854071
205.115532
182.874089
165.575188
149.511924
137.773384
130.977388
130.977388
132.213024
130.977388
135.302113
145.187199
162.486099
184.727542
206.968986
228.592611
266.897319
302.112937
335.475102
377.486717
418.880514
459.038675
488.693933
530.705548
569.010256
599.901149
626.467317
649.944396
677.128383
703.694551
717.286544
727.171630
728.407266
735.203262
733.967626
723.464723
699.369826
675.274929
642.530582
609.168417
563.449895
508.464105
449.771407
383.047078
322.500927
243.420240
156.925738
75.373780
-7.413814
-98.850859
-188.434450
-287.285308
-379.340171
-464.599036
-557.889534
-642.530582
-722.229087
-798.838502
-861.238107
-921.166440
-980.476955
-1021.252935
-1054.615099
-1083.034721
-1100.333622
-1109.600890
-1091.684172
-1081.799086
-1051.526010
-1020.017299
-979.241320
-919.930804
-861.855925
-790.806870
-726.553812
-648.090943
-566.538984
-480.044483
-392.314346
-304.584209
-216.854071
-128.506116
-45.718522
27.801804
94.526134
160.632645
216.236254
253.305326
291.610033
316.940566
333.621648
330.532559
318.176202
303.348573
282.960583
258.865686
227.356975
204.497714
172.989003
139.009020
114.296305
106.882491
97.615223
94.526134
95.761769
108.735945
137.773384
171.753367
203.262078
244.655875
294.699123
345.360188
400.963796
455.331768
510.317558
565.303349
619.671321
670.332386
715.433090
758.680341
801.927592
834.054121
869.887557
908.810083
937.229705
961.942419
981.094773
989.744223
999.629309
1000.247127
982.948227
961.942419
917.459533
867.416286
809.959224
737.674534
651.180032
560.360806
460.274311
357.716545
234.770790
107.500309
-8.649450
-132.830841
-255.158779
-381.193624
-508.464105
-632.027678
-752.502162
-872.358829
-976.152230
-1076.238725
-1168.293587
-1243.667367
-1312.245150
-1356.728037
-1389.472384
-1417.892005
-1428.394909
-1427.777091
-1402.446559
-1370.320030
-1322.130236
-1262.819721
-1197.331027
-1115.161250
-1026.195478
-929.198072
-824.169035
-713.579637
-604.843692
-480.044483
-362.041270
-252.069690
-134.684295
-29.655258
60.546151
143.951563
217.471889
279.253676
329.914741
366.365995
389.843074
402.199432
406.524157
396.021253
369.455085
335.475102
303.348573
266.279501
210.675893
161.250463
115.531941
70.431237
27.801804
-3.706907
-25.948350
-36.451254
-36.451254
-12.974175
19.152354
69.813419
135.919931
205.733350
286.049673
375.633263
463.363400
549.240084
627.702953
693.191647
771.654516
827.875942
882.243914
931.669344
981.094773
1029.284567
1079.945632
1116.396886
1158.408501
1195.477573
1226.368467
1249.227728
1253.552453
1250.463363
1230.693192
1197.331027
1142.963054
1066.353639
973.063141
876.065736
763.622884
638.823675
502.903744
359.569999
218.707525
71.666873
-75.991598
-228.592611
-378.104535
-533.794637
-690.102558
-840.232300
-987.890770
-1119.485976
-1251.698999
-1365.995305
-1464.846163
-1545.162486
-1609.415544
-1648.955888
-1671.815149
-1679.846781
-1658.840974
-1623.625355
-1563.079204
-1496.354875
-1416.038552
-1320.276782
-1209.687384
-1092.301989
-964.413691
-827.258124
-690.102558
-552.329173
-407.759792
-269.368590
-138.391202
-8.031632
104.411220
211.911528
301.495119
371.926356
424.440875
465.216854
484.369208
490.547387
479.426665
462.745583
433.090325
392.314346
342.271098
275.546769
209.440257
145.187199
74.138144
-1.235636
-63.635240
-132.213024
-186.580996
-236.006425
-266.279501
-265.043865
-248.980601
-210.675893
-159.397010
-68.577783
35.215618
149.511924
269.986408
396.021253
524.527369
642.530582
747.559619
841.467935
930.433708
1005.807488
1070.060546
1127.517608
1184.356852
1241.196095
1286.296800
1323.365872
1364.759669
1399.357469
1420.363277
1430.866181
1431.483999
1416.656370
1382.058569
1325.219325
1249.227728
1149.141233
1037.934017
909.427901
762.387248
606.697146
435.561596
262.572594
85.876684
-102.557766
-295.316941
-477.573211
-653.033486
-838.378846
-1036.698381
-1217.101199
-1374.644755
-1503.768689
-1627.950080
-1747.806747
-1830.594341
-1876.930681
-1912.146299
-1914.617571
-1897.936488
-1855.924873
-1786.111454
-1708.884221
-1613.740269
-1490.176696
-1351.785494
-1210.923020
-1057.086371
-898.307179
-715.433090
-528.852094
-361.423452
-198.319535
-36.451254
124.181391
265.661683
375.633263
468.923761
532.559002
577.659706
599.901149
592.487335
573.952799
526.998641
467.070308
395.403435
311.998023
232.917336
155.690103
61.781787
-38.304708
-129.123934
-209.440257
-287.903126
-376.251081
-449.771407
-508.464105
-535.030273
-538.119362
-519.584826
-471.395033
-395.403435
-281.724947
-142.715927
12.974175
188.434450
370.690720
546.768813
719.757815
873.594464
1024.342024
1142.345237
1241.196095
1315.952057
1377.116026
1439.515631
1493.883603
1543.309032
1585.938465
1626.096627
1670.579513
1712.591128
1745.335475
1753.367107
1733.596936
1715.680217
1669.343877
1596.441369
1492.030150
1353.021129
1201.655752
1024.342024
822.933399
611.639689
400.963796
182.874089
-50.661065
-301.495119
-539.972816
-759.915977
-978.005684
-1214.629927
-1451.254170
-1655.751884
-1818.237983
-1951.068825
-2075.250216
-2186.457432
-2243.296676
-2258.124305
-2248.857037
-2219.201779
-2153.095268
-2048.684048
-1935.623378
-1804.028172
-1652.044977
-1465.463981
-1258.494996
-1057.086371
-862.473743
-642.530582
-391.696528
-145.805017
75.373780
270.604226
466.452490
651.797850
798.220685
889.657729
930.433708
944.025701
916.841715
843.939207
729.642901
594.958606
450.389225
281.724947
90.201409
-96.379587
-242.802422
-378.104535
-521.438280
-663.536389
-777.832695
-822.933399
-843.939207
-875.447918
-892.746818
-872.976646
-799.456320
-707.401458
-604.843692
-480.044483
-319.411837
-123.563573
74.755962
285.431855
525.145187
779.068331
1000.864945
1187.445941
1377.116026
1574.817744
1742.246386
1848.511059
1909.057210
1957.864821
2023.353515
2063.511677
2056.097862
2020.882244
1994.316076
1977.017175
1947.979736
1886.815767
1818.237983
1747.806747
1653.898431
1534.041764
1380.205116
1226.986284
1058.322007
848.881750
603.608056
363.276906
139.009020
-88.965773
-363.894724
-676.510565
-950.821698
-1189.917212
-1410.478191
-1655.134066
-1917.706660
-2120.350921
-2260.595576
-2353.268257
-2442.234029
-2508.958359
-2514.518720
-2463.857655
-2388.483875
-2287.779563
-2129.618189
-1943.655011
-1758.309650
-1580.378105
-1366.613122
-1092.919807
-805.016681
-569.010256
-354.627456
-101.939948
181.638453
452.860497
666.007661
822.933399
979.859138
1125.046336
1207.216113
1218.336834
1183.739034
1105.893982
978.623502
796.367231
576.424070
360.187817
129.741752
-140.862474
-441.121957
-688.249104
-864.945014
-1026.195478
-1207.216113
-1370.937848
-1440.751267
-1424.070184
-1378.351662
-1352.403312
-1296.799703
-1164.586680
-978.005684
-778.450513
-585.691338
-363.894724
-105.646855
161.250463
425.676511
708.019276
1014.456938
1304.213518
1542.073397
1745.335475
1949.833189
2168.540714
2322.995181
2372.420610
2361.299889
2376.745335
2400.840232
2378.598789
2290.250834
2180.897072
2125.293463
2105.523292
2056.097862
1967.749907
1880.637588
1797.232176
1690.967503
1515.507228
1300.506611
1070.060546
784.628691
411.466700
-17.298900
-407.141975
-747.559619
-1105.276165
-1521.067589
-1914.617571
-2177.190164
-2310.021006
-2436.673669
-2597.924132
-2712.220437
-2690.596812
-2562.708514
-2460.768565
-2389.719511
-2263.684666
-2076.485852
-1911.528481
-1758.927468
-1577.289015
-1354.874583
-1145.434326
-997.158038
-830.965032
-559.742988
-224.885704
40.775979
221.178796
440.504139
772.272334
1113.307797
1340.046954
1452.489806
1537.748672
1639.070802
1664.401334
1535.895218
1293.710614
997.158038
656.740393
240.331150
-232.917336
-682.070925
-1091.066354
-1492.647967
-1888.051402
-2187.075250
-2314.345731
-2313.110095
-2302.607191
-2274.805387
-2111.083653
-1775.608551
-1403.682194
-1105.276165
-839.614482
-511.553194
-126.652663
197.701718
428.765600
651.180032
895.218090
1131.224515
1327.072779
1523.538861
1758.927468
2009.143704
2202.520697
2336.587174
2495.984184
2689.978994
2818.485111
2791.301124
2677.004819
2576.918324
2504.633634
2381.687878
2113.554924
1820.091437
1651.427159
1566.786111
1448.165081
1275.793896
1154.701594
1108.365254
1042.876560
888.422093
692.573829
517.113555
295.934758
-65.488694
-499.814655
-819.226492
-1031.138021
-1317.805511
-1743.482022
-2111.083653
-2206.845422
-2149.388360
-2210.552329
-2391.572964
-2455.826022
-2287.161745
-2064.747312
-1993.698258
-1994.316076
-1878.784134
-1681.082417
-1572.964290
-1516.125046
-1370.320030
-1142.345237
-1004.571852
-964.413691
-823.551217
-478.808847
-104.411220
90.819226
203.262078
459.656493
872.976646
1225.750649
1362.906215
1364.759669
1424.688002
1508.093414
1448.782899
1193.624120
839.614482
486.222662
89.583591
-408.377610
-914.988261
-1322.748054
-1661.312245
-2027.060423
-2366.860250
-2498.455455
-2376.745335
-2198.195972
-2091.931299
-1932.534289
-1559.372297
-1044.112196
-615.346596
-333.621648
-47.571976
316.322748
634.498950
809.959224
934.758433
1083.652539
1221.425924
1297.417521
1362.288397
1529.099222
1759.545286
1919.560114
1980.106265
2074.014581
2274.805387
2478.685284
2494.748548
2344.618806
2223.526504
2210.552329
2193.871247
2007.290251
1766.959100
1658.840974
1689.731867
1725.565303
1691.585321
1684.789324
1749.042382
1778.079822
1658.223156
1474.731249
1304.213518
1053.379464
569.628074
-56.839244
-538.737180
-842.085753
-1254.170271
-1908.439392
-2509.576177
-2725.194613
-2689.978994
-2819.102928
-3123.069319
-3247.250710
-3033.485728
-2752.378599
-2670.208822
-2631.286297
-2416.285679
-2149.388360
-2000.494254
-1915.853206
-1669.961695
-1315.952057
-1131.842333
-1074.385271
-853.206475
-330.532559
210.675893
489.311751
666.625479
1052.761646
1646.484616
2116.644013
2255.653033
2235.882862
2282.837020
2312.492277
2089.460027
1600.766094
1054.615099
543.679723
-98.233041
-883.479550
-1566.786111
-2006.672433
-2363.771160
-2816.631657
-3193.500556
-3184.233288
-2838.873100
-2512.047448
-2327.937724
-2030.767330
-1457.432349
-813.666131
-352.774002
-56.221426
277.400222
653.033486
898.307179
995.922402
1109.600890
1290.003707
1412.949462
1418.509823
1456.196713
1676.139874
1975.781540
2120.968738
2096.256024
2111.701470
2303.842827
2471.271469
2347.707896
2028.296058
1794.760904
1737.303843
1654.516249
1399.357469
1155.319412
1146.669962
1306.066971
1433.955270
1517.360682
1700.234771
1969.603361
2118.497467
2020.264426
1833.683430
1707.648585
1436.426541
821.697763
38.922526
-523.291734
-868.651921
-1401.210923
-2218.583961
-2848.140368
-2940.195230
-2837.019647
-3034.103546
-3387.495366
-3376.992463
-2959.965402
-2660.941554
-2699.246262
-2681.947362
-2398.368961
-2140.121092
-2117.261831
-2106.758927
-1836.154702
-1472.259978
-1306.066971
-1209.069566
-809.959224
-103.793402
538.737180
902.631904
1223.897195
1792.907451
2474.360559
2882.738169
2881.502533
2736.315334
2649.820833
2478.685284
1951.686643
1159.026319
410.231064
-277.400222
-1074.385271
-1925.120474
-2531.199802
-2801.804028
-3002.594835
-3285.555418
-3357.222291
-2955.640677
-2324.230817
-1877.548499
-1592.116644
-1169.529223
-549.857902
11.738539
298.406030
441.739775
626.467317
828.493760
944.025701
997.158038
1115.161250
1309.773879
1468.553071
1566.168294
1732.361300
2046.212776
2348.943531
2416.903497
2299.518102
2247.621401
2314.963549
2231.558137
1837.390337
1359.817126
1102.187075
1027.431113
895.218090
737.674534
787.717781
1117.014704
1522.921043
1855.307055
2235.265044
2685.654269
2988.385024
2943.902138
2643.642654
2308.785370
1874.459409
1056.468553
-4.942543
-864.945014
-1469.788706
-2180.897072
-3094.031879
-3714.321018
-3690.226121
-3474.607686
-3579.636723
-3762.510812
-3491.288768
-2837.019647
-2452.736933
-2466.946744
-2437.909304
-2193.253429
-2025.206969
-2119.733103
-2191.399975
-1992.462622
-1721.858396
-1553.811936
-1288.150253
-668.478932
235.388607
1039.169653
1594.587915
2143.828000
2869.146176
3578.401087
3861.979488
3656.246139
3273.816879
2899.419251
2339.676263
1399.975287
252.069690
-751.884344
-1590.881008
-2473.742741
-3257.135796
-3605.585074
-3549.981465
-3411.590263
-3309.650315
-2935.252688
-2156.802175
-1327.690597
-785.246509
-473.866304
-121.710120
290.374398
565.921166
601.136785
543.061905
543.061905
606.079328
679.599654
793.895959
1028.666749
1360.434944
1619.918448
1756.456197
1923.884839
2182.132707
2303.225009
2094.402570
1699.616953
1387.001112
1146.669962
788.335599
295.316941
-87.112319
-198.319535
-127.888299
58.692697
439.268504
1075.620907
1840.479427
2558.383788
3182.379834
3800.815520
4323.489435
4462.498455
4113.431360
3465.340418
2731.990609
1826.887434
633.263314
-586.309156
-1473.495613
-2160.509082
-3001.977017
-3812.554059
-3983.071790
-3538.860744
-3289.880143
-3561.102187
-3740.887186
-3312.739404
-2743.729149
-2741.257877
-3157.667120
-3381.935006
-3318.299765
-3312.121587
-3394.291363
-3228.098357
-2731.990609
-2177.807982
-1576.053379
-670.950204
611.639689
1929.445200
2841.344372
3388.113184
3913.876189
4506.981342
4791.795379
4381.564315
3460.397875
2549.116520
1771.901643
822.933399
-382.429260
-1495.119239
-2239.589769
-2791.918942
-3284.937600
-3463.486964
-3171.876931
-2723.958977
-2471.889287
-2243.914494
-1681.082417
-908.810083
-386.136167
-253.923143
-221.796614
14.827629
375.633263
570.245892
603.608056
706.165822
1007.043124
1339.429136
1570.493019
1797.232176
2117.261831
2353.886074
2289.633016
2052.390955
1901.643396
1775.608551
1377.116026
713.579637
147.658470
-111.825034
-240.948968
-434.325961
-583.837885
-428.147782
39.540344
628.320771
1228.221920
1882.491042
2677.622637
3475.225504
4054.738663
4380.946497
4600.271840
4684.295070
4384.035586
3637.711603
2727.048066
1833.683430
809.959224
-344.742370
-1263.437539
-1797.849994
-2370.567157
-3202.767824
-3756.332633
-3557.395280
-3178.055109
-3420.857531
-4057.209935
-4262.943284
-3915.729643
-3730.384283
-4023.229952
-4322.253800
-4248.733473
-3924.379093
-3533.918201
-2979.117756
-2150.623996
-1233.782281
-368.837267
540.590634
1623.007537
2766.588410
3583.343630
3837.884592
3740.269369
3678.487582
3630.915606
3197.207463
2227.233412
1107.747436
270.604226
-404.052885
-1199.802298
-1996.787347
-2505.251452
-2745.582602
-2970.468306
-3108.859508
-2900.037069
-2429.259854
-2087.606574
-1992.462622
-1795.996540
-1246.138638
-603.608056
-249.598418
-141.480292
84.023230
581.984431
1106.511800
1395.032744
1556.283208
1784.875819
2014.086247
2022.735698
1855.307055
1732.361300
1590.263190
1189.299395
594.958606
171.753367
11.120722
-172.989003
-533.176819
-821.079946
-772.272334
-493.018658
-266.279501
-138.391202
49.425429
431.236871
968.120598
1485.234153
1935.005560
2470.653651
3147.164216
3803.286791
4291.980724
4664.524898
4961.695292
4977.140739
4527.987149
3747.065365
2824.663289
1668.108242
266.279501
-974.916595
-1810.206351
-2587.421228
-3656.246139
-4532.929692
-4529.222785
-3988.632151
-3836.031138
-4217.842580
-4315.457803
-3709.996293
-3001.977017
-2795.625849
-2866.674904
-2779.562585
-2458.915112
-2101.816385
-1711.355492
-1157.790683
-529.469912
1.853454
480.662301
1149.141233
2053.626591
2775.237860
2890.151983
2582.478685
2352.650439
2305.696281
1964.043000
1041.640924
-27.183986
-731.496355
-1163.351044
-1648.955888
-2095.638206
-2202.520697
-2057.333498
-1914.617571
-1693.438774
-1162.733226
-426.294328
95.761769
257.630051
379.957988
739.527987
1134.313604
1235.017917
1034.844928
860.620289
966.884962
1155.937230
1159.644137
1062.028914
1095.391079
1202.891388
1110.836525
840.850117
676.510565
583.220067
228.592611
-371.308538
-802.545410
-871.123193
-895.835908
-1128.753244
-1299.888793
-1106.511800
-640.059311
-200.172989
148.276288
520.820462
1011.985667
1572.964290
2115.408378
2617.694304
3121.833683
3658.099592
4160.385518
4527.369332
4796.120104
4985.172371
4882.614605
4258.618559
3237.365625
2116.026195
842.085753
-754.355616
-2331.644631
-3326.949215
-3856.419128
-4500.803163
-5247.744965
-5308.908934
-4421.104658
-3480.168046
-3254.664525
-3343.012480
-2915.482516
-2038.181144
-1522.303225
-1618.682812
-1813.913258
-1728.036575
-1491.412332
-1280.118621
-952.675151
-400.345978
135.919931
448.535772
722.846905
1240.578278
1784.258001
1779.315458
1115.779068
346.595824
-80.316323
-404.052885
-1071.296182
-1909.675028
-2347.707896
-2237.118497
-1920.177932
-1584.702830
-1068.207093
-362.659088
215.000618
495.489930
731.496355
1078.092178
1265.290992
1005.189670
486.222662
211.911528
328.061288
483.751390
425.676511
367.601631
652.415668
1173.236130
1524.774496
1561.843569
1526.627950
1537.130854
1337.575683
833.436303
310.762387
-26.566168
-337.328556
-793.895959
-1177.560855
-1144.198690
-793.895959
-524.527369
-418.262696
-205.733350
248.362783
740.145805
1032.373656
1142.345237
1275.793896
1517.360682
1800.939083
2119.115285
2535.524527
3098.356604
3677.251946
4125.787718
4482.886445
4806.005190
4921.537131
4486.593352
3472.754232
2195.106882
816.755221
-775.979241
-2414.432225
-3542.567651
-4004.077598
-4337.699246
-4877.672062
-4991.968368
-4078.833560
-2728.283702
-2091.931299
-2276.658841
-2309.403188
-1676.139874
-1044.112196
-1118.250340
-1635.981713
-1933.769925
-1813.295441
-1543.926850
-1237.489188
-772.890152
-253.923143
48.807612
177.931546
455.949586
879.772643
920.548622
235.388607
-759.298159
-1343.753861
-1433.955270
-1573.582108
-1979.488447
-2187.693068
-1758.927468
-884.097368
-41.393797
636.352403
1211.540838
1551.340665
1503.768689
1200.420116
919.312987
659.829482
155.072285
-571.481527
-1026.195478
-837.761028
-229.210429
300.259484
602.372421
958.235512
1533.423947
2044.977141
2135.796367
1818.237983
1360.434944
826.640306
212.529346
-296.552576
-528.852094
-623.378228
-757.444705
-801.309774
-500.432473
91.437044
518.967009
529.469912
368.837267
355.245274
490.547387
576.424070
499.196837
418.880514
557.271716
1041.640924
1768.194736
2519.461263
3217.595453
3847.151860
4366.736686
4760.286667
5000.000000
4883.232423
4175.213147
2895.094526
1420.363277
14.209811
-1430.248363
-2847.522550
-3767.453355
-3915.729643
-3731.619918
-3745.211912
-3667.984678
-2877.177808
-1699.616953
-1167.057951
-1558.136661
-2040.034598
-1926.356110
-1568.021747
-1621.771902
-2001.112072
-2140.738910
-1812.059805
-1251.698999
-693.191647
-118.003213
350.920549
447.300136
197.701718
-35.215618
-87.730137
-344.124552
-1127.517608
-2085.135302
-2532.435438
-2288.397380
-1860.249598
-1613.122452
-1315.952057
-638.205857
303.966391
1116.396886
1533.423947
1553.811936
1247.374274
696.280736
117.385395
-290.992215
-541.826270
-747.559619
-853.824293
-623.378228
90.201409
1045.347831
1753.984925
2009.761522
2043.123687
2103.052020
2054.244409
1624.243173
923.637712
318.794020
-25.330533
-156.307920
-127.270481
108.735945
456.567404
670.332386
723.464723
775.361423
811.812678
588.780428
24.712715
-602.990238
-958.235512
-933.522797
-684.542197
-341.653281
111.825034
768.565427
1681.700235
2683.182998
3514.148029
3973.804522
4100.457185
4060.916842
3936.735450
3690.226121
3172.494749
2291.486470
1173.236130
106.264673
-763.005066
-1578.524651
-2298.282466
-2536.142345
-2230.940319
-1898.554306
-2025.824787
-2245.767948
-1942.419375
-1417.892005
-1509.329050
-2267.391573
-2752.996417
-2350.796985
-1577.289015
-1209.687384
-1242.431731
-1161.497591
-769.801063
-380.575806
-273.075497
-465.216854
-911.899172
-1562.461386
-2222.908687
-2546.645249
-2486.099098
-2417.521315
-2573.211417
-2642.407018
-2107.994563
-1085.505993
-258.247869
34.597801
190.905721
625.849500
1167.057951
1382.058569
1213.394291
929.815890
632.645496
277.400222
-33.979983
-109.971580
-24.712715
-49.425429
-187.198814
-85.258866
421.351785
995.304584
1201.037934
1071.914000
1026.813295
1270.851353
1523.538861
1467.317435
1216.483381
1108.983072
1204.127023
1264.673174
1193.624120
1071.296182
854.442110
472.012851
10.502904
-289.756580
-370.690720
-505.992833
-777.832695
-903.249722
-597.429878
12.356357
574.570617
937.847523
1242.431731
1676.757692
2159.273446
2522.550352
2722.723341
2836.401829
2930.310145
2984.060299
2995.181021
2985.913753
2828.370196
2303.225009
1488.323242
664.772025
-103.793402
-1051.526010
-2061.040405
-2499.073273
-2227.851229
-1953.540096
-2220.437415
-2530.581984
-2130.853824
-1364.141851
-1188.681577
-1713.826764
-1998.022983
-1475.349067
-722.846905
-518.967009
-812.430495
-1050.290374
-999.011491
-914.370444
-1013.839120
-1260.348449
-1626.096627
-2127.146917
-2617.076486
-2731.372791
-2421.846040
-2138.267639
-2236.500680
-2390.337329
-2020.882244
-1139.873965
-421.969603
-219.943161
-108.118127
326.825652
868.034104
1055.232917
903.867540
652.415668
339.182009
-108.735945
-520.202644
-622.142592
-446.682318
-323.736562
-334.857284
-127.270481
530.705548
1301.742246
1647.720252
1548.251575
1432.719634
1585.320647
1763.870011
1655.134066
1366.613122
1209.069566
1223.897195
1247.374274
1239.960460
1249.845546
1160.261955
804.398863
329.296923
106.882491
153.218831
113.678488
-169.282096
-392.932164
-194.612628
367.601631
903.867540
1186.828123
1326.454961
1558.754479
1944.890646
2347.090078
2637.464475
2784.505128
2834.548375
2859.261090
2909.304337
2856.172000
2482.392191
1695.910046
680.217472
-269.986408
-1144.816508
-2004.201161
-2541.084888
-2417.521315
-1949.833189
-1758.309650
-1888.669220
-1766.341283
-1191.770666
-857.531200
-1265.290992
-1891.758310
-1842.332880
-1100.951440
-498.579019
-519.584826
-819.844310
-862.473743
-681.453108
-642.530582
-897.689361
-1359.817126
-1960.336093
-2613.987397
-3021.129371
-2915.482516
-2505.251452
-2284.072655
-2318.052638
-2137.649821
-1454.343260
-638.205857
-240.331150
-226.739157
-147.040652
182.874089
491.165204
537.501545
401.581614
166.810824
-137.773384
-438.032868
-541.208452
-384.282713
-205.115532
-229.828247
-266.897319
46.954158
690.102558
1228.839738
1324.601507
1169.529223
1178.796491
1435.190906
1655.134066
1632.892623
1498.826146
1424.688002
1431.483999
1451.871988
1452.489806
1319.658965
969.356234
530.087730
257.012233
268.750772
354.627456
303.966391
156.307920
174.842456
533.794637
1087.359446
1496.972692
1608.179909
1599.530458
1744.099839
2080.192759
2415.050043
2570.740146
2557.148153
2508.340541
2512.047448
2502.162363
2278.512295
1662.547881
774.743606
-112.442852
-908.192265
-1687.260596
-2272.951934
-2284.690473
-1825.033980
-1510.564686
-1634.746077
-1716.915853
-1322.130236
-852.588657
-1002.718399
-1644.631163
-1868.899049
-1270.233535
-426.294328
-80.316323
-276.782405
-543.061905
-615.964414
-656.122575
-870.505375
-1306.066971
-1955.393550
-2709.749166
-3220.066724
-3166.934388
-2649.820833
-2151.859632
-2003.583344
-1909.057210
-1440.751267
-763.005066
-378.722353
-439.268504
-580.130977
-475.719758
-231.681700
-86.494501
-71.666873
-80.316323
-154.454467
-342.271098
-463.363400
-326.825652
-61.163969
12.356357
-164.957371
-241.566786
100.704312
644.384036
969.974052
1014.456938
1079.327814
1342.518226
1638.452984
1800.321265
1823.180526
1761.398740
1608.797726
1377.733844
1222.043742
1180.032127
1069.442728
766.711973
434.943779
360.187817
556.653898
759.915977
755.591252
641.294946
645.619671
861.855925
1171.382676
1369.084394
1381.440751
1353.638947
1473.495613
1803.410355
2247.003583
2578.153960
2668.973187
2606.573582
2554.059063
2407.636229
1883.108860
960.706784
-39.540344
-877.919189
-1610.651180
-2188.310886
-2206.845422
-1513.653775
-830.347214
-856.913382
-1315.952057
-1416.656370
-1066.353639
-1102.187075
-1869.516866
-2480.538737
-2038.798962
-855.059928
28.419622
129.741752
-130.977388
-272.457679
-354.009638
-640.059311
-1175.707401
-1872.605956
-2606.573582
-3140.368219
-3100.827876
-2431.731126
-1610.651180
-1189.299395
-1167.057951
-1078.709996
-753.737798
-532.559002
-715.433090
-1059.557642
-1117.632522
-780.303966
-318.794020
48.807612
355.863092
525.763005
357.716545
-85.876684
-417.644878
-486.222662
-604.225874
-1018.163845
-1373.409119
-1044.730014
-67.959965
874.830100
1296.799703
1411.096009
1594.587915
1809.588533
1810.824169
1566.786111
1260.966267
990.979859
793.278142
815.519585
1147.287780
1537.748672
1610.651180
1344.371679
1075.003089
1042.876560
1063.882367
854.442110
458.420858
247.744965
510.935376
1116.396886
1703.941678
2040.652416
2158.655628
2211.787965
2302.607191
2403.929322
2413.196590
2270.480662
2041.888051
1878.784134
1839.243791
1739.775114
1382.058569
732.731991
-111.825034
-1024.342024
-1787.964908
-2041.270234
-1717.533671
-1339.429136
-1498.826146
-1981.959718
-2072.778945
-1585.938465
-1217.101199
-1540.837761
-2057.333498
-1850.982330
-843.939207
95.761769
239.713333
-258.247869
-777.832695
-992.833313
-1030.520203
-1152.230323
-1497.590510
-2068.454220
-2591.745953
-2628.197207
-2062.276041
-1329.544050
-1035.462746
-1278.882985
-1524.774496
-1351.167676
-957.617694
-821.079946
-968.738416
-1002.100581
-716.668726
-310.762387
-92.672680
-122.945756
-301.495119
-543.679723
-772.272334
-823.551217
-591.869517
-266.897319
-129.123934
-169.899914
-121.092302
208.822439
614.110960
775.979241
687.013468
596.194242
677.746200
931.669344
1238.724824
1479.673792
1549.487211
1466.699617
1372.173483
1398.739652
1469.788706
1356.728037
1037.316199
737.674534
710.490547
916.223897
1134.931422
1201.037934
1140.491783
1146.669962
1368.466576
1717.533671
1944.890646
1884.962313
1739.775114
1814.531076
2138.267639
2502.162363
2622.636847
2463.239837
2182.750525
1889.904856
1534.041764
1030.520203
365.748177
-420.733968
-1202.891388
-1747.188929
-1697.763499
-1055.232917
-531.323366
-814.901767
-1659.458792
-2168.540714
-1962.189547
-1700.234771
-2061.658223
-2584.949957
-2301.371556
-1084.270357
161.868281
581.366613
184.109724
-453.478315
-933.522797
-1234.400099
-1471.024342
-1737.303843
-2094.402570
-2415.667861
-2316.199184
-1591.498826
-646.237489
-210.675893
-598.047696
-1282.589892
-1578.524651
-1438.279995
-1283.825528
-1324.601507
-1273.940442
-844.557025
-148.894106
441.121957
633.881132
402.199432
-161.250463
-766.711973
-1071.296182
-978.005684
-696.280736
-505.375015
-380.575806
-65.488694
510.317558
1031.138021
1141.109601
871.741011
543.679723
400.963796
494.872112
719.139998
990.362041
1200.420116
1331.397504
1444.458174
1542.073397
1556.901026
1376.498208
986.655134
589.398245
422.587421
548.622266
832.818485
1072.531818
1203.509205
1361.670580
1663.165699
1985.666625
2114.172742
1966.514272
1708.266403
1618.064994
1799.703447
2144.445817
2478.067466
2693.685901
2768.441863
2640.553565
2248.857037
1591.498826
750.648709
-190.287903
-1184.974669
-1948.597553
-1953.540096
-1147.905597
-368.219449
-496.107747
-1416.038552
-2172.247621
-2212.405783
-2107.376745
-2517.607809
-3047.077721
-2766.588410
-1509.946868
-132.830841
466.452490
229.210429
-350.302731
-913.752626
-1367.230940
-1675.522056
-1855.924873
-2021.500062
-2162.362536
-1964.660818
-1214.012109
-271.222044
124.799209
-356.480909
-1251.081181
-1843.568516
-1909.675028
-1771.283826
-1677.375510
-1486.469789
-1005.189670
-343.506734
172.989003
322.500927
122.327938
-330.532559
-866.180650
-1171.382676
-978.623502
-410.231064
84.023230
274.311133
410.848882
742.617076
1127.517608
1172.000494
777.214877
291.610033
75.991598
231.063882
624.613864
1083.652539
1395.032744
1446.929445
1323.365872
1223.897195
1204.744841
1097.244532
772.890152
419.498332
396.021253
754.973434
1241.196095
1537.748672
1559.990115
1498.826146
1549.487211
1703.323860
1818.855801
1771.901643
1665.636970
1700.852589
1974.545904
2411.960954
2803.657482
2932.781416
2729.519338
2246.385765
1561.225751
854.442110
210.675893
-442.357593
-1111.454343
-1484.616335
-1112.072161
-127.270481
457.803040
-170.517731
-1623.625355
-2729.519338
-2934.634870
-2809.217843
-2929.074509
-2971.086124
-2301.371556
-976.152230
192.759175
473.866304
-119.238848
-1053.379464
-1841.097245
-2240.825405
-2221.055233
-1937.476832
-1610.651180
-1329.544050
-952.675151
-333.621648
261.954776
235.388607
-596.194242
-1733.596936
-2373.038428
-2224.762140
-1665.019152
-1075.003089
-554.800445
-67.959965
300.877301
404.670703
215.618436
-229.210429
-868.651921
-1468.553071
-1628.567898
-1141.727419
-233.535154
580.748795
978.623502
1079.945632
1149.141233
1209.687384
1069.442728
613.493142
58.692697
-170.517731
143.333745
848.881750
1517.360682
1799.085630
1637.217348
1190.535030
720.993451
409.613246
234.152972
110.589398
38.304708
163.103917
624.613864
1264.673174
1723.094032
1750.895836
1475.349067
1239.342642
1235.017917
1375.880390
1519.831954
1682.318053
1936.859014
2313.727913
2744.964784
3094.031879
3170.023477
2853.700729
2171.011986
1333.868775
654.269121
251.451872
-8.649450
-354.627456
-691.338194
-580.130977
78.462869
526.380823
-134.684295
-1763.870011
-3175.583838
-3482.639318
-3056.344989
-2709.749166
-2537.995799
-1999.258619
-950.821698
-14.827629
77.845051
-693.809465
-1719.387125
-2393.426418
-2499.691091
-2166.687261
-1635.981713
-1093.537625
-682.070925
-420.116150
-244.038058
-191.523539
-434.325961
-1087.359446
-1908.439392
-2366.242432
-2126.529099
-1357.963672
-518.967009
21.623625
178.549364
19.152354
-334.857284
-759.298159
-1141.109601
-1423.452366
-1507.475596
-1209.687384
-520.202644
355.245274
1053.997282
1296.181886
1143.580872
850.735203
640.059311
572.099345
581.366613
623.996046
769.183245
1068.824910
1487.705424
1825.033980
1810.206351
1361.670580
684.542197
118.003213
-91.437044
61.781787
382.429260
701.223279
940.936612
1131.842333
1307.302607
1392.561473
1239.960460
891.511183
634.498950
714.197455
1094.773261
1540.219943
1892.993945
2191.399975
2486.716916
2693.685901
2702.953169
2499.073273
2172.865439
1787.347090
1364.141851
956.999876
683.306561
546.768813
341.653281
-50.043247
-351.538366
-193.376992
124.799209
-184.727542
-1403.064377
-2785.740764
-3279.377240
-2858.025454
-2337.204992
-2198.813790
-2134.560731
-1650.191524
-924.873347
-625.231682
-1070.678364
-1918.942296
-2504.633634
-2429.259854
-1853.453602
-1228.221920
-811.812678
-618.435685
-533.794637
-485.604844
-486.840479
-607.314964
-935.994069
-1421.598913
-1776.226368
-1677.375510
-1128.753244
-476.955394
-82.787594
-67.342148
-336.092920
-737.674534
-1108.983072
-1327.072779
-1398.121834
-1327.690597
-1022.488570
-419.498332
348.449277
974.298777
1230.693192
1136.167058
943.407883
831.582849
821.079946
899.542815
1010.750031
1142.345237
1315.334239
1513.653775
1665.019152
1608.179909
1253.552453
689.484740
211.293711
31.508711
147.658470
407.759792
625.231682
767.329791
856.913382
888.422093
816.137403
601.754603
340.417645
235.388607
448.535772
945.261337
1466.699617
1818.855801
2025.206969
2178.425800
2309.403188
2323.612999
2175.336711
1967.132089
1815.148894
1742.864204
1646.484616
1476.584703
1281.354257
1041.023106
640.677128
151.365377
-130.359570
-51.278883
-11.738539
-575.188434
-1674.286420
-2600.395403
-2770.913135
-2411.960954
-2156.802175
-2226.615594
-2253.799580
-1905.968121
-1420.363277
-1312.245150
-1767.576918
-2388.483875
-2588.656864
-2165.451625
-1458.050167
-961.324602
-856.913382
-906.956629
-808.105770
-526.998641
-338.564191
-465.216854
-829.729396
-1149.759051
-1150.376869
-853.206475
-499.196837
-311.998023
-366.983813
-573.952799
-819.844310
-1042.258742
-1197.331027
-1258.494996
-1254.170271
-1116.396886
-729.025083
-123.563573
470.159397
748.177437
726.553812
641.912764
696.280736
894.600272
1081.181268
1152.848140
1183.121216
1262.819721
1396.886198
1575.435562
1684.789324
1578.524651
1252.934635
837.143210
550.475720
491.165204
543.679723
547.386630
470.777215
401.581614
418.880514
456.567404
366.365995
127.888299
-74.138144
-76.609416
139.626838
429.383418
646.237489
781.539602
894.600272
1056.468553
1207.833931
1284.443346
1288.150253
1299.888793
1362.288397
1484.616335
1591.498826
1584.702830
1497.590510
1415.420734
1349.932040
1201.037934
1000.247127
897.689361
898.924997
814.901767
398.492524
-292.845669
-925.491165
-1256.641542
-1349.932040
-1388.854566
-1393.797109
-1307.302607
-1173.236130
-1160.879773
-1348.696404
-1690.349685
-2028.296058
-2171.629804
-2066.600766
-1810.824169
-1589.645373
-1487.087607
-1413.567280
-1199.184480
-860.620289
-620.289139
-643.766218
-829.111578
-950.821698
-891.511183
-724.082540
-556.653898
-441.739775
-375.015445
-331.768195
-336.710738
-394.167799
-505.992833
-632.027678
-695.045101
-640.059311
-442.357593
-189.052267
-8.649450
35.833436
-23.477079
-59.310515
-30.273075
18.534536
51.278883
36.451254
-5.560361
-9.267268
54.985790
195.848264
347.831459
426.912146
405.288521
341.653281
305.819844
284.814037
262.572594
248.980601
303.348573
404.670703
469.541579
469.541579
460.892129
501.050290
633.263314
818.608674
984.183863
1060.793278
1038.551835
1004.571852
1010.750031
1068.207093
1149.141233
1267.762264
1409.860373
1572.964290
1731.125664
1858.396145
1937.476832
1958.482639
1931.916471
1883.108860
1847.275423
1824.416162
1778.697640
1685.407142
1553.194118
1477.820339
1456.814531
1354.256765
1033.609292
485.604844
-89.583591
-463.981218
-601.136785
-609.168417
-643.148400
-770.418881
-1023.106388
-1358.581490
-1703.941678
-1956.629186
-2080.810577
-2180.897072
-2313.727913
-2466.328926
-2514.518720
-2418.756950
-2259.977759
-2120.968738
-2035.092055
-1997.405165
-2007.290251
-2059.804770
-2082.664031
-1986.284443
-1808.352898
-1611.886816
-1438.279995
-1274.558260
-1110.218708
-955.146423
-849.499568
-777.214877
-650.562214
-463.981218
-278.635858
-155.072285
-100.086495
-92.054862
-50.043247
24.094897
132.213024
247.744965
335.475102
358.952181
328.061288
298.406030
311.998023
378.104535
461.509947
527.616459
535.648091
482.515754
428.765600
475.101940
609.168417
763.622884
850.117385
886.568640
931.051526
1002.718399
1071.296182
1123.192883
1191.152848
1271.469171
1349.314222
1389.472384
1378.969480
1346.225133
1325.219325
1362.288397
1450.636352
1540.219943
1589.645373
1599.530458
1626.714445
1705.177314
1806.499444
1821.327073
1731.743482
1606.326455
1526.627950
1479.673792
1354.874583
1150.994687
981.094773
923.019894
913.134808
784.010874
441.739775
-35.833436
-489.929569
-753.119980
-784.628691
-648.090943
-562.832077
-696.898554
-1049.672557
-1483.998517
-1794.760904
-1909.057210
-1917.706660
-1951.068825
-2057.951316
-2175.336711
-2185.839614
-2062.893859
-1916.471024
-1868.899049
-1964.660818
-2138.885457
-2252.563944
-2219.819597
-2043.741505
-1817.002348
-1597.677005
-1380.822933
-1133.695786
-897.689361
-743.234894
-731.496355
-801.309774
-831.582849
-733.967626
-490.547387
-202.644260
23.477079
116.767577
100.704312
43.247251
65.488694
151.983195
187.816632
123.563573
26.566168
23.477079
137.773384
284.814037
378.722353
414.555789
428.765600
417.644878
383.047078
355.863092
379.957988
468.305943
593.105153
740.763623
895.835908
1042.876560
1119.485976
1127.517608
1101.569257
1102.187075
1153.465958
1212.158656
1262.819721
1288.768071
1302.360064
1348.078586
1430.248363
1519.831954
1582.231558
1584.085012
1553.811936
1567.403929
1635.363895
1716.298035
1742.246386
1679.846781
1595.823551
1548.869393
1533.423947
1482.145064
1344.371679
1159.026319
1011.367849
943.407883
894.600272
722.846905
353.391820
-100.704312
-440.504139
-560.360806
-514.642283
-462.127765
-517.113555
-710.490547
-1027.431113
-1403.682194
-1691.585321
-1791.671815
-1769.430372
-1783.640183
-1938.094650
-2160.509082
-2284.690473
-2240.825405
-2116.644013
-2060.422587
-2085.753120
-2113.554924
-2091.931299
-1977.017175
-1795.996540
-1605.090819
-1442.604720
-1288.150253
-1116.396886
-899.542815
-712.344001
-666.007661
-725.935994
-753.119980
-623.378228
-386.753985
-195.848264
-131.595206
-149.511924
-152.601013
-95.143952
-0.617818
75.373780
73.520326
0.000000
-79.698505
-83.405412
20.387990
164.957371
257.630051
294.081305
331.150377
405.288521
455.949586
466.452490
463.363400
482.515754
554.182627
683.924379
826.640306
928.580255
974.298777
984.183863
1021.252935
1086.741629
1129.988879
1129.988879
1096.626714
1068.207093
1079.945632
1154.701594
1279.500803
1384.529841
1428.394909
1437.044359
1455.578895
1467.935253
1462.374892
1447.547263
1448.782899
1505.004325
1590.881008
1673.050785
1698.381317
1610.651180
1417.892005
1178.178673
979.859138
849.499568
789.571234
732.731991
594.340788
367.601631
82.787594
-166.193006
-300.877301
-312.615841
-284.196219
-311.380205
-502.903744
-856.913382
-1228.839738
-1477.202521
-1589.027555
-1676.757692
-1835.536884
-2048.066230
-2186.457432
-2192.017793
-2079.574941
-1936.859014
-1885.580131
-1912.146299
-1944.890646
-1909.057210
-1768.812554
-1577.289015
-1394.414926
-1207.216113
-1016.928210
-837.761028
-719.139998
-709.872730
-815.519585
-953.910787
-979.859138
-833.436303
-601.754603
-432.472507
-405.906339
-463.363400
-480.044483
-394.785617
-278.018040
-229.210429
-267.515137
-327.443470
-320.029655
-192.759175
-1.853454
121.092302
140.862474
109.353763
118.003213
215.618436
360.187817
453.478315
478.808847
522.673916
636.970221
817.990856
968.120598
1015.692574
963.178055
906.956629
924.255529
1013.221302
1117.014704
1156.555048
1124.428518
1092.919807
1136.167058
1241.813913
1334.486593
1341.282590
1288.768071
1266.526628
1343.753861
1475.349067
1557.518843
1559.372297
1513.035957
1477.820339
1476.584703
1475.966885
1436.426541
1340.664772
1203.509205
1079.945632
1004.571852
972.445323
950.203880
906.956629
845.792660
728.407266
500.432473
151.365377
-193.994810
-346.595824
-268.132954
-154.454467
-264.426047
-686.395651
-1241.196095
-1616.211541
-1684.171506
-1587.791919
-1578.524651
-1787.964908
-2072.161127
-2193.253429
-2052.390955
-1794.143087
-1652.044977
-1700.852589
-1787.964908
-1754.602743
-1602.001730
-1437.044359
-1364.141851
-1351.167676
-1294.328432
-1154.083776
-966.267144
-823.551217
-856.295564
-1010.132213
-1109.600890
-1021.870753
-780.921784
-583.837885
-530.705548
-575.188434
-567.774620
-455.949586
-321.883109
-247.744965
-278.635858
-355.245274
-416.409243
-377.486717
-230.446065
-29.655258
126.652663
203.879896
234.152972
266.279501
340.417645
381.193624
371.308538
383.047078
482.515754
657.358211
829.729396
920.548622
916.841715
896.453725
919.312987
1005.807488
1085.505993
1077.474361
998.393674
956.999876
1045.347831
1241.196095
1414.802916
1429.012727
1338.811318
1246.756456
1239.342642
1308.538243
1359.817126
1376.498208
1385.765476
1401.210923
1434.573088
1500.679600
1588.409737
1652.662795
1630.421352
1513.035957
1367.848758
1249.227728
1160.261955
1089.212900
1042.258742
1039.787471
1037.934017
902.014086
546.768813
65.488694
-321.883109
-430.619054
-297.788212
-161.868281
-263.808229
-658.593847
-1157.172865
-1479.673792
-1505.622143
-1376.498208
-1333.250958
-1505.004325
-1766.959100
-1880.637588
-1768.812554
-1570.493019
-1512.418139
-1655.751884
-1878.166317
-1977.017175
-1911.528481
-1789.818362
-1686.642778
-1636.599530
-1547.633758
-1372.173483
-1183.121216
-1077.474361
-1109.600890
-1234.400099
-1304.213518
-1223.279377
-1008.896577
-781.539602
-691.338194
-709.872730
-708.637094
-595.576424
-405.906339
-267.515137
-282.342765
-400.345978
-477.573211
-383.664896
-145.187199
101.939948
257.630051
300.259484
292.227851
277.400222
273.075497
282.342765
316.322748
372.544174
483.751390
646.855307
821.697763
944.025701
971.209687
955.146423
960.088966
1002.100581
1039.169653
1057.704189
1060.175460
1083.034721
1170.764859
1298.653157
1425.923638
1508.711232
1485.234153
1398.739652
1338.193501
1369.702212
1456.196713
1502.533053
1483.998517
1444.458174
1471.642160
1548.869393
1598.912641
1556.283208
1464.846163
1379.587298
1317.805511
1225.132831
1048.436921
828.493760
661.682936
640.059311
771.036698
908.810083
862.473743
528.234277
8.649450
-419.498332
-536.883727
-357.098727
-106.882491
-58.074880
-289.138762
-680.217472
-1008.896577
-1153.465958
-1190.535030
-1300.506611
-1563.079204
-1873.223774
-2026.442605
-1939.330285
-1729.890028
-1597.677005
-1660.694427
-1824.416162
-1943.037193
-1960.336093
-1911.528481
-1866.427777
-1858.396145
-1812.677623
-1647.102434
-1384.529841
-1179.414309
-1136.784876
-1235.017917
-1341.282590
-1314.716422
-1144.198690
-926.108983
-786.482145
-724.700358
-649.944396
-484.987026
-273.693315
-141.480292
-172.371185
-318.794020
-446.064500
-443.593229
-294.699123
-84.641048
85.876684
181.638453
239.095515
287.285308
297.788212
267.515137
221.796614
211.911528
291.610033
470.777215
722.229087
942.790065
1044.730014
1039.169653
1015.074756
1037.316199
1078.092178
1091.684172
1052.143828
1024.959842
1102.187075
1273.940442
1448.165081
1547.015940
1530.334857
1425.305820
1307.302607
1259.112814
1273.322624
1315.334239
1320.276782
1296.799703
1321.512418
1396.268380
1452.489806
1406.153466
1262.819721
1143.580872
1155.937230
1246.756456
1290.621525
1201.655752
1011.985667
851.353021
845.174842
994.068948
1155.937230
1143.580872
855.059928
389.225256
-59.928333
-327.443470
-352.774002
-218.707525
-146.422835
-257.012233
-577.041888
-970.591870
-1219.572470
-1291.857161
-1307.920425
-1446.929445
-1713.826764
-1936.241196
-1966.514272
-1829.358705
-1668.726060
-1629.185716
-1713.208946
-1834.301248
-1894.229581
-1867.045595
-1823.180526
-1786.729272
-1739.775114
-1608.179909
-1377.733844
-1138.638329
-1008.278759
-1034.844928
-1131.224515
-1179.414309
-1119.485976
-989.744223
-867.416286
-832.200667
-845.174842
-815.519585
-684.542197
-471.395033
-336.710738
-380.575806
-531.941184
-656.740393
-630.174225
-465.834672
-271.839862
-111.825034
4.942543
105.646855
198.937353
254.540961
273.693315
279.253676
306.437662
397.256889
578.277524
805.634499
989.744223
1065.735821
1077.474361
1105.893982
1168.911405
1217.101199
1204.127023
1137.402694
1081.799086
1116.396886
1219.572470
1328.308415
1398.739652
1396.268380
1344.989497
1278.265167
1230.075374
1227.604102
1235.635735
1250.463363
1288.150253
1374.026937
1485.234153
1547.633758
1503.768689
1413.567280
1359.817126
1392.561473
1482.762882
1501.915235
1395.650562
1181.885580
969.974052
857.531200
861.855925
935.994069
999.629309
944.025701
709.872730
357.716545
-14.827629
-280.489312
-355.245274
-279.253676
-202.644260
-284.814037
-576.424070
-951.439516
-1202.891388
-1267.762264
-1265.908810
-1385.765476
-1655.134066
-1919.560114
-2022.117880
-1922.031385
-1733.596936
-1608.797726
-1616.829359
-1715.062400
-1804.645990
-1829.358705
-1804.645990
-1766.959100
-1724.329668
-1635.363895
-1479.673792
-1309.156061
-1229.457556
-1304.213518
-1460.521438
-1532.188311
-1436.426541
-1239.960460
-1081.799086
-1055.850735
-1109.600890
-1075.620907
-890.275547
-622.142592
-411.466700
-360.805634
-461.509947
-574.570617
-562.214259
-396.639071
-144.569381
64.253058
209.440257
325.590016
436.797232
525.145187
563.449895
551.093538
536.265909
596.812060
747.559619
923.019894
1049.054739
1096.626714
1101.569257
1142.963054
1217.101199
1270.851353
1264.055356
1205.362659
1149.141233
1163.351044
1270.851353
1415.420734
1492.647967
1456.196713
1346.842951
1253.552453
1212.776473
1226.986284
1251.698999
1236.871370
1196.713209
1179.414309
1194.859755
1228.221920
1259.730631
1256.023724
1218.954652
1194.241937
1201.037934
1226.368467
1239.960460
1185.592487
1075.003089
944.643519
837.143210
772.272334
761.151613
803.781045
834.671939
775.979241
550.475720
175.460274
-207.586803
-430.001236
-420.733968
-254.540961
-144.569381
-258.247869
-575.806252
-925.491165
-1136.784876
-1182.503398
-1210.305202
-1354.874583
-1581.613740
-1794.760904
-1880.637588
-1815.148894
-1724.947485
-1731.743482
-1877.548499
-2069.072038
-2178.425800
-2159.273446
-2069.689855
-1997.405165
-1923.884839
-1794.143087
-1598.294823
-1425.305820
-1385.765476
-1475.966885
-1579.760287
-1577.289015
-1440.751267
-1251.081181
-1094.773261
-1014.456938
-966.267144
-869.887557
-712.344001
-524.527369
-386.136167
-356.480909
-394.785617
-418.880514
-346.595824
-169.282096
53.132337
257.012233
388.607439
467.688126
521.438280
588.780428
669.714568
746.941802
831.582849
924.873347
1031.138021
1136.784876
1201.655752
1240.578278
1284.443346
1336.340047
1360.434944
1308.538243
1204.127023
1112.072161
1085.505993
1144.816508
1264.055356
1343.753861
1306.684789
1194.241937
1071.296182
1025.577660
1062.028914
1118.868158
1134.931422
1096.626714
1044.112196
1028.048931
1066.971457
1141.109601
1186.210305
1195.477573
1183.121216
1168.911405
1197.948845
1251.081181
1290.621525
1278.882985
1231.928827
1163.351044
1067.589275
957.617694
866.180650
854.442110
918.695169
977.387866
905.103176
622.760410
189.052267
-213.764982
-413.937971
-379.340171
-266.279501
-273.075497
-510.317558
-902.014086
-1248.609910
-1422.216731
-1457.432349
-1509.329050
-1676.757692
-1926.356110
-2113.554924
-2169.158532
-2086.988756
-1959.100457
-1896.700853
-1933.769925
-2030.767330
-2112.937106
-2127.764735
-2098.109477
-2053.008773
-1974.545904
-1850.364513
-1682.318053
-1519.214136
-1427.777091
-1414.185098
-1422.216731
-1359.817126
-1218.336834
-1078.092178
-997.775856
-979.241320
-910.045719
-706.165822
-393.549981
-111.825034
23.477079
-16.681082
-139.626838
-189.670085
-99.468677
73.520326
236.624243
338.564191
397.256889
473.866304
567.774620
650.562214
690.102558
690.102558
675.274929
683.924379
738.292351
813.048313
885.950822
942.790065
1010.750031
1101.569257
1191.152848
1224.515013
1165.822316
1067.589275
993.451131
1011.985667
1091.684172
1166.440133
1188.063759
1175.707401
1168.293587
1190.535030
1234.400099
1241.196095
1200.420116
1144.198690
1129.988879
1188.063759
1290.003707
1374.026937
1411.096009
1430.866181
1448.782899
1458.050167
1430.248363
1343.753861
1250.463363
1183.739034
1156.555048
1123.810701
1042.876560
912.516990
762.387248
649.944396
617.817867
661.065118
706.783640
659.211664
458.420858
132.213024
-217.471889
-467.688126
-553.564809
-523.909551
-478.808847
-555.418263
-792.660324
-1098.480168
-1371.555665
-1561.843569
-1673.050785
-1780.551094
-1927.591746
-2077.721488
-2148.152725
-2099.962931
-1983.813172
-1888.051402
-1871.988138
-1925.120474
-2001.112072
-2023.353515
-1973.928086
-1891.140492
-1801.556901
-1680.464599
-1524.156679
-1344.371679
-1205.362659
-1140.491783
-1135.549240
-1142.345237
-1120.103793
-1047.819103
-958.853330
-887.186457
-832.200667
-760.533795
-623.996046
-458.420858
-308.908934
-239.713333
-252.687508
-309.526752
-341.035463
-305.202026
-196.466082
-27.183986
148.276288
300.259484
423.823057
517.731373
585.691338
623.378228
634.498950
646.237489
691.338194
793.895959
942.790065
1099.097986
1243.049549
1351.167676
1427.159273
1463.610528
1459.285803
1429.012727
1400.593105
1411.096009
1478.438156
1564.932658
1613.740269
1598.294823
1524.774496
1434.573088
1359.817126
1287.532435
1201.655752
1126.899790
1089.830718
1084.888175
1095.391079
1099.715804
1089.212900
1052.761646
1011.367849
1000.247127
1013.221302
1039.169653
1022.488570
968.120598
915.606079
895.218090
897.071543
876.065736
784.628691
618.435685
426.294328
274.928951
200.172989
210.675893
257.012233
223.032250
55.603608
-238.477697
-556.036081
-769.801063
-802.545410
-706.783640
-612.257506
-646.237489
-835.907574
-1096.626714
-1307.920425
-1404.917830
-1439.515631
-1500.061782
-1625.478809
-1760.780922
-1806.499444
-1738.539479
-1642.159891
-1586.556283
-1624.860991
-1733.596936
-1849.746695
-1916.471024
-1910.910664
-1866.427777
-1782.404547
-1645.248981
-1482.762882
-1362.906215
-1329.544050
-1385.765476
-1461.757074
-1480.291610
-1411.713827
-1265.908810
-1103.422711
-975.534412
-879.154825
-784.010874
-659.829482
-512.788830
-371.308538
-267.515137
-224.267886
-200.172989
-118.003213
63.017422
295.934758
515.260101
682.070925
821.079946
956.382059
1076.238725
1152.230323
1177.560855
1181.267762
1214.629927
1296.181886
1396.268380
1462.374892
1457.432349
1420.981095
1410.478191
1448.165081
1477.820339
1469.788706
1395.650562
1290.621525
1225.750649
1212.158656
1225.132831
1220.190288
1184.356852
1117.632522
1050.290374
1011.985667
988.508588
948.350426
864.327196
748.795255
660.447300
631.409860
643.148400
644.384036
610.404053
564.685531
528.234277
542.444087
589.398245
609.168417
594.340788
585.073520
611.021871
652.415668
689.484740
675.274929
603.608056
521.438280
467.688126
446.682318
436.797232
418.262696
375.015445
305.819844
213.147164
54.985790
-153.836649
-387.989621
-577.041888
-643.766218
-622.142592
-600.518967
-687.631286
-906.338811
-1181.267762
-1429.012727
-1584.085012
-1668.108242
-1750.278018
-1859.631781
-1975.781540
-2028.913876
-1998.640801
-1943.037193
-1936.859014
-2015.939701
-2146.917089
-2227.233412
-2205.609786
-2116.644013
-1993.080440
-1848.511059
-1687.260596
-1495.737057
-1285.678982
-1118.868158
-1028.666749
-989.744223
-939.700976
-831.582849
-674.039293
-484.987026
-316.322748
-187.816632
-63.017422
77.227233
217.471889
324.354380
370.072903
367.601631
361.423452
402.817249
508.464105
652.415668
811.194860
948.350426
1050.290374
1104.658347
1110.218708
1103.422711
1090.448536
1085.505993
1111.454343
1165.822316
1213.394291
1245.520820
1263.437539
1269.615717
1263.437539
1220.808106
1128.135426
1024.959842
937.229705
896.453725
895.835908
910.045719
924.873347
915.606079
879.772643
830.347214
775.361423
732.731991
718.522180
690.720376
646.855307
617.200049
611.021871
619.053503
640.059311
655.504757
657.358211
651.180032
629.556407
601.754603
567.774620
538.119362
527.616459
545.533177
578.895342
632.027678
675.274929
664.154207
581.366613
447.300136
317.558384
229.828247
154.454467
94.526134
37.069072
-14.209811
-63.635240
-146.422835
-320.029655
-581.984431
-850.735203
-1032.991474
-1082.416903
-1045.965649
-1001.482763
-1062.646732
-1225.750649
-1411.096009
-1549.487211
-1603.855183
-1614.358087
-1651.427159
-1700.852589
-1702.088224
-1642.159891
-1529.099222
-1428.394909
-1401.828741
-1437.662177
-1480.909428
-1474.731249
-1393.797109
-1270.851353
-1128.753244
-993.451131
-867.416286
-729.025083
-609.786235
-531.941184
-491.165204
-466.452490
-430.619054
-336.710738
-202.026443
-77.227233
-0.617818
43.865069
104.411220
190.287903
285.431855
329.914741
299.641666
243.420240
219.325343
269.368590
372.544174
482.515754
548.004448
569.010256
579.513160
598.665513
646.237489
691.956011
710.490547
721.611269
764.858520
836.525392
912.516990
960.088966
968.120598
944.643519
927.962437
945.261337
969.356234
971.209687
924.255529
868.034104
835.907574
842.085753
875.447918
873.594464
812.430495
727.171630
670.950204
653.033486
649.944396
630.792043
558.507352
468.923761
411.466700
392.932164
394.785617
387.371803
350.302731
299.641666
266.279501
261.336958
272.457679
274.928951
260.101322
239.095515
243.420240
276.164587
300.877301
290.374398
258.865686
240.948968
238.477697
237.859879
211.293711
151.983195
87.112319
45.718522
39.540344
58.692697
32.744347
-68.577783
-236.006425
-420.116150
-533.176819
-548.622266
-523.909551
-516.495737
-562.214259
-678.364018
-811.812678
-913.134808
-968.738416
-992.215495
-1021.252935
-1076.238725
-1123.192883
-1147.287780
-1126.899790
-1079.945632
-1048.436921
-1062.646732
-1107.747436
-1149.759051
-1173.236130
-1152.848140
-1107.747436
-1027.431113
-941.554430
-860.620289
-783.393056
-724.082540
-702.458915
-705.548004
-689.484740
-641.294946
-557.271716
-454.713950
-366.365995
-299.641666
-235.388607
-166.810824
-111.207216
-78.462869
-37.686890
11.120722
77.227233
142.098109
213.147164
290.374398
378.104535
463.363400
540.590634
610.404053
672.803657
711.108365
743.234894
773.507970
788.953417
807.487953
840.232300
884.097368
897.071543
887.804275
851.353021
804.398863
772.272334
756.826887
717.904362
654.269121
584.455702
508.464105
458.420858
439.886322
431.236871
428.147782
412.084517
380.575806
344.742370
299.023848
257.012233
224.267886
213.147164
234.152972
282.342765
337.328556
358.334363
358.334363
352.774002
343.506734
357.716545
393.549981
441.739775
491.165204
517.113555
544.915359
591.251699
640.677128
689.484740
708.019276
680.217472
629.556407
581.984431
560.978624
549.857902
522.056098
483.751390
430.001236
366.365995
287.903126
201.408625
75.373780
-85.876684
-246.509329
-361.423452
-414.555789
-421.969603
-453.478315
-540.590634
-667.861115
-807.487953
-911.281354
-981.712591
-1018.163845
-1055.850735
-1108.365254
-1175.707401
-1215.865563
-1214.629927
-1205.362659
-1208.451748
-1229.457556
-1262.201903
-1284.443346
-1288.768071
-1267.144446
-1223.897195
-1170.764859
-1087.359446
-989.744223
-901.396268
-841.467935
-833.436303
-845.792660
-837.143210
-765.476338
-639.441493
-519.584826
-432.472507
-385.518349
-353.391820
-296.552576
-221.796614
-150.747560
-87.112319
-35.215618
13.591993
74.755962
145.805017
230.446065
307.673298
381.193624
453.478315
522.056098
581.366613
611.639689
625.231682
656.122575
708.019276
755.591252
799.456320
822.315581
816.137403
803.781045
787.717781
770.418881
760.533795
742.617076
719.139998
701.841097
693.191647
691.956011
683.306561
666.625479
643.148400
610.404053
589.398245
583.220067
589.398245
611.021871
627.085135
642.530582
627.702953
606.079328
577.659706
558.507352
565.921166
575.806252
592.487335
584.455702
552.946991
513.406648
492.400840
499.814655
526.998641
539.354998
521.438280
484.369208
444.828864
429.383418
429.383418
434.943779
434.943779
401.581614
341.035463
272.457679
217.471889
153.836649
88.347955
21.623625
-32.744347
-85.876684
-150.129742
-235.388607
-348.449277
-431.854689
-482.515754
-501.668108
-541.826270
-627.702953
-746.323984
-860.620289
-940.318794
-989.126406
-1028.048931
-1085.505993
-1155.319412
-1226.368467
-1283.825528
-1322.748054
-1346.842951
-1356.728037
-1369.702212
-1383.294205
-1383.912023
-1359.199308
-1317.187693
-1265.908810
-1223.279377
-1181.885580
-1123.810701
-1060.175460
-984.801680
-906.956629
-834.054121
-775.361423
-711.108365
-632.027678
-539.354998
-457.803040
-394.167799
-339.182009
-263.808229
-174.224639
-67.342148
37.069072
135.302113
206.968986
256.394415
318.794020
388.607439
484.369208
594.340788
693.809465
776.597059
845.792660
908.810083
958.235512
1001.482763
1023.724206
1028.666749
1040.405289
1062.028914
1087.977264
1099.097986
1091.684172
1059.557642
1020.017299
973.680959
937.847523
900.160633
850.117385
796.367231
745.706166
722.229087
716.050908
711.108365
683.924379
636.970221
590.016063
550.475720
522.673916
504.139380
476.955394
444.211047
409.613246
391.078710
382.429260
382.429260
380.575806
365.130360
345.360188
329.296923
316.940566
302.112937
302.730755
311.998023
320.647473
312.615841
292.845669
264.426047
229.828247
187.816632
150.747560
108.735945
86.494501
48.189794
-16.063265
-74.138144
-140.244656
-187.198814
-229.828247
-263.190411
-294.699123
-345.360188
-413.320153
-497.961201
-580.130977
-633.881132
-674.039293
-703.076733
-747.559619
-813.048313
-880.390461
-932.287162
-978.005684
-1028.048931
-1080.563450
-1157.172865
-1231.311010
-1289.385889
-1312.245150
-1287.532435
-1242.431731
-1203.509205
-1197.948845
-1208.451748
-1209.069566
-1197.331027
-1159.644137
-1106.511800
-1029.284567
-927.962437
-811.812678
-695.045101
-608.550599
-551.093538
-525.763005
-495.489930
-426.294328
-333.003830
-226.121339
-122.327938
-34.597801
61.781787
148.276288
228.592611
291.610033
332.386013
363.276906
412.084517
495.489930
599.901149
701.841097
794.513777
861.855925
911.899172
945.879155
971.209687
987.272952
994.068948
1002.718399
1012.603484
1031.755838
1053.379464
1073.767453
1060.793278
1031.138021
987.272952
945.261337
914.370444
879.154825
855.677746
816.755221
772.272334
736.438898
712.344001
685.160015
636.352403
566.538984
476.337576
380.575806
320.029655
274.311133
237.242061
206.351168
161.868281
127.888299
94.526134
62.399605
29.037440
6.178179
-0.617818
2.471271
18.534536
33.979983
37.069072
29.037440
17.298900
1.235636
-8.031632
-21.005807
-33.979983
-40.775979
-50.043247
-58.692697
-60.546151
-59.310515
-67.342148
-82.169776
-105.646855
-126.652663
-149.511924
-167.428642
-177.931546
-179.167182
-187.816632
-214.382800
-247.744965
-280.489312
-312.615841
-352.774002
-400.963796
-456.567404
-509.699741
-573.952799
-620.289139
-649.326579
-685.160015
-727.789448
-769.801063
-840.232300
-913.134808
-969.356234
-1011.985667
-1014.456938
-1010.750031
-987.890770
-963.178055
-946.496973
-923.019894
-898.924997
-873.594464
-847.646114
-805.634499
-758.062523
-693.809465
-634.498950
-586.309156
-512.788830
-434.943779
-347.213641
-264.426047
-205.733350
-168.046460
-127.888299
-54.367972
56.839244
172.989003
269.368590
327.443470
370.072903
429.383418
501.668108
580.130977
651.180032
693.809465
711.726183
732.114173
754.973434
791.424688
824.786853
836.525392
826.640306
815.519585
821.697763
824.169035
823.551217
815.519585
788.953417
756.826887
732.731991
712.344001
682.070925
636.970221
603.608056
567.156802
517.113555
465.216854
406.524157
350.920549
303.348573
259.483504
215.618436
166.193006
119.238848
75.991598
42.629433
22.859261
4.942543
4.324725
6.795997
-1.235636
0.617818
-0.617818
0.617818
-1.235636
8.649450
24.712715
54.367972
83.405412
95.761769
92.672680
82.169776
88.347955
108.118127
145.187199
174.224639
175.460274
156.307920
155.690103
153.836649
161.250463
167.428642
152.601013
125.417027
108.735945
106.882491
94.526134
68.577783
15.445447
-40.158161
-87.730137
-127.270481
-161.868281
-209.440257
-281.724947
-352.774002
-415.173607
-467.688126
-515.877919
-578.277524
-654.886939
-722.229087
-772.890152
-798.220685
-820.462128
-840.232300
-872.976646
-908.810083
-932.287162
-941.554430
-931.669344
-910.045719
-887.186457
-877.919189
-870.505375
-871.741011
-869.887557
-853.206475
-822.933399
-765.476338
-674.657111
-598.665513
-533.794637
-481.897936
-426.912146
-358.334363
-279.253676
-195.230446
-116.767577
-43.247251
41.393797
145.805017
250.834054
332.386013
390.460892
430.001236
462.127765
506.610651
556.036081
601.136785
641.294946
685.160015
735.821080
780.303966
821.697763
838.378846
819.844310
795.131595
779.686149
779.686149
793.895959
798.838502
786.482145
756.209070
724.082540
687.631286
638.205857
594.958606
539.972816
475.101940
419.498332
359.569999
317.558384
284.196219
258.247869
238.477697
221.178796
202.026443
159.397010
122.327938
90.201409
67.959965
84.023230
113.060670
132.830841
138.391202
127.888299
111.825034
101.322130
113.060670
120.474484
118.621031
119.856666
118.003213
130.977388
165.575188
195.848264
205.115532
198.319535
190.905721
190.905721
190.287903
177.931546
169.282096
153.836649
143.951563
140.244656
121.710120
79.698505
25.330533
-26.566168
-74.755962
-121.092302
-176.695910
-243.420240
-320.029655
-397.256889
-460.274311
-502.903744
-536.265909
-580.748795
-644.384036
-725.318176
-815.519585
-883.479550
-924.873347
-948.350426
-955.146423
-966.884962
-995.922402
-1029.902385
-1058.322007
-1062.646732
-1060.793278
-1045.347831
-1021.252935
-1001.482763
-971.827505
-939.083158
-882.861732
-813.666131
-730.878537
-660.447300
-606.697146
-539.972816
-473.866304
-389.225256
-287.903126
-179.784999
-72.284690
24.712715
100.704312
163.103917
233.535154
308.291116
381.811442
460.274311
530.087730
594.340788
645.619671
694.427283
743.234894
788.335599
826.640306
859.384653
885.333004
911.899172
938.465340
958.235512
981.712591
990.362041
986.655134
966.267144
934.140615
900.160633
868.651921
826.022489
778.450513
745.706166
711.108365
664.772025
612.257506
557.889534
493.018658
434.943779
376.251081
326.207834
294.699123
260.101322
231.063882
209.440257
190.905721
174.842456
144.569381
111.825034
77.227233
33.979983
0.000000
-16.063265
-22.241443
-11.120722
-16.063265
-24.094897
-34.597801
-58.074880
-74.755962
-101.939948
-120.474484
-132.213024
-129.741752
-132.213024
-118.621031
-107.500309
-106.264673
-117.385395
-148.276288
-169.899914
-205.115532
-228.592611
-246.509329
-269.368590
-294.699123
-312.615841
-323.118745
-321.265291
-334.239466
-370.690720
-431.854689
-489.311751
-523.291734
-536.265909
-536.883727
-535.648091
-549.240084
-583.837885
-606.079328
-628.938589
-653.651304
-671.568022
-693.809465
-716.050908
-737.056716
-740.763623
-739.527987
-740.763623
-744.470530
-737.056716
-719.757815
-705.548004
-694.427283
-691.956011
-673.421475
-630.792043
-566.538984
-499.814655
-434.943779
-379.957988
-333.003830
-273.075497
-206.968986
-141.480292
-66.106512
3.706907
74.138144
145.187199
211.293711
284.814037
363.276906
426.294328
487.458297
541.208452
582.602249
632.645496
691.338194
751.266527
808.723588
860.002471
898.307179
917.459533
924.255529
927.344619
927.962437
932.904980
929.815890
938.465340
942.172248
920.548622
883.479550
837.761028
786.482145
748.795255
712.344001
670.332386
627.085135
579.513160
533.794637
486.840479
442.357593
386.136167
336.710738
281.107130
233.535154
188.434450
157.543556
134.066477
99.468677
66.724330
22.241443
-10.502904
-43.247251
-76.609416
-109.353763
-139.626838
-153.218831
-160.014828
-171.753367
-186.580996
-209.440257
-244.655875
-273.693315
-286.667490
-286.049673
-286.667490
-286.049673
-290.374398
-312.615841
-334.239466
-350.920549
-366.365995
-370.690720
-379.340171
-392.314346
-392.932164
-400.963796
-406.524157
-415.173607
-433.708143
-449.153590
-465.834672
-488.693933
-501.050290
-507.846287
-515.260101
-510.317558
-502.903744
-497.343383
-488.076115
-493.636476
-511.553194
-526.998641
-541.826270
-546.768813
-538.119362
-529.469912
-518.349191
-501.050290
-489.311751
-475.101940
-462.127765
-452.242679
-431.854689
-409.613246
-386.753985
-350.920549
-304.584209
-250.216236
-185.963178
-128.506116
-76.609416
-30.890893
9.267268
43.247251
91.437044
140.862474
189.670085
239.713333
287.903126
331.150377
371.926356
412.702335
445.446682
475.101940
490.547387
509.699741
531.941184
553.564809
575.806252
598.047696
610.404053
621.524774
630.792043
638.823675
646.237489
635.734585
625.231682
602.990238
585.073520
571.481527
554.800445
540.590634
537.501545
524.527369
503.521562
488.076115
470.777215
438.032868
409.613246
385.518349
366.983813
350.302731
324.354380
309.526752
290.374398
259.483504
225.503522
183.491907
146.422835
102.557766
58.692697
26.566168
-11.738539
-58.692697
-96.379587
-132.213024
-174.842456
-206.968986
-239.713333
-273.075497
-303.966391
-325.590016
-344.124552
-353.391820
-361.423452
-370.690720
-386.136167
-400.963796
-410.231064
-412.084517
-405.288521
-398.492524
-392.314346
-394.785617
-392.932164
-394.167799
-382.429260
-383.047078
-378.104535
-366.365995
-349.067095
-320.647473
-310.762387
-294.699123
-286.049673
-281.107130
-271.222044
-264.426047
-255.776597
-244.038058
-238.477697
-236.006425
-224.267886
-228.592611
-219.943161
-215.000618
-225.503522
-229.828247
-238.477697
-239.713333
-235.388607
-214.382800
-195.848264
-175.460274
-158.779192
-142.098109
-126.034845
-117.385395
-108.735945
-101.322130
-79.080687
-45.100704
-12.356357
21.005807
51.896701
70.431237
86.494501
103.175584
118.621031
143.951563
168.046460
198.937353
235.388607
277.400222
310.762387
342.888916
366.983813
386.753985
398.492524
406.524157
415.791425
419.498332
430.001236
440.504139
451.624861
462.745583
466.452490
462.127765
441.121957
423.823057
413.320153
402.199432
390.460892
380.575806
366.365995
349.684913
333.003830
317.558384
295.934758
270.604226
244.655875
206.968986
182.874089
153.218831
108.735945
73.520326
46.336340
23.477079
2.471271
-19.770172
-49.425429
-87.730137
-129.123934
-161.250463
-194.612628
-219.325343
-239.713333
-257.630051
-262.572594
-262.572594
-261.954776
-252.687508
-258.247869
-266.897319
-282.342765
-299.023848
-315.704930
-323.736562
-302.730755
-281.724947
-266.279501
-247.127147
-236.624243
-246.509329
-250.834054
-253.923143
-266.897319
-265.043865
-251.451872
-226.121339
-202.644260
-172.989003
-155.690103
-155.072285
-155.072285
-155.690103
-164.339553
-169.282096
-158.161374
-154.454467
-143.951563
-126.652663
-108.118127
-86.494501
-84.023230
-82.787594
-91.437044
-96.997405
-83.405412
-57.457062
-21.623625
6.178179
30.890893
55.603608
75.373780
91.437044
107.500309
106.264673
111.825034
119.856666
124.799209
143.951563
162.486099
176.078092
179.784999
178.549364
179.167182
179.167182
173.606821
160.014828
155.690103
154.454467
161.868281
168.046460
166.810824
166.810824
156.925738
153.218831
142.715927
143.333745
137.773384
123.563573
120.474484
110.589398
106.264673
107.500309
108.735945
118.621031
126.034845
122.945756
113.678488
105.646855
96.379587
95.143952
105.029037
114.914123
123.563573
131.595206
131.595206
131.595206
124.799209
115.531941
107.500309
90.201409
69.195601
42.011615
26.566168
35.215618
35.833436
33.979983
17.298900
-12.974175
-48.807612
-76.609416
-101.322130
-124.181391
-140.244656
-155.072285
-155.072285
-155.072285
-157.543556
-175.460274
-190.287903
-218.089707
-242.802422
-253.923143
-262.572594
-262.572594
-261.954776
-263.808229
-256.394415
-249.598418
-251.451872
-250.834054
-250.834054
-250.834054
-250.834054
-237.242061
-208.204621
-175.460274
-157.543556
-136.537749
-114.914123
-90.201409
-61.163969
-41.393797
-28.419622
-12.356357
9.885086
33.979983
70.431237
113.060670
136.537749
147.040652
155.690103
163.103917
177.931546
190.287903
197.083900
209.440257
219.325343
231.063882
239.095515
238.477697
238.477697
218.089707
202.644260
193.994810
179.784999
167.428642
161.250463
147.658470
134.684295
127.270481
112.442852
88.347955
64.253058
38.922526
22.241443
8.649450
0.617818
-9.267268
-23.477079
-36.451254
-53.750154
-64.253058
-72.284690
-70.431237
-77.227233
-85.258866
-79.080687
-70.431237
-63.017422
-54.367972
-46.336340
-48.807612
-46.954158
-48.189794
-47.571976
-36.451254
-34.597801
-19.770172
-10.502904
-1.853454
0.617818
7.413814
1.235636
-0.617818
-1.235636
-14.209811
-7.413814
0.000000
4.942543
15.445447
18.534536
11.120722
1.853454
-9.267268
-20.387990
-24.712715
-23.477079
-24.712715
-23.477079
-24.712715
-22.241443
-29.655258
-36.451254
-38.922526
-48.807612
-56.839244
-61.781787
-58.074880
-61.781787
-53.132337
-47.571976
-47.571976
-50.043247
-60.546151
-73.520326
-82.169776
-87.112319
-85.876684
-74.755962
-67.342148
-69.813419
-71.666873
-72.284690
-67.959965
-58.074880
-60.546151
-58.692697
-61.163969
-55.603608
-47.571976
-37.686890
-22.241443
-12.974175
-1.235636
9.885086
20.387990
31.508711
48.807612
61.781787
79.080687
106.882491
133.448659
148.894106
156.925738
166.193006
166.810824
171.135549
184.727542
190.905721
197.083900
206.351168
206.351168
202.026443
193.376992
184.727542
174.842456
157.543556
143.951563
132.213024
114.296305
103.793402
92.054862
82.169776
66.724330
47.571976
24.712715
-0.617818
-26.566168
-45.100704
-54.985790
-72.902508
-85.258866
-95.143952
-108.735945
-126.652663
-140.862474
-152.601013
-169.282096
-185.963178
-192.141357
-190.287903
-184.727542
-170.517731
-158.161374
-145.805017
-142.715927
-142.098109
-138.391202
-143.951563
-128.506116
-113.060670
-90.201409
-65.488694
-51.896701
-33.362165
-22.241443
-10.502904
-1.235636
2.471271
14.209811
28.419622
40.158161
62.399605
74.138144
84.641048
94.526134
96.379587
93.908316
82.787594
84.023230
83.405412
84.023230
82.169776
71.049055
72.284690
66.106512
47.571976
35.215618
21.623625
-1.853454
-21.005807
-33.979983
-48.189794
-58.692697
-59.928333
-60.546151
-70.431237
-77.227233
-87.112319
-93.908316
-97.615223
-102.557766
-96.379587
-90.819226
-81.551958
-74.138144
-64.870876
-58.692697
-60.546151
-48.189794
-38.304708
-30.890893
-15.445447
-4.324725
16.681082
35.833436
47.571976
61.163969
78.462869
85.258866
94.526134
102.557766
111.207216
118.621031
128.506116
143.951563
153.218831
156.307920
150.129742
140.244656
124.181391
109.353763
97.615223
95.143952
93.908316
81.551958
72.284690
65.488694
51.278883
37.686890
25.948350
11.738539
-0.617818
-17.916718
-33.362165
-37.069072
-34.597801
-41.393797
-52.514519
-63.635240
-74.755962
-85.876684
-95.143952
-96.379587
-106.882491
-108.118127
-98.850859
-90.201409
-83.405412
-72.902508
-72.284690
-67.342148
-58.692697
-60.546151
-59.928333
-51.278883
-33.979983
-27.801804
-17.298900
-12.974175
-4.324725
1.235636
-0.617818
0.617818
0.000000
-0.617818
1.235636
12.974175
22.859261
24.094897
33.362165
37.069072
35.215618
37.069072
29.655258
21.623625
27.801804
37.069072
35.215618
37.069072
47.571976
48.807612
45.100704
34.597801
23.477079
24.094897
22.859261
29.037440
37.069072
35.215618
35.833436
35.215618
36.451254
32.744347
22.859261
15.445447
6.795997
-1.235636
0.617818
-9.267268
-12.974175
-11.738539
-22.859261
-25.330533
-37.686890
-46.954158
-61.781787
-71.666873
-71.666873
-71.049055
-79.080687
-84.641048
-83.405412
-84.023230
-84.023230
-82.787594
-84.641048
-93.908316
-86.494501
-75.991598
-54.367972
-37.069072
-12.974175
3.089089
12.974175
24.712715
22.859261
30.273075
37.686890
47.571976
61.781787
74.138144
87.730137
101.322130
106.882491
108.735945
100.704312
95.761769
92.672680
83.405412
79.080687
69.813419
73.520326
71.049055
72.902508
66.724330
58.692697
47.571976
22.859261
3.706907
-8.649450
-12.356357
-9.267268
-7.413814
-16.063265
-24.094897
-24.094897
-32.744347
-43.865069
-54.367972
-66.724330
-72.284690
-72.284690
-71.666873
-61.781787
-49.425429
-48.189794
-58.692697
-59.928333
-59.310515
-59.928333
-59.310515
-60.546151
-50.043247
-39.540344
-27.801804
-24.094897
-13.591993
0.617818
-1.235636
2.471271
12.974175
11.738539
12.974175
21.623625
36.451254
47.571976
55.603608
59.928333
59.310515
59.928333
59.928333
57.457062
46.954158
48.807612
46.954158
48.807612
40.775979
35.833436
32.744347
20.387990
10.502904
-1.235636
-11.120722
-24.712715
-43.247251
-56.221426
-64.253058
-72.284690
-72.902508
-84.641048
-82.169776
-87.112319
-95.761769
-96.379587
-94.526134
-103.175584
-98.233041
-94.526134
-94.526134
-84.641048
-77.845051
-59.310515
-48.189794
-40.775979
-32.126529
-24.712715
-18.534536
-11.738539
-9.885086
1.853454
15.445447
29.037440
38.304708
59.928333
71.666873
72.284690
82.787594
84.023230
82.787594
91.437044
96.997405
93.908316
100.704312
111.825034
121.710120
112.442852
105.646855
95.143952
85.258866
80.934141
71.049055
72.284690
71.666873
71.049055
72.902508
63.017422
59.310515
59.928333
50.661065
37.686890
24.712715
23.477079
24.712715
23.477079
24.094897
22.859261
25.330533
18.534536
12.356357
8.649450
0.617818
-4.324725
-13.591993
-21.623625
-16.063265
-23.477079
-21.005807
-10.502904
-22.241443
-28.419622
-38.922526
-44.482886
-54.985790
-59.928333
-67.342148
-72.284690
-61.781787
-58.074880
-63.635240
-72.902508
-71.049055
-71.666873
-72.284690
-83.405412
-81.551958
-71.049055
-64.253058
-54.985790
-48.189794
-46.336340
-36.451254
-35.833436
-35.215618
-37.069072
-47.571976
-47.571976
-42.011615
-28.419622
-24.094897
-20.387990
-10.502904
-12.974175
-11.120722
-16.063265
-25.330533
-22.859261
-33.362165
-36.451254
-36.451254
-33.362165
-22.859261
-11.120722
-14.827629
-24.094897
-28.419622
-40.775979
-48.807612
-45.100704
-35.833436
-34.597801
-26.566168
-16.681082
-12.356357
-8.649450
1.853454
-6.178179
-13.591993
-2.471271
0.000000
5.560361
17.916718
27.801804
40.158161
48.807612
46.954158
48.807612
59.310515
59.310515
69.813419
71.666873
74.138144
84.641048
92.672680
98.233041
105.646855
108.735945
105.646855
109.971580
110.589398
106.882491
108.118127
106.882491
106.882491
107.500309
96.997405
95.143952
95.143952
84.023230
73.520326
62.399605
51.278883
35.215618
26.566168
17.916718
12.356357
9.885086
-3.706907
-12.356357
-12.356357
-25.330533
-43.247251
-48.189794
-56.221426
-61.163969
-69.813419
-72.284690
-71.049055
-72.284690
-81.551958
-85.258866
-73.520326
-71.049055
-71.666873
-71.666873
-71.666873
-71.666873
-71.666873
-71.666873
-61.781787
-43.865069
-32.744347
-21.623625
-11.738539
-11.738539
-12.356357
-10.502904
1.853454
11.738539
11.738539
11.738539
11.738539
12.356357
12.356357
12.356357
11.120722
13.591993
3.706907
0.000000
-1.235636
-11.738539
-11.738539
-11.120722
-16.681082
-26.566168
-33.362165
-39.540344
-46.954158
-51.896701
-68.577783
-83.405412
-83.405412
-84.641048
-79.698505
-71.049055
-71.666873
-71.049055
-71.666873
-71.666873
-71.666873
-70.431237
-59.310515
-49.425429
-35.833436
-19.770172
-6.795997
0.617818
10.502904
11.738539
15.445447
25.330533
32.744347
45.718522
50.661065
64.870876
71.049055
73.520326
82.787594
84.641048
87.730137
82.787594
84.023230
82.169776
90.819226
96.379587
95.143952
95.761769
95.761769
91.437044
77.845051
71.666873
71.049055
71.666873
62.399605
58.692697
59.928333
59.310515
59.310515
47.571976
48.807612
42.011615
25.948350
23.477079
12.356357
1.853454
-1.235636
1.853454
-8.649450
-6.795997
1.235636
-16.063265
-27.183986
-36.451254
-35.215618
-35.833436
-35.215618
-35.833436
-35.833436
-35.833436
-35.833436
-35.215618
-37.686890
-48.189794
-48.189794
-48.807612
-37.686890
-35.833436
-47.571976
-47.571976
-47.571976
-48.189794
-48.189794
-48.189794
-47.571976
-48.189794
-47.571976
-36.451254
-35.215618
-36.451254
-35.215618
-37.069072
-29.037440
-23.477079
-23.477079
-26.566168
-37.069072
-33.979983
-24.712715
-23.477079
-24.094897
-24.094897
-24.094897
-23.477079
-23.477079
-24.094897
-23.477079
-24.712715
-17.298900
-10.502904
-13.591993
-10.502904
-18.534536
-25.330533
-22.241443
-25.948350
-16.063265
-11.120722
-11.738539
-15.445447
-25.330533
-24.094897
-24.094897
-24.094897
-21.005807
-10.502904
-13.591993
-3.706907
1.235636
-0.617818
9.267268
12.356357
11.738539
22.241443
24.094897
24.712715
34.597801
38.304708
48.189794
51.278883
54.367972
61.163969
57.457062
64.870876
70.431237
78.462869
84.023230
91.437044
96.997405
94.526134
96.379587
95.143952
95.761769
94.526134
96.997405
90.201409
90.201409
97.615223
89.583591
77.845051
70.431237
60.546151
59.310515
50.661065
33.979983
27.183986
16.681082
12.356357
8.031632
-0.617818
-8.649450
-17.298900
-28.419622
-36.451254
-35.215618
-45.100704
-48.807612
-47.571976
-58.074880
-59.928333
-59.310515
-59.310515
-59.928333
-59.310515
-59.928333
-70.431237
-61.163969
-59.310515
-59.310515
-47.571976
-48.189794
-45.718522
-36.451254
-35.215618
-36.451254
-35.833436
-36.451254
-35.215618
-36.451254
-33.979983
-24.094897
-23.477079
-24.712715
-22.859261
-24.094897
-22.859261
-26.566168
-36.451254
-34.597801
-43.247251
-49.425429
-46.954158
-48.807612
-46.954158
-48.189794
-46.954158
-49.425429
-59.310515
-59.928333
-59.310515
-59.928333
-59.310515
-60.546151
-53.132337
-46.336340
-48.807612
-39.540344
-34.597801
-37.069072
-26.566168
-22.241443
-14.827629
-5.560361
1.235636
5.560361
21.005807
22.859261
29.037440
35.833436
38.304708
47.571976
48.807612
58.074880
66.724330
71.666873
80.316323
84.641048
82.787594
83.405412
83.405412
82.169776
91.437044
93.908316
82.787594
83.405412
83.405412
83.405412
84.023230
79.080687
71.049055
71.666873
71.049055
71.666873
72.284690
66.106512
52.514519
47.571976
47.571976
47.571976
47.571976
48.807612
40.158161
32.744347
24.094897
23.477079
23.477079
14.209811
5.560361
-0.617818
0.000000
0.000000
-9.267268
-11.738539
-14.827629
-27.801804
-34.597801
-39.540344
-51.896701
-60.546151
-59.928333
-59.928333
-59.928333
-69.813419
-72.284690
-71.049055
-75.373780
-84.641048
-82.787594
-84.023230
-82.787594
-84.641048
-80.934141
-71.666873
-71.049055
-72.284690
-71.049055
-63.635240
-54.367972
-46.954158
-47.571976
-48.807612
-43.865069
-34.597801
-37.069072
-23.477079
-11.738539
-11.738539
-12.974175
-6.795997
1.853454
-0.617818
0.617818
8.649450
22.241443
24.094897
23.477079
33.979983
36.451254
34.597801
37.069072
29.655258
22.859261
24.094897
23.477079
24.094897
22.859261
11.738539
12.356357
9.885086
0.000000
0.617818
0.000000
0.000000
-8.031632
-0.617818
0.617818
0.617818
-4.942543
-12.974175
-11.120722
-12.356357
-11.120722
-12.356357
-12.356357
-9.885086
0.617818
8.031632
13.591993
10.502904
14.209811
22.859261
25.330533
33.979983
38.304708
46.954158
56.221426
59.928333
63.635240
79.080687
75.373780
69.813419
72.284690
71.049055
75.373780
85.876684
75.991598
71.666873
67.342148
59.310515
54.367972
44.482886
36.451254
35.833436
30.890893
17.298900
10.502904
1.235636
-6.178179
-17.916718
-25.948350
-33.979983
-42.629433
-48.807612
-54.985790
-64.870876
-71.049055
-74.138144
-79.080687
-71.049055
-72.284690
-70.431237
-72.902508
-82.787594
-72.902508
-71.666873
-62.399605
-59.310515
-53.750154
-43.865069
-37.069072
-34.597801
-36.451254
-24.712715
-24.712715
-15.445447
-11.120722
-2.471271
1.235636
-0.617818
0.000000
0.000000
0.000000
0.617818
11.120722
11.738539
21.623625
25.330533
22.859261
25.330533
17.298900
11.120722
11.738539
11.738539
11.738539
12.356357
11.738539
13.591993
6.795997
-0.617818
0.617818
-0.617818
0.617818
-0.617818
0.000000
0.000000
0.000000
-0.617818
0.000000
-0.617818
0.617818
-1.235636
4.324725
10.502904
-1.853454
5.560361
12.974175
11.120722
14.209811
24.094897
23.477079
23.477079
24.094897
23.477079
24.094897
24.094897
23.477079
33.362165
37.069072
35.215618
37.069072
25.330533
24.094897
21.005807
11.120722
12.974175
11.738539
12.356357
11.120722
12.356357
3.706907
-0.617818
0.617818
-9.885086
-12.356357
-11.738539
-11.738539
-11.738539
-12.356357
-11.120722
-11.738539
-11.738539
-11.738539
-18.534536
-26.566168
-16.681082
-12.356357
-8.031632
1.235636
0.000000
0.000000
0.000000
-1.235636
6.795997
12.974175
11.120722
11.738539
11.738539
12.356357
11.738539
12.356357
9.885086
0.000000
0.617818
0.000000
0.617818
-1.853454
-11.738539
-11.738539
-11.120722
-14.209811
-23.477079
-24.094897
-23.477079
-24.094897
-24.094897
-24.712715
-34.597801
-36.451254
-35.833436
-36.451254
-35.833436
-36.451254
-35.215618
-35.833436
-24.094897
-24.712715
-21.623625
-16.063265
-25.330533
-12.356357
-12.356357
-3.706907
1.235636
-1.235636
1.235636
12.356357
23.477079
24.094897
24.094897
24.094897
24.094897
23.477079
24.094897
23.477079
24.712715
22.859261
29.655258
37.069072
35.215618
25.330533
24.094897
19.770172
9.885086
14.209811
5.560361
-1.235636
0.617818
0.000000
0.617818
0.000000
0.617818
-6.795997
-15.445447
-23.477079
-24.094897
-22.859261
-24.712715
-14.827629
-11.120722
-12.356357
-11.738539
-11.738539
-11.738539
-11.120722
-1.853454
1.235636
-0.617818
8.031632
12.356357
12.974175
24.712715
22.859261
24.712715
18.534536
9.885086
19.770172
24.712715
22.859261
25.330533
33.979983
37.069072
29.655258
22.859261
24.094897
21.005807
10.502904
12.974175
10.502904
14.209811
8.031632
6.178179
8.649450
-1.235636
0.000000
0.617818
-3.706907
-12.974175
-11.120722
-12.974175
-10.502904
-14.827629
-24.094897
-22.859261
-24.712715
-16.681082
-11.120722
-11.738539
-19.770172
-14.209811
-11.120722
-12.974175
-11.738539
-12.356357
-11.738539
-2.471271
0.617818
2.471271
14.209811
5.560361
-1.235636
0.617818
-0.617818
10.502904
2.471271
2.471271
12.974175
10.502904
12.356357
11.120722
12.356357
9.267268
0.000000
-6.795997
-17.298900
-21.623625
-12.356357
-10.502904
-3.089089
8.031632
6.795997
0.000000
-7.413814
-12.974175
-11.738539
-11.120722
-12.974175
-5.560361
0.617818
3.706907
13.591993
10.502904
4.324725
-6.178179
-11.738539
-12.356357
-11.120722
-13.591993
-3.706907
11.120722
12.974175
11.120722
12.974175
-2.471271
-12.356357
-16.681082
-25.330533
-12.356357
-12.356357
-3.089089
8.649450
12.974175
6.178179
-1.235636
-6.795997
-16.681082
-22.241443
-29.655258
-29.037440
-20.387990
-9.267268
0.617818
-0.617818
1.235636
-6.178179
-13.591993
-27.801804
-37.069072
-35.833436
-27.183986
-19.152354
-4.324725
0.617818
-0.617818
-0.617818
-11.120722
-17.916718
-26.566168
-17.916718
-12.974175
-4.942543
1.853454
16.681082
24.712715
35.215618
30.273075
22.859261
16.681082
10.502904
12.356357
12.974175
24.094897
37.686890
49.425429
46.336340
48.807612
40.158161
33.979983
23.477079
25.948350
14.827629
17.916718
24.712715
23.477079
34.597801
37.069072
29.655258
24.094897
16.681082
11.738539
6.795997
-1.853454
0.617818
1.853454
12.974175
11.738539
12.356357
11.738539
1.853454
0.000000
-2.471271
-14.827629
-24.712715
-18.534536
-11.120722
-12.974175
-11.738539
-11.738539
0.617818
-6.795997
-12.974175
-12.356357
-24.094897
-22.859261
-24.712715
-18.534536
-10.502904
-12.356357
-1.235636
-9.267268
-11.738539
-14.827629
-25.330533
-23.477079
-24.094897
-24.712715
-18.534536
-10.502904
-12.356357
-11.120722
-13.591993
-10.502904
-16.681082
-25.330533
-24.094897
-24.094897
-23.477079
-23.477079
-12.974175
-12.356357
-12.356357
-12.356357
-11.738539
-12.356357
-10.502904
-19.770172
-24.712715
-13.591993
-10.502904
-0.617818
0.000000
0.000000
0.617818
-1.235636
0.617818
-0.617818
1.853454
-4.942543
-9.267268
0.000000
4.324725
12.974175
10.502904
24.094897
19.152354
11.120722
12.356357
11.120722
11.738539
12.356357
12.356357
22.859261
24.094897
31.508711
37.686890
24.094897
24.712715
19.152354
11.120722
12.356357
21.623625
24.094897
23.477079
24.094897
24.094897
23.477079
24.712715
21.005807
11.120722
12.356357
11.738539
11.738539
11.738539
12.974175
24.094897
17.916718
8.649450
0.000000
0.000000
-6.178179
-14.209811
-9.267268
-1.235636
0.617818
9.267268
14.209811
2.471271
0.000000
-2.471271
-12.356357
-12.356357
-11.120722
-12.356357
-10.502904
-0.617818
0.617818
-1.235636
1.853454
-4.942543
-12.974175
-11.738539
-12.356357
-12.356357
-11.120722
-12.356357
-11.120722
-12.974175
-3.089089
-1.853454
-12.974175
-12.974175
-24.094897
-23.477079
-24.712715
-23.477079
-12.356357
-12.356357
-11.738539
-11.738539
-11.738539
-11.738539
-11.738539
-11.738539
-21.005807
-24.712715
-22.859261
-16.063265
-24.094897
-17.298900
-9.885086
-13.591993
-10.502904
-13.591993
-10.502904
-13.591993
-6.178179
-2.471271
-12.974175
-11.120722
-13.591993
-8.649450
1.235636
-0.617818
0.617818
0.000000
1.235636
-1.235636
4.942543
