-61.112898
-68.617991
-73.442693
-71.834459
-72.370537
-77.731318
-89.525035
-93.813659
-92.741503
-95.421893
-105.071298
-102.390908
-108.287767
-112.040313
-102.926986
-103.463064
-103.999142
-100.782674
-90.597191
-81.483864
-72.906615
-66.473679
-56.288196
-41.814088
-27.876059
-17.690576
-5.360781
5.360781
11.257639
20.907044
15.546264
16.618420
30.556449
24.123512
19.834888
20.907044
19.834888
11.257639
10.185483
10.721561
10.721561
10.721561
10.185483
10.185483
10.185483
10.185483
10.721561
11.257639
21.979200
16.082342
12.329795
21.443122
20.907044
20.370966
20.907044
19.834888
25.195668
31.628605
31.092527
39.669776
51.463493
62.185054
68.081913
75.050927
83.628176
94.349737
102.390908
113.112469
113.648547
117.401094
125.442264
122.761874
125.978342
119.545406
114.184625
107.751689
103.463064
99.710518
92.205425
84.164254
73.978771
63.257210
51.999571
46.638791
35.917230
22.515278
7.505093
-2.144312
-15.546264
-28.948215
-38.061542
-44.494478
-52.535649
-50.927415
-54.679961
-68.081913
-77.731318
-87.380723
-97.030128
-104.535220
-112.040313
-122.761874
-130.803045
-142.060684
-135.627747
-138.844216
-146.349308
-143.668918
-146.349308
-140.988528
-130.266967
-123.834030
-123.297952
-102.926986
-93.277581
-80.947786
-65.937601
-51.999571
-38.061542
-21.979200
-11.793717
-8.041171
-0.536078
7.505093
10.185483
15.546264
21.443122
20.370966
21.443122
20.370966
20.907044
20.907044
20.370966
20.907044
19.834888
21.443122
30.020371
31.628605
30.020371
34.845073
41.814088
40.741932
41.814088
34.308995
40.205854
41.814088
41.814088
34.308995
30.020371
32.164683
30.556449
31.628605
30.556449
40.741932
41.278010
41.814088
51.463493
53.071727
64.329366
71.298381
75.587005
84.164254
81.483864
84.700332
89.525035
82.019942
83.092098
82.556020
77.195240
68.617991
62.185054
61.648976
63.257210
55.216039
50.927415
43.958400
40.205854
41.814088
41.278010
40.205854
31.092527
31.092527
31.628605
20.907044
9.649405
10.721561
8.577249
-1.608234
-10.185483
-16.618420
-27.339981
-41.278010
-55.752118
-69.154069
-77.731318
-87.916801
-100.782674
-110.432079
-116.328937
-125.978342
-134.555591
-135.091669
-134.555591
-134.555591
-134.555591
-135.091669
-129.194811
-121.689718
-113.112469
-102.926986
-92.205425
-79.339552
-72.370537
-57.360352
-52.535649
-46.102713
-40.741932
-40.741932
-31.628605
-30.556449
-31.628605
-27.339981
-19.834888
-21.443122
-20.370966
-18.226654
-5.896859
0.000000
0.000000
6.432937
14.474107
19.834888
25.731747
31.628605
31.092527
40.741932
49.855259
51.999571
51.999571
51.463493
51.999571
51.999571
51.999571
51.463493
52.535649
50.927415
58.432508
62.721132
65.937601
78.803474
82.556020
88.988957
94.349737
92.205425
101.318752
114.184625
113.112469
114.720703
109.896001
102.390908
103.999142
103.463064
103.463064
90.597191
82.019942
84.164254
78.803474
71.298381
63.793288
61.648976
55.752118
47.710947
41.278010
41.278010
33.772917
19.834888
13.401951
4.288624
0.536078
-2.680390
-16.618420
-26.803903
-32.164683
-43.958400
-58.432508
-72.370537
-92.741503
-103.463064
-108.823845
-125.978342
-134.019513
-137.772060
-151.710089
-155.998713
-154.926557
-155.462635
-154.926557
-155.998713
-151.710089
-136.699904
-121.689718
-111.504235
-99.174440
-88.452879
-76.123084
-60.576820
-50.391337
-40.741932
-32.164683
-29.484293
-19.834888
-21.443122
-13.401951
-10.185483
-10.185483
-10.721561
-6.969015
0.536078
0.000000
-1.072156
8.041171
4.824702
3.216468
19.834888
20.370966
20.907044
28.948215
31.628605
37.525464
43.958400
39.133698
47.710947
48.247025
40.741932
41.814088
41.278010
40.205854
32.164683
30.556449
31.092527
37.525464
48.783103
51.463493
55.752118
70.762303
78.267396
86.308567
92.741503
101.318752
103.999142
102.926986
112.040313
114.720703
107.215611
102.390908
95.421893
92.205425
93.813659
92.741503
93.813659
91.669347
83.628176
82.556020
83.628176
79.339552
68.081913
61.648976
61.648976
47.174869
40.205854
41.814088
32.164683
23.587434
12.865873
-1.608234
-12.865873
-21.443122
-38.597620
-57.360352
-77.195240
-92.741503
-106.679533
-122.225796
-144.204996
-155.462635
-158.679104
-167.256353
-174.225367
-176.905757
-175.297523
-176.369679
-175.833601
-168.864587
-156.534791
-142.596762
-131.339123
-124.370108
-115.792859
-99.710518
-81.483864
-69.690147
-63.257210
-54.679961
-41.814088
-32.700761
-31.628605
-28.412137
-17.154498
-10.721561
-9.649405
0.000000
9.649405
11.257639
9.649405
14.474107
20.907044
25.195668
34.308995
40.205854
43.958400
54.143883
62.185054
62.185054
62.721132
71.298381
72.906615
65.401522
58.432508
51.463493
51.999571
45.030556
37.525464
31.092527
30.020371
38.061542
45.030556
51.999571
55.752118
68.081913
71.834459
75.050927
82.556020
90.597191
94.349737
92.205425
93.813659
88.988957
81.483864
84.164254
80.411708
74.514849
82.556020
83.628176
82.019942
83.628176
81.483864
85.772488
93.813659
85.236410
81.483864
73.442693
72.370537
63.793288
50.391337
53.071727
48.783103
38.061542
18.762732
3.216468
-2.144312
-13.938029
-33.236839
-55.216039
-73.978771
-84.700332
-100.782674
-121.689718
-136.163825
-146.349308
-155.998713
-165.648118
-165.112040
-165.648118
-165.648118
-166.184196
-165.648118
-165.112040
-151.174011
-137.772060
-131.339123
-124.370108
-115.792859
-99.710518
-86.844645
-77.195240
-67.545835
-61.112898
-52.535649
-52.535649
-47.710947
-32.700761
-30.556449
-21.979200
-20.907044
-13.938029
-6.432937
-0.536078
4.288624
12.865873
18.762732
27.339981
31.092527
39.133698
52.535649
50.927415
60.576820
62.185054
61.648976
62.185054
58.968586
45.566635
42.886244
34.308995
32.700761
36.989386
30.020371
31.628605
39.133698
49.855259
52.535649
61.112898
63.257210
75.587005
87.380723
93.277581
93.277581
92.741503
93.813659
90.597191
81.483864
86.844645
95.421893
85.772488
83.092098
82.019942
86.308567
93.813659
93.277581
92.741503
97.030128
105.071298
103.463064
103.999142
102.390908
93.813659
92.205425
77.731318
72.370537
71.834459
63.793288
57.360352
42.886244
24.123512
10.721561
6.432937
-13.401951
-41.278010
-69.154069
-80.947786
-95.957971
-119.009328
-135.627747
-151.174011
-163.503806
-172.617133
-183.338694
-187.091240
-186.019084
-187.091240
-186.019084
-187.091240
-185.483006
-169.400665
-164.575962
-166.720274
-155.462635
-142.060684
-127.050499
-115.256781
-104.535220
-88.988957
-69.154069
-61.112898
-54.143883
-43.422322
-27.339981
-20.370966
-18.762732
-10.185483
8.577249
28.948215
31.092527
31.628605
37.525464
60.040742
75.587005
82.019942
85.772488
96.494050
104.535220
95.957971
92.205425
84.700332
76.123084
56.824274
45.030556
27.876059
21.443122
11.257639
-0.536078
-0.536078
6.432937
10.721561
17.690576
31.092527
32.164683
43.958400
50.927415
51.999571
51.463493
51.999571
51.463493
51.999571
50.927415
56.288196
67.009757
76.123084
83.628176
90.597191
104.535220
124.906186
140.988528
147.421465
154.926557
168.864587
177.441836
175.833601
176.369679
175.833601
174.225367
159.751260
146.349308
145.813230
149.029699
137.772060
110.968157
81.483864
59.504664
45.566635
15.546264
-24.123512
-69.690147
-97.566206
-119.545406
-155.998713
-191.915943
-216.039455
-238.554734
-255.709231
-279.296666
-290.554305
-282.513134
-289.482149
-296.451163
-301.811944
-295.915085
-277.152353
-268.039026
-279.832744
-265.358636
-234.802187
-207.998285
-187.091240
-161.359494
-129.730889
-93.813659
-75.050927
-63.257210
-38.597620
-9.649405
13.938029
20.370966
24.123512
41.814088
71.298381
85.772488
93.277581
114.184625
144.741074
166.720274
177.441836
186.555162
196.740645
204.245738
192.452021
174.761445
145.277152
118.473250
84.164254
41.814088
9.649405
-9.649405
-19.834888
-34.845073
-48.783103
-47.710947
-25.195668
-5.896859
1.608234
-1.608234
10.185483
20.907044
20.907044
15.546264
-0.536078
4.288624
10.721561
1.072156
0.536078
23.051356
53.607805
74.514849
88.988957
117.937172
156.534791
195.132411
212.822987
221.936314
235.874343
255.709231
266.966870
258.389622
259.461778
259.461778
253.564919
237.482577
227.833173
227.297094
228.369251
214.431221
176.369679
138.844216
114.720703
88.988957
36.453308
-29.484293
-78.803474
-124.906186
-166.184196
-210.678675
-256.781387
-279.832744
-301.275866
-333.440549
-353.811515
-363.996998
-360.244452
-374.182481
-395.625603
-410.099711
-406.347164
-385.440120
-382.223652
-384.367964
-369.893857
-322.718988
-275.008041
-241.235124
-214.431221
-162.967728
-114.720703
-87.380723
-56.824274
-30.020371
0.000000
20.907044
19.834888
31.092527
64.329366
101.318752
124.370108
138.844216
164.039884
209.070441
251.420607
268.039026
269.647261
279.296666
274.471963
242.843358
196.740645
151.710089
106.143454
57.360352
9.113327
-40.741932
-60.576820
-66.473679
-74.514849
-81.483864
-73.978771
-48.247025
-23.051356
-20.370966
-20.907044
-12.329795
-9.113327
-13.401951
-30.556449
-47.174869
-51.463493
-41.814088
-31.628605
-22.515278
9.113327
51.999571
87.916801
120.617562
156.534791
204.781816
248.204139
266.430792
273.399807
286.801758
306.100568
318.430363
310.389193
311.461349
309.853115
316.286051
321.646832
307.708802
299.667632
303.956256
297.523319
261.606090
217.111611
180.122226
144.741074
85.236410
8.041171
-62.721132
-120.081484
-160.287338
-203.173582
-261.606090
-305.028412
-332.368393
-360.780530
-389.728745
-414.388335
-432.078911
-448.161252
-466.387906
-489.439262
-502.841214
-489.439262
-477.645545
-474.429077
-462.099282
-422.429506
-362.388764
-320.038598
-288.409992
-250.348451
-190.843787
-149.565777
-122.761874
-95.957971
-65.937601
-34.308995
-20.370966
-2.144312
34.308995
79.339552
116.328937
148.493621
187.091240
238.018656
296.987241
330.760159
328.615846
321.110754
317.358207
292.162539
242.307280
183.874772
127.050499
70.226225
12.329795
-38.597620
-52.535649
-51.463493
-52.535649
-51.999571
-38.597620
-3.752546
28.412137
40.741932
41.814088
33.772917
41.278010
48.783103
36.453308
26.267825
25.731747
39.669776
58.432508
84.164254
123.297952
172.081055
226.224938
271.791573
312.533505
359.172295
411.171867
444.944784
444.944784
451.913799
466.387906
480.862014
489.975340
487.831028
485.686716
491.047497
498.552589
489.975340
476.573389
460.491047
434.223223
386.512276
324.327222
246.595904
183.338694
105.607376
-1.072156
-108.823845
-203.173582
-274.471963
-340.409564
-425.645974
-506.593760
-558.057253
-605.232122
-644.901898
-699.045781
-745.684572
-773.560630
-802.508845
-838.426075
-870.054680
-861.477431
-842.714699
-837.889997
-837.353919
-790.715128
-712.447732
-645.437976
-592.366249
-543.583146
-472.284765
-394.553447
-342.017798
-307.708802
-256.781387
-200.493192
-157.070870
-120.081484
-69.154069
11.257639
101.854830
173.689289
234.266109
313.605661
409.027554
467.996140
474.965155
453.522033
433.151067
397.233837
330.760159
236.410421
155.462635
94.349737
36.453308
-15.546264
-31.628605
-13.938029
6.969015
28.412137
53.071727
85.772488
128.658733
160.823416
166.184196
165.648118
165.648118
173.689289
185.483006
186.019084
204.245738
233.730031
274.471963
334.512705
389.192666
448.697330
518.923555
583.252922
622.922698
660.448161
701.726171
738.715557
755.870055
746.220650
754.261821
770.880240
793.931596
791.251206
769.808084
767.127694
776.241021
760.694757
724.777528
667.953254
615.417605
559.129409
458.346735
330.760159
205.853972
103.999142
-16.618420
-173.153211
-319.502520
-441.728316
-528.572960
-620.778385
-749.437118
-851.291948
-910.796612
-961.187949
-1038.919267
-1115.578428
-1165.433687
-1193.845824
-1224.938351
-1269.968907
-1280.154390
-1242.628927
-1193.309746
-1160.072907
-1132.196848
-1050.176906
-925.806797
-832.529216
-774.632787
-702.798327
-600.943497
-500.696901
-443.336550
-395.625603
-335.048783
-243.379436
-169.400665
-113.112469
-23.051356
94.885815
216.575533
299.131554
364.533076
444.944784
524.820414
550.552160
521.067867
468.532218
422.965584
366.677388
272.863729
166.720274
85.236410
45.566635
10.185483
-23.587434
-24.123512
11.257639
53.607805
81.483864
97.030128
125.978342
176.369679
198.348880
189.771631
177.441836
192.988099
228.905329
258.389622
276.616275
309.853115
380.079340
461.027126
521.603946
579.500375
656.695615
734.963011
797.684143
823.951967
854.508416
898.466817
928.487188
928.487188
909.724456
911.868768
940.816983
953.146778
930.095422
900.075051
889.353490
881.848397
844.859011
764.447304
686.715986
630.427790
540.902755
418.676959
279.832744
162.967728
59.504664
-79.875630
-249.812373
-396.697759
-499.088667
-587.005468
-728.530074
-865.229977
-959.579715
-1028.733784
-1104.856867
-1211.000322
-1295.164576
-1323.040635
-1340.195132
-1392.194704
-1425.431543
-1404.524499
-1339.659054
-1295.700654
-1275.329688
-1216.361102
-1089.310604
-961.724027
-889.353490
-830.920982
-722.633215
-598.263107
-501.232980
-440.656160
-370.429935
-256.245309
-148.493621
-75.587005
2.680390
122.761874
251.956685
342.017798
384.904042
441.192238
520.531789
567.706658
545.727458
478.717701
424.037740
384.367964
319.502520
210.678675
105.071298
51.463493
15.546264
-34.308995
-63.257210
-53.607805
-12.865873
11.257639
20.370966
46.638791
96.494050
153.318323
166.720274
160.287338
181.194382
241.235124
305.028412
336.120939
369.357778
444.408706
544.119224
634.180337
706.550874
776.777099
875.415460
966.012651
1007.290662
1027.125549
1080.733355
1135.949394
1150.423502
1128.444301
1118.258818
1147.743111
1181.516029
1159.536829
1099.496087
1077.516886
1072.692184
1031.414174
936.528359
836.817841
763.911225
664.736786
513.026697
331.832315
189.771631
65.401522
-107.751689
-325.399378
-526.428648
-662.592473
-759.086523
-920.982095
-1126.836067
-1252.814410
-1327.865337
-1412.029592
-1532.111075
-1632.893749
-1657.553340
-1672.563525
-1719.202316
-1750.830921
-1717.594082
-1619.491798
-1561.595368
-1542.832636
-1475.286802
-1316.071620
-1152.031736
-1055.001608
-983.703227
-860.405275
-675.458347
-533.933741
-451.913799
-355.419749
-217.111611
-75.050927
21.443122
108.287767
238.554734
369.357778
447.089096
474.429077
510.346306
570.923126
599.335263
542.510990
447.089096
371.502091
317.358207
238.018656
124.370108
17.690576
-55.216039
-93.813659
-123.297952
-153.318323
-143.668918
-106.679533
-73.442693
-56.288196
-23.587434
48.783103
132.947357
175.833601
191.379865
244.451592
344.698188
457.810657
526.964726
582.716844
679.210893
807.869626
927.415032
1012.651442
1091.990994
1194.381902
1283.370859
1324.112791
1342.875523
1393.266860
1454.379758
1449.555055
1401.308030
1376.648440
1407.740967
1436.153104
1380.400986
1284.443015
1244.773239
1228.154819
1159.000751
1029.805940
897.930739
797.148065
658.303849
446.553018
228.369251
72.906615
-73.442693
-312.533505
-584.325078
-798.756299
-923.662485
-1053.393374
-1283.370859
-1503.698939
-1616.275330
-1676.852150
-1780.851292
-1921.303742
-1989.921733
-1979.736250
-1984.560952
-2026.375040
-2025.302884
-1912.190415
-1784.603838
-1734.212501
-1695.614882
-1552.482041
-1328.401415
-1150.959580
-1051.785140
-930.095422
-725.313606
-506.057682
-354.347593
-232.121797
-78.803474
90.061113
216.039455
291.090383
394.017369
518.923555
593.438405
580.572531
547.871770
563.954112
587.541546
536.614131
416.532647
297.523319
219.792002
162.967728
59.504664
-49.319181
-129.730889
-186.019084
-225.688860
-254.100997
-255.173153
-225.688860
-191.379865
-175.297523
-149.565777
-68.081913
46.638791
128.658733
171.008899
221.400236
336.120939
479.789857
593.438405
675.994425
765.519460
894.178192
1039.455345
1155.248204
1254.422644
1354.133162
1446.874665
1505.843251
1526.750295
1580.358100
1648.440013
1665.058433
1613.594939
1545.513027
1550.873807
1586.791037
1550.337729
1450.627211
1363.246489
1322.504557
1264.608127
1148.815268
1005.682427
879.168007
732.282620
516.243165
264.822558
62.185054
-105.071298
-348.986812
-673.850113
-956.363246
-1127.372145
-1268.896751
-1480.647582
-1734.212501
-1892.891605
-1957.220971
-2034.952289
-2145.384368
-2211.858047
-2192.559237
-2164.683178
-2182.373754
-2160.930631
-2032.271899
-1863.407312
-1769.593653
-1710.625067
-1556.770666
-1290.875952
-1042.671813
-875.415460
-724.241450
-495.872199
-223.008470
-25.195668
115.256781
281.440978
443.336550
549.480004
594.510561
645.437976
733.890855
769.272006
707.086952
611.128980
568.778814
562.345878
487.831028
329.688003
162.967728
51.463493
-46.102713
-171.008899
-313.605661
-427.790286
-504.449448
-570.387048
-611.665058
-592.902327
-522.140024
-454.594189
-400.986384
-327.007612
-196.740645
-34.845073
93.277581
169.400665
234.266109
350.058969
498.016511
621.314463
718.344591
824.488045
974.053822
1135.949394
1283.906937
1431.328401
1579.285944
1709.552911
1782.995604
1818.376756
1879.489654
1949.715879
1965.798220
1899.324542
1813.015975
1799.614024
1819.448912
1780.315214
1668.274901
1563.739680
1512.276187
1437.225260
1296.772810
1134.341160
969.765198
782.673957
524.284336
211.214753
-43.422322
-250.884529
-543.047068
-921.518173
-1260.319503
-1464.029163
-1611.986705
-1849.469283
-2130.910261
-2305.135628
-2360.887745
-2412.887316
-2517.422537
-2583.360137
-2535.649191
-2475.072371
-2459.526107
-2410.743004
-2241.342339
-2024.766806
-1880.561810
-1779.243058
-1585.718881
-1261.927737
-941.353061
-723.169293
-541.438833
-273.399807
53.607805
309.317037
474.429077
614.881527
769.272006
889.889568
908.652300
899.538973
915.621314
893.642114
776.777099
604.159966
474.429077
390.800901
265.358636
45.030556
-204.781816
-370.966013
-463.707516
-569.314892
-729.066152
-856.116651
-886.673100
-849.683714
-790.179050
-704.406562
-576.283907
-418.140881
-271.255495
-146.349308
13.938029
192.452021
329.688003
377.935027
407.419320
530.181194
717.272435
870.590758
966.548729
1090.918838
1301.061435
1553.018119
1763.696794
1928.272757
2070.333441
2192.559237
2258.496837
2273.507023
2287.445052
2276.187413
2196.847861
2054.787177
1934.169615
1888.602981
1866.623780
1768.521497
1618.419642
1494.585612
1397.555484
1274.257532
1112.898038
901.147207
641.149351
340.409564
8.041171
-283.585290
-553.768629
-889.353490
-1284.979093
-1647.903935
-1891.283371
-2050.498553
-2262.249384
-2498.659805
-2662.163611
-2740.967085
-2773.131768
-2811.193310
-2809.048998
-2740.967085
-2682.534577
-2639.112255
-2516.886459
-2269.754476
-1988.849576
-1791.036775
-1630.749437
-1339.122976
-916.693471
-522.676102
-232.657875
18.762732
333.440549
675.994425
934.384046
1098.423931
1231.371288
1314.463386
1310.174761
1232.979522
1143.990565
1067.331403
919.373861
662.592473
381.151496
185.483006
41.814088
-156.534791
-440.656160
-730.138308
-912.940924
-1016.403988
-1122.011365
-1253.886566
-1362.174333
-1373.431972
-1275.329688
-1129.516458
-966.012651
-769.272006
-523.748258
-270.719417
-36.453308
198.348880
442.264394
650.262678
756.406133
800.364533
901.683285
1090.918838
1253.350488
1319.824166
1378.792752
1554.626354
1828.562239
2055.323255
2182.909832
2290.125442
2423.072799
2546.370752
2594.081698
2580.143669
2540.473893
2449.340624
2299.774847
2138.951431
2007.076230
1887.530824
1711.697223
1474.750724
1216.897180
1015.867910
869.518602
677.066581
396.697759
48.247025
-292.162539
-535.541975
-754.261821
-1086.094135
-1506.379329
-1879.489654
-2111.075373
-2271.898788
-2492.762946
-2736.678460
-2873.378364
-2908.759515
-2939.315964
-2974.161038
-2914.656374
-2739.894929
-2624.638147
-2599.442479
-2467.031200
-2136.271041
-1757.263858
-1533.183231
-1381.473142
-1060.898467
-546.263536
-69.154069
244.451592
532.325507
917.765627
1313.927308
1559.987134
1689.181945
1813.552053
1885.922590
1801.758336
1566.956149
1331.617884
1164.897609
914.013080
504.449448
50.927415
-287.873914
-505.521604
-751.581430
-1080.733355
-1402.916265
-1586.254959
-1660.233730
-1716.521926
-1777.634824
-1789.964619
-1693.470569
-1520.317358
-1330.545727
-1104.856867
-788.570816
-424.573818
-117.937172
121.689718
398.305993
740.859869
1034.630642
1163.289375
1202.959151
1323.576713
1548.193417
1711.161145
1744.934062
1788.892463
1959.365284
2201.672564
2374.825775
2461.670419
2573.174654
2731.317680
2824.595261
2805.832529
2737.750616
2690.039670
2623.565991
2431.113970
2153.425539
1937.922161
1770.665809
1538.544012
1169.186234
764.447304
496.944355
311.997427
12.865873
-440.656160
-894.178192
-1140.774097
-1281.762625
-1603.945534
-2049.962475
-2388.763804
-2505.092742
-2573.710732
-2811.193310
-3054.572746
-3078.696258
-2978.985740
-2985.418677
-3058.861370
-2950.573604
-2633.215396
-2418.784175
-2405.918302
-2286.372896
-1876.273185
-1372.895894
-1113.970194
-1003.002037
-650.262678
-26.267825
510.346306
812.158250
1089.310604
1532.111075
1981.344484
2181.301598
2219.363139
2284.764662
2305.671706
2119.652621
1701.511740
1260.319503
925.270719
519.459633
-77.195240
-743.004181
-1272.649298
-1601.801222
-1879.489654
-2241.342339
-2571.030342
-2688.967514
-2610.700118
-2470.783746
-2355.526965
-2181.837676
-1848.397127
-1443.658197
-1101.104321
-783.210035
-372.038169
127.050499
505.521604
719.952825
992.816554
1397.019406
1776.026589
1948.643723
2003.859762
2189.878846
2480.969229
2628.390694
2603.195025
2596.226011
2723.276509
2855.151710
2819.234481
2703.977699
2736.678460
2847.110539
2833.172510
2671.276938
2523.855473
2483.113541
2394.124585
2114.291841
1764.768950
1458.668382
1145.062721
704.942640
131.875201
-333.440549
-649.726600
-1024.981237
-1527.822451
-2049.426396
-2291.197598
-2246.167042
-2344.269326
-2665.380079
-2903.398735
-2804.224295
-2512.061756
-2448.804546
-2618.741289
-2618.741289
-2391.444194
-2199.528251
-2190.951002
-2177.012973
-1937.386083
-1686.501555
-1671.491369
-1621.636110
-1244.237161
-721.024981
-419.749115
-354.883671
-98.638362
546.263536
1185.804653
1501.554626
1647.903935
1926.128444
2339.980701
2577.999357
2513.669990
2337.300311
2108.931060
1737.428970
1180.979951
529.645116
-65.937601
-671.705800
-1402.916265
-2156.642007
-2736.678460
-3024.016297
-3131.231907
-3295.271792
-3459.311676
-3352.096065
-2909.831671
-2362.495979
-1937.922161
-1580.894178
-1065.187091
-444.408706
52.535649
419.213037
779.993567
1155.784282
1406.132733
1490.833065
1629.141203
1918.087274
2147.528680
2182.373754
2182.373754
2380.186555
2683.606733
2849.790930
2845.502305
2870.697974
2989.707301
3055.108824
2977.913584
2851.399164
2765.626675
2658.947143
2467.567278
2237.053715
2050.498553
1883.242200
1656.481184
1351.988850
1043.207891
745.148494
383.295808
-89.525035
-543.047068
-881.312319
-1216.897180
-1653.800793
-2170.580036
-2482.577463
-2462.742575
-2462.742575
-2694.328294
-2951.645760
-2890.532862
-2518.494693
-2308.888174
-2403.237911
-2418.784175
-2164.147100
-1891.283371
-1830.170473
-1812.479897
-1591.615739
-1322.504557
-1281.226547
-1274.257532
-935.456202
-398.842071
-67.009757
-3.216468
210.678675
814.302562
1450.091133
1750.294843
1876.809263
2070.333441
2328.186984
2461.134341
2358.207355
2126.621636
1763.160716
1222.794039
583.789000
-62.185054
-689.396376
-1346.091991
-2067.653050
-2762.946285
-3270.076123
-3477.538330
-3436.260320
-3363.353704
-3341.374504
-3133.376220
-2562.989171
-1799.077946
-1157.928594
-722.633215
-260.533934
332.368393
829.848826
1136.485472
1383.081377
1606.089847
1710.088989
1632.357671
1614.667096
1832.314785
2027.447196
1973.839391
1865.015546
1951.324113
2237.589793
2438.619063
2411.815160
2386.619492
2449.340624
2475.072371
2440.763375
2405.382224
2389.835960
2348.557950
2190.414924
2046.209928
2023.158572
1976.519781
1851.077517
1638.254530
1330.009649
1020.692613
620.778385
160.823416
-165.112040
-590.221936
-1170.258390
-1785.675994
-2307.816018
-2432.186126
-2447.196312
-2749.008256
-3124.798971
-3307.065509
-3071.191165
-2664.844001
-2631.607162
-2764.018441
-2695.400450
-2452.557092
-2201.672564
-2075.694221
-1951.324113
-1694.542725
-1561.059290
-1541.760480
-1211.536400
-599.335263
-72.370537
141.524606
216.039455
727.993996
1559.451056
2094.456953
2322.290125
2407.526536
2596.762089
2879.275222
2907.687359
2751.688646
2406.990458
1765.841106
1023.909081
253.564919
-455.666345
-1153.639970
-2064.972660
-3005.253565
-3702.155034
-4014.152461
-3948.750938
-3780.958508
-3667.846038
-3433.043851
-2849.254852
-1919.159430
-927.415032
-244.987670
219.792002
718.880669
1231.371288
1662.914120
1895.571995
1913.798649
1807.119117
1594.296130
1409.885279
1475.286802
1592.151817
1564.275759
1428.111933
1374.504128
1632.357671
2024.766806
2223.115686
2263.857618
2223.651764
2214.538437
2323.362282
2401.093599
2373.753619
2257.960759
2033.880133
1917.015117
1975.983703
1971.159001
1930.417069
1811.407741
1556.234588
1295.164576
901.147207
511.418463
352.203281
-58.432508
-776.241021
-1559.451056
-2140.559665
-2106.250670
-2120.724778
-2725.956899
-3354.776455
-3584.753940
-3251.849469
-2848.718773
-3044.923341
-3284.550231
-3138.737000
-2885.708159
-2645.545191
-2509.381366
-2299.774847
-1962.581752
-1919.159430
-1914.870805
-1354.133162
-530.717272
24.659590
176.905757
280.904900
1029.805940
2036.024445
2550.123298
2702.369465
2731.317680
2930.202638
3242.200064
3199.849898
2903.934813
2472.928058
1765.305028
950.466388
118.473250
-633.644259
-1278.010078
-2156.642007
-3210.571459
-3911.225474
-4014.152461
-3701.618956
-3451.806583
-3437.868554
-3129.623673
-2236.517637
-1152.567814
-268.575105
300.203710
768.199850
1261.391659
1603.409456
1823.737536
1992.066045
1928.808835
1595.368286
1180.443873
996.569100
1149.887424
1246.381473
1063.578857
879.168007
922.054251
1299.453200
1728.851721
1856.974375
1800.150102
1728.851721
1785.139916
1927.736678
1910.046103
1762.624638
1666.130589
1607.698081
1635.038062
1722.954862
1848.933205
2128.765948
2249.383510
2054.787177
1857.510454
1615.739252
1414.173904
1189.021121
506.057682
-362.388764
-1241.556771
-1926.128444
-2051.570709
-2361.959901
-3116.757800
-3771.309103
-3999.678353
-3575.104535
-3210.035381
-3376.755656
-3436.796398
-3223.973411
-2950.573604
-2659.483221
-2420.928487
-2135.734963
-1950.788035
-2113.755763
-2021.550338
-1304.813981
-584.325078
-207.462206
-113.112469
183.874772
1131.660770
2075.158143
2582.824059
2856.759944
2951.109682
3185.375791
3464.672456
3382.116436
3056.717058
2450.412780
1587.863193
702.798327
-209.606519
-1008.362818
-1696.150960
-2604.803259
-3589.042565
-4060.791251
-3813.123191
-3217.540474
-2825.131339
-2631.607162
-1962.045674
-776.241021
327.543690
1066.259247
1462.420928
1762.088560
1985.633108
1978.664093
1929.880991
1821.593224
1414.709982
850.219792
410.635789
344.698188
548.407848
627.211322
523.212180
450.305564
610.592902
1065.187091
1476.358958
1499.410314
1205.103463
971.909510
1046.424359
1209.928166
1139.165863
981.022837
989.600086
1167.577999
1490.833065
1881.097888
2386.083414
2884.099925
2961.831243
2823.523105
2651.442050
2358.207355
2179.157285
1609.306315
459.418891
-793.931596
-1935.777849
-2257.424681
-2295.486223
-3142.489546
-4166.934706
-4614.559880
-4080.090061
-3236.303206
-3225.581645
-3427.146993
-3189.664415
-2795.647046
-2489.546478
-2331.939530
-2136.271041
-2003.859762
-2307.279940
-2612.844430
-2107.322826
-1202.959151
-671.169722
-540.902755
-399.914228
523.748258
1900.396698
2747.936099
3133.376220
3114.077410
3161.252278
3591.186877
3596.547657
3082.448805
2267.610164
1292.484186
455.130267
-494.263965
-1390.050391
-1950.788035
-2547.978986
-3331.725099
-3853.329045
-3518.280262
-2550.659376
-1814.624209
-1558.378900
-1060.898467
115.792859
1342.875523
2032.807977
2221.507451
2276.187413
2341.588935
2185.590222
1906.829634
1648.976091
1226.546585
677.602659
187.627319
16.618420
261.070012
531.253350
526.428648
327.007612
286.265680
617.025839
1019.620457
924.734641
318.966442
-106.143454
-68.617991
84.700332
79.339552
54.679961
413.316179
1007.290662
1559.987134
2282.084271
3230.406347
4115.471213
4376.541224
4073.121046
3712.340517
3255.065938
2684.678889
1744.934062
223.544548
-1414.173904
-2814.945856
-3390.157607
-3323.147850
-3738.608341
-4481.076445
-4717.486866
-3954.111719
-2707.730246
-2166.291412
-2215.610593
-2193.095315
-2036.024445
-1950.251957
-2039.240913
-2164.683178
-2444.515922
-3012.758658
-3370.858797
-2920.553233
-1880.025732
-1012.651442
-514.098853
16.082342
1105.392945
2575.318966
3616.918623
3983.596012
3700.010722
3240.591830
3037.418248
2553.339766
1637.182374
473.892999
-714.592045
-1584.110647
-2312.104642
-2712.018870
-2609.627962
-2481.505307
-2536.721347
-2469.711590
-1721.346628
-494.800043
314.141739
504.985526
613.273293
1138.629784
1801.758336
2082.663236
2000.643294
1799.077946
1665.594511
1598.584754
1654.872950
1797.469712
1749.222687
1519.245202
1223.866195
1109.145492
1231.371288
1228.154819
862.549587
101.318752
-600.407419
-817.519031
-806.261392
-1021.764769
-1594.832208
-1912.726493
-1588.399271
-938.136593
-182.266538
510.346306
1268.896751
2117.508309
2883.563847
3799.185161
4623.673207
5000.000000
4802.187198
4064.543798
3220.220864
2207.033344
1207.247775
320.038598
-1032.486330
-2621.421679
-3842.607484
-3978.235231
-3193.953040
-3021.335907
-3598.691970
-3802.937708
-2973.624960
-1710.088989
-1339.659054
-1861.263000
-2361.959901
-2542.082127
-2656.802830
-2846.574461
-2901.790501
-2889.460705
-2970.944570
-2846.574461
-2027.983274
-469.604374
931.703656
1598.584754
1831.242629
2296.022301
3227.725957
3729.495014
3182.695400
1892.891605
637.396805
-2.144312
-569.850970
-1432.400558
-2223.651764
-2716.307494
-2764.018441
-2561.917015
-2123.941246
-1306.958293
-680.819127
-567.706658
-556.449019
-113.112469
687.788142
1026.589471
686.179908
381.687574
686.715986
1399.163718
1954.004503
2162.002788
2345.877560
2703.977699
3120.510346
3436.796398
3502.733998
3273.828669
2731.853758
1912.190415
1159.000751
627.211322
119.009328
-604.159966
-1576.605554
-2212.930203
-2099.281655
-1655.409028
-1348.772381
-1335.370430
-1178.835638
-465.851828
440.656160
1219.041492
1793.181087
2167.363568
2571.566420
3055.108824
3563.310818
4072.048890
4237.160931
3845.287874
3132.840142
2214.538437
1401.308030
905.971910
23.587434
-1498.874236
-3191.808727
-4202.315857
-3810.978879
-3249.169079
-3690.361317
-4389.943176
-4324.541653
-3096.386834
-1858.046532
-1703.119974
-1949.715879
-2039.240913
-1923.448054
-1700.975662
-1522.997748
-1282.298703
-1270.504986
-1520.317358
-1350.380615
-392.945213
892.033880
1616.275330
1536.399700
1318.215932
1659.161574
2219.363139
2144.312212
1102.176477
-368.285622
-1313.391230
-1721.346628
-2139.487509
-2630.535006
-3044.387263
-3034.737858
-2706.122011
-2217.754905
-1266.752439
-303.420178
135.627747
120.081484
165.648118
834.137450
1506.379329
1424.359387
986.383617
875.951539
1409.349201
2137.879275
2506.700976
2704.513777
2966.119867
3210.035381
3410.528573
3475.930095
3314.570601
2858.368178
1941.138630
910.260534
280.904900
-109.896001
-544.119224
-1264.072049
-2018.869947
-2044.065616
-1520.317358
-1049.104750
-823.415889
-781.065723
-425.645974
274.471963
868.982524
1402.380187
1892.355527
2211.858047
2579.607591
2999.892784
3522.568886
4113.862978
4056.502627
3290.447089
2224.187842
1023.909081
226.224938
-540.902755
-2018.333869
-3805.082020
-5321.110754
-5588.077624
-4635.466924
-4117.615525
-4259.676209
-4277.902863
-3449.126193
-1811.407741
-761.766913
-658.303849
-890.961724
-1185.804653
-1250.134020
-1132.196848
-975.662056
-868.446446
-1063.578857
-1202.959151
-606.840356
635.252493
1766.377185
2071.941675
1596.976520
1216.361102
1273.721454
1165.969765
300.203710
-1334.834352
-2879.275222
-3650.691541
-3862.442372
-3762.195776
-3518.280262
-3063.686073
-2286.908974
-1250.134020
120.617562
1444.730353
2151.281227
2073.013831
1610.914549
1443.658197
1475.822880
1241.556771
655.623459
129.194811
285.729602
1060.362389
1996.890747
2808.512919
3375.683500
3825.989064
4145.491584
4246.810336
4066.688110
3444.837568
2319.073657
970.301276
-55.216039
-596.118795
-854.508416
-1111.289804
-1364.854723
-1157.928594
-503.377292
281.440978
947.785998
1169.722312
1190.093278
1259.247346
1357.349630
1647.903935
1883.242200
1914.334727
2000.643294
2294.414067
2960.759087
3770.773025
4197.491155
3914.441943
2989.171223
1690.790179
418.140881
-524.820414
-1735.284657
-3601.908438
-5600.407419
-6733.140345
-6064.651013
-4706.765305
-4112.790822
-3936.957221
-3331.725099
-1626.996891
237.482577
847.539402
567.706658
-76.123084
-614.345449
-823.951967
-1042.671813
-1161.681141
-1319.824166
-1585.718881
-1380.937064
-377.398949
1021.228691
1886.458668
1639.326686
773.560630
216.575533
1.608234
-707.086952
-2227.404310
-4003.966978
-5114.720703
-5219.255924
-4717.486866
-3902.648226
-2899.110110
-1766.913263
-531.253350
781.601801
2027.447196
2746.863943
2583.896215
1655.409028
610.592902
48.783103
-235.338265
-571.459204
-989.600086
-1023.909081
-188.163397
1154.712126
2425.217112
3279.189450
3680.175834
3830.813766
3715.020907
3299.024338
2601.050713
1536.399700
270.183339
-773.024552
-1226.010507
-1081.805511
-710.839498
-404.202852
-65.401522
494.800043
1230.299132
1769.593653
1795.861477
1424.359387
960.115793
718.880669
778.385333
983.167149
1385.225689
1859.118688
2380.722633
3206.818913
4058.646939
4741.610378
4853.114613
3920.338801
2394.660663
526.964726
-1228.690897
-2431.650048
-3810.978879
-5408.491476
-6603.409456
-6639.862764
-4930.309853
-2960.759087
-1989.385655
-1488.152675
-811.086094
486.222794
1476.358958
1085.021979
-41.278010
-1178.835638
-1852.149673
-1890.211215
-1703.656052
-1282.834781
-732.818698
-277.152353
454.058111
1557.842822
2501.876273
2534.040956
1313.391230
-377.398949
-1558.378900
-2327.650906
-3273.828669
-4484.292913
-5341.481720
-5149.565777
-4013.080304
-2463.814731
-878.095851
452.985955
1444.194275
2087.487938
2460.062185
2537.257425
1952.932347
716.736357
-719.416747
-1682.212930
-1768.521497
-1421.678996
-989.064008
-431.542833
463.707516
1807.655195
3088.881741
3842.071406
3927.307816
3454.486973
2774.203924
2039.776992
1347.164147
687.252064
45.566635
-313.069583
-260.533934
249.276295
989.600086
1516.564812
1730.459955
1629.677281
1402.380187
1179.907795
781.065723
198.884958
-349.522891
-565.562346
-185.483006
722.097137
1802.294414
2841.749759
3662.485258
4219.470355
4719.095100
4845.609521
4355.098102
3362.281548
1774.954433
93.813659
-1513.348344
-2850.327008
-3203.602445
-3322.611772
-3696.794253
-3975.554841
-3732.711483
-2287.445052
-932.775812
-932.775812
-1554.090276
-1984.560952
-1553.018119
-994.960866
-1331.617884
-1897.716307
-2073.549909
-1606.089847
-721.024981
46.102713
685.643830
1043.743969
935.456202
613.273293
428.862442
229.441407
-499.624745
-1883.778278
-3242.736142
-3696.258175
-3364.961938
-2975.233194
-2884.099925
-2725.420821
-1982.952718
-888.817412
94.349737
595.582717
622.922698
476.037311
98.638362
-190.843787
-316.822129
-577.892141
-871.662914
-1268.896751
-1248.525785
-531.789429
217.111611
699.045781
807.333548
895.786427
1275.865766
1600.729066
1676.316072
1476.358958
1199.742683
1081.269433
1144.526643
1339.659054
1482.255816
1482.255816
1326.793181
1133.269004
1075.908652
1028.733784
848.611558
471.212609
-8.577249
-268.039026
-189.235553
64.865444
314.677817
510.346306
827.168436
1430.792323
2208.641578
2920.017154
3361.209392
3446.445803
3392.301919
3432.507773
3434.652085
3158.035810
2575.855044
1793.717165
896.858583
-58.432508
-966.012651
-1417.926450
-1625.924735
-2285.836818
-3224.509489
-3741.824810
-3201.994210
-2222.043530
-2068.189128
-2489.546478
-2510.453522
-1560.523212
-295.379007
61.648976
-275.544119
-607.376434
-523.748258
-199.421036
-181.194382
-285.193524
-498.016511
-852.900182
-1065.187091
-1018.012223
-681.355205
-699.045781
-1394.339016
-2086.951860
-2189.342768
-1738.501126
-1499.410314
-1885.386512
-2240.270183
-1935.241771
-1075.372574
-247.668060
108.287767
180.658304
287.337836
421.893428
504.985526
478.181623
169.936743
-332.904471
-812.158250
-972.981666
-664.200708
-329.688003
-236.946499
-147.421465
185.483006
833.601372
1431.328401
1636.110218
1630.749437
1632.893749
1682.212930
1671.491369
1494.585612
1198.134448
936.528359
699.581859
505.521604
456.202423
440.120081
429.398520
372.574247
206.926128
159.215182
202.101426
228.369251
288.946071
362.924842
602.551732
1043.743969
1592.151817
2271.898788
2901.790501
3320.467460
3543.475930
3677.495443
3776.669883
3572.424145
2982.738287
2201.672564
1353.061006
466.387906
-532.325507
-1297.844966
-1582.502412
-1908.973947
-2506.164898
-3001.501019
-2809.585076
-1962.581752
-1491.905221
-1742.789750
-1921.303742
-1302.669669
-209.070441
259.461778
-156.534791
-729.066152
-788.034738
-568.778814
-648.654444
-946.713842
-1219.577570
-1375.576284
-1483.327973
-1570.172617
-1419.534684
-1346.091991
-1740.645438
-2277.259569
-2490.082556
-2108.394982
-1671.491369
-1803.902648
-1990.457811
-1610.378471
-653.479147
264.286480
548.943926
489.439262
472.820843
447.625174
309.853115
-15.546264
-372.574247
-665.808942
-903.291519
-837.889997
-426.718130
65.401522
339.337408
436.367535
648.118366
1070.547872
1403.988421
1376.648440
1187.412887
1136.485472
1260.319503
1384.153533
1291.948108
1083.413745
951.002466
805.189236
618.634073
386.512276
201.029270
134.019513
46.638791
-98.102284
-182.266538
-136.699904
50.927415
257.853543
408.491476
643.293664
1061.970623
1599.656910
2232.229013
2779.028627
3073.871556
3227.189879
3294.735714
3347.807441
3222.365176
2676.637718
2008.684464
1416.318216
788.034738
39.133698
-757.478289
-1198.134448
-1330.009649
-1708.480755
-2345.877560
-2669.132626
-2335.692077
-1773.346199
-1652.728637
-1882.170044
-1623.780422
-650.262678
242.843358
342.553876
-241.771202
-728.530074
-732.818698
-675.994425
-878.095851
-1222.257961
-1499.946392
-1563.203602
-1470.998177
-1316.071620
-1176.691326
-1363.246489
-1880.561810
-2258.496837
-2168.435724
-1780.851292
-1596.440442
-1710.625067
-1550.337729
-780.529645
234.266109
871.662914
883.992709
616.489761
421.893428
257.853543
-7.505093
-366.141310
-695.829313
-849.147636
-686.179908
-243.379436
319.502520
727.457918
768.735928
766.055538
957.435403
1119.867053
1086.094135
779.993567
518.923555
657.767771
948.858154
1112.898038
1114.506272
968.156964
815.910797
678.674815
393.481291
120.081484
-63.257210
-333.976627
-523.748258
-556.449019
-411.707945
2.144312
295.915085
436.367535
756.942211
1176.691326
1698.295272
2175.404739
2392.516350
2542.082127
2675.029484
2777.420392
2969.872413
3027.768843
2671.813016
2148.600836
1680.604696
1258.711268
740.323791
-105.071298
-846.467246
-1081.805511
-1299.453200
-1809.799507
-2388.227726
-2601.586791
-2205.425110
-1813.552053
-1837.139488
-1664.522354
-880.776241
117.937172
575.211751
152.782245
-477.109467
-683.499518
-771.416318
-1078.589043
-1518.709124
-1831.778707
-1817.304600
-1691.862335
-1613.058861
-1459.740538
-1373.431972
-1534.255388
-1828.562239
-1967.406454
-1812.479897
-1615.203174
-1648.440013
-1631.821593
-1126.299989
-262.142168
411.171867
577.356063
477.645545
433.687145
427.790286
269.111183
-19.834888
-180.658304
-129.194811
25.731747
287.873914
619.706229
915.621314
1071.620028
1032.486330
986.919696
969.765198
846.467246
678.138737
604.696044
718.880669
969.765198
1116.650584
1080.733355
983.167149
819.127265
584.861156
303.420178
16.082342
-132.411279
-157.606948
-141.524606
-78.267396
25.731747
228.369251
449.769486
569.850970
632.572102
759.622601
1038.919267
1425.431543
1858.046532
2236.517637
2521.175083
2753.296880
2903.934813
2919.481076
2680.926343
2110.003216
1490.833065
1000.857725
501.769058
-74.514849
-604.159966
-765.519460
-684.571674
-916.157393
-1519.781280
-1972.767235
-1921.839820
-1600.729066
-1571.244773
-1724.027018
-1366.999035
-470.140452
266.430792
249.812373
-328.079768
-759.622601
-848.075480
-969.229120
-1308.566527
-1650.048247
-1743.325828
-1655.945106
-1591.079661
-1569.636539
-1479.039348
-1498.874236
-1789.428541
-2085.343626
-2140.023587
-1922.911976
-1708.480755
-1633.965905
-1293.020264
-566.098424
149.029699
504.449448
448.697330
328.079768
317.358207
177.441836
-99.710518
-261.606090
-213.895143
21.979200
313.069583
546.263536
857.724885
1141.846253
1229.763054
1222.794039
1086.630213
885.064865
727.457918
573.603517
608.448590
814.838641
931.167578
954.218934
886.673100
776.777099
680.819127
463.707516
161.359494
-50.391337
-125.442264
-92.205425
-50.391337
-38.597620
54.143883
207.462206
315.749973
391.336979
494.800043
711.375576
1068.939638
1476.895036
1871.448483
2156.642007
2272.970945
2343.733248
2386.619492
2254.744291
1839.819878
1266.216361
899.538973
736.035167
490.511418
142.060684
-151.174011
-221.936314
-330.224081
-863.085665
-1581.966334
-2075.694221
-2146.992602
-1938.458240
-1722.954862
-1335.906508
-672.777956
-2.680390
360.244452
209.606519
-292.162539
-848.075480
-1309.638683
-1518.173046
-1521.925592
-1533.183231
-1621.100032
-1659.697652
-1464.029163
-1189.557200
-1215.825024
-1640.934920
-2101.425968
-2220.971373
-2052.642865
-1837.139488
-1623.780422
-1223.866195
-606.840356
9.649405
396.697759
496.944355
397.233837
152.246167
-155.998713
-351.667203
-315.213895
-71.298381
258.925700
582.716844
918.837783
1260.319503
1462.420928
1461.348772
1267.824595
919.373861
574.675673
375.254637
412.780101
666.881098
953.146778
1159.000751
1314.999464
1382.009221
1305.350059
974.053822
473.892999
62.185054
-172.617133
-191.915943
-67.009757
98.102284
317.358207
501.232980
611.665058
702.262249
703.870484
642.757586
564.490190
535.005897
803.581001
1295.164576
1721.346628
1997.962903
2111.611451
2213.466281
2269.218398
2017.797791
1505.843251
993.352632
638.468961
461.563204
358.636217
323.255066
385.440120
275.544119
-248.204139
-1056.609842
-1822.665380
-2220.435295
-2212.930203
-2062.828348
-1757.263858
-1146.134877
-290.554305
459.418891
558.057253
-76.123084
-927.415032
-1459.740538
-1564.811837
-1568.564383
-1730.996033
-1879.489654
-1755.119545
-1334.834352
-951.002466
-911.332690
-1220.649727
-1700.975662
-2059.075801
-2153.425539
-2030.127587
-1769.593653
-1457.596226
-1079.125121
-597.727029
-125.442264
161.895572
139.916372
-152.782245
-506.593760
-722.097137
-672.777956
-369.893857
18.226654
375.790715
731.210464
1074.300418
1349.308459
1495.121690
1352.524928
956.899325
523.212180
261.606090
357.564061
723.705372
1088.774526
1280.154390
1304.813981
1300.525356
1241.020693
979.950681
508.738072
5.896859
-222.472392
-133.483435
117.401094
441.192238
686.715986
806.797470
819.127265
702.262249
570.387048
442.264394
262.678246
199.421036
413.852257
911.332690
1556.770666
2006.004074
2159.322397
2207.033344
2124.477324
1894.499839
1469.926021
914.013080
545.191380
402.058540
375.790715
474.429077
593.438405
578.964297
153.854401
-792.859440
-1830.706551
-2439.691219
-2449.340624
-2127.693792
-1757.263858
-1228.154819
-399.378149
428.862442
695.829313
112.576391
-920.446017
-1701.511740
-1953.468425
-1856.438297
-1713.305457
-1610.914549
-1380.400986
-995.496944
-649.190522
-553.232551
-850.219792
-1398.627640
-1952.932347
-2312.640720
-2271.362710
-1866.623780
-1309.102605
-780.529645
-410.099711
-147.421465
9.649405
-83.092098
-372.574247
-725.849684
-942.961295
-800.900611
-361.316608
244.451592
841.106465
1231.371288
1422.751153
1423.287231
1273.721454
1064.651013
772.488474
497.480433
383.295808
540.366677
1026.589471
1586.254959
1876.809263
1809.263429
1474.750724
1066.259247
695.829313
342.553876
77.195240
3.752546
112.576391
399.378149
779.457489
1044.280047
1063.578857
804.117079
413.852257
128.122655
15.546264
46.638791
183.338694
441.728316
902.755441
1469.926021
1920.767664
2076.230299
1928.808835
1685.429399
1475.286802
1285.515171
1122.547443
1028.197706
1053.393374
1110.217648
1085.558057
1006.754583
816.446875
316.822129
-608.984668
-1776.562668
-2609.627962
-2692.720060
-2228.476466
-1593.760051
-1016.940066
-507.129838
0.000000
188.163397
-281.977056
-1252.814410
-2218.290983
-2605.339337
-2296.558379
-1722.418784
-1270.504986
-963.332261
-693.685001
-454.058111
-470.140452
-889.353490
-1520.853436
-2051.034631
-2263.857618
-2128.229870
-1778.706980
-1339.122976
-886.137022
-508.738072
-322.718988
-396.161681
-716.200279
-1094.135306
-1308.030449
-1276.937922
-978.878525
-483.542404
99.174440
630.963868
972.445588
1094.671384
1034.094564
860.405275
678.138737
533.397663
515.171009
654.015225
947.249920
1361.638255
1722.954862
1867.159858
1724.563096
1374.504128
972.981666
583.789000
256.781387
96.494050
165.112040
437.439691
794.467674
1059.290233
1129.516458
1001.393803
721.024981
397.233837
148.493621
-9.113327
-52.535649
29.484293
241.771202
644.901898
1128.444301
1523.533827
1726.707409
1692.398413
1586.254959
1550.873807
1530.502841
1477.967192
1361.638255
1275.865766
1353.061006
1427.039777
1323.040635
1033.558486
570.387048
-12.865873
-730.674386
-1586.791037
-2204.352954
-2281.548193
-1869.304171
-1201.350917
-723.705372
-511.418463
-434.759301
-595.582717
-1094.135306
-1905.757478
-2661.091455
-2777.956470
-2209.177656
-1384.689611
-761.230835
-494.800043
-365.069154
-264.286480
-339.873486
-712.983810
-1331.081806
-1855.902219
-1957.757049
-1606.625925
-1093.599228
-738.715557
-606.840356
-541.974912
-459.954969
-501.232980
-796.611987
-1216.897180
-1455.451914
-1288.731639
-793.931596
-220.328080
219.255924
456.738501
565.026268
613.273293
656.695615
685.107752
672.777956
694.221079
799.828455
975.125978
1207.783853
1413.637826
1555.698510
1583.574568
1427.039777
1162.217219
868.446446
629.355634
522.676102
515.707087
563.954112
661.520317
730.138308
745.148494
673.314035
453.522033
190.843787
3.752546
-41.814088
30.556449
86.844645
96.494050
159.751260
394.553447
808.405704
1196.526214
1379.864908
1397.555484
1416.854294
1509.059719
1623.244344
1635.038062
1528.358529
1402.380187
1350.916693
1395.947250
1442.049962
1364.318645
1157.392516
859.333119
476.037311
-42.350166
-777.849255
-1497.802080
-1859.654766
-1744.397984
-1346.091991
-1056.073764
-1011.579286
-1115.042350
-1305.886137
-1602.337300
-1996.890747
-2341.588935
-2373.753619
-2027.447196
-1479.039348
-987.991852
-725.313606
-632.036024
-581.644687
-578.428219
-673.314035
-903.827597
-1197.598370
-1340.195132
-1260.855581
-986.383617
-633.108181
-386.512276
-299.667632
-353.275437
-500.160823
-656.695615
-830.920982
-996.569100
-1041.599657
-892.569958
-557.521175
-163.503806
144.741074
369.893857
524.284336
668.489332
814.838641
874.343304
842.714699
764.447304
701.726171
773.024552
985.847539
1262.999893
1465.101319
1478.503270
1358.957864
1199.742683
1049.640828
875.415460
675.994425
532.861585
443.872628
375.254637
283.585290
149.565777
15.010185
-137.235982
-305.028412
-447.625174
-577.892141
-722.633215
-875.415460
-965.476573
-912.404846
-740.859869
-499.624745
-226.761016
9.649405
173.689289
286.801758
372.038169
511.954541
704.942640
883.992709
1086.630213
1324.112791
1594.832208
1898.252386
2146.456524
2261.177227
2224.723920
2008.148386
1695.078803
1310.710839
872.735070
493.191809
301.275866
370.966013
600.407419
750.509274
664.736786
368.821700
-21.443122
-385.976198
-657.231693
-850.219792
-1030.342018
-1159.000751
-1190.093278
-1133.805082
-1046.424359
-1030.342018
-1102.176477
-1214.216790
-1376.648440
-1556.770666
-1703.656052
-1798.005790
-1822.665380
-1751.903077
-1572.316929
-1310.710839
-1084.485901
-1005.682427
-1056.609842
-1150.959580
-1178.299560
-1100.568243
-1019.620457
-995.496944
-1024.445159
-1010.507130
-840.570387
-566.098424
-348.450734
-277.152353
-331.296237
-437.439691
-551.088238
-650.262678
-703.870484
-677.602659
-508.738072
-219.255924
57.360352
228.905329
269.111183
234.266109
201.565348
187.627319
192.988099
212.286909
270.183339
372.038169
543.583146
788.570816
1058.754155
1261.391659
1313.927308
1265.680283
1206.711697
1170.258390
1130.588614
1078.589043
1077.516886
1192.773668
1378.792752
1560.523212
1681.676852
1759.408170
1836.603409
1902.004932
1921.839820
1878.953576
1800.150102
1738.501126
1735.284657
1785.675994
1860.726922
1889.139059
1771.201887
1498.874236
1157.928594
843.786855
563.418034
271.791573
30.020371
-51.999571
33.236839
192.988099
240.699046
84.700332
-222.472392
-617.025839
-983.167149
-1258.711268
-1473.678568
-1646.295701
-1778.170902
-1830.706551
-1796.933634
-1781.387370
-1854.830063
-1998.498981
-2165.755334
-2279.939959
-2351.238340
-2405.382224
-2404.310068
-2330.331296
-2170.580036
-1897.716307
-1563.739680
-1283.906937
-1141.846253
-1142.382331
-1145.598799
-1061.434545
-906.507988
-764.447304
-682.963439
-613.273293
-473.892999
-265.358636
-60.576820
82.019942
136.699904
119.009328
77.195240
39.669776
31.092527
38.597620
57.360352
137.772060
289.482149
431.006755
488.903184
439.047925
354.883671
318.430363
350.058969
445.480862
570.387048
697.437547
801.972767
886.137022
967.084808
1050.712984
1107.537257
1092.527072
1034.630642
971.373432
925.270719
926.342876
998.177335
1118.794897
1269.432829
1420.070762
1549.265573
1657.017262
1729.387799
1748.150531
1711.697223
1636.110218
1559.451056
1492.977378
1427.575855
1343.947679
1277.474000
1262.999893
1262.463815
1204.567385
1033.558486
848.611558
704.942640
563.954112
387.048354
197.276723
93.813659
119.009328
175.833601
173.153211
27.876059
-287.337836
-666.881098
-978.342447
-1171.330546
-1283.906937
-1406.668811
-1573.925164
-1682.212930
-1697.223116
-1677.388228
-1722.418784
-1895.035917
-2114.827919
-2247.775276
-2252.063901
-2179.693363
-2095.529109
-1996.890747
-1825.345770
-1574.997320
-1287.659483
-1070.547872
-1021.228691
-1113.434116
-1211.536400
-1182.052107
-1018.012223
-828.776670
-723.169293
-660.984239
-555.376863
-376.862871
-182.802616
-57.896430
-9.649405
-26.803903
-84.164254
-123.834030
-125.442264
-73.978771
21.979200
144.204996
304.492334
488.367106
621.314463
637.396805
588.077624
567.170580
637.932883
741.932025
788.034738
773.024552
753.725742
777.313177
841.106465
924.198563
986.919696
1033.022408
1046.960437
1050.176906
1074.836496
1109.681570
1148.279189
1190.093278
1225.474429
1250.134020
1257.103034
1212.072478
1135.413316
1074.836496
1045.352203
1033.558486
1038.383189
1016.403988
935.456202
817.519031
744.612416
798.220221
930.631500
1031.950252
982.094993
841.106465
746.220650
703.870484
591.830170
375.790715
146.349308
47.710947
136.163825
300.203710
362.388764
235.338265
-61.112898
-425.109896
-709.231264
-900.075051
-1045.888281
-1214.216790
-1404.524499
-1512.276187
-1504.235017
-1444.730353
-1436.153104
-1521.925592
-1645.223545
-1708.480755
-1698.831350
-1654.872950
-1579.822022
-1497.802080
-1421.142918
-1314.463386
-1165.969765
-1009.971052
-921.518173
-966.012651
-1073.764340
-1089.310604
-946.713842
-739.251635
-619.706229
-614.881527
-610.592902
-525.892570
-402.058540
-321.646832
-313.605661
-350.058969
-374.182481
-360.244452
-320.574676
-252.492763
-177.441836
-95.421893
27.339981
180.122226
284.121368
284.657446
191.915943
124.906186
157.606948
255.173153
345.770344
383.295808
416.532647
495.336121
636.324649
818.055109
959.043637
1036.774954
1081.269433
1098.423931
1108.609414
1120.939209
1112.361960
1099.496087
1117.722740
1184.196419
1267.288517
1287.659483
1213.680712
1105.929023
1019.084379
984.775383
984.239305
968.156964
922.054251
878.631929
865.229977
940.816983
1096.279618
1219.041492
1249.061863
1174.547014
1073.764340
1028.733784
999.785569
893.642114
671.169722
407.955398
248.204139
284.657446
450.305564
576.819985
481.398092
129.194811
-323.791144
-686.715986
-879.168007
-980.486759
-1083.413745
-1199.206604
-1250.134020
-1205.103463
-1132.732926
-1135.413316
-1271.577142
-1513.884422
-1744.397984
-1869.840249
-1886.458668
-1814.088131
-1721.882706
-1604.481613
-1410.421357
-1189.557200
-1025.517315
-1036.774954
-1201.886995
-1354.133162
-1379.864908
-1260.855581
-1088.774526
-948.858154
-833.065294
-726.921840
-634.180337
-530.717272
-421.893428
-341.481720
-336.120939
-399.914228
-438.511847
-406.883242
-329.688003
-228.369251
-117.401094
17.690576
152.246167
219.255924
217.111611
198.348880
222.472392
308.244880
434.223223
570.923126
671.705800
724.241450
764.447304
836.817841
946.713842
1043.743969
1066.795325
1024.981237
966.012651
932.775812
932.775812
925.806797
896.858583
871.662914
875.415460
905.971910
943.497373
940.280905
882.920553
821.271577
811.622172
863.085665
911.868768
931.703656
940.816983
989.600086
1108.609414
1276.401844
1458.668382
1574.461242
1566.956149
1436.153104
1251.206176
1132.196848
1105.392945
1055.001608
885.064865
654.015225
529.645116
589.149780
730.138308
766.055538
573.603517
183.874772
-261.606090
-583.789000
-737.643401
-804.117079
-880.776241
-1020.692613
-1157.392516
-1210.464244
-1247.453629
-1347.164147
-1536.399700
-1766.377185
-1907.365712
-1940.066474
-1917.551195
-1878.953576
-1836.603409
-1741.181516
-1581.966334
-1417.390372
-1336.442586
-1355.205318
-1442.049962
-1527.286373
-1502.090704
-1369.679425
-1167.041921
-976.734213
-874.343304
-833.065294
-798.220221
-746.220650
-687.788142
-654.015225
-630.963868
-579.500375
-511.954541
-427.790286
-347.378578
-269.111183
-163.503806
-16.618420
151.710089
275.544119
328.615846
342.017798
369.357778
458.346735
574.675673
673.850113
730.674386
755.870055
792.859440
884.528787
1024.981237
1141.846253
1172.402702
1094.671384
977.806369
883.456631
820.735499
797.148065
827.704514
887.745256
975.125978
1068.939638
1139.701941
1158.464672
1100.032165
996.569100
913.477002
901.147207
941.889139
974.053822
978.878525
992.280476
1037.311032
1142.382331
1262.463815
1343.411601
1371.287659
1314.463386
1190.093278
1062.506701
977.270291
925.270719
848.075480
708.159108
568.778814
508.738072
562.881956
676.530503
702.798327
543.047068
193.524177
-253.564919
-643.829742
-871.126836
-942.961295
-947.249920
-992.816554
-1109.145492
-1239.412458
-1355.741396
-1496.729924
-1674.707837
-1884.850434
-2066.044816
-2120.188699
-2050.498553
-1919.159430
-1789.428541
-1686.501555
-1568.028305
-1430.792323
-1335.370430
-1362.174333
-1514.420500
-1663.450198
-1672.563525
-1481.719738
-1152.567814
-821.807655
-589.149780
-478.181623
-435.831457
-426.182052
-457.810657
-539.830599
-647.582288
-693.685001
-600.943497
-398.305993
-162.967728
19.298810
114.720703
174.761445
227.833173
250.884529
213.359065
109.359923
35.381151
81.483864
244.451592
432.078911
566.634502
622.922698
633.644259
652.406990
721.024981
820.735499
897.930739
916.157393
916.693471
958.507559
1037.847111
1093.599228
1083.413745
1014.795754
967.084808
997.641257
1079.125121
1140.774097
1134.341160
1079.661199
1018.548301
978.342447
960.115793
944.569529
914.013080
900.611129
919.373861
987.455774
1085.021979
1164.897609
1198.670526
1200.278761
1185.804653
1179.907795
1174.547014
1157.928594
1165.969765
1156.856438
1066.259247
874.343304
627.747400
434.759301
361.852686
381.151496
385.976198
240.162968
-83.092098
-470.140452
-739.251635
-831.993138
-841.106465
-895.250348
-1079.661199
-1320.360244
-1514.956578
-1642.543154
-1719.202316
-1813.552053
-1941.138630
-2025.302884
-2002.251528
-1861.263000
-1683.821164
-1565.883993
-1518.709124
-1461.348772
-1345.019835
-1209.928166
-1156.320360
-1228.690897
-1324.648869
-1276.937922
-1050.176906
-749.973196
-526.428648
-441.728316
-451.913799
-476.037311
-476.573389
-488.903184
-516.243165
-565.026268
-589.685858
-525.356492
-385.976198
-261.606090
-205.317894
-224.080626
-251.420607
-227.833173
-161.359494
-91.669347
-26.803903
46.638791
173.153211
349.522891
525.892570
651.334834
666.345020
607.912512
575.211751
628.819556
739.787713
829.848826
888.281334
937.064437
1015.867910
1096.815696
1117.722740
1070.547872
965.476573
873.807226
838.962153
889.353490
977.270291
1058.754155
1104.856867
1121.475287
1138.093706
1159.536829
1164.897609
1129.516458
1086.630213
1072.156106
1123.619599
1201.886995
1250.134020
1241.020693
1193.845824
1174.010936
1186.340731
1188.485043
1146.670955
1073.228262
1018.012223
977.270291
905.971910
737.107323
497.480433
314.677817
268.039026
306.636646
272.327651
59.504664
-295.915085
-645.437976
-841.106465
-894.714270
-914.013080
-1001.393803
-1176.155248
-1334.834352
-1380.937064
-1362.710411
-1373.968050
-1478.503270
-1648.440013
-1744.397984
-1714.377613
-1631.285515
-1545.513027
-1509.595797
-1467.245631
-1368.607269
-1255.494800
-1203.495229
-1256.030878
-1395.947250
-1519.781280
-1491.905221
-1295.164576
-1024.981237
-847.539402
-808.941782
-836.817841
-819.127265
-741.395947
-681.355205
-702.262249
-766.055538
-771.952396
-648.118366
-407.955398
-180.658304
-65.937601
-84.164254
-151.174011
-175.833601
-142.596762
-100.782674
-64.865444
-12.865873
139.916372
396.697759
628.819556
741.395947
717.272435
623.458776
590.758014
671.705800
807.869626
919.373861
983.703227
1052.321218
1168.650155
1315.535542
1406.132733
1390.586469
1281.226547
1147.207033
1046.424359
1012.651442
1052.857296
1130.588614
1182.588185
1191.701512
1185.268575
1152.567814
1107.537257
1041.063579
969.229120
931.703656
958.507559
1029.805940
1084.485901
1097.887852
1079.661199
1072.692184
1086.094135
1084.485901
1019.620457
879.168007
736.571245
681.355205
714.592045
733.354776
639.005039
433.151067
243.915514
182.802616
241.235124
301.811944
223.008470
-51.999571
-413.316179
-704.942640
-859.869197
-899.002895
-923.662485
-1011.043208
-1155.248204
-1279.618312
-1370.751581
-1466.709553
-1598.584754
-1762.088560
-1889.675137
-1892.891605
-1796.933634
-1694.006647
-1623.780422
-1589.471427
-1540.152246
-1427.575855
-1313.391230
-1252.278332
-1278.546156
-1356.277474
-1366.462957
-1261.391659
-1067.867482
-888.281334
-788.570816
-777.313177
-787.498660
-763.911225
-715.128123
-700.117937
-769.808084
-842.178621
-850.219792
-751.581430
-567.170580
-366.141310
-193.524177
-79.875630
4.288624
73.442693
108.287767
124.906186
154.390479
236.410421
404.202852
613.273293
802.508845
907.044066
930.095422
920.982095
909.724456
920.982095
932.775812
925.270719
922.590329
964.404417
1046.424359
1150.423502
1217.433258
1208.856009
1133.269004
1035.702798
968.156964
958.507559
958.507559
935.992280
903.291519
887.745256
903.291519
922.054251
893.642114
827.704514
768.735928
749.437118
785.354348
865.766056
931.167578
970.301276
1000.857725
1045.352203
1110.753726
1174.010936
1195.990136
1154.176048
1077.516886
1024.981237
1027.661628
1035.702798
970.301276
780.529645
521.067867
304.492334
227.297094
272.327651
305.028412
196.740645
-84.700332
-449.233408
-746.220650
-893.642114
-952.610700
-1022.836925
-1143.454487
-1291.412030
-1383.081377
-1387.370001
-1373.968050
-1412.565670
-1533.183231
-1689.181945
-1787.820307
-1813.015975
-1811.407741
-1828.026161
-1841.964190
-1792.108931
-1657.553340
-1519.781280
-1477.431114
-1543.368714
-1647.903935
-1658.089418
-1518.173046
-1290.339873
-1082.877667
-963.868339
-902.755441
-815.374719
-669.561488
-500.160823
-395.089525
-398.842071
-442.264394
-449.233408
-374.718559
-229.977485
-71.298381
53.607805
132.411279
174.761445
202.101426
212.822987
201.565348
203.709660
272.327651
410.099711
580.572531
731.210464
823.951967
864.693899
892.569958
915.085236
926.878954
933.847968
896.858583
864.157821
875.415460
924.734641
1023.909081
1107.001179
1110.753726
1054.465530
980.486759
925.270719
911.868768
906.507988
895.786427
908.652300
961.187949
1041.063579
1110.753726
1124.155677
1067.867482
992.816554
946.177763
955.291090
997.641257
1015.867910
985.311461
937.600515
912.404846
931.167578
954.218934
946.177763
902.755441
850.755870
830.384904
844.859011
889.889568
930.095422
912.404846
782.673957
574.675673
380.615418
287.873914
302.884100
312.533505
203.173582
-63.793288
-425.109896
-766.055538
-986.383617
-1102.712555
-1192.773668
-1315.535542
-1476.895036
-1608.770237
-1695.614882
-1755.119545
-1828.562239
-1930.953147
-2030.127587
-2065.508738
-2026.375040
-1928.272757
-1822.129302
-1734.212501
-1616.275330
-1466.709553
-1326.793181
-1239.948537
-1234.587756
-1294.092420
-1330.009649
-1280.154390
-1159.000751
-1016.403988
-892.033880
-802.508845
-726.385762
-641.149351
-567.170580
-533.397663
-526.428648
-545.727458
-551.624317
-499.624745
-387.048354
-231.585719
-67.009757
64.329366
147.957543
177.977914
161.359494
130.266967
116.865016
173.153211
309.317037
489.975340
681.891283
841.106465
939.744827
1001.929881
1048.568672
1072.156106
1091.990994
1109.681570
1140.238019
1206.711697
1298.917122
1390.050391
1444.194275
1440.441728
1373.968050
1253.886566
1130.588614
1037.847111
952.610700
877.559773
825.560202
823.951967
881.312319
958.507559
1009.971052
996.569100
930.631500
869.518602
839.498231
858.797041
913.477002
966.012651
1004.074193
1026.589471
1037.311032
1020.692613
982.094993
932.239734
867.910368
803.581001
731.746542
642.757586
566.634502
522.676102
493.191809
439.584003
297.523319
71.834459
-161.895572
-318.966442
-355.419749
-321.646832
-301.811944
-382.223652
-581.644687
-820.199421
-1010.507130
-1122.011365
-1205.103463
-1308.030449
-1429.184089
-1518.709124
-1557.306744
-1574.461242
-1608.234159
-1668.274901
-1735.284657
-1771.201887
-1769.057575
-1759.408170
-1750.294843
-1734.748579
-1673.635681
-1550.337729
-1390.586469
-1281.226547
-1259.247346
-1339.122976
-1434.008792
-1440.977806
-1336.978664
-1158.464672
-1008.898896
-924.198563
-868.982524
-805.725314
-715.128123
-613.273293
-551.624317
-533.397663
-496.408277
-398.305993
-240.162968
-40.741932
157.606948
337.729173
501.232980
629.891712
710.303420
723.705372
707.086952
708.159108
781.065723
929.559344
1095.743540
1212.608556
1252.278332
1238.876380
1222.794039
1220.649727
1227.618741
1225.474429
1211.536400
1220.113649
1256.030878
1323.576713
1384.153533
1393.802938
1350.380615
1272.113220
1175.083092
1061.970623
930.095422
795.539831
688.860298
645.974054
674.922269
714.592045
687.252064
591.830170
449.233408
337.729173
299.131554
302.884100
319.502520
336.120939
356.491905
407.419320
481.934170
553.768629
588.613702
574.139595
542.510990
534.469819
565.026268
602.551732
611.665058
587.005468
568.242736
570.923126
541.438833
407.955398
180.658304
-45.566635
-158.143026
-126.514420
-46.638791
-51.999571
-212.286909
-480.325935
-748.364962
-918.837783
-994.960866
-1049.104750
-1161.145063
-1315.535542
-1445.266431
-1519.781280
-1557.842822
-1631.821593
-1752.439155
-1881.633966
-1960.437440
-1954.004503
-1900.932776
-1854.830063
-1817.304600
-1765.305028
-1651.656481
-1489.224831
-1362.710411
-1326.257103
-1353.061006
-1339.122976
-1211.536400
-998.713413
-788.570816
-641.685429
-556.449019
-488.367106
-393.481291
-278.760588
-199.421036
-185.483006
-184.410850
-138.844216
-30.020371
129.194811
301.811944
465.315750
624.530932
772.488474
900.611129
960.115793
949.394232
909.188378
907.580144
993.352632
1150.423502
1301.061435
1377.184518
1354.669240
1283.370859
1216.361102
1171.866624
1134.877238
1051.785140
943.497373
851.828026
815.374719
837.353919
888.817412
910.260534
877.023695
808.405704
705.478718
607.376434
513.562775
425.645974
368.285622
351.131125
374.182481
416.532647
437.439691
424.573818
395.625603
358.636217
328.615846
290.018227
243.379436
243.915514
311.461349
443.336550
585.933312
675.994425
693.685001
658.839927
603.087810
561.809800
544.655302
527.500804
506.593760
487.831028
511.418463
558.593331
586.469390
539.294521
383.831886
143.668918
-118.473250
-332.904471
-438.511847
-438.511847
-388.656588
-383.831886
-483.006326
-681.355205
-908.116222
-1108.073335
-1252.814410
-1344.483757
-1400.771952
-1420.070762
-1430.792323
-1425.431543
-1434.008792
-1476.895036
-1549.801651
-1618.955720
-1660.233730
-1648.440013
-1588.399271
-1511.740109
-1423.823309
-1303.741825
-1135.413316
-960.651871
-842.178621
-814.838641
-840.034309
-840.034309
-736.035167
-545.727458
-342.553876
-189.235553
-109.359923
-54.143883
17.154498
97.030128
168.864587
178.513992
146.349308
124.906186
134.555591
205.317894
302.884100
404.202852
490.511418
526.964726
532.325507
521.603946
502.305136
502.841214
541.438833
617.025839
725.313606
818.591187
856.652729
850.755870
818.591187
796.075909
778.921411
767.663772
756.942211
744.076338
737.107323
734.426933
744.076338
745.684572
731.746542
690.468532
634.180337
576.819985
520.531789
462.635360
409.563632
363.460920
331.296237
308.244880
300.739788
292.162539
278.760588
269.647261
243.379436
209.070441
165.648118
120.081484
96.494050
126.514420
209.606519
308.244880
382.223652
409.563632
400.986384
382.223652
388.656588
402.594618
424.037740
442.800472
454.594189
479.253779
506.057682
516.779243
517.315321
484.614560
413.316179
296.987241
112.040313
-86.844645
-233.193953
-265.894714
-192.452021
-105.607376
-103.463064
-218.183768
-411.171867
-597.190951
-709.231264
-741.932025
-763.375147
-825.560202
-903.827597
-946.177763
-926.878954
-883.992709
-887.745256
-962.796183
-1078.052965
-1170.794468
-1191.701512
-1158.464672
-1114.506272
-1077.516886
-1030.342018
-953.146778
-866.302134
-821.807655
-822.343733
-868.446446
-900.075051
-868.446446
-783.210035
-678.138737
-606.304278
-573.067439
-541.974912
-476.037311
-391.336979
-313.605661
-270.183339
-255.709231
-227.297094
-159.215182
-55.752118
55.752118
152.246167
238.018656
332.368393
435.295379
518.923555
566.634502
590.758014
610.056824
658.303849
724.777528
797.684143
862.013509
896.858583
917.229549
932.239734
920.446017
880.776241
814.838641
721.024981
648.118366
601.479575
577.356063
555.376863
522.676102
487.294950
444.408706
398.305993
336.657017
258.925700
189.235553
138.844216
119.545406
124.370108
122.225796
107.751689
101.854830
113.648547
152.246167
201.565348
218.183768
194.596333
155.462635
135.627747
171.544977
265.894714
378.471105
480.862014
550.016082
581.644687
613.273293
656.159537
698.509703
726.921840
736.571245
724.241450
726.385762
719.952825
715.128123
707.623030
682.427361
633.644259
522.140024
362.388764
181.194382
27.876059
-53.071727
-55.216039
-24.123512
-36.453308
-136.163825
-303.956256
-493.191809
-658.839927
-769.272006
-850.219792
-914.013080
-975.125978
-1039.991423
-1088.774526
-1125.763911
-1152.567814
-1191.165434
-1236.732068
-1287.123405
-1310.174761
-1304.813981
-1291.948108
-1268.360673
-1223.330117
-1165.433687
-1108.073335
-1069.475716
-1066.795325
-1062.506701
-1030.878096
-958.507559
-857.724885
-752.653586
-667.417176
-595.582717
-527.500804
-450.305564
-365.069154
-293.234695
-239.090812
-190.843787
-125.978342
-45.566635
55.752118
141.524606
198.348880
258.389622
328.615846
401.522462
466.387906
500.160823
508.738072
531.253350
582.180766
647.046210
717.272435
745.148494
723.169293
684.571674
660.448161
661.520317
677.066581
669.561488
626.675244
578.964297
531.253350
502.841214
496.944355
497.480433
493.727887
482.470248
475.501233
480.862014
491.583575
484.614560
465.315750
437.975769
424.573818
421.893428
423.501662
433.687145
447.089096
478.717701
515.171009
540.902755
540.366677
516.779243
493.191809
498.016511
544.119224
604.696044
649.726600
657.231693
647.046210
641.149351
660.448161
681.891283
695.293235
681.891283
640.613273
591.830170
555.376863
537.686287
517.315321
489.975340
461.027126
429.934598
383.831886
304.492334
164.575962
5.896859
-124.906186
-179.050070
-168.328509
-177.441836
-236.410421
-362.388764
-530.181194
-679.210893
-781.601801
-845.395090
-907.580144
-999.249491
-1104.856867
-1194.917980
-1254.422644
-1288.195561
-1319.824166
-1360.030020
-1410.421357
-1468.853865
-1522.461670
-1556.234588
-1566.956149
-1544.976949
-1480.647582
-1390.586469
-1296.236732
-1232.443444
-1199.742683
-1178.835638
-1128.444301
-1037.311032
-937.600515
-835.745685
-748.901040
-678.674815
-588.613702
-477.645545
-346.842500
-226.761016
-137.772060
-80.411708
-26.803903
46.102713
144.741074
270.183339
405.275008
544.655302
667.953254
767.127694
816.446875
844.859011
869.518602
882.920553
911.332690
954.755012
986.919696
998.177335
1005.146349
1003.538115
1005.146349
1000.857725
972.445588
918.837783
852.364104
778.385333
722.097137
671.705800
627.747400
598.263107
575.747829
547.871770
511.418463
466.387906
404.202852
347.914656
296.987241
256.781387
237.482577
210.142597
188.699475
175.297523
177.977914
201.565348
233.730031
261.070012
270.719417
263.214324
243.915514
236.410421
248.204139
286.265680
343.089954
403.666774
458.882813
496.944355
508.738072
498.016511
483.006326
457.274579
437.439691
418.676959
399.378149
392.945213
393.481291
400.986384
407.419320
403.130696
358.636217
280.368822
186.019084
80.947786
-28.948215
-131.875201
-197.812802
-228.369251
-244.451592
-257.853543
-316.286051
-433.151067
-586.469390
-747.828884
-894.178192
-1018.012223
-1112.898038
-1192.773668
-1256.566956
-1291.948108
-1309.638683
-1331.081806
-1367.535113
-1421.142918
-1469.389943
-1482.791894
-1467.245631
-1431.864479
-1373.968050
-1301.597513
-1222.257961
-1127.908223
-1031.414174
-955.827168
-901.683285
-845.395090
-792.859440
-724.241450
-638.468961
-531.789429
-416.532647
-301.811944
-173.153211
-45.030556
69.154069
166.720274
252.492763
320.574676
384.367964
449.233408
517.315321
590.221936
666.345020
748.364962
821.271577
862.013509
890.961724
902.219363
891.497802
890.425646
890.425646
880.776241
885.064865
893.106036
900.611129
911.332690
918.301705
908.116222
868.982524
808.941782
759.086523
715.128123
667.417176
613.809371
555.376863
499.624745
441.192238
391.336979
340.945642
292.698617
245.523748
197.812802
138.844216
71.834459
25.731747
-14.474107
-47.174869
-62.185054
-57.360352
-38.061542
-13.938029
5.896859
18.762732
34.308995
47.710947
61.648976
61.648976
69.690147
86.844645
121.153640
185.483006
258.389622
300.739788
307.172724
285.729602
261.606090
257.853543
263.750402
281.440978
302.348022
339.337408
379.543261
428.862442
461.027126
448.697330
399.914228
322.182910
231.049641
125.978342
28.948215
-45.030556
-101.318752
-126.514420
-143.668918
-195.668489
-300.739788
-463.707516
-643.829742
-788.570816
-884.528787
-939.744827
-982.094993
-1026.053393
-1059.290233
-1087.702369
-1105.929023
-1139.701941
-1192.773668
-1254.958722
-1303.205747
-1316.607698
-1286.587327
-1237.804224
-1184.732497
-1126.299989
-1070.011794
-994.424788
-922.054251
-859.333119
-805.725314
-746.756728
-661.520317
-538.222365
-392.945213
-258.925700
-136.699904
-30.556449
78.803474
194.596333
301.275866
389.728745
450.841643
489.439262
529.645116
574.139595
631.499946
702.798327
767.127694
821.271577
855.580573
878.095851
880.240163
868.982524
853.436260
847.539402
836.817841
819.663343
790.715128
748.364962
710.303420
674.386191
645.437976
602.551732
547.871770
472.284765
384.367964
304.492334
227.833173
164.575962
110.968157
55.752118
10.185483
-16.618420
-37.525464
-67.009757
-109.896001
-154.926557
-177.441836
-187.627319
-182.266538
-160.287338
-127.050499
-99.174440
-47.710947
6.969015
54.679961
88.452879
119.545406
157.070870
182.266538
217.111611
259.997856
302.884100
357.027983
414.924413
479.253779
540.902755
589.149780
614.881527
634.180337
645.974054
655.623459
663.128552
663.128552
655.623459
639.005039
629.891712
616.489761
586.469390
540.902755
470.676531
392.945213
316.822129
213.895143
79.875630
-50.927415
-165.112040
-248.740217
-300.739788
-351.131125
-432.078911
-549.480004
-676.530503
-797.684143
-897.394661
-983.167149
-1057.145920
-1119.330975
-1163.289375
-1187.948965
-1190.629356
-1196.526214
-1225.474429
-1265.680283
-1309.102605
-1341.267289
-1343.411601
-1311.782996
-1245.845395
-1164.897609
-1065.187091
-949.394232
-849.147636
-775.168865
-718.344591
-660.448161
-602.015653
-518.923555
-411.171867
-290.554305
-175.833601
-70.762303
36.453308
134.019513
205.317894
260.533934
295.379007
328.079768
372.038169
426.718130
499.088667
571.459204
633.644259
691.004610
726.385762
735.499089
729.602230
706.550874
688.324220
678.674815
672.241878
673.850113
669.025410
650.262678
618.634073
573.603517
521.067867
483.542404
441.728316
393.481291
342.553876
294.842929
249.276295
209.070441
188.699475
170.472821
151.174011
129.194811
108.287767
78.267396
54.143883
51.463493
43.422322
40.741932
69.690147
110.968157
150.637933
189.235553
219.255924
236.946499
271.791573
307.172724
346.306422
387.048354
422.429506
471.212609
516.779243
569.314892
619.170151
641.685429
648.654444
663.128552
690.468532
721.024981
736.035167
729.066152
703.870484
666.345020
639.541117
607.912512
561.273721
488.367106
413.316179
346.842500
292.162539
234.802187
155.998713
57.896430
-66.473679
-181.194382
-283.585290
-374.718559
-457.810657
-544.119224
-623.994854
-708.159108
-797.148065
-896.858583
-1008.362818
-1126.299989
-1219.577570
-1281.226547
-1321.968479
-1342.875523
-1366.999035
-1387.906079
-1395.411172
-1384.153533
-1358.957864
-1347.164147
-1336.442586
-1321.432401
-1286.051249
-1213.144634
-1115.578428
-1012.115364
-912.940924
-823.951967
-738.715557
-657.231693
-585.397234
-521.067867
-451.377721
-347.914656
-217.647690
-82.556020
35.381151
116.328937
182.266538
252.492763
330.224081
403.666774
454.058111
499.088667
545.727458
597.727029
663.664630
717.808513
747.292806
756.406133
748.901040
741.932025
734.426933
727.993996
712.983810
694.757157
684.571674
674.386191
665.808942
635.252493
597.727029
552.696473
518.387477
504.449448
494.263965
480.862014
451.913799
430.470677
414.924413
410.099711
389.728745
361.852686
332.904471
316.286051
320.574676
321.646832
318.966442
308.244880
291.626461
292.162539
310.389193
327.543690
333.440549
335.048783
338.801329
359.708374
390.264823
417.068725
435.295379
444.408706
453.522033
466.923984
480.325935
478.181623
461.563204
433.151067
416.532647
415.996569
426.182052
412.780101
376.326793
328.615846
289.482149
247.668060
210.678675
170.472821
121.689718
73.978771
27.876059
-16.618420
-73.442693
-138.844216
-216.575533
-291.626461
-370.429935
-455.666345
-541.438833
-627.747400
-699.581859
-759.622601
-806.797470
-862.013509
-925.806797
-1005.146349
-1090.382760
-1154.712126
-1202.959151
-1237.804224
-1261.927737
-1274.257532
-1268.896751
-1248.525785
-1222.794039
-1211.536400
-1202.423073
-1192.237590
-1165.433687
-1102.176477
-1023.909081
-937.064437
-852.364104
-765.519460
-671.169722
-583.252922
-500.696901
-425.109896
-358.636217
-283.049212
-183.338694
-63.793288
55.216039
158.143026
249.276295
326.471534
396.697759
459.418891
509.810228
554.840785
600.943497
655.087381
707.623030
740.323791
764.983382
783.746113
787.498660
786.962582
785.354348
768.735928
749.973196
737.643401
734.426933
737.643401
746.756728
734.426933
703.334405
667.417176
635.252493
605.232122
577.356063
552.696473
521.603946
496.408277
474.965155
450.841643
419.749115
375.790715
333.440549
292.162539
273.399807
260.533934
240.699046
226.224938
214.967299
207.998285
217.111611
215.503377
202.101426
183.874772
167.256353
165.648118
166.184196
165.648118
159.751260
147.421465
150.101855
160.287338
174.761445
169.936743
150.637933
129.730889
105.071298
86.308567
72.370537
63.793288
60.576820
62.721132
59.504664
50.391337
30.020371
-20.370966
-76.123084
-119.545406
-159.215182
-183.874772
-201.029270
-223.544548
-250.348451
-270.719417
-297.523319
-341.481720
-401.522462
-470.676531
-547.871770
-612.201136
-645.974054
-660.448161
-673.314035
-681.355205
-688.324220
-704.406562
-736.571245
-778.385333
-816.446875
-851.828026
-871.126836
-863.085665
-833.601372
-807.333548
-774.096708
-738.179479
-702.262249
-669.561488
-645.437976
-627.747400
-604.696044
-563.954112
-512.490619
-432.614989
-347.378578
-260.533934
-185.483006
-129.730889
-72.906615
-30.020371
0.536078
33.772917
83.628176
139.916372
201.029270
272.327651
329.151925
365.605232
394.553447
422.429506
451.913799
478.717701
498.552589
526.428648
545.727458
574.139595
612.201136
642.221507
664.200708
682.427361
694.221079
693.685001
688.860298
681.891283
688.860298
693.685001
694.757157
687.788142
669.025410
643.293664
614.345449
576.283907
550.016082
529.645116
496.944355
460.491047
433.151067
395.625603
354.883671
315.749973
268.039026
217.647690
171.008899
138.308138
114.720703
99.710518
80.411708
67.009757
34.308995
-4.288624
-42.350166
-79.875630
-103.463064
-113.648547
-113.648547
-108.823845
-101.318752
-108.287767
-113.648547
-119.009328
-126.514420
-135.091669
-145.277152
-153.318323
-159.751260
-152.782245
-140.452450
-134.555591
-131.875201
-133.483435
-154.390479
-173.153211
-194.596333
-206.390050
-210.142597
-218.719846
-217.111611
-225.152782
-248.204139
-277.688431
-306.100568
-330.224081
-337.193095
-361.316608
-382.759730
-410.635789
-448.161252
-470.676531
-491.583575
-498.016511
-496.408277
-499.624745
-509.274150
-518.387477
-536.078053
-549.480004
-556.985097
-560.737643
-550.552160
-539.294521
-527.500804
-515.707087
-505.521604
-487.294950
-468.532218
-441.192238
-412.244023
-384.367964
-350.595047
-308.780959
-263.750402
-204.781816
-139.916372
-83.092098
-33.236839
0.536078
38.061542
77.195240
129.194811
187.627319
253.564919
307.708802
344.698188
373.646403
402.058540
438.511847
478.717701
518.923555
546.263536
576.819985
599.335263
621.314463
651.870912
674.386191
687.252064
684.571674
681.355205
667.417176
654.015225
644.365820
643.293664
654.551303
645.974054
621.850541
582.180766
524.284336
476.037311
443.336550
414.388335
387.584432
368.821700
330.760159
287.337836
245.523748
198.884958
152.782245
114.720703
79.339552
46.102713
18.226654
-10.185483
-30.556449
-51.999571
-67.009757
-86.844645
-110.432079
-142.596762
-179.586148
-207.462206
-225.688860
-226.224938
-216.575533
-206.926128
-209.070441
-224.080626
-245.523748
-258.389622
-265.358636
-268.575105
-256.781387
-246.595904
-229.441407
-219.255924
-212.286909
-205.317894
-213.359065
-220.328080
-228.905329
-223.544548
-216.039455
-209.070441
-196.740645
-175.297523
-153.854401
-132.411279
-122.761874
-128.122655
-137.772060
-147.421465
-147.421465
-135.627747
-121.689718
-106.679533
-104.535220
-117.937172
-134.555591
-164.575962
-186.555162
-210.142597
-232.657875
-254.100997
-270.719417
-283.049212
-299.667632
-309.853115
-322.182910
-332.368393
-345.234266
-365.069154
-378.471105
-391.873057
-394.017369
-387.584432
-366.141310
-340.945642
-324.327222
-300.739788
-283.585290
-266.966870
-246.059826
-218.183768
-189.771631
-156.534791
-112.576391
-70.762303
-15.010185
36.989386
86.308567
146.885387
194.060255
231.585719
269.111183
308.244880
345.234266
394.553447
442.800472
487.831028
533.397663
566.098424
592.366249
612.201136
628.283478
633.644259
641.685429
642.221507
642.221507
642.221507
641.149351
628.819556
602.015653
573.067439
537.150209
496.944355
454.594189
411.171867
374.182481
335.048783
301.275866
267.502948
219.792002
172.081055
107.751689
45.566635
-8.041171
-54.143883
-92.205425
-122.225796
-149.565777
-179.050070
-206.926128
-236.946499
-262.142168
-283.049212
-308.244880
-322.718988
-332.368393
-322.718988
-307.172724
-292.162539
-262.142168
-240.162968
-230.513563
-225.152782
-210.678675
-189.771631
-171.544977
-136.163825
-99.174440
-63.793288
-27.876059
-8.041171
5.360781
23.051356
36.453308
41.278010
46.102713
57.896430
62.185054
68.081913
85.236410
93.277581
93.277581
73.442693
43.422322
6.969015
-23.587434
-51.999571
-74.514849
-97.030128
-127.050499
-144.204996
-167.256353
-204.245738
-244.451592
-288.946071
-328.615846
-358.100139
-377.935027
-390.800901
-394.017369
-400.986384
-405.811086
-412.780101
-420.821272
-427.254208
-433.151067
-425.109896
-419.213037
-397.233837
-369.357778
-339.337408
-318.966442
-302.884100
-279.296666
-261.606090
-239.626890
-208.534363
-169.936743
-124.906186
-76.123084
-32.700761
9.649405
45.566635
82.019942
120.617562
158.143026
196.740645
234.802187
272.863729
316.286051
355.419749
382.759730
412.780101
435.831457
454.058111
469.604374
481.934170
493.727887
512.490619
525.356492
530.717272
530.717272
522.676102
517.315321
505.521604
485.150638
467.460062
451.913799
438.511847
422.965584
405.811086
378.471105
338.265251
293.234695
249.812373
206.926128
165.648118
129.730889
93.813659
58.968586
35.917230
2.144312
-33.772917
-69.690147
-103.999142
-132.411279
-155.998713
-174.225367
-187.091240
-195.668489
-197.276723
-196.204567
-197.276723
-196.204567
-196.740645
-196.740645
-189.771631
-173.689289
-160.823416
-142.060684
-112.576391
-90.597191
-71.834459
-52.535649
-33.772917
-18.762732
-3.216468
16.082342
27.876059
34.308995
41.814088
40.741932
41.814088
41.278010
41.814088
36.989386
26.803903
11.257639
-17.690576
-46.102713
-75.050927
-103.463064
-127.050499
-143.668918
-168.328509
-189.771631
-210.678675
-243.379436
-271.791573
-300.203710
-332.368393
-357.564061
-386.512276
-407.955398
-420.285194
-435.831457
-444.944784
-445.480862
-444.944784
-447.089096
-455.666345
-459.954969
-453.522033
-438.511847
-410.635789
-382.759730
-350.595047
-313.605661
-286.801758
-250.348451
-216.039455
-173.689289
-136.699904
-88.988957
-34.845073
11.257639
58.968586
107.751689
162.431650
205.317894
244.451592
285.193524
328.615846
359.172295
388.656588
415.996569
452.449877
483.006326
499.624745
519.995711
536.078053
539.294521
538.758443
537.686287
528.036882
518.387477
509.274150
495.336121
475.501233
446.553018
419.213037
384.904042
351.131125
319.502520
282.513134
247.131982
209.070441
173.689289
138.308138
101.318752
70.762303
39.669776
11.257639
-15.546264
-47.174869
-63.793288
-84.700332
-101.854830
-112.040313
-120.617562
-131.339123
-135.091669
-134.555591
-134.555591
-135.091669
-132.947357
-123.834030
-111.504235
-100.782674
-91.669347
-79.339552
-64.865444
-50.927415
-35.381151
-23.051356
-13.401951
-4.288624
5.896859
10.721561
9.649405
10.721561
10.721561
10.721561
10.185483
-1.608234
-16.618420
-25.195668
-41.814088
-61.112898
-80.411708
-98.102284
-107.215611
-121.153640
-134.555591
-151.710089
-174.225367
-192.988099
-208.534363
-226.761016
-242.307280
-251.420607
-264.822558
-271.791573
-279.296666
-279.296666
-279.832744
-279.832744
-279.832744
-279.832744
-279.832744
-279.296666
-279.296666
-266.966870
-251.956685
-246.595904
-234.802187
-219.255924
-205.853972
-190.307709
-179.050070
-165.648118
-145.277152
-123.297952
-102.926986
-79.875630
-57.360352
-34.308995
-11.257639
11.257639
35.381151
52.535649
66.473679
84.164254
113.648547
140.988528
170.472821
198.884958
224.616704
242.307280
254.637075
265.894714
277.152353
289.482149
299.667632
320.038598
337.729173
358.100139
362.924842
361.852686
360.780530
342.553876
320.038598
302.348022
293.234695
283.585290
274.471963
267.502948
259.461778
243.915514
217.647690
171.544977
134.555591
101.854830
70.762303
58.432508
46.638791
39.669776
23.587434
4.288624
-21.979200
-61.648976
-97.030128
-116.865016
-129.194811
-135.091669
-134.555591
-135.091669
-135.091669
-134.555591
-136.163825
-150.101855
-156.534791
-153.854401
-145.277152
-126.514420
-106.143454
-83.092098
-65.937601
-50.927415
-33.772917
-27.876059
-14.474107
4.288624
19.298810
34.845073
51.999571
61.648976
78.267396
79.875630
70.762303
65.401522
56.288196
50.927415
41.814088
41.814088
37.525464
22.515278
4.824702
-15.010185
-30.556449
-45.030556
-58.432508
-76.659162
-95.957971
-115.256781
-134.019513
-153.318323
-172.081055
-191.915943
-209.606519
-220.864158
-227.297094
-236.410421
-238.018656
-240.162968
-249.276295
-251.420607
-263.750402
-269.647261
-268.039026
-254.100997
-227.297094
-198.884958
-171.544977
-153.318323
-136.163825
-125.442264
-113.648547
-94.885815
-72.906615
-42.350166
-5.896859
32.700761
63.257210
91.133269
109.896001
122.225796
131.875201
147.421465
166.720274
188.163397
209.606519
231.049641
249.276295
263.750402
270.719417
265.894714
258.389622
251.420607
239.090812
227.833173
227.833173
223.544548
216.039455
205.853972
176.905757
155.998713
124.906186
92.205425
76.123084
62.185054
42.886244
28.412137
14.474107
-3.216468
-23.587434
-38.597620
-48.247025
-61.112898
-63.257210
-72.906615
-71.834459
-77.731318
-85.236410
-78.803474
-71.834459
-72.370537
-72.370537
-72.906615
-66.473679
-49.855259
-41.278010
-40.741932
-31.092527
-21.443122
-20.907044
-17.690576
-2.680390
11.257639
22.515278
34.308995
45.566635
41.814088
46.102713
52.535649
40.205854
48.247025
51.463493
55.216039
63.257210
61.112898
63.793288
57.360352
50.391337
40.741932
24.659590
20.370966
14.474107
3.216468
0.000000
0.000000
1.072156
-2.144312
-15.546264
-26.267825
-37.525464
-49.319181
-46.638791
-48.247025
-54.143883
-60.040742
-68.081913
-72.370537
-75.050927
-87.380723
-92.205425
-98.638362
-103.463064
-106.679533
-114.720703
-113.648547
-113.648547
-114.720703
-111.504235
-103.463064
-103.999142
-103.463064
-94.349737
-93.277581
-77.731318
-72.906615
-69.690147
-62.185054
-53.607805
-40.205854
-30.556449
-14.474107
-9.113327
0.000000
-1.072156
5.360781
15.010185
24.659590
33.772917
46.638791
54.143883
62.185054
72.906615
72.370537
72.906615
72.370537
72.906615
72.370537
72.906615
72.370537
72.906615
71.834459
73.978771
75.587005
65.401522
56.288196
46.102713
37.525464
26.803903
20.907044
20.907044
20.907044
19.834888
11.793717
9.649405
11.793717
2.680390
1.072156
-5.896859
-7.505093
1.608234
-1.608234
0.536078
-0.536078
0.536078
-0.536078
0.536078
-1.072156
3.752546
11.257639
6.432937
10.185483
10.721561
16.082342
24.123512
30.020371
38.597620
42.350166
41.278010
49.855259
58.968586
69.690147
72.370537
77.195240
83.628176
82.019942
92.741503
92.741503
93.813659
86.308567
80.947786
76.123084
67.009757
62.721132
55.752118
51.463493
43.422322
27.339981
15.010185
4.824702
-9.113327
-24.123512
-33.236839
-48.783103
-72.370537
-82.019942
-88.452879
-99.174440
-104.535220
-116.865016
-127.586577
-139.380294
-151.174011
-155.462635
-155.998713
-154.926557
-156.534791
-151.710089
-143.668918
-136.699904
-125.442264
-124.906186
-117.937172
-102.390908
-91.133269
-80.411708
-61.648976
-48.247025
-40.741932
-27.339981
-12.865873
1.608234
12.865873
19.834888
27.876059
32.164683
39.133698
49.319181
54.679961
65.937601
72.370537
72.906615
72.370537
73.442693
66.473679
61.112898
62.721132
61.648976
62.721132
60.040742
52.535649
45.030556
35.917230
26.267825
18.762732
11.793717
5.360781
-5.360781
-10.721561
-10.721561
-9.649405
-15.546264
-14.474107
-8.041171
-17.154498
-21.443122
-20.370966
-20.907044
-19.834888
-21.443122
-16.082342
-10.185483
0.000000
-5.360781
-3.752546
0.536078
5.360781
11.793717
16.618420
21.979200
29.484293
32.164683
37.525464
49.855259
51.463493
51.999571
59.504664
64.329366
60.576820
64.329366
72.370537
72.370537
72.370537
72.906615
71.834459
73.442693
69.690147
61.112898
63.257210
58.432508
50.927415
52.535649
42.886244
41.814088
41.278010
41.814088
33.236839
23.587434
17.154498
7.505093
-2.680390
-10.185483
-11.257639
-19.298810
-26.267825
-31.628605
-30.556449
-36.989386
-47.710947
-53.071727
-62.185054
-62.185054
-61.648976
-61.112898
-51.999571
-51.999571
-51.463493
-51.999571
-50.927415
-42.350166
-40.205854
-41.814088
-40.741932
-42.350166
-35.381151
-30.020371
-32.164683
-25.195668
-17.690576
-10.185483
-10.721561
-9.649405
-13.938029
-11.257639
-9.649405
-10.721561
-10.185483
-10.721561
-10.185483
-10.721561
-10.185483
-10.185483
-10.185483
-10.185483
-10.721561
-10.185483
-18.762732
-20.907044
-20.370966
-21.443122
-20.370966
-20.907044
-20.907044
-21.443122
-20.370966
-27.876059
-32.700761
-30.556449
-33.236839
-34.308995
-24.123512
-19.834888
-21.443122
-19.834888
-11.257639
-19.298810
-21.443122
-19.834888
-20.907044
-11.257639
-10.185483
-10.721561
-10.185483
-10.185483
-10.721561
-3.216468
1.072156
-1.072156
5.360781
12.329795
19.298810
26.803903
36.989386
48.783103
55.752118
62.721132
61.112898
65.937601
74.514849
80.947786
85.772488
92.741503
93.813659
102.390908
104.535220
94.885815
92.741503
93.277581
93.813659
92.741503
93.813659
90.597191
79.875630
72.370537
69.690147
57.896430
52.535649
47.174869
33.772917
27.876059
18.762732
8.041171
0.000000
-12.865873
-26.267825
-37.525464
-42.886244
-52.535649
-60.576820
-64.329366
-71.298381
-76.123084
-83.092098
-84.164254
-93.813659
-92.741503
-93.813659
-87.916801
-81.483864
-73.442693
-72.370537
-72.906615
-64.865444
-57.896430
-51.999571
-49.855259
-41.278010
-34.845073
-29.484293
-24.123512
-15.546264
-9.649405
-10.721561
-10.185483
-10.721561
-6.969015
2.144312
-1.608234
2.680390
6.432937
-1.072156
10.185483
5.360781
-1.072156
11.257639
7.505093
0.000000
-0.536078
0.536078
-0.536078
1.608234
-5.360781
-9.649405
-16.618420
-20.907044
-24.659590
-32.164683
-31.092527
-31.092527
-31.628605
-30.556449
-33.236839
-24.659590
-24.123512
-32.164683
-31.092527
-31.092527
-31.628605
-23.051356
-20.907044
-19.298810
-10.185483
-10.185483
-10.721561
-7.505093
0.000000
1.608234
9.113327
16.082342
21.443122
27.876059
39.133698
41.814088
49.855259
63.793288
53.607805
54.143883
62.185054
70.226225
72.370537
78.803474
84.164254
82.556020
86.308567
82.556020
82.556020
83.092098
82.019942
74.514849
71.834459
73.978771
68.617991
61.648976
62.185054
54.679961
50.927415
47.174869
37.525464
32.700761
26.267825
20.370966
18.762732
10.185483
9.649405
0.536078
0.536078
-1.608234
-10.185483
-16.618420
-21.979200
-20.370966
-21.979200
-30.556449
-31.628605
-31.092527
-30.556449
-38.061542
-41.814088
-41.278010
-41.278010
-41.814088
-39.669776
-47.174869
-48.247025
-39.669776
-42.350166
-40.205854
-42.886244
-39.669776
-48.783103
-47.174869
-40.205854
-41.278010
-41.814088
-31.092527
-35.917230
-38.597620
-35.381151
-34.308995
-28.948215
-33.236839
-27.339981
-20.370966
-21.443122
-17.690576
-8.577249
-17.154498
-16.618420
-8.577249
-13.938029
-21.443122
-11.793717
-9.649405
-10.721561
-10.721561
-10.185483
-13.938029
-21.979200
-19.298810
-20.907044
-20.370966
-20.907044
-20.370966
-20.907044
-20.907044
-20.907044
-30.556449
-31.092527
-39.133698
-41.814088
-41.278010
-40.205854
-30.556449
-31.628605
-21.443122
-20.907044
-20.370966
-21.443122
-18.226654
-9.649405
-2.144312
1.072156
9.113327
19.834888
21.443122
34.845073
42.350166
40.205854
46.638791
53.071727
51.463493
54.143883
63.793288
72.370537
72.370537
77.731318
85.236410
77.731318
72.370537
72.370537
72.906615
71.834459
73.442693
69.690147
62.185054
61.112898
53.071727
48.783103
41.278010
33.772917
30.020371
32.700761
25.731747
19.834888
14.474107
8.577249
3.216468
-5.896859
-10.185483
-16.618420
-21.443122
-20.370966
-20.370966
-23.051356
-23.051356
-19.834888
-21.443122
-20.370966
-21.443122
-19.298810
-10.721561
-10.721561
-10.185483
-10.185483
-10.185483
-10.721561
-7.505093
0.536078
-0.536078
0.000000
10.185483
10.185483
11.793717
16.618420
9.113327
10.721561
9.649405
0.000000
0.000000
-0.536078
0.536078
-1.608234
-8.577249
-16.618420
-20.907044
-27.876059
-32.164683
-30.020371
-39.669776
-42.350166
-50.391337
-54.679961
-62.185054
-61.648976
-62.721132
-61.648976
-66.473679
-73.442693
-71.298381
-73.442693
-63.793288
-62.721132
-59.504664
-51.463493
-52.535649
-51.463493
-51.463493
-41.814088
-33.236839
-29.484293
-21.979200
-17.690576
-10.185483
-3.216468
4.288624
10.721561
18.762732
28.948215
31.628605
31.092527
40.205854
41.814088
40.741932
41.814088
50.391337
52.535649
51.999571
51.999571
51.463493
51.999571
50.927415
42.350166
40.741932
42.350166
33.772917
30.020371
31.628605
23.051356
12.865873
9.649405
10.721561
9.649405
10.721561
10.185483
10.721561
10.185483
11.257639
7.505093
-1.072156
0.536078
-0.536078
0.536078
-0.536078
0.536078
-1.608234
3.752546
10.185483
10.721561
9.649405
14.474107
20.907044
20.907044
20.370966
24.123512
31.628605
30.556449
31.628605
31.092527
41.278010
35.917230
29.484293
32.700761
27.339981
20.907044
20.370966
21.979200
13.401951
10.185483
2.144312
-0.536078
1.072156
-0.536078
0.536078
0.000000
0.000000
-9.113327
-11.257639
-9.649405
-17.154498
-21.443122
-20.907044
-20.907044
-20.907044
-19.834888
-25.195668
-32.164683
-30.556449
-31.628605
-30.556449
-31.092527
-31.092527
-31.092527
-31.092527
-30.556449
-31.092527
-30.556449
-31.628605
-21.979200
-28.412137
-25.195668
-19.298810
-21.443122
-19.834888
-21.443122
-19.834888
-20.907044
-20.907044
-20.907044
-20.907044
-20.907044
-20.907044
-20.907044
-20.907044
-28.948215
-31.628605
-19.834888
-24.659590
-25.731747
-20.370966
-20.370966
-11.257639
-9.649405
-18.762732
-18.226654
-8.041171
-15.546264
-21.979200
-13.401951
-9.649405
-10.721561
-9.649405
-10.721561
-10.185483
-11.257639
-9.113327
-0.536078
0.000000
-0.536078
0.000000
0.000000
0.536078
8.577249
10.721561
9.649405
13.938029
21.443122
20.370966
21.443122
30.556449
31.092527
31.092527
31.092527
31.092527
39.669776
41.278010
41.278010
41.814088
41.278010
41.278010
41.278010
41.814088
41.278010
49.855259
52.535649
51.463493
52.535649
50.927415
52.535649
50.391337
55.216039
60.576820
51.999571
44.494478
40.741932
41.814088
42.350166
34.845073
40.205854
36.989386
30.020371
25.731747
16.082342
10.721561
9.649405
11.257639
3.752546
-0.536078
0.536078
-1.072156
-9.649405
-19.834888
-19.834888
-24.659590
-32.700761
-39.669776
-42.350166
-40.205854
-42.350166
-39.669776
-50.391337
-50.391337
