83.841463
84.385889
83.841463
83.841463
84.385889
83.841463
84.385889
81.119338
69.141986
62.608885
63.153310
63.153310
62.608885
63.697735
62.608885
63.153310
62.608885
63.697735
57.709059
51.175958
53.898084
51.175958
54.442509
47.364983
41.920732
39.198606
29.943380
32.121080
31.032230
32.121080
30.487805
32.665505
27.221254
20.688153
21.777003
11.977352
10.888502
4.355401
-3.810976
-10.888502
-10.344077
-16.332753
-28.310105
-32.665505
-31.576655
-37.565331
-49.542683
-61.520035
-71.864111
-74.041812
-78.397213
-91.463415
-93.641115
-102.351916
-105.074042
-111.062718
-117.051394
-114.873693
-115.962544
-106.707317
-103.440767
-94.729965
-94.185540
-85.474739
-80.574913
-68.597561
-63.153310
-60.431185
-53.353659
-48.453833
-41.376307
-42.465157
-34.298780
-26.676829
-20.143728
-21.232578
-21.777003
-13.066202
-9.799652
-11.432927
-9.799652
-11.432927
-3.266551
0.544425
8.166376
11.977352
21.232578
30.487805
40.831882
41.920732
45.731707
53.898084
53.898084
64.242160
62.064460
64.242160
60.431185
52.264808
52.264808
53.353659
46.820557
40.831882
42.465157
41.920732
41.920732
50.631533
53.353659
62.608885
62.608885
65.875436
69.141986
62.608885
63.153310
62.608885
62.608885
63.697735
56.620209
51.720383
52.264808
41.920732
51.720383
43.009582
45.731707
53.353659
52.264808
52.809233
52.264808
52.809233
51.720383
44.098432
41.376307
42.465157
41.376307
43.009582
37.565331
29.943380
23.410279
17.966028
11.432927
6.533101
-1.088850
-7.621951
-21.232578
-32.121080
-43.554007
-58.253484
-68.597561
-81.663763
-97.996516
-104.529617
-109.973868
-115.962544
-115.962544
-114.873693
-120.862369
-125.762195
-115.962544
-115.418118
-117.051394
-111.062718
-104.529617
-105.618467
-106.162892
-100.718641
-93.096690
-84.930314
-84.385889
-75.675087
-73.497387
-68.597561
-56.620209
-50.631533
-42.465157
-39.743031
-28.310105
-21.777003
-17.421603
-9.255226
-1.633275
1.633275
10.344077
20.688153
29.943380
33.209930
42.465157
51.720383
52.809233
60.431185
66.964286
64.242160
63.153310
63.153310
56.075784
48.453833
42.465157
41.376307
46.820557
53.898084
52.264808
53.353659
52.264808
55.531359
64.786585
57.164634
59.886760
63.697735
62.608885
63.697735
62.608885
63.153310
53.898084
52.264808
53.353659
51.720383
53.353659
51.720383
53.898084
62.608885
59.886760
61.520035
68.053136
74.041812
72.952962
73.497387
73.497387
73.497387
72.952962
64.786585
62.064460
64.242160
56.075784
51.720383
44.642857
41.376307
37.020906
27.221254
22.321429
11.432927
0.544425
-11.977352
-25.587979
-41.376307
-52.264808
-68.053136
-83.297038
-91.463415
-97.996516
-108.340592
-115.418118
-123.584495
-126.306620
-127.939895
-137.739547
-135.561847
-137.739547
-130.117596
-125.762195
-126.851045
-125.762195
-116.506969
-115.962544
-114.873693
-103.985192
-94.729965
-84.930314
-84.385889
-81.663763
-68.597561
-63.697735
-60.431185
-53.353659
-48.998258
-41.920732
-40.831882
-31.032230
-21.232578
-11.977352
-0.544425
14.699477
28.854530
31.576655
39.743031
50.087108
59.886760
64.242160
62.608885
64.242160
62.064460
53.898084
46.820557
41.376307
43.009582
41.376307
44.098432
52.264808
52.809233
52.264808
61.520035
63.153310
63.153310
63.153310
63.153310
71.319686
74.041812
72.952962
74.041812
72.408537
75.130662
69.141986
68.597561
74.586237
73.497387
73.497387
79.486063
85.474739
83.297038
83.841463
84.385889
84.385889
92.007840
95.274390
85.474739
83.841463
84.930314
76.763937
72.408537
65.331010
62.064460
57.709059
47.909408
42.465157
40.831882
32.121080
19.599303
4.355401
-4.355401
-20.143728
-30.487805
-45.731707
-63.153310
-76.219512
-91.463415
-100.174216
-110.518293
-123.040070
-132.839721
-143.183798
-148.083624
-146.994774
-146.994774
-148.083624
-145.905923
-151.894599
-151.350174
-145.905923
-138.828397
-136.106272
-137.195122
-127.395470
-121.406794
-111.062718
-101.807491
-94.185540
-85.474739
-69.141986
-61.520035
-53.898084
-47.909408
-39.743031
-32.665505
-28.310105
-20.688153
-13.610627
-2.722125
5.444251
17.966028
21.232578
29.398955
41.920732
50.631533
53.353659
52.264808
52.809233
52.809233
50.631533
42.465157
41.920732
42.465157
41.920732
42.465157
41.376307
42.465157
40.831882
43.554007
51.175958
55.531359
63.153310
63.153310
62.608885
65.875436
75.130662
72.952962
73.497387
73.497387
73.497387
73.497387
74.041812
82.752613
84.930314
83.841463
84.930314
83.297038
89.830139
95.818815
94.185540
95.274390
94.729965
94.729965
94.729965
94.729965
94.729965
94.185540
94.729965
92.007840
81.119338
72.952962
74.041812
67.508711
57.709059
47.364983
40.287456
32.121080
20.143728
4.899826
-7.621951
-17.421603
-33.209930
-47.364983
-61.520035
-76.219512
-90.918990
-103.985192
-112.151568
-123.584495
-136.106272
-145.361498
-155.161150
-161.694251
-169.316202
-167.138502
-173.127178
-180.204704
-172.582753
-162.783101
-156.250000
-158.972125
-151.350174
-141.550523
-126.306620
-115.962544
-113.784843
-99.085366
-86.019164
-76.763937
-65.875436
-53.353659
-52.809233
-45.731707
-38.654181
-29.943380
-15.788328
-1.633275
13.066202
22.321429
27.765679
41.376307
51.175958
55.531359
63.153310
63.153310
62.064460
64.242160
57.164634
52.809233
45.731707
41.376307
41.376307
30.487805
34.843206
43.009582
41.376307
44.098432
51.175958
43.554007
49.542683
62.608885
55.531359
51.720383
62.064460
63.153310
70.230836
76.219512
66.419861
66.964286
75.130662
72.952962
73.497387
81.663763
84.930314
83.297038
94.729965
93.641115
99.085366
106.162892
105.074042
104.529617
106.162892
115.418118
115.962544
114.873693
115.962544
115.418118
116.506969
114.329268
104.529617
111.062718
107.796167
98.540941
94.185540
81.119338
71.319686
56.075784
36.476481
25.043554
1.088850
-22.321429
-43.009582
-65.875436
-86.563589
-111.062718
-141.006098
-155.161150
-177.482578
-201.437282
-219.403310
-235.736063
-248.257840
-258.057491
-267.857143
-281.467770
-284.189895
-284.189895
-284.734321
-276.023519
-272.756969
-262.957317
-237.913763
-222.125436
-207.970383
-182.382404
-161.149826
-142.639373
-116.506969
-88.196864
-74.041812
-50.087108
-21.232578
-0.544425
24.499129
46.276132
66.964286
86.563589
104.529617
129.028746
144.817073
160.060976
167.682927
170.405052
174.760453
167.682927
163.871951
151.894599
139.372822
120.317944
109.429443
94.729965
83.297038
74.041812
64.786585
53.898084
52.809233
45.731707
41.376307
41.376307
29.943380
21.232578
21.232578
19.599303
10.344077
10.344077
10.888502
9.799652
14.699477
22.321429
29.398955
37.020906
46.276132
60.975610
75.130662
90.374564
103.985192
118.684669
132.295296
149.172474
158.972125
170.949477
185.648955
199.259582
206.881533
215.592334
219.947735
224.303136
229.202962
225.391986
225.936411
215.047909
205.248258
198.170732
188.371080
160.605401
132.295296
102.896341
75.130662
39.198606
-3.266551
-43.009582
-84.385889
-121.951220
-161.149826
-200.892857
-242.269164
-280.923345
-310.322300
-347.887631
-379.464286
-407.774390
-432.273519
-445.884146
-467.116725
-473.105401
-474.194251
-468.750000
-454.594948
-446.428571
-425.740418
-396.341463
-360.409408
-323.932927
-283.645470
-234.647213
-190.004355
-152.439024
-104.529617
-58.797909
-15.788328
27.765679
62.064460
103.440767
142.639373
169.316202
195.993031
225.936411
247.168990
266.223868
283.645470
292.900697
295.622822
291.811847
281.467770
263.501742
239.547038
210.148084
181.293554
151.894599
123.584495
94.729965
64.786585
40.831882
22.865854
2.722125
-11.977352
-23.410279
-32.665505
-41.920732
-47.364983
-56.075784
-62.608885
-64.242160
-59.886760
-52.809233
-51.175958
-41.920732
-25.043554
-9.799652
5.444251
33.209930
62.064460
90.918990
112.151568
137.195122
168.771777
193.270906
215.592334
242.813589
264.046167
285.278746
299.433798
308.689024
319.577526
326.110627
330.466028
338.087979
332.099303
326.655052
312.500000
294.533972
281.467770
254.246516
225.936411
192.726481
149.172474
112.695993
60.975610
8.166376
-43.009582
-101.807491
-160.605401
-212.870209
-264.046167
-323.932927
-370.209059
-408.318815
-452.417247
-493.249129
-522.648084
-542.791812
-562.391115
-578.723868
-578.179443
-577.090592
-564.568815
-549.869338
-530.270035
-495.426829
-455.683798
-418.118467
-374.020035
-315.222125
-258.057491
-200.348432
-142.094948
-84.385889
-26.132404
32.665505
87.652439
132.839721
172.038328
212.870209
252.068815
273.301394
295.622822
316.855401
329.921603
336.454704
336.454704
329.921603
312.500000
295.078397
269.490418
241.724739
205.248258
161.694251
133.384146
96.363240
63.697735
35.932056
13.066202
-8.166376
-24.499129
-42.465157
-54.986934
-62.064460
-70.775261
-74.041812
-73.497387
-66.964286
-55.531359
-47.364983
-25.587979
-1.633275
20.143728
50.087108
78.941638
107.251742
143.728223
177.482578
209.603659
250.979965
284.189895
314.133275
341.898955
372.931185
396.341463
418.118467
437.173345
451.328397
462.216899
468.205575
466.027875
461.128049
464.394599
449.150697
427.918118
405.052265
385.452962
356.598432
311.955575
253.157666
185.648955
127.939895
58.253484
-20.688153
-109.973868
-199.804007
-289.089721
-370.209059
-456.228223
-547.147213
-630.988676
-694.686411
-750.762195
-811.193380
-860.736063
-884.146341
-902.656794
-917.900697
-932.600174
-922.256098
-889.590592
-863.458188
-841.681185
-805.749129
-740.962544
-670.731707
-602.134146
-526.459059
-442.073171
-346.254355
-256.424216
-165.505226
-66.419861
32.665505
124.128920
192.726481
249.891115
308.689024
364.220383
400.696864
418.118467
424.651568
431.729094
440.439895
433.362369
407.774390
379.464286
359.864983
332.099303
293.989547
248.802265
212.870209
174.216028
125.217770
74.586237
25.587979
-3.810976
-23.410279
-42.465157
-66.964286
-71.864111
-55.531359
-30.487805
-4.355401
15.788328
54.986934
99.629791
147.539199
191.093206
234.647213
282.012195
331.010453
373.475610
412.129791
451.328397
501.415505
550.413763
582.534843
612.478223
650.587979
694.686411
732.796167
746.406794
753.484321
769.817073
779.072300
774.172474
747.495645
717.552265
689.786585
656.032230
599.956446
541.158537
493.793554
448.606272
378.375436
280.923345
185.648955
90.918990
-3.810976
-124.673345
-262.957317
-404.507840
-530.814460
-642.421603
-768.728223
-899.390244
-1009.364111
-1090.483449
-1165.069686
-1233.122822
-1290.287456
-1310.431185
-1311.520035
-1318.597561
-1327.308362
-1298.998258
-1240.200348
-1177.047038
-1135.126307
-1093.205575
-1008.275261
-896.123693
-784.516551
-692.508711
-579.812718
-428.462544
-274.390244
-149.716899
-15.243902
131.206446
271.668118
369.120209
439.895470
505.226481
564.024390
591.790070
578.179443
534.081010
489.982578
463.305749
415.940767
341.898955
267.857143
208.514808
167.138502
124.128920
66.419861
28.310105
8.166376
-16.332753
-45.731707
-78.941638
-95.818815
-93.096690
-100.718641
-119.773519
-127.939895
-99.085366
-44.642857
0.000000
35.932056
95.818815
199.804007
308.689024
400.152439
480.182927
578.179443
682.164634
757.839721
808.471254
866.180314
933.144599
978.331882
990.853659
987.042683
1000.653310
1031.685540
1041.485192
1013.175087
990.853659
981.598432
970.165505
933.689024
877.613240
832.425958
783.972125
707.208188
620.100174
532.447735
449.150697
360.409408
239.002613
98.540941
-44.098432
-164.416376
-283.101045
-436.628920
-615.744774
-782.883275
-913.000871
-1027.330139
-1156.903310
-1291.376307
-1389.917247
-1450.348432
-1503.157666
-1558.144599
-1577.199477
-1545.622822
-1509.146341
-1493.902439
-1456.337108
-1357.796167
-1234.756098
-1134.037456
-1059.995645
-963.632404
-808.471254
-643.510453
-507.404181
-374.020035
-211.236934
-31.032230
135.561847
280.378920
437.173345
587.434669
710.474739
785.605401
833.514808
873.802265
883.601916
854.202962
771.450348
649.499129
528.636760
413.763066
276.023519
117.595819
-51.175958
-190.548780
-287.456446
-387.630662
-485.627178
-541.702962
-565.657666
-568.379791
-577.090592
-565.657666
-496.515679
-401.785714
-342.987805
-303.789199
-219.947735
-86.019164
37.020906
114.329268
190.548780
316.855401
463.850174
587.979094
682.709059
807.382404
960.910279
1092.661150
1183.580139
1270.143728
1386.650697
1489.547038
1526.023519
1516.768293
1515.135017
1523.845819
1512.957317
1447.081882
1349.629791
1264.155052
1191.202091
1111.171603
1013.719512
885.235192
760.561847
659.298780
532.447735
382.186411
247.168990
136.106272
4.355401
-188.915505
-415.396341
-577.635017
-684.342334
-844.403310
-1087.761324
-1316.419861
-1444.904181
-1516.768293
-1653.418990
-1812.935540
-1886.977352
-1887.521777
-1904.943380
-1952.308362
-1933.797909
-1817.835366
-1702.417247
-1666.485192
-1607.142857
-1438.915505
-1197.190767
-1023.519164
-930.966899
-779.616725
-541.702962
-297.256098
-105.618467
75.130662
290.178571
517.748258
702.308362
858.558362
1013.175087
1155.270035
1252.177700
1241.289199
1183.580139
1117.160279
1026.785714
886.324042
639.699477
337.543554
76.763937
-131.750871
-348.976481
-608.122822
-864.002613
-1021.341463
-1102.460801
-1181.402439
-1258.166376
-1254.899826
-1171.602787
-1103.005226
-1065.984321
-965.265679
-754.028746
-522.648084
-396.341463
-287.456446
-67.508711
239.002613
495.971254
654.943380
844.947735
1108.449477
1357.251742
1522.756969
1658.318815
1836.345819
1989.873693
2054.660279
2073.715157
2116.180314
2181.511324
2192.399826
2106.925087
1993.684669
1928.898084
1879.899826
1774.825784
1601.698606
1409.516551
1246.733449
1106.271777
933.689024
713.196864
485.082753
302.155923
122.495645
-99.085366
-318.488676
-475.283101
-592.878920
-787.783101
-1055.095819
-1243.466899
-1299.542683
-1392.639373
-1619.664634
-1855.400697
-1944.141986
-1929.986934
-2006.750871
-2160.823171
-2190.222125
-2105.836237
-2049.760453
-2054.660279
-1984.973868
-1762.848432
-1549.978223
-1444.359756
-1339.285714
-1097.016551
-764.372822
-521.014808
-385.452962
-207.425958
63.153310
333.188153
535.714286
714.830139
909.189895
1089.939024
1242.922474
1369.773519
1478.114111
1535.278746
1520.579268
1430.749129
1254.899826
1024.608014
762.195122
464.939024
68.053136
-418.662892
-874.891115
-1204.268293
-1480.836237
-1804.769164
-2103.658537
-2228.331882
-2197.844077
-2131.968641
-2060.104530
-1892.966028
-1612.042683
-1343.641115
-1131.315331
-881.968641
-540.614111
-224.847561
-9.799652
175.849303
467.116725
829.159408
1120.426829
1365.418118
1655.596690
1992.051394
2294.751742
2551.175958
2778.201220
2970.927700
3077.090592
3098.323171
3083.623693
3040.614111
2931.729094
2742.269164
2522.865854
2298.018293
2065.548780
1835.256969
1594.621080
1336.563589
1069.795296
828.070557
624.455575
402.330139
138.828397
-139.917247
-389.263937
-631.533101
-884.146341
-1112.804878
-1312.608885
-1540.722997
-1808.580139
-2002.939895
-2057.926829
-2096.581010
-2244.664634
-2405.814460
-2402.547909
-2264.808362
-2194.033101
-2192.399826
-2105.836237
-1906.032230
-1744.337979
-1656.141115
-1478.114111
-1174.324913
-920.078397
-816.093206
-683.797909
-381.641986
-29.398955
185.104530
304.333624
488.893728
748.040070
971.798780
1134.037456
1285.932056
1414.960801
1487.913763
1511.324042
1532.556620
1510.779617
1404.072300
1211.890244
929.333624
567.835366
158.972125
-244.991289
-640.788328
-1132.948606
-1717.661150
-2164.089721
-2394.925958
-2553.353659
-2747.713415
-2872.931185
-2768.945993
-2508.166376
-2263.719512
-2003.484321
-1606.598432
-1147.648084
-800.849303
-539.525261
-199.259582
219.947735
559.668990
737.695993
927.700348
1215.701220
1539.634146
1827.635017
2090.047909
2368.793554
2652.439024
2907.229965
3122.277875
3288.327526
3364.002613
3363.458188
3299.216028
3156.576655
2927.918118
2673.671603
2432.491289
2190.222125
1890.788328
1584.821429
1378.484321
1226.045296
1046.929443
831.337108
645.688153
475.827526
236.824913
-81.119338
-391.441638
-684.886760
-1013.719512
-1357.251742
-1707.861498
-2062.826655
-2375.871080
-2547.364983
-2588.196864
-2671.493902
-2827.199477
-2865.309233
-2672.038328
-2404.181185
-2287.129791
-2221.254355
-2012.739547
-1741.615854
-1584.277003
-1486.280488
-1247.822300
-929.333624
-781.794425
-745.317944
-537.891986
-103.985192
273.301394
435.540070
594.512195
903.745645
1263.066202
1511.324042
1679.006969
1826.001742
1895.143728
1855.945122
1790.614111
1718.205575
1551.611498
1226.045296
810.648955
368.575784
-141.006098
-664.198606
-1146.014808
-1635.452962
-2225.609756
-2790.722997
-3099.412021
-3160.932056
-3215.918990
-3299.760453
-3205.030488
-2840.810105
-2379.682056
-1987.695993
-1527.112369
-966.354530
-464.394599
-132.839721
182.382404
597.778746
970.709930
1151.459059
1246.189024
1427.482578
1686.628920
1939.242160
2166.267422
2399.281359
2631.206446
2850.065331
3073.824042
3258.384146
3310.104530
3234.973868
3112.478223
2972.016551
2722.669861
2385.670732
2091.136760
1875.544425
1649.063589
1432.926829
1328.397213
1318.597561
1274.499129
1183.035714
1142.203833
1130.770906
996.297909
659.298780
273.301394
-93.641115
-483.993902
-905.923345
-1342.552265
-1808.035714
-2320.884146
-2686.737805
-2735.736063
-2712.325784
-2875.108885
-3084.712544
-3019.925958
-2669.860627
-2424.869338
-2401.459059
-2299.107143
-2061.193380
-1937.608885
-1948.497387
-1803.680314
-1448.715157
-1226.589721
-1235.844948
-1129.682056
-635.344077
9.255226
440.984321
728.985192
1134.581882
1633.819686
2051.938153
2375.326655
2614.873693
2689.459930
2564.786585
2348.105401
2148.301394
1886.977352
1455.248258
930.966899
336.454704
-337.543554
-984.320557
-1467.225610
-1873.911150
-2422.147213
-3078.179443
-3483.231707
-3522.430314
-3475.609756
-3501.742160
-3443.488676
-3145.143728
-2719.947735
-2308.362369
-1808.035714
-1153.092334
-579.268293
-209.059233
135.561847
643.510453
1168.336237
1509.146341
1698.606272
1876.088850
2086.781359
2308.906794
2546.276132
2756.968641
2847.887631
2853.331882
2924.651568
3033.536585
3013.937282
2846.254355
2672.038328
2513.610627
2272.430314
1949.041812
1742.160279
1699.695122
1615.309233
1462.870209
1427.482578
1539.089721
1640.897213
1620.209059
1560.322300
1499.346690
1300.631533
920.078397
464.939024
-1.633275
-493.793554
-975.609756
-1404.616725
-1857.033972
-2390.570557
-2755.335366
-2715.592334
-2569.141986
-2719.947735
-3003.593206
-2962.216899
-2576.763937
-2346.472125
-2446.646341
-2479.856272
-2299.107143
-2204.921603
-2287.674216
-2195.666376
-1776.459059
-1415.505226
-1332.752613
-1142.748258
-504.682056
355.509582
1002.286585
1420.405052
1854.856272
2339.939024
2745.535714
3012.304007
3117.922474
2974.194251
2618.684669
2212.543554
1835.801394
1408.972125
897.756969
369.120209
-211.236934
-916.811847
-1570.121951
-1968.641115
-2268.074913
-2768.945993
-3450.566202
-3892.639373
-3907.883275
-3790.831882
-3733.667247
-3605.727352
-3233.885017
-2694.359756
-2121.624564
-1428.027003
-603.767422
144.817073
656.032230
1042.574042
1504.246516
2000.217770
2335.583624
2431.946864
2350.283101
2256.641986
2304.006969
2418.880662
2462.979094
2396.014808
2330.683798
2375.326655
2434.124564
2394.381533
2337.761324
2306.729094
2157.012195
1830.901568
1500.435540
1392.094948
1435.104530
1380.662021
1248.911150
1227.678571
1398.628049
1641.441638
1822.735192
1932.164634
1916.376307
1721.472125
1388.828397
958.732578
445.339721
-64.242160
-567.835366
-1198.279617
-1994.773519
-2721.036585
-2956.772648
-2822.299652
-2943.162021
-3422.256098
-3700.457317
-3407.012195
-2911.040941
-2788.545296
-2909.407666
-2810.322300
-2597.996516
-2527.221254
-2471.689895
-2140.679443
-1658.863240
-1427.482578
-1308.253484
-818.270906
120.862369
1088.305749
1728.005226
2160.278746
2629.573171
3148.954704
3574.150697
3732.578397
3527.330139
3061.846690
2526.132404
1980.074042
1404.616725
786.149826
189.459930
-409.407666
-1137.304007
-1855.400697
-2310.540070
-2582.208188
-2966.572300
-3575.239547
-4115.853659
-4274.281359
-4173.018293
-4036.367596
-3846.907666
-3469.076655
-2890.352787
-2186.955575
-1364.873693
-397.974739
535.714286
1268.510453
1793.336237
2196.755226
2590.374564
2879.464286
2925.195993
2717.225610
2356.271777
2090.047909
2004.573171
1919.642857
1769.381533
1661.585366
1663.763066
1748.693380
1778.636760
1787.347561
1844.512195
1808.035714
1586.454704
1298.453833
1129.137631
1116.615854
1107.360627
1089.939024
1199.368467
1421.493902
1714.939024
2067.726481
2427.591463
2684.560105
2709.059233
2480.400697
2097.125436
1490.635889
767.094948
172.038328
-458.405923
-1416.594077
-2641.550523
-3530.596690
-3605.727352
-3495.753484
-3874.673345
-4434.342334
-4477.351916
-3874.673345
-3323.715157
-3185.431185
-3028.636760
-2729.202962
-2514.699477
-2417.791812
-2151.023519
-1546.711672
-1021.885889
-829.159408
-580.901568
168.227352
1311.520035
2346.472125
2948.606272
3286.149826
3668.336237
4098.976481
4331.990418
4114.764808
3475.609756
2695.448606
1840.701220
914.634146
41.376307
-685.431185
-1316.419861
-2073.170732
-2935.540070
-3461.454704
-3568.162021
-3591.027875
-3841.463415
-4256.859756
-4375.544425
-4081.010453
-3640.570557
-3156.576655
-2663.327526
-2069.904181
-1325.675087
-487.804878
486.716028
1459.603659
2227.787456
2686.737805
2878.919861
3028.636760
3220.818815
3233.885017
2882.186411
2251.197735
1681.184669
1410.605401
1295.187282
1109.538328
909.734321
794.316202
822.626307
896.123693
947.299652
1071.972997
1146.014808
1007.730836
771.450348
689.786585
890.679443
1199.912892
1392.639373
1622.931185
2053.571429
2640.461672
3228.985192
3666.158537
3891.006098
3844.185540
3501.742160
2881.641986
1966.463415
824.804007
-230.836237
-1099.738676
-2102.569686
-3397.212544
-4527.983449
-4796.929443
-4434.886760
-4403.310105
-4797.473868
-4890.026132
-4290.069686
-3503.919861
-3216.463415
-3161.476481
-2861.498258
-2534.843206
-2361.171603
-2111.280488
-1437.282230
-538.436411
60.975610
522.648084
1337.108014
2590.918990
3810.431185
4467.007840
4582.970383
4549.216028
4533.972125
4299.869338
3556.729094
2409.625436
1228.222997
155.161150
-909.734321
-1845.601045
-2404.725610
-2637.195122
-2884.908537
-3307.382404
-3490.309233
-3251.851045
-3055.313589
-3212.652439
-3594.294425
-3787.020906
-3654.181185
-3423.889373
-3076.001742
-2519.599303
-1778.092334
-866.180314
158.427700
1295.187282
2454.268293
3357.469512
3842.552265
3907.883275
3708.623693
3408.645470
2935.540070
2155.923345
1165.614111
288.000871
-206.337108
-376.197735
-440.439895
-368.575784
-56.075784
409.407666
829.159408
1108.449477
1361.062718
1588.087979
1560.322300
1291.376307
1058.906794
1075.783972
1328.397213
1584.821429
1929.986934
2533.209930
3275.261324
3979.747387
4517.639373
4843.205575
4847.016551
4329.812718
3326.437282
1984.973868
435.540070
-1098.649826
-2406.903310
-3584.494774
-4825.783972
-5875.435540
-6125.326655
-5490.527003
-4788.763066
-4541.049652
-4273.736934
-3476.154181
-2426.502613
-1815.113240
-1700.783972
-1582.099303
-1414.416376
-1344.729965
-1211.890244
-764.372822
-41.920732
574.912892
1049.651568
1734.538328
2709.059233
3663.436411
4143.619338
3966.136760
3429.333624
2822.844077
2139.590592
1140.026132
-200.348432
-1481.925087
-2416.158537
-3059.124564
-3447.299652
-3424.978223
-2995.971254
-2480.945122
-2142.312718
-1780.814460
-1242.378049
-847.125436
-897.212544
-1306.620209
-1682.273519
-1778.092334
-1709.494774
-1558.689024
-1258.710801
-764.917247
-46.820557
776.350174
1560.866725
2217.987805
2630.662021
2670.405052
2350.827526
1813.479965
1227.678571
608.122822
-141.006098
-847.669861
-1229.311847
-1184.668990
-860.736063
-423.562718
107.251742
731.707317
1359.973868
1871.733449
2168.989547
2243.575784
2179.333624
2071.537456
1977.896341
1969.729965
2116.724739
2465.156794
2972.016551
3520.252613
4082.643728
4602.569686
4924.324913
4855.182927
4309.668990
3379.790941
2157.012195
541.158537
-1409.516551
-3271.994774
-4500.217770
-5047.364983
-5508.493031
-6061.084495
-6065.439895
-5022.321429
-3519.708188
-2608.885017
-2348.649826
-1943.597561
-1152.003484
-560.757840
-566.746516
-772.539199
-762.739547
-654.943380
-532.447735
-144.817073
665.287456
1542.356272
2066.093206
2288.218641
2581.119338
2992.160279
3055.313589
2357.360627
1098.105401
-97.452091
-935.866725
-1708.950348
-2599.085366
-3273.083624
-3382.513066
-3075.457317
-2651.894599
-2014.917247
-1061.628920
-156.250000
253.702091
253.702091
260.779617
254.790941
-161.694251
-1024.608014
-1894.599303
-2306.184669
-2241.398084
-1947.408537
-1513.501742
-896.123693
-72.952962
787.238676
1471.581010
1925.087108
2109.102787
1901.132404
1287.020906
520.470383
-56.075784
-422.473868
-796.493902
-1140.570557
-1103.005226
-519.381533
280.378920
940.766551
1432.382404
1886.977352
2256.641986
2378.593206
2246.842334
1990.962544
1723.649826
1468.314460
1330.574913
1502.068815
2021.450348
2731.925087
3401.567944
3972.125436
4524.716899
4942.835366
5000.000000
4539.416376
3622.060105
2414.525261
1011.541812
-472.016551
-1975.718641
-3405.923345
-4406.576655
-4640.679443
-4314.024390
-4038.545296
-3971.036585
-3574.150697
-2618.140244
-1775.370209
-1709.494774
-2080.792683
-2161.912021
-1859.211672
-1612.587108
-1545.078397
-1291.376307
-737.151568
-95.274390
576.001742
1331.663763
2114.002613
2571.864111
2469.512195
1999.673345
1504.790941
1091.572300
498.693380
-448.606272
-1429.115854
-1930.531359
-1881.533101
-1679.006969
-1527.112369
-1244.011324
-755.117596
-304.878049
-64.786585
65.875436
150.261324
-21.777003
-534.625436
-1102.460801
-1389.917247
-1490.091463
-1684.995645
-1955.574913
-2019.272648
-1676.829268
-1117.160279
-611.933798
-264.046167
2.177700
216.681185
322.299652
310.866725
296.711672
249.891115
64.786585
-154.072300
-172.038328
108.340592
426.284843
527.547909
516.114983
653.854530
940.222125
1149.825784
1112.804878
932.600174
849.303136
924.433798
1057.817944
1172.147213
1348.540941
1674.107143
2066.093206
2447.735192
2877.831010
3366.180314
3759.255226
3891.550523
3823.497387
3735.844948
3582.861498
3205.574913
2594.729965
1863.022648
1086.128049
280.378920
-541.702962
-1417.138502
-2314.351045
-2945.884146
-3030.270035
-2875.108885
-3069.468641
-3558.906794
-3687.935540
-3176.175958
-2637.739547
-2650.805749
-2829.921603
-2489.111498
-1624.020035
-773.083624
-239.547038
182.926829
648.410279
1025.152439
1238.567073
1331.663763
1343.096690
1127.504355
585.801394
-16.332753
-295.078397
-259.690767
-301.067073
-652.221254
-978.331882
-899.390244
-574.912892
-418.118467
-532.992160
-697.952962
-774.172474
-849.303136
-957.099303
-981.598432
-907.556620
-851.480836
-860.736063
-828.070557
-640.788328
-485.082753
-619.011324
-1024.063589
-1418.771777
-1580.466028
-1585.910279
-1622.386760
-1656.141115
-1507.513066
-1157.992160
-691.964286
-193.815331
293.989547
679.442509
853.114111
891.768293
907.012195
864.547038
701.763937
418.662892
176.393728
151.894599
315.222125
540.614111
737.151568
930.966899
1229.311847
1616.942509
1949.586237
2140.679443
2206.554878
2249.020035
2327.417247
2455.357143
2655.705575
2890.352787
3120.100174
3339.503484
3543.118467
3699.368467
3704.268293
3452.743902
2909.407666
2124.891115
1236.933798
352.787456
-636.977352
-1814.024390
-2838.087979
-3174.542683
-2816.310976
-2490.744774
-2684.015679
-2858.231707
-2377.504355
-1576.110627
-1319.686411
-1708.405923
-1880.988676
-1322.408537
-528.092334
-152.439024
-120.862369
52.264808
451.872822
754.028746
800.304878
710.474739
531.358885
107.251742
-519.381533
-979.965157
-1020.252613
-953.288328
-1177.047038
-1492.813589
-1405.161150
-854.202962
-368.031359
-297.800523
-344.076655
-178.027003
108.885017
166.594077
-69.686411
-314.677700
-415.396341
-474.738676
-596.689895
-680.531359
-679.986934
-756.206446
-1117.704704
-1579.377178
-1755.770906
-1657.229965
-1614.220383
-1736.716028
-1712.216899
-1315.875436
-763.283972
-355.509582
-44.642857
316.855401
680.531359
878.157666
912.456446
897.756969
793.771777
525.370209
223.758711
111.062718
253.702091
420.840592
461.672474
527.547909
812.826655
1288.109756
1712.761324
1896.232578
1923.998258
1988.240418
2085.692509
2163.545296
2197.844077
2283.318815
2499.455575
2760.779617
2997.604530
3140.243902
3099.412021
2828.832753
2334.494774
1700.783972
1008.819686
311.955575
-400.696864
-1163.436411
-1932.709059
-2411.258711
-2319.250871
-1885.888502
-1719.294425
-1995.317944
-2197.299652
-1901.676829
-1459.603659
-1464.503484
-1796.058362
-1773.192509
-1094.294425
-244.446864
164.416376
193.270906
250.435540
476.916376
653.310105
550.413763
284.189895
-53.898084
-508.493031
-956.554878
-1155.814460
-995.209059
-765.461672
-792.682927
-860.736063
-577.635017
-41.376307
272.756969
146.994774
-46.820557
21.232578
150.261324
23.954704
-300.522648
-524.825784
-567.835366
-587.434669
-622.277875
-576.001742
-538.436411
-760.017422
-1245.644599
-1694.250871
-1859.211672
-1859.756098
-1896.232578
-1890.788328
-1641.986063
-1116.615854
-542.791812
-99.629791
262.412892
608.667247
863.458188
929.333624
813.371080
632.077526
415.396341
152.439024
-29.398955
36.476481
280.923345
500.326655
618.466899
740.418118
1008.275261
1344.185540
1579.377178
1682.273519
1702.417247
1749.782230
1881.533101
2055.204704
2286.040941
2536.476481
2762.957317
2951.872822
3054.224739
3037.347561
2831.010453
2375.871080
1728.549652
1001.742160
363.131533
-134.472997
-603.222997
-1183.035714
-1762.848432
-1955.574913
-1575.021777
-1062.717770
-1103.549652
-1713.305749
-2202.199477
-2156.467770
-1975.174216
-2201.110627
-2586.019164
-2360.082753
-1330.030488
-168.771777
441.528746
572.190767
677.264808
860.191638
862.913763
529.725610
-22.321429
-605.945122
-1113.349303
-1377.395470
-1186.846690
-616.833624
-102.351916
86.563589
183.471254
498.148955
887.957317
884.146341
379.464286
-158.427700
-326.110627
-285.278746
-397.974739
-640.243902
-709.385889
-503.048780
-236.824913
-120.862369
-150.805749
-297.800523
-657.665505
-1222.778746
-1738.349303
-1968.096690
-1921.820557
-1782.992160
-1574.477352
-1172.147213
-570.557491
10.888502
415.940767
635.344077
740.418118
736.607143
575.457317
309.233449
38.109756
-130.117596
-158.427700
-14.699477
288.545296
689.786585
1014.263937
1163.436411
1200.457317
1235.300523
1293.009582
1278.854530
1193.924216
1107.360627
1161.803136
1399.716899
1737.260453
2123.257840
2497.822300
2793.989547
2969.838850
2981.816202
2783.645470
2394.381533
1873.911150
1281.032230
681.075784
173.127178
-164.960801
-432.273519
-809.015679
-1218.967770
-1316.964286
-1003.375436
-769.817073
-1165.069686
-2006.206446
-2582.208188
-2583.297038
-2456.990418
-2641.006098
-2739.547038
-2114.002613
-861.824913
197.626307
507.404181
372.386760
295.078397
302.155923
95.818815
-371.297909
-855.291812
-1143.292683
-1204.812718
-1004.464286
-503.593206
112.151568
471.472125
437.173345
298.344948
297.800523
299.433798
10.888502
-509.037456
-788.871951
-581.445993
-207.425958
-35.932056
-53.898084
11.432927
236.824913
351.698606
125.762195
-358.776132
-928.244774
-1509.690767
-2019.272648
-2270.797038
-2141.223868
-1735.082753
-1250.000000
-755.662021
-252.613240
184.560105
423.562718
407.229965
261.324042
101.807491
-40.287456
-130.117596
-145.905923
-84.385889
96.907666
411.040941
801.393728
1135.126307
1285.387631
1245.644599
1114.438153
973.432056
864.547038
832.425958
931.511324
1140.026132
1386.106272
1661.040941
2007.295296
2367.160279
2633.928571
2731.380662
2686.193380
2542.465157
2253.919861
1844.512195
1472.669861
1215.701220
995.753484
740.418118
501.959930
355.509582
138.283972
-330.466028
-883.057491
-1116.615854
-1037.129791
-1202.090592
-1908.754355
-2658.427700
-2789.089721
-2393.292683
-2138.501742
-2195.666376
-1956.663763
-1036.585366
25.043554
405.596690
53.353659
-361.498258
-415.396341
-347.887631
-524.825784
-833.514808
-969.076655
-859.102787
-614.655923
-292.356272
108.885017
406.141115
352.243031
58.253484
-107.251742
-43.554007
-8.166376
-196.537456
-364.764808
-181.293554
270.034843
555.313589
479.638502
230.291812
62.608885
-56.075784
-286.367596
-613.567073
-971.798780
-1285.387631
-1494.991289
-1507.513066
-1253.810976
-866.724739
-564.568815
-424.651568
-371.842334
-325.021777
-321.210801
-410.496516
-518.292683
-527.003484
-423.018293
-230.836237
32.121080
315.766551
512.304007
610.844948
686.520035
839.503484
1003.919861
990.853659
832.970383
727.896341
805.749129
1013.175087
1202.090592
1332.752613
1441.093206
1558.689024
1698.606272
1842.334495
1963.741289
2071.537456
2176.067073
2249.020035
2217.443380
2078.614983
1893.510453
1675.740418
1327.852787
833.514808
383.275261
118.684669
-83.841463
-444.795296
-854.747387
-912.456446
-593.423345
-474.738676
-1015.352787
-1896.232578
-2448.279617
-2484.211672
-2453.723868
-2638.283972
-2607.251742
-1900.043554
-811.193380
-103.440767
-70.230836
-298.344948
-372.931185
-357.687282
-491.071429
-758.928571
-966.354530
-1036.040941
-971.798780
-712.652439
-234.647213
192.726481
263.501742
46.820557
-93.641115
7.621951
99.629791
-46.276132
-271.668118
-221.581010
124.128920
409.952091
377.831010
187.282230
113.240418
130.117596
24.499129
-204.703833
-443.706446
-679.442509
-979.965157
-1257.621951
-1275.587979
-1009.908537
-693.053136
-521.559233
-473.649826
-412.129791
-309.233449
-273.845819
-321.210801
-341.354530
-261.868467
-109.429443
66.419861
277.656794
526.459059
721.907666
811.737805
841.681185
898.301394
934.777875
825.892857
637.521777
574.368467
754.028746
1067.073171
1325.130662
1494.991289
1649.063589
1796.602787
1871.189024
1817.290941
1732.905052
1724.738676
1789.525261
1846.689895
1865.744774
1896.232578
1937.064460
1821.101916
1419.860627
903.745645
515.570557
216.136760
-252.613240
-832.425958
-1094.294425
-829.703833
-524.825784
-788.871951
-1585.365854
-2261.541812
-2443.924216
-2421.602787
-2543.554007
-2655.161150
-2249.020035
-1326.763937
-456.228223
-120.317944
-232.469512
-382.730836
-436.628920
-545.513937
-776.350174
-1000.653310
-1071.428571
-1007.730836
-820.993031
-451.872822
39.198606
371.842334
340.810105
93.096690
-62.064460
-34.843206
-17.421603
-126.306620
-197.626307
-61.520035
168.771777
284.189895
251.524390
200.892857
158.972125
24.499129
-252.613240
-536.258711
-697.952962
-793.771777
-910.278746
-982.142857
-848.214286
-483.993902
-123.040070
-26.676829
-203.614983
-441.528746
-527.547909
-428.462544
-279.834495
-174.760453
-87.652439
65.331010
329.921603
622.277875
801.393728
798.671603
684.342334
623.911150
646.232578
685.431185
691.964286
700.130662
829.159408
1103.005226
1411.694251
1618.575784
1662.129791
1592.987805
1521.123693
1506.424216
1525.479094
1570.666376
1674.107143
1824.368467
1994.229094
2124.346690
2147.212544
1981.707317
1561.955575
964.721254
422.473868
52.809233
-247.168990
-563.479965
-714.830139
-472.016551
-126.306620
-316.310976
-1230.945122
-2298.562718
-2852.787456
-2899.063589
-2884.364111
-2886.541812
-2503.810976
-1572.844077
-569.468641
-137.739547
-385.452962
-806.837979
-1003.375436
-1030.596690
-1111.171603
-1255.988676
-1254.899826
-956.010453
-426.829268
148.628049
566.746516
629.355401
342.443380
-72.408537
-372.386760
-490.527003
-511.215157
-468.205575
-284.734321
95.274390
512.304007
705.030488
593.967770
343.532230
141.550523
13.610627
-126.306620
-354.420732
-611.933798
-788.871951
-780.705575
-585.256969
-329.921603
-166.594077
-163.871951
-277.112369
-409.952091
-544.425087
-644.054878
-592.878920
-365.853659
-39.198606
258.601916
473.105401
603.767422
653.854530
593.423345
463.850174
353.876307
314.677700
343.532230
407.229965
506.859756
693.597561
984.864983
1289.743031
1493.358014
1507.513066
1389.917247
1255.444251
1171.058362
1144.381533
1175.413763
1313.697735
1584.277003
1925.631533
2186.411150
2306.184669
2275.696864
2094.403310
1712.216899
1159.625436
619.011324
288.000871
137.739547
-37.020906
-233.558362
-200.892857
54.986934
63.153310
-625.544425
-1813.479965
-2782.012195
-3116.833624
-3019.925958
-2842.987805
-2560.975610
-1930.531359
-1050.195993
-412.674216
-406.141115
-880.335366
-1356.162892
-1576.110627
-1572.299652
-1465.047909
-1266.877178
-936.411150
-499.782230
-50.087108
328.832753
506.859756
339.176829
-140.461672
-671.276132
-885.235192
-707.752613
-345.165505
-11.432927
252.068815
522.103659
731.707317
692.508711
376.197735
-3.266551
-237.913763
-305.422474
-287.456446
-274.390244
-313.044425
-370.209059
-372.931185
-279.834495
-161.694251
-165.505226
-313.588850
-500.326655
-613.567073
-593.967770
-468.205575
-242.269164
48.453833
291.811847
413.218641
432.273519
420.840592
393.074913
326.110627
264.046167
290.178571
422.473868
604.856272
733.340592
814.459930
909.189895
1034.407666
1153.636760
1187.391115
1133.493031
1054.551394
1026.785714
1088.305749
1234.211672
1443.815331
1679.551394
1885.344077
2000.762195
2005.662021
1949.586237
1886.977352
1787.891986
1553.789199
1183.580139
824.259582
634.799652
619.555749
585.256969
382.730836
82.752613
-121.951220
-264.590592
-654.943380
-1471.036585
-2393.837108
-2869.664634
-2719.403310
-2257.730836
-1889.699477
-1675.740418
-1422.582753
-1091.572300
-915.178571
-1095.383275
-1523.301394
-1859.211672
-1841.245645
-1494.446864
-1052.373693
-707.208188
-460.583624
-210.148084
86.563589
284.189895
199.804007
-167.138502
-551.502613
-651.132404
-406.685540
-46.820557
228.658537
407.229965
506.315331
521.014808
409.407666
173.127178
-87.108014
-282.012195
-358.231707
-335.910279
-267.312718
-234.102787
-295.078397
-380.553136
-406.685540
-369.120209
-362.042683
-418.662892
-485.627178
-470.927700
-344.621080
-139.372822
92.007840
296.711672
414.307491
432.817944
430.640244
460.583624
508.493031
513.392857
503.048780
531.903310
638.610627
721.907666
708.297038
653.310105
628.266551
618.466899
556.946864
458.950348
385.997387
387.086237
435.540070
495.426829
566.746516
649.499129
708.297038
750.762195
789.416376
819.904181
811.193380
757.295296
717.007840
697.952962
673.998258
618.466899
541.158537
473.649826
468.750000
517.203833
563.479965
527.003484
379.464286
207.425958
120.317944
90.918990
-42.465157
-342.443380
-662.565331
-789.960801
-659.298780
-387.086237
-163.871951
-84.385889
-168.227352
-338.087979
-503.048780
-597.778746
-673.453833
-782.338850
-834.059233
-755.662021
-565.113240
-364.220383
-264.590592
-264.590592
-275.479094
-239.002613
-177.482578
-183.471254
-262.412892
-290.178571
-188.915505
-2.722125
136.650697
150.805749
29.398955
-184.015679
-415.396341
-579.812718
-659.843206
-739.873693
-891.768293
-1088.305749
-1219.512195
-1276.132404
-1319.686411
-1369.229094
-1399.716899
-1384.472997
-1333.297038
-1286.476481
-1238.567073
-1186.302265
-1134.581882
-1024.608014
-822.081882
-566.202091
-369.664634
-275.479094
-162.238676
58.253484
360.953833
617.378049
752.395470
788.327526
815.548780
895.579268
1012.630662
1104.638502
1138.392857
1157.992160
1232.578397
1389.372822
1546.711672
1631.641986
1623.475610
1582.099303
1556.511324
1539.089721
1498.802265
1437.282230
1388.828397
1408.972125
1484.102787
1542.900697
1516.768293
1387.739547
1222.778746
1059.451220
918.989547
808.471254
742.051394
719.729965
680.531359
593.967770
467.116725
366.942509
301.611498
189.459930
-48.998258
-367.486934
-597.234321
-599.956446
-400.696864
-194.359756
-174.760453
-375.653310
-684.342334
-948.388502
-1111.716028
-1232.578397
-1342.007840
-1408.972125
-1373.584495
-1234.211672
-1061.084495
-961.999129
-977.243031
-1049.107143
-1083.405923
-1028.963415
-952.743902
-946.755226
-1010.452962
-1024.608014
-915.178571
-737.695993
-640.243902
-711.019164
-900.479094
-1081.772648
-1151.459059
-1117.160279
-1073.606272
-1100.283101
-1185.213415
-1240.744774
-1206.990418
-1116.615854
-1022.974739
-956.554878
-895.579268
-801.393728
-675.631533
-545.513937
-450.239547
-373.475610
-258.601916
-91.463415
105.074042
248.802265
323.388502
394.708188
527.003484
702.852787
856.380662
953.832753
985.409408
982.142857
994.664634
1073.606272
1208.079268
1347.452091
1442.726481
1521.668118
1598.976481
1660.496516
1664.851916
1613.675958
1555.966899
1508.057491
1478.658537
1449.259582
1422.582753
1423.671603
1444.904181
1441.637631
1373.040070
1221.145470
1010.997387
805.749129
641.332753
531.358885
498.148955
541.702962
614.655923
630.444251
523.736934
364.220383
250.435540
220.492160
201.981707
80.030488
-129.028746
-305.422474
-336.454704
-218.858885
-62.064460
-28.310105
-185.104530
-452.961672
-699.586237
-822.626307
-851.480836
-877.613240
-916.811847
-941.310976
-917.900697
-880.335366
-909.734321
-1004.464286
-1124.237805
-1209.168118
-1221.689895
-1214.612369
-1248.911150
-1315.331010
-1353.985192
-1304.442509
-1190.113240
-1117.704704
-1162.891986
-1315.875436
-1499.891115
-1598.976481
-1542.356272
-1396.450348
-1263.610627
-1212.434669
-1183.035714
-1094.294425
-957.099303
-818.815331
-726.263066
-637.521777
-515.570557
-367.486934
-243.902439
-188.915505
-139.917247
-37.565331
130.117596
314.677700
446.972997
529.181185
585.256969
672.909408
806.293554
967.987805
1094.294425
1124.237805
1084.494774
1044.207317
1081.772648
1196.101916
1320.775261
1402.983449
1428.571429
1438.371080
1453.614983
1456.881533
1449.804007
1430.204704
1388.283972
1331.663763
1252.722125
1126.959930
965.810105
814.459930
717.552265
691.419861
693.597561
642.421603
535.714286
416.485192
328.288328
305.966899
332.643728
356.598432
372.386760
377.286585
355.509582
350.065331
393.619338
468.750000
505.770906
425.740418
231.380662
19.054878
-64.786585
24.499129
225.936411
374.564460
327.199477
103.440767
-164.960801
-344.076655
-420.296167
-492.160279
-620.644599
-760.561847
-823.715157
-789.960801
-731.707317
-751.851045
-897.756969
-1082.317073
-1208.079268
-1274.499129
-1358.885017
-1493.358014
-1607.142857
-1583.188153
-1424.760453
-1258.710801
-1228.222997
-1338.196864
-1489.547038
-1559.233449
-1502.068815
-1356.707317
-1203.179443
-1110.627178
-1068.162021
-1011.541812
-910.823171
-787.238676
-667.465157
-589.612369
-562.391115
-534.081010
-469.838850
-394.708188
-317.399826
-213.414634
-71.319686
73.497387
200.348432
295.622822
361.498258
413.218641
482.360627
586.345819
717.552265
827.526132
877.068815
920.622822
1015.897213
1189.568815
1352.896341
1412.238676
1382.295296
1342.552265
1325.675087
1296.820557
1229.311847
1159.081010
1110.627178
1054.006969
969.621080
883.601916
816.093206
764.372822
722.996516
690.875436
669.642857
614.655923
518.837108
416.485192
347.343206
353.876307
422.473868
527.547909
662.020906
799.216028
883.057491
884.690767
814.459930
745.317944
723.540941
768.183798
799.760453
715.918990
541.702962
392.530488
376.742160
496.515679
632.077526
627.722125
435.540070
93.096690
-231.925087
-430.640244
-512.304007
-560.213415
-656.032230
-799.216028
-951.655052
-1065.439895
-1151.459059
-1254.355401
-1409.516551
-1601.698606
-1730.182927
-1758.493031
-1761.759582
-1774.281359
-1778.636760
-1710.039199
-1564.677700
-1438.915505
-1411.694251
-1478.114111
-1567.399826
-1587.543554
-1467.225610
-1242.922474
-1018.619338
-876.524390
-798.671603
-746.951220
-678.353659
-617.378049
-579.268293
-549.869338
-502.504355
-410.496516
-290.178571
-166.594077
-52.264808
14.699477
40.831882
81.119338
170.405052
276.567944
345.165505
388.719512
467.116725
623.366725
805.204704
919.533972
930.966899
882.513066
843.858885
840.592334
846.581010
861.824913
872.713415
862.369338
859.647213
856.925087
848.758711
813.371080
745.862369
662.565331
607.578397
591.790070
577.635017
574.368467
577.090592
623.366725
726.263066
835.148084
908.645470
899.934669
844.947735
844.403310
930.422474
1055.095819
1142.748258
1199.368467
1275.043554
1358.885017
1382.839721
1297.364983
1189.568815
1151.459059
1185.213415
1187.391115
1062.717770
840.592334
613.567073
494.882404
504.682056
581.990418
581.990418
372.386760
-31.032230
-444.250871
-670.731707
-720.274390
-786.694251
-979.965157
-1211.890244
-1350.174216
-1392.094948
-1436.193380
-1559.233449
-1708.950348
-1834.712544
-1918.009582
-1949.586237
-1938.697735
-1897.321429
-1866.289199
-1820.013066
-1704.050523
-1539.634146
-1437.282230
-1465.047909
-1591.354530
-1652.330139
-1536.912021
-1308.253484
-1104.638502
-978.331882
-889.046167
-785.605401
-671.276132
-571.101916
-483.449477
-411.040941
-348.976481
-297.800523
-241.180314
-120.862369
37.565331
160.060976
250.435540
345.709930
451.328397
511.215157
485.627178
431.729094
451.872822
539.525261
633.710801
680.531359
689.786585
695.775261
683.253484
671.820557
675.631533
691.419861
712.108014
700.130662
650.043554
596.145470
561.302265
561.302265
611.389373
706.663763
817.182056
890.679443
926.611498
945.666376
983.231707
1027.330139
1065.984321
1094.294425
1122.604530
1168.336237
1201.546167
1225.500871
1251.633275
1309.886760
1392.639373
1460.148084
1457.970383
1406.250000
1342.552265
1285.387631
1211.345819
1150.370209
1136.215157
1145.470383
1087.761324
880.335366
580.901568
338.632404
250.979965
283.645470
322.299652
242.269164
6.533101
-339.176829
-664.743031
-860.191638
-942.399826
-1045.840592
-1233.667247
-1457.425958
-1610.953833
-1653.963415
-1658.318815
-1698.606272
-1800.413763
-1913.654181
-1980.074042
-1993.140244
-1973.540941
-1915.831882
-1832.534843
-1716.027875
-1569.033101
-1436.737805
-1359.429443
-1374.128920
-1423.127178
-1400.805749
-1237.478223
-985.953833
-770.905923
-668.009582
-645.688153
-593.423345
-483.993902
-358.776132
-279.290070
-261.324042
-266.223868
-273.845819
-232.469512
-150.805749
-62.064460
16.332753
64.786585
94.185540
112.151568
126.306620
125.217770
131.206446
174.760453
250.435540
317.944251
334.277003
299.978223
253.157666
256.424216
320.666376
431.729094
552.047038
656.576655
749.673345
824.259582
872.168990
910.278746
966.354530
1031.685540
1062.717770
1051.829268
1064.351045
1121.515679
1192.290941
1227.134146
1230.400697
1248.911150
1277.221254
1293.009582
1289.743031
1272.321429
1263.066202
1260.344077
1277.221254
1328.941638
1368.140244
1351.263066
1282.665505
1208.079268
1190.657666
1209.712544
1161.803136
1044.751742
933.144599
904.290070
893.945993
773.628049
500.871080
195.448606
1.633275
-40.831882
-9.255226
-59.886760
-255.879791
-541.702962
-823.170732
-995.753484
-1065.439895
-1126.415505
-1236.933798
-1396.450348
-1513.501742
-1537.456446
-1514.590592
-1528.201220
-1610.953833
-1713.850174
-1744.337979
-1692.073171
-1606.054007
-1540.722997
-1510.779617
-1439.459930
-1313.697735
-1191.202091
-1126.959930
-1148.192509
-1209.712544
-1237.478223
-1174.869338
-1014.263937
-840.592334
-754.028746
-765.461672
-786.694251
-721.907666
-604.856272
-518.292683
-519.381533
-567.835366
-583.623693
-536.258711
-468.750000
-437.717770
-431.729094
-419.207317
-375.653310
-323.932927
-286.912021
-267.857143
-230.291812
-145.905923
-5.988676
150.805749
281.467770
359.320557
396.341463
439.351045
551.502613
724.085366
869.446864
942.944251
967.987805
1025.152439
1136.215157
1273.954704
1371.951220
1411.694251
1419.860627
1424.760453
1434.560105
1450.348432
1459.603659
1462.870209
1460.692509
1454.703833
1463.414634
1451.437282
1401.350174
1354.529617
1344.185540
1371.406794
1398.083624
1359.429443
1260.888502
1156.358885
1088.850174
1070.884146
1074.695122
1050.740418
972.343206
836.781359
685.975610
577.090592
556.946864
566.202091
505.226481
336.454704
86.019164
-122.495645
-201.981707
-174.216028
-120.317944
-132.839721
-261.868467
-491.615854
-739.329268
-914.089721
-991.942509
-1033.863240
-1106.816202
-1221.689895
-1335.474739
-1406.250000
-1463.959059
-1541.811847
-1631.097561
-1719.294425
-1762.848432
-1775.370209
-1778.092334
-1772.103659
-1734.538328
-1644.708188
-1511.868467
-1395.905923
-1349.629791
-1375.217770
-1432.382404
-1441.093206
-1351.807491
-1184.124564
-1035.496516
-969.076655
-961.999129
-944.577526
-878.157666
-791.594077
-743.684669
-768.728223
-809.560105
-799.216028
-731.707317
-635.344077
-527.003484
-407.229965
-275.479094
-172.038328
-108.885017
-59.886760
13.610627
130.117596
263.501742
414.851916
593.967770
770.905923
899.390244
1001.197735
1095.383275
1220.601045
1327.852787
1387.739547
1430.204704
1485.736063
1564.133275
1631.097561
1664.307491
1677.918118
1687.717770
1680.095819
1650.152439
1595.165505
1532.012195
1483.013937
1432.926829
1351.807491
1252.177700
1153.092334
1059.995645
959.821429
867.813589
807.926829
780.705575
755.117596
708.841463
639.699477
570.013066
515.570557
506.315331
546.602787
599.412021
645.688153
661.476481
662.565331
639.699477
591.245645
549.324913
535.169861
536.803136
515.570557
397.974739
184.015679
-34.843206
-154.616725
-135.017422
-70.230836
-90.918990
-293.989547
-594.512195
-863.458188
-1008.275261
-1082.861498
-1168.880662
-1291.376307
-1428.027003
-1514.046167
-1533.101045
-1515.135017
-1528.201220
-1600.065331
-1695.884146
-1759.581882
-1778.092334
-1773.192509
-1778.636760
-1790.069686
-1744.882404
-1625.108885
-1508.601916
-1468.314460
-1514.046167
-1584.821429
-1608.231707
-1535.278746
-1395.361498
-1232.033972
-1091.027875
-1002.286585
-938.588850
-876.524390
-797.038328
-704.486063
-632.621951
-584.168118
-516.114983
-397.430314
-235.736063
-53.353659
123.584495
285.823171
437.717770
554.769164
616.833624
648.954704
688.697735
774.172474
913.545296
1076.872822
1242.922474
1357.251742
1420.405052
1457.970383
1497.713415
1547.800523
1566.310976
1528.745645
1445.448606
1373.584495
1358.885017
1374.673345
1373.584495
1325.675087
1238.567073
1143.292683
1054.551394
977.243031
923.344948
865.091463
825.348432
815.004355
809.015679
780.161150
721.363240
645.688153
598.323171
610.844948
675.631533
717.007840
707.208188
667.465157
638.066202
640.243902
648.954704
653.854530
645.688153
640.243902
642.421603
632.077526
597.234321
547.691638
496.515679
462.761324
427.918118
357.142857
227.025261
27.765679
-176.393728
-291.811847
-289.089721
-243.902439
-276.023519
-455.139373
-734.973868
-1009.364111
-1201.001742
-1309.342334
-1387.195122
-1484.647213
-1597.343206
-1690.984321
-1750.871080
-1781.358885
-1818.379791
-1886.432927
-1979.529617
-2051.938153
-2070.993031
-2037.238676
-1978.440767
-1882.621951
-1737.804878
-1568.488676
-1413.871951
-1331.663763
-1335.474739
-1352.896341
-1313.697735
-1194.468641
-991.398084
-787.238676
-634.799652
-530.814460
-443.706446
-324.477352
-176.393728
-63.697735
-8.710801
16.877178
63.153310
156.250000
285.823171
418.118467
521.559233
608.122822
682.709059
742.051394
768.728223
755.117596
737.695993
754.028746
834.059233
947.844077
1041.485192
1081.772648
1081.772648
1063.262195
1071.972997
1105.182927
1125.326655
1119.882404
1070.339721
1025.152439
1025.696864
1069.795296
1108.993902
1106.271777
1073.606272
1030.596690
973.976481
915.178571
858.558362
817.726481
800.304878
796.493902
791.594077
760.561847
711.563589
647.321429
598.867596
593.423345
636.977352
685.975610
687.608885
640.788328
585.801394
560.213415
555.313589
540.614111
511.215157
479.638502
455.139373
442.073171
424.651568
408.318815
387.630662
333.732578
241.724739
156.250000
78.397213
-27.221254
-178.027003
-358.231707
-521.014808
-629.355401
-668.554007
-701.763937
-767.094948
-889.590592
-1061.084495
-1238.022648
-1375.762195
-1444.359756
-1456.881533
-1450.348432
-1471.581010
-1500.435540
-1512.957317
-1498.802265
-1461.236934
-1440.004355
-1445.993031
-1461.236934
-1452.526132
-1407.883275
-1322.952962
-1201.546167
-1064.895470
-931.511324
-812.826655
-743.140244
-716.463415
-705.574913
-687.608885
-633.710801
-547.147213
-437.173345
-344.621080
-287.456446
-216.136760
-131.206446
-54.986934
9.799652
22.321429
9.799652
17.421603
50.087108
99.085366
175.304878
270.579268
371.842334
471.472125
544.425087
584.168118
598.323171
610.300523
647.865854
711.563589
794.316202
881.424216
949.477352
983.776132
1014.263937
1052.373693
1089.394599
1101.916376
1077.417247
1048.018293
1042.574042
1061.628920
1088.850174
1110.082753
1112.804878
1089.394599
1034.407666
956.010453
875.979965
812.282230
754.028746
705.030488
670.187282
649.499129
623.911150
569.468641
511.215157
455.139373
409.952091
357.687282
301.611498
238.458188
175.849303
131.206446
91.463415
63.697735
23.410279
0.000000
-22.865854
-52.809233
-71.319686
-59.342334
-27.765679
0.000000
22.865854
14.699477
-16.332753
-72.408537
-131.750871
-163.327526
-173.127178
-203.070557
-261.324042
-340.810105
-401.785714
-411.585366
-397.974739
-433.362369
-545.513937
-699.586237
-820.993031
-880.335366
-894.490418
-897.212544
-924.433798
-968.532230
-1031.685540
-1071.972997
-1085.583624
-1111.171603
-1144.381533
-1189.568815
-1197.735192
-1153.636760
-1080.139373
-1013.719512
-971.254355
-920.078397
-862.913763
-803.571429
-773.083624
-766.550523
-735.518293
-648.954704
-523.192509
-403.418990
-322.299652
-279.834495
-252.068815
-204.703833
-136.106272
-52.809233
4.355401
9.255226
18.510453
70.230836
164.416376
258.057491
313.588850
355.509582
417.029617
493.793554
543.336237
568.379791
585.256969
629.899826
707.208188
781.250000
832.425958
861.280488
881.968641
911.912021
965.265679
1032.229965
1064.895470
1051.284843
1006.097561
958.188153
930.422474
910.278746
873.802265
794.860627
687.608885
587.434669
519.381533
474.738676
438.262195
388.719512
326.655052
255.879791
198.715157
156.794425
121.406794
101.263066
83.297038
94.729965
118.140244
149.716899
167.682927
169.860627
182.382404
223.758711
276.567944
322.299652
338.632404
335.365854
339.176829
375.653310
424.107143
437.717770
418.662892
378.919861
341.354530
316.855401
302.700348
271.668118
216.136760
140.461672
61.520035
-22.865854
-125.762195
-243.358014
-370.209059
-476.916376
-541.702962
-586.345819
-644.599303
-737.695993
-847.125436
-946.210801
-1013.719512
-1061.628920
-1107.360627
-1151.459059
-1174.869338
-1161.258711
-1111.716028
-1063.262195
-1028.418990
-1019.163763
-1028.418990
-1006.097561
-954.377178
-895.579268
-838.414634
-770.905923
-711.563589
-646.777003
-583.079268
-532.447735
-510.670732
-495.971254
-469.838850
-421.385017
-342.987805
-273.845819
-226.480836
-193.815331
-173.671603
-133.928571
-84.385889
-42.465157
-5.988676
17.966028
50.631533
105.618467
171.493902
241.180314
293.989547
318.488676
340.265679
375.108885
416.485192
442.073171
440.984321
449.695122
482.360627
544.425087
607.578397
629.355401
619.011324
608.122822
615.744774
635.888502
652.765679
646.232578
632.621951
623.366725
637.521777
677.809233
703.941638
705.030488
678.898084
620.644599
580.901568
577.090592
581.990418
584.712544
562.391115
536.258711
526.459059
523.736934
510.126307
494.882404
476.916376
456.228223
451.872822
452.417247
452.417247
445.339721
408.318815
374.564460
345.165505
319.577526
299.433798
277.112369
253.157666
232.469512
222.669861
215.047909
188.371080
139.917247
80.030488
27.221254
-13.066202
-34.298780
-48.998258
-82.752613
-130.117596
-175.304878
-229.202962
-310.866725
-414.851916
-513.937282
-563.479965
-568.379791
-544.425087
-536.803136
-571.646341
-619.011324
-664.743031
-687.064460
-711.563589
-746.951220
-811.193380
-865.635889
-872.168990
-840.592334
-782.338850
-737.695993
-724.085366
-726.807491
-724.629791
-708.841463
-703.397213
-706.663763
-720.818815
-731.162892
-698.497387
-658.209930
-650.587979
-674.542683
-703.397213
-718.096690
-699.041812
-660.932056
-630.988676
-619.011324
-613.567073
-576.001742
-512.848432
-431.184669
-336.454704
-273.301394
-222.125436
-163.871951
-90.374564
-2.177700
84.385889
170.949477
262.412892
369.120209
485.627178
592.878920
669.098432
732.796167
788.871951
853.658537
916.267422
949.477352
965.265679
967.443380
972.887631
1000.108885
1028.418990
1042.029617
1018.619338
958.188153
905.923345
872.713415
851.480836
826.437282
783.427700
727.896341
673.453833
629.355401
589.067944
540.614111
470.383275
400.152439
357.142857
332.099303
326.655052
311.955575
287.456446
274.390244
270.579268
262.957317
255.335366
231.925087
195.993031
161.149826
145.361498
156.794425
177.482578
182.926829
175.304878
158.972125
148.083624
136.650697
114.329268
74.586237
34.298780
3.266551
-19.599303
-43.554007
-65.875436
-94.729965
-136.106272
-170.405052
-192.182056
-226.480836
-282.012195
-340.265679
-395.252613
-428.462544
-447.517422
-463.305749
-519.925958
-598.867596
-675.087108
-750.217770
-794.860627
-836.781359
-879.790941
-921.167247
-956.554878
-959.821429
-956.554878
-954.377178
-954.377178
-976.154181
-997.931185
-1007.730836
-1007.186411
-995.209059
-975.065331
-948.388502
-907.556620
-845.492160
-778.527875
-714.285714
-659.843206
-602.678571
-544.425087
-478.005226
-396.341463
-308.144599
-226.480836
-160.060976
-102.351916
-44.098432
22.865854
91.463415
157.883275
226.480836
289.634146
358.231707
425.195993
494.882404
568.379791
630.988676
677.264808
696.319686
712.108014
725.174216
749.128920
771.450348
784.516551
799.216028
812.826655
831.337108
844.403310
847.669861
846.036585
829.159408
805.204704
777.983449
740.962544
722.452091
694.141986
659.298780
626.088850
609.211672
610.300523
608.667247
586.345819
548.780488
509.037456
480.727352
474.194251
465.483449
459.494774
435.540070
413.763066
396.341463
385.997387
376.197735
358.231707
335.365854
299.433798
248.802265
190.548780
154.072300
129.028746
114.329268
97.996516
71.864111
32.665505
-17.421603
-82.208188
-135.017422
-174.760453
-209.603659
-244.991289
-302.155923
-354.420732
-394.708188
-425.195993
-444.250871
-476.916376
-516.659408
-555.313589
-593.967770
-632.621951
-660.932056
-676.720383
-682.164634
-691.964286
-704.486063
-708.297038
-713.741289
-715.918990
-714.830139
-715.918990
-706.119338
-705.030488
-697.952962
-683.253484
-675.087108
-671.820557
-679.986934
-695.230836
-705.574913
-696.319686
-681.075784
-665.831882
-661.476481
-662.565331
-645.688153
-613.567073
-574.368467
-535.714286
-515.026132
-480.182927
-444.795296
-394.163763
-341.898955
-301.611498
-252.613240
-203.614983
-145.361498
-81.663763
-15.243902
48.453833
114.873693
178.571429
249.891115
322.299652
382.186411
433.362369
470.927700
516.114983
582.534843
650.587979
707.752613
767.094948
819.359756
871.624564
922.800523
950.566202
981.598432
1002.286585
1012.630662
1020.797038
1019.708188
1016.986063
1014.263937
995.753484
975.609756
944.577526
909.734321
873.257840
827.526132
788.327526
747.495645
696.864111
635.344077
558.035714
488.349303
428.462544
376.197735
325.021777
266.223868
193.270906
110.518293
39.743031
-16.877178
-58.253484
-96.363240
-135.561847
-186.737805
-245.535714
-293.989547
-328.288328
-356.598432
-384.908537
-397.430314
-408.863240
-420.296167
-425.195993
-437.717770
-438.806620
-426.829268
-415.396341
-396.341463
-377.286585
-359.320557
-346.254355
-333.732578
-327.743902
-322.844077
-315.222125
-325.021777
-326.110627
-325.021777
-316.310976
-315.222125
-314.133275
-323.388502
-336.454704
-341.354530
-352.243031
-365.309233
-386.541812
-422.473868
-465.483449
-489.438153
-505.226481
-504.137631
-513.937282
-529.181185
-556.402439
-583.623693
-602.134146
-619.011324
-632.621951
-644.054878
-653.854530
-661.476481
-652.765679
-635.888502
-603.222997
-565.113240
-526.459059
-480.182927
-419.207317
-350.065331
-272.756969
-201.437282
-142.639373
-78.941638
-13.610627
66.419861
163.327526
249.346690
315.222125
381.641986
444.250871
497.604530
543.880662
596.145470
653.854530
713.196864
761.650697
802.482578
831.881533
854.202962
871.080139
874.346690
890.135017
895.579268
885.235192
870.535714
855.836237
842.770035
832.970383
811.193380
769.817073
718.096690
645.688153
577.090592
522.103659
472.016551
432.273519
395.252613
349.520906
293.989547
236.824913
177.482578
113.784843
63.697735
27.765679
0.544425
-19.599303
-47.909408
-72.952962
-87.108014
-113.784843
-143.183798
-171.493902
-201.437282
-229.747387
-249.346690
-252.613240
-252.613240
-245.535714
-231.925087
-231.925087
-230.291812
-237.369338
-247.713415
-254.246516
-243.358014
-229.747387
-198.170732
-162.238676
-137.739547
-126.851045
-124.673345
-114.873693
-115.962544
-116.506969
-135.561847
-157.338850
-173.127178
-179.660279
-187.826655
-190.548780
-215.047909
-263.501742
-310.866725
-359.320557
-391.986063
-421.385017
-438.262195
-451.872822
-467.116725
-478.005226
-496.515679
-515.570557
-538.436411
-569.468641
-579.268293
-578.723868
-574.912892
-558.035714
-547.691638
-536.258711
-520.470383
-493.249129
-466.027875
-448.061847
-427.373693
-394.708188
-348.976481
-284.734321
-220.492160
-166.049652
-115.962544
-69.686411
-37.020906
-4.899826
35.932056
72.952962
117.051394
173.671603
228.658537
274.934669
316.855401
350.609756
371.842334
395.797038
429.006969
457.861498
483.993902
513.937282
547.691638
581.445993
610.844948
640.243902
658.209930
672.909408
684.342334
695.775261
706.119338
702.852787
694.141986
683.797909
670.187282
647.865854
619.555749
583.623693
534.625436
491.071429
454.050523
417.574042
376.197735
331.010453
284.734321
238.458188
203.070557
165.505226
126.851045
87.108014
44.642857
15.788328
-13.610627
-42.465157
-71.319686
-100.174216
-129.573171
-150.805749
-175.304878
-197.626307
-216.136760
-235.191638
-248.257840
-263.501742
-277.656794
-291.811847
-295.078397
-283.645470
-263.501742
-244.991289
-235.736063
-225.391986
-210.692509
-195.993031
-182.382404
-166.594077
-158.427700
-150.261324
-133.928571
-120.317944
-105.618467
-100.718641
-107.796167
-122.495645
-135.561847
-144.817073
-154.072300
-174.760453
-204.703833
-225.936411
-244.991289
-254.246516
-268.945993
-295.622822
-316.855401
-338.632404
-360.409408
-380.553136
-400.696864
-423.562718
-440.984321
-457.861498
-462.216899
-465.483449
-473.105401
-473.105401
-473.105401
-474.194251
-468.205575
-457.861498
-448.061847
-434.995645
-424.651568
-395.252613
-367.486934
-331.010453
-298.344948
-265.679443
-217.770035
-153.527875
-89.285714
-33.754355
25.587979
79.486063
129.573171
185.104530
247.713415
297.256098
340.810105
400.152439
453.506098
497.604530
546.058362
585.801394
623.366725
649.499129
667.465157
688.153310
703.397213
718.096690
728.985192
736.607143
736.062718
737.151568
730.074042
709.930314
671.276132
640.788328
609.211672
570.013066
527.547909
478.549652
437.173345
387.630662
342.987805
295.622822
251.524390
206.881533
156.794425
105.618467
60.975610
23.954704
-3.266551
-41.920732
-66.964286
-75.675087
-86.019164
-98.540941
-112.695993
-121.951220
-136.106272
-136.650697
-136.650697
-125.217770
-113.240418
-106.162892
-104.529617
-106.162892
-99.629791
-93.096690
-98.540941
-106.162892
-102.896341
-114.873693
-112.695993
-104.529617
-105.074042
-109.429443
-123.584495
-133.928571
-155.161150
-181.293554
-213.414634
-243.358014
-264.590592
-273.301394
-274.390244
-285.278746
-313.588850
-355.509582
-395.797038
-430.640244
-448.606272
-464.939024
-486.716028
-500.326655
-512.848432
-510.670732
-495.971254
-493.793554
-506.859756
-524.281359
-534.081010
-536.258711
-527.003484
-515.570557
-495.971254
-469.838850
-445.884146
-427.373693
-411.585366
-403.418990
-395.797038
-384.908537
-364.764808
-329.377178
-288.000871
-248.257840
-207.425958
-160.605401
-107.796167
-52.264808
-3.266551
54.986934
101.263066
146.994774
197.626307
240.635889
292.356272
345.165505
387.086237
427.373693
468.205575
508.493031
550.413763
581.990418
606.489547
621.733449
635.344077
645.688153
659.298780
654.398955
650.043554
656.576655
663.109756
662.020906
654.398955
647.865854
633.166376
619.011324
603.222997
574.912892
546.602787
515.570557
474.738676
438.262195
409.407666
380.008711
350.609756
322.299652
286.367596
246.080139
213.959059
184.560105
142.094948
104.529617
83.841463
60.431185
43.009582
29.398955
9.255226
-4.899826
-34.298780
-59.342334
-80.574913
-110.518293
-138.828397
-165.505226
-179.660279
-191.637631
-198.715157
-206.337108
-228.114111
-258.057491
-283.101045
-300.522648
-323.932927
-347.887631
-366.398084
-379.464286
-385.452962
-376.197735
-367.486934
-364.220383
-370.209059
-380.553136
-389.808362
-399.608014
-399.063589
-405.052265
-411.040941
-408.863240
-399.608014
-382.186411
-379.464286
-377.286585
-382.730836
-383.275261
-378.375436
-375.653310
-365.853659
-369.664634
-365.853659
-357.687282
-340.265679
-326.110627
-326.110627
-322.299652
-313.588850
-322.844077
-322.299652
-305.422474
-293.989547
-283.645470
-256.968641
-232.469512
-217.225610
-199.804007
-191.093206
-165.505226
-142.094948
-109.973868
-63.697735
-17.966028
22.321429
62.064460
108.340592
163.327526
212.325784
260.235192
309.233449
352.787456
389.263937
422.473868
460.039199
486.716028
518.292683
542.247387
564.568815
582.534843
601.045296
617.378049
626.088850
631.533101
630.988676
625.000000
604.311847
586.345819
564.568815
543.336237
530.814460
519.381533
515.026132
495.426829
464.394599
437.173345
405.596690
368.575784
322.299652
278.745645
241.724739
201.981707
169.316202
141.550523
112.151568
83.297038
54.442509
25.043554
-4.355401
-46.276132
-90.374564
-121.951220
-150.805749
-166.049652
-171.493902
-184.015679
-204.159408
-225.936411
-243.902439
-254.246516
-267.312718
-282.012195
-303.244774
-323.388502
-326.110627
-319.033101
-314.133275
-316.855401
-314.133275
-320.121951
-326.655052
-326.110627
-326.110627
-325.566202
-326.110627
-320.666376
-309.233449
-292.900697
-271.668118
-262.412892
-271.668118
-273.845819
-273.301394
-273.301394
-274.390244
-289.089721
-295.078397
-293.989547
-294.533972
-285.823171
-283.101045
-284.734321
-293.445122
-295.078397
-293.989547
-284.189895
-274.934669
-263.501742
-251.524390
-239.547038
-219.403310
-197.081882
-164.416376
-144.817073
-119.229094
-89.285714
-60.975610
-32.121080
-2.722125
26.132404
54.986934
83.841463
113.784843
146.450348
167.138502
181.837979
207.425958
246.080139
277.112369
304.878049
325.021777
343.532230
363.131533
382.186411
405.596690
424.651568
437.173345
441.528746
442.073171
441.528746
442.073171
438.806620
423.562718
411.040941
401.785714
398.519164
388.719512
370.753484
360.953833
345.165505
319.577526
298.344948
276.567944
259.146341
231.925087
213.959059
199.804007
187.826655
178.027003
160.060976
139.917247
121.951220
108.340592
93.096690
69.686411
38.654181
10.888502
-19.599303
-43.009582
-56.620209
-71.319686
-89.830139
-106.162892
-119.773519
-130.117596
-143.183798
-162.783101
-193.815331
-213.414634
-224.303136
-231.380662
-235.191638
-251.524390
-262.412892
-262.957317
-262.412892
-264.046167
-272.756969
-283.101045
-283.101045
-291.811847
-294.533972
-285.278746
-274.390244
-277.656794
-278.745645
-271.123693
-266.768293
-252.613240
-242.813589
-239.547038
-229.747387
-217.770035
-198.715157
-176.938153
-162.783101
-156.794425
-158.427700
-145.361498
-135.017422
-126.306620
-126.851045
-119.773519
-114.873693
-107.251742
-86.019164
-74.041812
-64.786585
-63.153310
-56.620209
-50.631533
-45.187282
-35.932056
-31.576655
-15.243902
0.544425
16.332753
35.932056
45.187282
52.809233
61.520035
78.397213
101.263066
111.062718
126.306620
136.650697
139.372822
150.805749
157.338850
164.960801
175.849303
179.115854
174.216028
182.926829
192.726481
206.337108
219.947735
221.036585
221.036585
220.492160
221.036585
221.036585
221.036585
221.036585
220.492160
229.202962
231.925087
241.180314
239.547038
231.925087
227.569686
220.492160
215.592334
207.970383
199.804007
190.004355
174.216028
158.427700
150.805749
126.851045
100.174216
81.663763
61.520035
44.642857
27.765679
5.444251
-20.143728
-38.109756
-54.442509
-76.219512
-97.996516
-123.040070
-142.094948
-158.427700
-172.038328
-182.926829
-189.459930
-188.915505
-189.459930
-188.915505
-199.804007
-194.359756
-188.371080
-190.004355
-188.915505
-189.459930
-189.459930
-186.193380
-175.304878
-166.594077
-157.338850
-158.427700
-155.161150
-144.272648
-136.650697
-130.117596
-124.128920
-119.773519
-109.429443
-106.162892
-97.996516
-84.930314
-75.130662
-80.574913
-84.930314
-74.586237
-69.686411
-52.264808
-43.554007
-35.387631
-31.576655
-28.310105
-17.421603
-4.355401
1.633275
-1.633275
3.810976
10.888502
19.054878
28.854530
39.198606
43.009582
50.087108
61.520035
62.608885
65.875436
74.586237
72.952962
74.586237
82.752613
95.274390
106.162892
104.529617
106.162892
103.985192
110.518293
115.962544
121.951220
126.851045
125.762195
125.762195
132.295296
139.372822
130.662021
126.306620
124.128920
112.695993
104.529617
105.618467
102.351916
93.641115
87.108014
74.586237
62.608885
53.898084
42.465157
27.221254
13.610627
4.355401
-2.722125
-10.344077
-10.344077
-16.332753
-27.765679
-32.121080
-45.731707
-52.809233
-52.809233
-52.264808
-53.353659
-45.731707
-41.376307
-41.920732
-48.998258
-53.353659
-52.264808
-52.809233
-52.809233
-52.264808
-54.442509
-64.242160
-59.886760
-48.453833
-41.376307
-42.465157
-41.920732
-41.920732
-41.920732
-43.009582
-40.831882
-32.121080
-31.032230
-32.121080
-31.032230
-32.121080
-26.132404
-20.143728
-29.943380
-32.121080
-31.576655
-32.121080
-31.032230
-32.121080
-40.831882
-51.720383
-52.264808
-52.809233
-51.720383
-54.986934
-62.608885
-70.775261
-74.041812
-73.497387
-73.497387
-74.586237
-76.763937
-72.952962
-66.419861
-53.898084
-52.809233
-46.820557
-39.198606
-32.121080
-18.510453
-3.810976
10.344077
25.043554
38.654181
53.898084
66.964286
87.652439
106.707317
113.784843
117.051394
130.117596
138.283972
135.561847
139.372822
146.994774
146.994774
146.994774
147.539199
138.828397
129.573171
119.229094
113.240418
101.263066
85.474739
72.408537
56.075784
35.932056
16.877178
3.810976
-2.722125
-14.155052
-31.032230
-40.287456
-54.442509
-63.153310
-63.153310
-62.608885
-65.331010
-74.041812
-74.041812
-83.841463
-74.041812
-73.497387
-69.686411
-61.520035
-64.242160
-52.809233
-40.287456
-32.665505
-25.043554
-18.510453
-9.799652
0.000000
-1.088850
5.444251
12.521777
9.255226
17.421603
21.777003
28.310105
32.665505
31.032230
32.121080
30.487805
39.198606
43.554007
37.020906
28.854530
22.321429
14.155052
9.799652
10.888502
10.344077
10.344077
1.088850
0.544425
-1.088850
-9.255226
-12.521777
-22.865854
-32.121080
-30.487805
-38.109756
-42.465157
-45.187282
-53.353659
-51.175958
-53.898084
-63.697735
-62.608885
-64.242160
-57.709059
-51.720383
-52.809233
-52.809233
-50.631533
-41.376307
-43.009582
-35.932056
-28.854530
-21.232578
-21.232578
-15.788328
-3.810976
0.000000
0.544425
9.799652
10.888502
10.344077
10.888502
10.344077
10.888502
9.799652
11.432927
20.143728
21.232578
21.232578
20.688153
23.410279
34.843206
41.376307
50.087108
53.353659
52.264808
44.642857
41.376307
42.465157
41.376307
41.920732
49.542683
54.442509
46.820557
36.476481
30.487805
32.665505
28.310105
20.688153
21.777003
20.688153
22.321429
14.699477
10.344077
9.799652
1.088850
-5.988676
-11.432927
-9.799652
-10.888502
-9.799652
-10.888502
-10.344077
-10.888502
-10.344077
-12.521777
-20.143728
-27.765679
-32.121080
-39.743031
-42.465157
-47.909408
-56.620209
-62.608885
-63.697735
-62.608885
-63.697735
-62.608885
-64.242160
-61.520035
-54.442509
-51.175958
-53.898084
-48.998258
-41.376307
-42.465157
-34.298780
-29.398955
-23.410279
-15.243902
-1.633275
0.544425
5.444251
14.155052
20.143728
22.321429
19.054878
27.221254
31.576655
31.576655
41.376307
41.376307
46.276132
54.986934
61.520035
54.442509
51.720383
53.353659
51.175958
43.554007
40.831882
43.009582
34.843206
25.587979
18.510453
10.888502
7.077526
-1.088850
1.633275
-4.899826
-11.432927
-9.799652
-14.699477
-26.676829
-31.032230
-34.843206
-37.565331
-30.487805
-43.554007
-34.843206
-31.576655
-30.487805
-21.777003
-15.243902
-8.710801
-3.810976
5.444251
9.799652
16.332753
21.777003
27.221254
35.932056
41.376307
46.820557
53.898084
62.608885
62.608885
68.053136
75.675087
82.752613
84.930314
83.841463
84.385889
83.841463
84.930314
83.841463
77.308362
69.141986
63.153310
62.064460
48.453833
33.754355
31.576655
21.232578
8.710801
0.544425
-11.977352
-22.865854
-32.121080
-43.009582
-50.631533
-58.253484
-64.786585
-73.497387
-72.952962
-75.130662
-83.841463
-83.841463
-83.841463
-84.385889
-82.752613
-92.552265
-89.285714
-82.208188
-88.741289
-84.385889
-83.841463
-75.130662
-74.041812
-72.408537
-63.697735
-51.175958
-40.831882
-42.465157
-39.198606
-28.854530
-21.232578
-13.066202
-9.255226
-1.633275
9.255226
10.344077
16.877178
28.310105
31.576655
39.198606
43.009582
41.920732
41.920732
41.920732
41.920732
32.121080
31.032230
31.576655
31.576655
31.576655
22.321429
21.232578
13.610627
8.710801
11.977352
5.988676
-1.088850
1.088850
-5.988676
-11.432927
-10.344077
-21.232578
-30.487805
-32.121080
-30.487805
-32.121080
-39.743031
-44.642857
-52.264808
-52.809233
-51.720383
-53.353659
-48.453833
-40.831882
-43.554007
-39.743031
-32.121080
-23.954704
-10.344077
-2.722125
8.710801
17.421603
25.043554
30.487805
35.932056
43.009582
53.353659
69.686411
74.586237
72.408537
74.041812
74.041812
74.586237
72.408537
75.675087
66.419861
66.964286
74.586237
73.497387
67.508711
62.608885
56.075784
51.720383
53.353659
44.098432
41.376307
43.009582
35.932056
31.032230
31.032230
21.232578
22.321429
15.788328
10.344077
4.899826
-1.633275
2.177700
-5.444251
-11.432927
-10.344077
-19.599303
-21.232578
-21.232578
-20.143728
-26.132404
-32.665505
-31.032230
-32.121080
-40.287456
-42.465157
-41.376307
-47.909408
-54.986934
-46.276132
-50.087108
-46.820557
-41.376307
-46.820557
-41.376307
-42.465157
-41.376307
-42.465157
-41.920732
-41.920732
-41.920732
-33.754355
-23.954704
-20.143728
-21.232578
-20.688153
-13.610627
-6.533101
1.088850
-0.544425
1.088850
10.344077
10.344077
10.344077
10.888502
9.799652
10.888502
10.344077
10.344077
10.344077
10.888502
10.888502
10.888502
9.799652
1.088850
-2.177700
-10.888502
-10.344077
-11.432927
-9.255226
-11.977352
-20.143728
-21.777003
-20.143728
-27.221254
-31.032230
-38.654181
-40.831882
-30.487805
-31.576655
-31.576655
-31.032230
-27.765679
-32.121080
-30.487805
-22.321429
-11.977352
-10.344077
-4.899826
7.077526
12.521777
22.321429
31.032230
31.576655
40.831882
42.465157
48.998258
52.809233
60.975610
63.153310
66.419861
74.586237
74.041812
86.019164
93.096690
84.930314
85.474739
95.818815
93.096690
96.363240
88.196864
84.385889
80.574913
71.864111
64.786585
62.608885
56.075784
51.175958
44.098432
32.665505
23.954704
14.155052
7.621951
0.544425
-8.166376
-21.777003
-30.487805
-40.287456
-50.631533
-53.353659
-63.697735
-76.219512
-83.841463
-84.930314
-93.641115
-94.729965
-95.274390
-105.074042
-105.074042
-104.529617
-113.784843
-115.962544
-105.618467
-105.074042
-105.618467
-97.996516
-92.007840
-78.397213
-64.786585
-55.531359
-51.175958
-44.098432
-33.209930
-24.499129
-17.421603
-8.166376
0.544425
6.533101
18.510453
21.232578
21.777003
32.121080
31.032230
33.754355
42.465157
41.920732
42.465157
41.376307
43.009582
33.209930
20.688153
21.232578
21.232578
13.610627
9.255226
11.432927
4.899826
-1.088850
1.088850
-6.533101
-10.888502
-17.966028
-22.321429
-19.599303
-27.221254
-31.032230
-20.688153
-21.232578
-20.688153
-21.777003
-20.143728
-11.977352
-9.799652
-10.888502
-7.621951
7.077526
15.788328
23.954704
29.943380
38.654181
42.465157
51.175958
52.264808
59.342334
64.242160
64.242160
75.130662
83.297038
84.385889
83.841463
83.841463
84.385889
77.852787
73.497387
86.019164
80.030488
73.497387
74.041812
73.497387
73.497387
74.586237
68.597561
60.431185
52.809233
51.720383
43.554007
33.209930
30.487805
21.777003
10.888502
10.888502
2.722125
-12.521777
-23.954704
-31.032230
-39.743031
-41.920732
-44.098432
-52.809233
-59.342334
-64.242160
-61.520035
-72.408537
-73.497387
-79.486063
-86.019164
-78.397213
-73.497387
-72.952962
-74.586237
-64.242160
-63.153310
-60.431185
-51.720383
-52.809233
-52.264808
-52.809233
-50.631533
-39.198606
-32.121080
-31.032230
-22.321429
-18.510453
-10.888502
-10.344077
-11.432927
-5.444251
1.088850
-0.544425
1.088850
-1.088850
1.088850
-9.255226
-7.621951
-1.088850
-11.432927
-9.799652
-10.888502
-19.054878
-22.321429
-20.688153
-21.232578
-20.688153
-21.232578
-20.688153
-21.777003
-20.688153
-21.232578
-20.688153
-11.432927
-10.344077
-10.888502
-10.344077
-11.432927
-4.899826
1.633275
-1.633275
8.166376
10.888502
12.521777
21.232578
20.688153
20.688153
21.232578
20.688153
21.777003
30.487805
33.209930
43.009582
33.754355
37.020906
44.098432
41.376307
43.009582
41.920732
51.720383
52.809233
52.264808
52.809233
52.809233
52.264808
52.809233
52.264808
52.264808
52.809233
52.264808
53.353659
46.276132
40.831882
42.465157
41.376307
43.554007
36.476481
31.032230
43.009582
39.198606
31.032230
31.576655
31.576655
21.777003
21.777003
16.332753
9.799652
4.355401
-1.633275
-6.533101
-13.066202
-18.510453
-32.121080
-29.943380
-36.476481
-41.376307
-47.909408
-52.809233
-59.886760
-63.153310
-68.597561
-75.130662
-72.952962
-83.841463
-83.841463
-84.385889
-83.297038
-84.930314
-77.852787
-72.952962
-74.041812
-72.952962
-64.242160
-63.153310
-59.342334
-51.175958
-43.554007
-41.920732
-33.754355
-20.143728
-20.143728
-6.533101
-2.177700
4.355401
9.799652
13.066202
20.688153
24.499129
32.121080
30.487805
39.743031
43.009582
41.920732
42.465157
41.376307
42.465157
41.376307
42.465157
41.920732
42.465157
41.920732
41.376307
41.920732
34.843206
30.487805
32.121080
22.865854
21.232578
20.688153
11.977352
9.799652
11.432927
7.077526
-0.544425
0.000000
1.088850
-7.621951
-11.432927
-11.432927
-22.321429
-19.599303
-13.610627
-22.321429
-16.877178
-9.255226
-10.888502
-8.710801
0.000000
-0.544425
2.722125
11.432927
9.799652
11.432927
19.599303
21.777003
28.310105
36.476481
42.465157
41.920732
43.009582
52.809233
51.720383
54.986934
62.608885
63.697735
56.075784
51.175958
52.809233
48.453833
52.809233
42.465157
33.754355
29.398955
22.865854
17.966028
11.432927
1.633275
-11.432927
-19.599303
-29.943380
-32.121080
-45.187282
-53.353659
-60.431185
-65.331010
-73.497387
-84.385889
-83.297038
-85.474739
-94.185540
-94.729965
-94.729965
-95.274390
-87.108014
-83.297038
-84.930314
-75.675087
-65.875436
-62.064460
-54.442509
-51.175958
-46.820557
-33.209930
-32.121080
-26.676829
-13.610627
-6.533101
0.544425
0.544425
7.077526
15.243902
20.143728
26.676829
31.576655
32.121080
40.287456
47.909408
53.353659
51.720383
43.009582
41.920732
42.465157
41.920732
41.920732
43.009582
37.565331
29.943380
33.209930
24.499129
21.232578
20.688153
21.777003
15.243902
9.799652
10.888502
10.344077
9.799652
11.432927
6.533101
-1.088850
0.000000
0.000000
0.000000
0.000000
-1.088850
4.899826
11.432927
9.799652
10.888502
10.344077
10.888502
9.255226
16.332753
22.321429
20.688153
21.777003
20.143728
22.865854
32.121080
31.032230
31.576655
31.032230
31.576655
31.576655
32.121080
30.487805
33.209930
27.765679
20.688153
19.599303
9.799652
10.888502
10.344077
9.255226
-0.544425
1.088850
-7.077526
-11.432927
-10.888502
-21.232578
-20.143728
-26.676829
-32.121080
-31.032230
-32.665505
-31.032230
-31.576655
-31.576655
-31.576655
-40.831882
-42.465157
-41.920732
-42.465157
-41.920732
-42.465157
-41.376307
-43.009582
-35.932056
-30.487805
-32.121080
-31.032230
-32.665505
-26.132404
-20.143728
-21.777003
-17.966028
-9.799652
-10.888502
-10.344077
-9.799652
-10.344077
-9.799652
-10.888502
-3.810976
1.088850
-0.544425
0.544425
-0.544425
0.000000
0.000000
0.000000
0.000000
0.544425
-0.544425
0.000000
0.000000
0.000000
0.000000
0.000000
0.000000
0.000000
0.544425
0.000000
11.432927
3.266551
4.355401
11.977352
9.799652
20.688153
21.232578
21.232578
21.777003
18.510453
9.255226
19.054878
21.232578
20.688153
21.232578
21.232578
21.232578
20.688153
21.232578
20.688153
20.688153
11.432927
10.344077
10.888502
10.344077
10.344077
10.344077
10.888502
10.888502
10.344077
10.888502
10.888502
9.799652
0.544425
-0.544425
0.000000
0.544425
-0.544425
2.177700
10.888502
10.344077
10.888502
10.344077
10.344077
9.799652
10.344077
10.344077
10.888502
10.344077
10.344077
10.888502
10.344077
10.344077
10.344077
10.344077
10.888502
9.799652
11.432927
9.799652
3.266551
10.344077
11.432927
7.621951
-0.544425
0.544425
0.000000
0.544425
-2.177700
-11.432927
-9.799652
-11.432927
-9.799652
-11.432927
-8.710801
-17.966028
-19.054878
-18.510453
-21.777003
-21.232578
-21.232578
-22.321429
-32.121080
-31.576655
-32.121080
-31.576655
-31.032230
-31.032230
-31.576655
-22.865854
-20.143728
-22.865854
-14.155052
-9.799652
-10.888502
-10.344077
-10.344077
-11.432927
-9.255226
-0.544425
0.544425
-0.544425
1.088850
-1.633275
7.621951
8.710801
-1.088850
7.077526
12.521777
4.355401
-0.544425
0.544425
-0.544425
0.000000
0.544425
-1.088850
-10.344077
-10.888502
-10.344077
-10.888502
-10.344077
-10.888502
-10.344077
-10.344077
-10.344077
-10.888502
-10.344077
-11.432927
-9.799652
-11.977352
-4.899826
0.544425
0.544425
-0.544425
5.444251
11.432927
10.344077
9.799652
12.521777
21.232578
21.232578
20.143728
27.221254
33.209930
30.487805
31.576655
31.576655
31.576655
31.576655
31.576655
32.121080
31.032230
32.121080
28.854530
20.143728
21.777003
20.143728
22.321429
17.966028
9.799652
10.888502
10.344077
10.344077
2.177700
-1.088850
0.544425
-2.722125
-11.432927
-10.344077
-10.888502
-9.799652
-11.432927
-9.799652
-14.155052
-21.777003
-21.777003
-16.877178
-9.255226
-10.888502
-9.799652
-11.432927
-10.344077
-10.888502
-10.344077
-10.888502
-9.255226
-0.544425
0.544425
-0.544425
0.544425
-0.544425
0.000000
0.000000
0.000000
0.000000
0.000000
0.000000
0.000000
-0.544425
0.544425
-1.633275
-10.344077
