55.041707
54.757987
54.474267
55.041707
53.055666
49.083584
53.906826
55.041707
51.069625
48.799864
49.367304
49.367304
49.083584
49.651024
46.530103
43.125461
44.544062
42.274301
38.018499
43.125461
42.558021
37.734778
34.330137
26.953413
22.413891
18.158089
8.795324
-1.702321
-9.930205
-19.860410
-27.804574
-40.855700
-54.190546
-61.567270
-72.064915
-82.278840
-88.236963
-96.181127
-102.706690
-108.664813
-113.771776
-117.176417
-121.148499
-120.013619
-125.120581
-131.929864
-131.078704
-132.213585
-130.511264
-126.822902
-124.553141
-118.311298
-107.246212
-96.748567
-82.846280
-69.511434
-56.460308
-36.883618
-24.116212
-13.334847
2.269761
15.604608
22.130171
21.279010
24.683652
27.804574
27.237133
27.237133
27.237133
27.520853
27.520853
27.520853
27.237133
31.209215
34.897577
38.869659
38.018499
38.869659
38.018499
38.869659
35.181297
32.911536
31.209215
26.669693
32.344096
32.911536
34.046417
43.409181
54.474267
58.446349
64.404471
74.050956
84.832321
92.209045
94.762526
100.436929
104.409011
108.381093
110.083414
109.232253
109.799694
109.515973
109.799694
108.097373
103.557851
106.678772
110.650854
105.827612
104.125291
104.125291
104.409011
103.557851
99.869489
95.613687
93.343926
91.641605
87.102083
83.697441
81.711400
82.562560
76.036997
68.943994
59.297509
49.367304
39.153379
19.576690
-4.255802
-25.534812
-47.381263
-72.632355
-101.855530
-130.794984
-148.101912
-170.799523
-192.645974
-212.506384
-224.422630
-234.352834
-247.403961
-258.752766
-263.292288
-263.859729
-269.534132
-275.492254
-282.585258
-276.343415
-272.938773
-268.682971
-265.278329
-253.929524
-233.785394
-209.669182
-185.836691
-153.776315
-116.325257
-80.860239
-43.976621
-13.902287
16.172048
46.530103
66.106792
73.199796
76.320717
78.874198
82.562560
76.036997
63.837031
55.609147
54.757987
55.041707
54.757987
54.474267
58.446349
68.943994
71.781195
70.646314
75.185837
77.455598
74.050956
64.688192
57.878908
54.757987
55.041707
50.502185
45.395222
51.637065
64.404471
76.604437
88.236963
104.409011
118.027578
136.469387
155.478636
166.260001
175.906486
186.404131
192.078534
191.511093
194.915735
198.887817
202.008739
197.752937
192.078534
194.348295
202.008739
202.859899
197.752937
196.618056
201.725018
201.441298
195.766896
189.525052
184.701810
181.580889
177.041366
169.664643
163.422800
157.748397
148.101912
133.348465
110.083414
92.492765
73.199796
41.139420
1.986041
-39.153379
-76.604437
-115.474096
-162.571639
-212.506384
-251.376043
-284.855019
-316.915395
-348.408330
-374.794303
-387.561709
-402.598876
-418.203484
-422.459286
-421.891846
-421.608126
-424.161607
-428.133689
-421.040685
-409.691880
-398.343074
-383.873347
-364.012938
-333.087443
-293.366623
-255.064404
-211.087783
-156.329796
-101.855530
-49.367304
0.851160
48.799864
87.953243
117.460137
135.618226
142.994950
148.953073
149.804233
137.887987
122.567100
102.706690
87.953243
82.846280
73.767236
61.283550
55.325427
59.864949
55.892867
54.190546
59.297509
60.148669
60.432389
55.041707
45.111502
40.004540
38.302219
36.599898
29.790615
30.925495
40.855700
53.623106
72.064915
89.088123
113.204335
142.994950
168.813482
190.376213
211.087783
232.650514
249.106282
261.873688
272.938773
283.436418
285.138739
285.422459
284.571299
282.868978
285.422459
284.287579
280.599217
276.059695
273.789934
272.371333
266.413210
262.157408
252.510923
240.878398
230.948193
223.004029
210.236623
190.943653
171.650684
143.562390
115.474096
84.264881
46.530103
1.134881
-49.367304
-100.436929
-148.101912
-197.752937
-254.496964
-308.403791
-357.487374
-395.789593
-433.524372
-465.868467
-492.538160
-508.710208
-524.031096
-531.975260
-531.407819
-528.570618
-520.626454
-516.938092
-508.993928
-487.714918
-463.882426
-438.347614
-411.961641
-382.171026
-339.045565
-286.273620
-226.124950
-167.962322
-104.409011
-38.869659
26.669693
83.130001
135.901946
180.729728
208.534302
221.585428
224.706350
219.599387
207.399421
186.971571
154.627475
120.013619
90.506724
66.674233
47.664983
26.102253
11.348806
11.065085
11.065085
15.320887
20.711570
25.818533
30.925495
33.478976
32.344096
35.181297
38.869659
38.018499
38.585939
41.706860
57.311468
82.562560
108.097373
140.441469
179.027407
222.720309
270.952732
310.957272
346.422289
380.752426
410.259320
429.552290
440.049935
447.426658
449.696419
447.426658
438.063894
426.147648
417.352324
412.529081
400.329115
385.575668
378.198945
370.254781
356.068774
340.180446
317.199115
299.608466
276.343415
238.608636
197.185496
148.385632
102.422970
57.878908
-1.418601
-73.767236
-139.590308
-199.738977
-255.631845
-320.887477
-394.087272
-454.803382
-507.007887
-559.779833
-605.742496
-647.733076
-681.779493
-711.853827
-740.509561
-751.574647
-741.928162
-730.579357
-721.500312
-712.988708
-688.305056
-639.221472
-587.300687
-537.649662
-491.119560
-430.970890
-347.557170
-267.548091
-189.525052
-105.260171
-24.683652
55.892867
128.525223
193.497134
253.362084
304.715429
325.426999
323.440958
318.901436
309.822391
288.543381
243.999319
184.134370
130.511264
91.074164
49.651024
-2.553481
-45.962662
-74.050956
-91.925325
-105.543892
-114.339216
-113.488055
-101.004369
-89.655564
-87.953243
-76.320717
-46.813823
-19.009249
1.702321
15.604608
40.855700
89.371844
138.171707
178.743687
223.855189
288.827101
361.175736
421.324406
473.812631
532.258980
593.258810
638.937752
666.174885
682.630653
701.639902
718.095670
712.137548
691.142257
676.388810
664.756284
652.272598
622.481984
583.328605
551.835669
522.896215
480.621915
424.445327
375.078023
329.966521
263.859729
182.432049
96.748567
15.888328
-48.799864
-137.887987
-249.957442
-348.692050
-421.608126
-486.012597
-563.751915
-650.286557
-718.095670
-763.490893
-804.062872
-850.025535
-885.490552
-900.527719
-912.727685
-935.425296
-944.788061
-920.388129
-877.546388
-844.351132
-825.341883
-777.393179
-688.872496
-587.016966
-501.049765
-419.622085
-318.333995
-188.673892
-66.674233
34.330137
135.901946
242.296998
332.236282
396.073313
440.333655
484.877717
515.803212
499.914884
449.696419
396.640754
352.096692
300.175906
206.264541
90.790444
-3.688362
-71.213755
-130.794984
-207.399421
-280.882937
-320.320036
-342.166487
-355.785054
-354.933893
-337.626965
-301.027067
-277.478295
-262.441128
-224.706350
-149.804233
-81.711400
-47.097543
-24.116212
29.506894
121.999660
200.306418
255.915565
314.929354
400.612835
499.631164
585.882086
667.593486
762.356012
848.890654
903.932361
939.964819
981.955399
1033.876185
1052.601714
1014.866935
962.662430
929.750894
904.216081
852.295296
760.369971
656.528400
579.640243
505.305567
410.826760
323.440958
239.743517
145.548431
38.018499
-81.995120
-175.339046
-238.608636
-336.775804
-472.110310
-599.216932
-684.900414
-731.997957
-803.495432
-911.876525
-993.587925
-1031.322703
-1050.615673
-1074.448164
-1091.187652
-1086.931850
-1072.178403
-1057.708676
-1027.918062
-954.150826
-853.713897
-776.825739
-728.025875
-633.263349
-479.770754
-314.078193
-179.027407
-77.455598
45.395222
211.371503
362.310617
471.826590
566.021676
635.249390
686.602735
707.598025
701.356182
690.291097
647.165636
557.226352
435.226692
316.915395
228.110991
134.199625
-5.106962
-169.948363
-302.161947
-382.738467
-455.938262
-550.417069
-641.774953
-695.398059
-718.379391
-718.379391
-700.788742
-662.486523
-590.705328
-523.747376
-454.803382
-337.626965
-192.645974
-57.595188
41.423140
123.134540
240.310957
390.966351
510.696249
587.300687
651.705158
736.537479
842.365091
941.383419
1028.201782
1105.657380
1172.331612
1234.750043
1297.735913
1359.586903
1397.889122
1379.447313
1316.177722
1243.829087
1179.424616
1104.522499
983.090280
800.941951
613.119219
450.547580
311.524712
183.283209
24.683652
-153.776315
-316.631675
-445.724338
-529.138058
-599.784373
-716.109629
-854.848777
-975.713556
-1053.736594
-1076.434205
-1127.503830
-1224.819838
-1315.042842
-1366.963627
-1365.261306
-1332.349770
-1315.610282
-1307.098678
-1287.805708
-1231.061681
-1105.089939
-942.518300
-787.890824
-663.337684
-548.431028
-364.296658
-118.878738
114.055496
292.231743
422.175566
563.751915
739.942121
897.123078
1011.746014
1067.638881
1055.438915
1012.597174
964.932191
907.620723
813.425637
651.988878
419.622085
195.766896
30.358055
-109.232253
-277.478295
-493.956761
-705.895704
-848.890654
-924.927651
-983.090280
-1059.127277
-1139.420076
-1183.396697
-1167.224650
-1097.145775
-996.992567
-893.434716
-791.579186
-663.337684
-486.580037
-243.715599
15.037167
215.911025
379.901265
552.119389
753.276968
974.862396
1132.043352
1198.717585
1245.531408
1314.759122
1404.130965
1478.749362
1506.837655
1501.163253
1507.688816
1542.018953
1593.372298
1627.986154
1608.976905
1533.791068
1431.651819
1337.456733
1250.070930
1109.062021
880.099869
587.016966
300.743347
88.804403
-92.492765
-319.185156
-590.989048
-864.211542
-1040.118028
-1085.796970
-1130.341032
-1239.005845
-1362.424105
-1457.186631
-1443.284344
-1375.475231
-1378.312433
-1416.898371
-1459.172672
-1488.112126
-1452.079669
-1374.907791
-1306.531238
-1250.922090
-1235.601203
-1174.033933
-982.806560
-721.500312
-478.068433
-325.710719
-182.148329
75.753277
398.059354
687.170175
888.327754
1006.071611
1139.703796
1284.684787
1383.135675
1449.242467
1429.382058
1316.177722
1167.508370
982.522839
807.183794
629.291267
341.599047
-10.497645
-352.947852
-634.965670
-826.193043
-1031.322703
-1288.940589
-1501.730693
-1620.041991
-1635.646598
-1594.507178
-1570.958407
-1515.916700
-1408.954208
-1280.996425
-1098.848096
-893.434716
-676.672530
-469.840549
-323.724678
-139.874028
132.781025
412.245361
646.881916
815.127958
975.713556
1236.452363
1499.460932
1672.246496
1792.543835
1874.255235
1965.329399
2054.133802
2056.971004
2012.143222
1953.980594
1859.785508
1769.562504
1670.827895
1568.972366
1469.386597
1309.368439
1132.610793
989.615843
834.704647
640.923793
344.436248
-23.265051
-275.775975
-478.635874
-760.086251
-1095.727175
-1459.456392
-1651.534926
-1654.655847
-1735.232367
-1854.962265
-1901.492368
-1867.162231
-1692.390626
-1534.925949
-1462.009873
-1332.066050
-1217.443114
-1162.685127
-1063.099359
-928.899733
-773.988538
-696.816660
-729.728196
-663.337684
-433.240651
-143.562390
62.702151
154.627475
337.626965
650.002837
953.583385
1210.066391
1336.605572
1417.182092
1529.818987
1537.763150
1491.233048
1443.284344
1270.498780
1012.597174
699.086421
337.626965
74.618396
-182.999489
-595.812291
-1013.732055
-1340.293934
-1560.177041
-1671.395336
-1818.929808
-1972.989843
-1988.878171
-1898.655167
-1770.981104
-1599.897861
-1393.349600
-1162.685127
-935.992737
-734.267718
-502.468365
-205.413380
70.930035
230.664473
354.933893
573.398400
821.653521
1040.685468
1195.880384
1284.684787
1464.847075
1671.395336
1752.823015
1823.753050
1890.994723
1910.287692
1921.352778
1842.478579
1733.530046
1703.455711
1643.023322
1525.279464
1410.656528
1328.661408
1285.535947
1206.094309
1098.848096
996.141406
880.383590
708.732906
353.515293
-34.330137
-234.069114
-465.868467
-834.420927
-1292.345231
-1742.325370
-1821.767009
-1722.181240
-1862.055269
-2009.306021
-2030.017591
-1876.524996
-1537.479430
-1374.340351
-1315.894002
-1146.796800
-1073.029564
-1050.615673
-967.769392
-871.020825
-757.532770
-818.816320
-974.294955
-891.448675
-572.830960
-206.831981
-38.585939
34.330137
357.487374
824.490722
1254.610452
1538.046871
1601.600182
1695.511547
1784.599671
1682.176701
1577.200250
1421.437894
1089.769052
718.663111
284.003859
-64.971912
-205.129660
-481.756795
-943.653181
-1330.647449
-1547.125915
-1562.163082
-1594.507178
-1794.813596
-1934.971344
-1892.697044
-1717.074278
-1531.805028
-1367.247347
-1147.364240
-926.913692
-709.584066
-430.403450
-104.125291
253.929524
489.700959
522.896215
646.030755
915.281167
1133.745673
1237.870964
1163.252568
1091.755093
1225.954718
1343.698576
1336.321852
1297.452193
1240.991886
1257.447654
1306.247517
1283.549906
1284.117347
1313.340521
1306.814958
1294.331272
1309.935879
1404.698405
1499.744652
1459.740112
1389.377518
1381.433354
1370.368269
1241.559326
812.574477
320.320036
115.190376
-122.850820
-558.928673
-1114.452704
-1660.897691
-1718.776599
-1607.274584
-1793.394995
-1933.269023
-1972.706123
-1831.980934
-1508.256256
-1433.921580
-1402.996085
-1299.438234
-1381.433354
-1478.181921
-1508.539976
-1456.902911
-1354.763661
-1468.251717
-1624.014073
-1444.419225
-976.564717
-442.603416
-112.353175
116.041537
598.365772
1202.122227
1726.720763
2065.198888
2132.156840
2186.063667
2169.040458
1949.157351
1758.781138
1481.586563
1084.662089
650.286557
119.162458
-217.613346
-352.096692
-615.388980
-990.183283
-1395.619361
-1620.041991
-1589.400216
-1612.948987
-1765.022981
-1915.394655
-1928.162061
-1753.390456
-1543.153833
-1329.512569
-1076.434205
-837.825569
-567.156557
-239.743517
153.492595
591.840209
848.039494
908.188163
996.425126
1170.913011
1399.875163
1475.912160
1293.763831
1123.815468
1100.834137
1144.810759
1168.075810
1060.829598
965.499631
991.034444
1014.583215
1081.824888
1194.745503
1292.628951
1405.265846
1440.447143
1464.279635
1639.618680
1736.083527
1710.832435
1640.469841
1426.828576
1233.898882
883.788231
307.268910
-32.911536
-361.459456
-838.960449
-1326.959088
-1890.143562
-1965.329399
-1713.102196
-1788.004313
-1905.180730
-1983.203768
-1823.753050
-1372.354310
-1292.912671
-1406.684446
-1448.107587
-1588.832775
-1642.739602
-1712.818476
-1774.385746
-1646.711684
-1647.562844
-1682.176701
-1379.163593
-786.188504
-57.595188
450.263860
700.221302
1168.926970
1816.376326
2328.491176
2533.337116
2344.663224
2149.747489
2009.873461
1667.990694
1315.042842
916.699767
500.766044
167.111162
-257.334166
-467.570788
-410.259320
-526.584577
-814.844238
-1212.052431
-1474.209839
-1427.963457
-1513.079498
-1856.380866
-2162.514895
-2265.505306
-2074.277932
-1757.929978
-1487.260966
-1118.141066
-648.300516
-154.911196
389.264030
954.150826
1464.847075
1734.948647
1674.799977
1527.549225
1484.991205
1470.805198
1263.973217
783.351302
349.543211
206.548261
267.831811
377.631504
397.491914
462.180106
690.574817
946.774102
1226.522159
1508.256256
1701.469670
1824.036770
1790.557794
1730.409124
1830.846053
1852.692504
1787.153152
1633.093117
1330.080009
1105.089939
742.495602
338.761845
180.162288
-165.976281
-636.667991
-1161.266527
-1622.879192
-1474.493560
-1372.921750
-1670.544175
-1976.678205
-2260.682063
-2084.208137
-1801.622879
-1965.329399
-2139.533564
-2305.226125
-2401.690972
-2276.570391
-2165.635817
-1948.873631
-1688.702264
-1600.749021
-1360.154344
-767.179254
16.172048
714.974749
1027.918062
1198.717585
1640.469841
2153.152131
2483.969812
2432.049027
2070.305850
1847.018101
1624.014073
1362.424105
1146.513079
756.681609
442.319696
139.874028
-189.525052
-184.701810
-251.943483
-596.663451
-1063.099359
-1637.065199
-1878.794757
-1912.273733
-2182.091585
-2460.704761
-2589.513704
-2408.500255
-1844.748340
-1255.177893
-693.695739
-70.078874
491.119560
1045.508710
1572.944448
1932.417863
2084.208137
1903.478409
1490.098167
1135.164274
860.523180
607.444816
247.687681
-173.920445
-340.464166
-240.878398
30.358055
328.831640
521.193894
747.602565
977.983317
1157.010725
1350.507859
1420.019293
1417.749532
1378.879873
1265.391818
1330.647449
1491.516768
1632.241957
1911.706293
2044.771038
2023.492027
1903.194689
1492.651648
1297.168473
1110.480622
430.119730
-427.849969
-1418.884412
-1948.022471
-1911.138853
-2229.189128
-2720.024967
-3107.870397
-3166.033025
-2650.797254
-2302.956364
-2226.351926
-2164.784656
-2205.356636
-2103.217386
-1915.110935
-1727.288203
-1497.474891
-1486.126085
-1569.823526
-1282.698746
-592.691369
240.310957
826.760483
1048.062191
1433.637860
2114.566192
2720.308688
3043.749645
2854.224593
2471.486126
2157.691653
1708.846394
1320.149804
894.285876
317.482835
-216.478466
-743.914203
-933.155535
-786.188504
-876.127788
-1238.154684
-1713.102196
-1961.641037
-1794.813596
-1737.502128
-1938.375986
-2101.798786
-2033.138512
-1570.390966
-941.950860
-386.143108
164.273960
663.621404
1089.769052
1536.911990
1935.255064
2134.994042
1988.594450
1506.270215
1014.299495
721.216592
512.966010
163.990240
-326.561879
-655.393520
-669.012086
-428.984849
-99.869489
112.069455
284.571299
470.407990
635.533110
942.234580
1242.694206
1359.303183
1406.400726
1387.107757
1570.390966
1991.147932
2323.667934
2666.969301
2826.136299
2722.578449
2472.337287
1962.208478
1638.767520
1269.080179
363.445497
-789.593145
-1954.548034
-2409.351416
-2280.258753
-2548.090563
-3009.703229
-3385.064972
-3256.539749
-2546.671963
-2155.138172
-2115.984793
-2168.756738
-2317.426091
-2280.542473
-2131.021960
-1959.371276
-1715.939397
-1679.906940
-1706.576633
-1214.605913
-252.794643
813.425637
1512.512058
1695.511547
2053.282642
2667.820462
3127.730806
3188.446916
2642.853090
1943.482948
1331.782330
703.342223
266.129490
-124.269421
-558.928673
-964.364751
-1271.349940
-1117.857346
-640.072632
-427.282529
-706.746865
-1204.959428
-1433.921580
-1313.056801
-1289.791749
-1594.507178
-1897.804006
-1845.032060
-1356.465982
-591.556489
173.069284
864.495262
1417.749532
1815.241446
2217.272882
2569.085854
2615.332236
2128.184759
1239.573285
398.343074
-108.664813
-419.622085
-870.453385
-1397.889122
-1656.925609
-1486.977246
-945.071781
-388.980310
3.688362
300.175906
472.961471
658.514441
952.164785
1193.610622
1312.773081
1317.596323
1303.694036
1645.576803
2251.319299
2859.331555
3473.018215
3703.398967
3595.017874
3247.176985
2572.490495
2102.366226
1412.358849
104.692731
-1422.005334
-2902.173296
-3377.120808
-3153.549339
-3291.153606
-3563.524939
-3774.045282
-3324.916303
-2262.668104
-1633.660557
-1462.861034
-1607.558304
-1908.869092
-1960.789877
-1899.506327
-1788.288033
-1615.502468
-1673.381377
-1635.362878
-935.709017
282.585258
1615.502468
2370.198037
2502.411621
2778.471316
3149.577257
3332.009306
2973.103331
1924.757419
818.532599
-200.306418
-984.508880
-1361.005504
-1623.446632
-1736.367247
-1811.269364
-1694.944107
-1019.690178
-186.687851
305.850309
108.097373
-508.710208
-813.425637
-845.486013
-956.704307
-1337.173013
-1751.971855
-1647.562844
-970.039153
28.372014
1069.057482
1902.343528
2455.881518
2793.224763
2995.233502
3039.777563
2715.485445
1757.929978
404.584917
-759.235091
-1405.833286
-1647.279124
-1934.403904
-2288.486637
-2279.975033
-1751.971855
-878.113829
-78.306758
348.975770
498.212563
482.040515
492.538160
685.184134
829.597685
864.495262
888.611474
1080.406287
1806.446122
2804.289848
3775.180162
4573.852352
4750.326278
4450.150372
3693.468762
2652.499574
1774.953186
477.784713
-1342.563695
-3256.539749
-4578.959315
-4537.819894
-4023.151563
-3791.352210
-3619.417806
-3186.177155
-1984.338648
-698.235261
-182.715769
-285.138739
-848.606934
-1443.851785
-1772.399705
-2024.059468
-2098.961584
-2052.998922
-2054.417523
-1545.139874
-287.975941
1287.805708
2592.350905
2973.670771
2855.643194
2827.838620
2659.592578
2111.445270
862.225501
-690.574817
-1843.897180
-2489.360495
-2495.602338
-2167.054418
-1699.483629
-966.350792
-155.478636
897.123078
2003.915338
2544.969642
2315.723770
1391.363559
418.770924
-155.762356
-663.053964
-1312.205640
-1906.315610
-1969.017761
-1252.908131
-129.943823
925.211372
1660.330250
2083.356977
2317.709811
2289.054077
1925.041139
1188.503660
59.864949
-1183.112977
-2118.538274
-2433.183907
-2218.975203
-1950.575952
-1754.525336
-1309.935879
-471.826590
513.249730
1132.327073
1157.294445
870.453385
563.184475
434.942972
452.817341
437.212733
514.952051
838.109289
1510.526017
2599.160188
3692.617602
4509.447881
5000.000000
4879.986381
4284.174091
3094.251830
1333.484651
-292.515463
-1869.999433
-3333.144187
-4356.806446
-4741.530954
-3840.435794
-2330.193497
-1108.494581
-125.688021
678.374851
1754.241616
2596.322987
2321.681893
1204.108268
-283.720138
-1471.656358
-2130.170800
-2673.494865
-2966.294048
-2868.694320
-2459.853600
-1586.563014
-422.743006
666.458605
1309.652159
1060.829598
283.152698
-453.384781
-1208.080350
-2094.138342
-3257.958350
-4248.141633
-4349.146002
-3608.069001
-2312.035408
-939.113658
326.278159
1626.851274
2762.866708
3588.776031
3881.858934
3419.395109
2261.533224
635.533110
-829.313965
-1730.409124
-2261.816944
-2584.974181
-2587.243943
-1888.724962
-435.226692
1145.945639
2253.305340
2711.513363
2716.620326
2529.365034
2081.370936
1269.363899
208.534302
-877.830108
-1662.316291
-1915.394655
-1610.962946
-909.606764
-272.938773
83.413721
378.766385
731.430517
1012.029734
868.183624
198.036657
-557.793792
-982.522839
-970.039153
-667.593486
-235.487715
345.854849
1210.066391
2303.240084
3351.018555
4121.886171
4367.020371
4142.030301
3629.348011
2722.294728
1455.484310
-203.994780
-1882.766839
-2860.466436
-3281.507121
-3320.093060
-3090.279748
-2464.109402
-1011.746014
465.301027
1212.336152
1276.173183
953.299665
871.871985
667.877206
-211.938943
-1382.851955
-2300.119162
-2485.955853
-2039.096635
-1452.930829
-843.783692
-230.097032
254.780684
585.314646
743.914203
609.147137
14.753447
-1109.629461
-2261.533224
-2860.750156
-2926.856948
-2755.206265
-2572.206775
-2090.449980
-984.225160
449.696419
1713.669636
2442.830392
2659.025138
2627.532202
2416.160699
1998.240935
1377.177552
617.942462
-261.873688
-1062.815639
-1409.521648
-1257.731374
-849.458095
-532.826420
-303.013108
212.790104
971.457754
1595.358339
1762.185780
1496.907450
1187.652500
1014.015775
930.885774
810.588436
579.923963
364.864098
207.683141
157.180957
272.371333
355.785054
201.441298
-234.069114
-721.500312
-885.206832
-798.672190
-783.067582
-864.211542
-825.909323
-456.789423
194.632015
849.741815
1334.903251
1638.200079
1855.529705
2115.417352
2347.500426
2499.290700
2466.095443
2222.663565
2077.398854
1978.380525
1735.799807
1128.922431
31.209215
-831.016286
-1247.801169
-1663.451172
-2169.607899
-2682.573909
-2542.699881
-1742.325370
-1137.717755
-924.076491
-861.658060
-459.910344
240.027237
486.296317
146.683312
-414.231402
-785.621063
-865.346422
-981.671679
-1164.954888
-1260.568575
-1353.912501
-1451.512228
-1399.024003
-1184.531578
-998.694887
-1178.857175
-1626.567554
-1854.962265
-1748.283493
-1567.270045
-1587.130455
-1646.995404
-1356.182262
-671.565568
109.515973
676.388810
1025.648301
1294.898712
1502.581853
1562.163082
1418.316972
1083.527209
434.942972
-383.589627
-996.141406
-1241.275606
-1122.113148
-924.360211
-688.872496
-58.446349
864.778982
1712.818476
2172.728820
2134.994042
1930.431822
1750.269534
1466.549396
1026.215741
470.691710
4.823242
-200.022698
-204.278500
-29.223174
188.957612
259.036486
137.887987
-85.967202
-204.562220
-254.496964
-428.133689
-695.965500
-842.932531
-655.109800
-151.790274
442.603416
955.285706
1391.079839
1893.548204
2430.630426
2822.447937
2985.303297
2797.480565
2442.830392
2153.719571
1728.706804
1129.206151
159.450718
-1040.969188
-1704.874312
-1955.399194
-2111.445270
-2281.677353
-2379.844521
-1797.083357
-828.462804
-223.571469
-135.618226
-278.613176
-116.325257
251.092323
285.706179
-142.143789
-647.165636
-800.090790
-654.258639
-450.831300
-354.933893
-366.566419
-467.854508
-699.086421
-876.127788
-942.234580
-1110.764342
-1526.414345
-2020.938546
-2175.282302
-1869.148272
-1454.065710
-1195.596663
-962.378710
-518.356693
147.250752
768.030415
1066.787721
1089.769052
1012.597174
901.662600
773.988538
586.449526
308.971231
-67.525393
-514.384611
-805.765193
-781.932702
-578.221642
-370.538501
-159.734438
223.571469
791.295466
1270.498780
1473.926119
1418.033252
1295.466152
1228.224479
1139.703796
953.583385
649.151677
388.129149
249.957442
192.362254
215.911025
194.348295
75.753277
-132.497305
-355.217613
-420.473245
-375.361743
-368.836180
-372.240822
-256.766725
59.013789
521.477614
986.211201
1377.461272
1696.362708
1973.841003
2201.951995
2298.133121
2280.542473
2117.687113
1835.385576
1626.567554
1350.224139
968.053112
356.068774
-614.254100
-1317.312603
-1630.539636
-1893.831924
-2156.840493
-2424.388583
-2192.021790
-1380.014753
-727.458435
-503.603246
-495.659082
-304.999149
165.976281
400.896556
86.250922
-426.147648
-701.072462
-667.877206
-540.770584
-549.849628
-610.849458
-705.611984
-937.695058
-1126.085230
-1165.522329
-1185.950179
-1420.303013
-1884.752880
-2107.473188
-1837.087896
-1370.935709
-1025.364580
-839.811610
-551.551949
10.781365
583.044885
846.337173
806.332633
641.774953
502.184645
390.115190
242.013278
70.930035
-167.111162
-489.417239
-680.360892
-550.700789
-211.938943
91.357885
248.255121
460.194065
858.253419
1188.503660
1269.080179
1123.815468
946.490382
956.704307
1029.052942
1023.094819
942.518300
819.383760
728.025875
617.942462
469.556829
318.901436
114.622936
-171.366964
-428.133689
-460.477785
-288.259661
-62.985871
145.548431
332.520002
640.072632
1017.987857
1307.098678
1530.102707
1632.241957
1686.716223
1775.236906
1757.362538
1747.148613
1747.148613
1642.739602
1591.386257
1408.386767
1022.811099
456.221983
-466.719628
-1224.536118
-1623.730352
-2037.110594
-2372.467798
-2567.383533
-2281.109913
-1439.595983
-801.793111
-568.575157
-419.338365
-120.864779
354.933893
519.207853
78.306758
-475.798672
-752.142087
-754.979288
-616.240141
-619.928503
-657.095841
-645.747035
-789.876865
-898.825399
-894.285876
-980.253078
-1263.405777
-1725.585882
-1976.110764
-1735.516087
-1328.093968
-1068.773762
-895.988197
-652.840039
-167.678602
376.212904
579.356523
513.817171
350.394371
224.990070
212.506384
97.032287
-81.427680
-269.534132
-564.886796
-712.988708
-601.202973
-340.747886
-59.013789
69.511434
195.483175
500.198604
770.016456
889.462634
854.281337
711.853827
695.965500
784.769903
809.453555
772.002497
663.337684
524.314816
428.417409
328.547920
226.124950
118.027578
-63.837031
-210.804063
-135.618226
104.692731
378.482665
592.407649
754.979288
978.834478
1243.545367
1462.009873
1591.953697
1616.921069
1629.688475
1681.609261
1725.585882
1794.813596
1808.148442
1728.706804
1687.283663
1438.461102
979.685638
379.901265
-518.640413
-1136.015434
-1434.205300
-1842.194859
-2112.012711
-2222.379845
-1880.497078
-1071.043523
-625.319185
-553.821710
-454.519662
-213.357544
189.525052
287.975941
-150.939114
-600.919253
-743.346763
-602.054134
-341.882767
-318.617715
-408.840720
-531.691539
-830.732565
-1004.369290
-1050.048232
-1166.657209
-1396.754242
-1759.632299
-1823.469330
-1400.158883
-911.309085
-586.165806
-445.156897
-347.273449
-49.651024
282.017818
340.747886
192.078534
-10.781365
-112.636895
-56.460308
-29.790615
-53.339386
-76.604437
-194.348295
-263.859729
-128.241503
90.506724
236.622595
222.720309
150.655394
244.566759
444.589457
596.663451
679.226011
673.551609
717.811950
840.946490
874.992907
820.518640
648.016796
375.645463
169.664643
6.241843
-63.269591
3.404642
-13.051126
-18.441809
139.022868
371.105941
687.453895
881.518470
873.290586
894.002156
947.057822
1072.745843
1285.252227
1373.205470
1419.735573
1525.279464
1581.456052
1732.962606
1817.794927
1679.339500
1597.911820
1272.484821
748.737445
232.934234
-556.658912
-1012.313454
-1175.452534
-1590.251376
-1830.278613
-1929.580662
-1740.906770
-1148.499120
-953.299665
-1039.550587
-889.462634
-572.547239
-80.009079
125.688021
-255.915565
-589.854168
-668.444646
-560.914714
-334.506043
-434.942972
-652.272598
-796.686149
-1033.876185
-1025.080860
-892.016115
-918.685808
-1026.215741
-1257.163933
-1255.745333
-867.616183
-583.896045
-497.361403
-513.817171
-561.765874
-352.947852
-74.902117
6.241843
5.106962
-77.171878
-70.930035
122.850820
213.073824
151.506554
-48.516144
-393.236112
-588.719287
-506.156727
-304.431709
-119.162458
-40.571980
35.748737
292.515463
577.654202
752.425807
813.141917
718.379391
647.165636
688.305056
728.593316
712.988708
559.212393
295.352664
165.692561
160.018158
179.878568
211.938943
109.799694
38.585939
226.692391
463.598706
676.672530
807.751234
772.002497
824.774442
943.653181
1027.350621
1179.424616
1287.238268
1376.893832
1550.814277
1675.651138
1820.632128
1939.794587
1870.283153
1785.734551
1493.502809
985.643761
505.873007
-204.562220
-696.816660
-829.597685
-1202.122227
-1513.363219
-1717.641718
-1735.799807
-1269.647620
-1021.108778
-1102.820178
-1026.215741
-827.895364
-409.975600
-101.855530
-354.082733
-701.356182
-847.472054
-785.904784
-521.477614
-482.891676
-611.700619
-662.770243
-819.100040
-791.295466
-549.849628
-476.082392
-577.370482
-860.523180
-1020.541338
-781.365261
-532.258980
-476.933553
-522.045055
-606.309936
-490.552119
-195.199455
-26.953413
31.776656
-5.674403
-66.390512
17.023208
49.934744
20.427850
-50.218465
-345.003688
-573.682120
-511.263689
-290.529422
-20.995290
90.506724
133.632185
330.817681
548.998468
693.128298
729.728196
579.640243
453.101061
423.877887
436.361573
487.431198
372.808262
169.380923
77.171878
28.372014
95.046246
243.715599
222.152868
163.990240
280.882937
467.003348
621.347103
714.123588
685.184134
626.737786
674.119049
798.955910
1015.434376
1269.931340
1397.889122
1498.893491
1658.060489
1789.706633
1873.120354
1799.069398
1626.567554
1366.112467
940.248539
539.068263
-32.627816
-542.189185
-642.909834
-909.039324
-1241.275606
-1477.898201
-1655.223288
-1341.145094
-1103.103898
-1261.419736
-1230.777961
-1076.150485
-716.393350
-277.478295
-404.584917
-763.207172
-952.732225
-964.081030
-637.235431
-449.980140
-559.212393
-583.896045
-694.830619
-680.644612
-419.905805
-319.468876
-391.817511
-665.891165
-914.713726
-815.411678
-633.263349
-536.798502
-539.635703
-558.928673
-413.380242
-160.018158
94.762526
164.557680
17.590649
-82.278840
-117.743857
-146.967032
-151.222834
-207.399421
-296.203825
-351.529252
-287.124780
-24.399932
230.664473
330.817681
333.654883
287.408500
312.659593
399.194235
453.384781
474.663792
404.017477
343.585088
407.705839
432.105771
344.436248
228.394711
121.432219
75.753277
119.162458
238.892357
352.380412
374.794303
392.384951
459.626624
505.305567
508.426488
460.477785
414.231402
459.626624
600.351813
897.406798
1292.628951
1556.204959
1725.018442
1863.473869
1903.478409
1907.450491
1782.329910
1566.418884
1366.679907
988.480962
663.905124
376.212904
-95.329967
-249.673722
-373.375702
-760.086251
-1094.876014
-1587.697895
-1748.850933
-1458.321512
-1439.595983
-1393.917040
-1187.936220
-991.034444
-560.914714
-368.552460
-661.919083
-986.211201
-1180.275776
-1003.234410
-608.579697
-510.128809
-500.482324
-451.115020
-409.975600
-250.241162
-199.455257
-309.538671
-544.742666
-902.513760
-1051.466833
-949.043863
-749.872326
-514.668331
-360.324576
-282.301538
-223.855189
-76.320717
100.436929
64.688192
-142.427510
-276.627135
-277.762016
-176.757646
-65.539352
-50.502185
-7.944164
40.571980
91.357885
255.064404
325.994439
263.292288
226.976111
192.362254
222.720309
318.050275
415.650003
510.412529
497.928843
420.189525
387.561709
319.185156
190.659933
91.074164
26.102253
-17.023208
-38.018499
1.702321
105.827612
194.915735
227.259831
216.194746
251.659763
297.338705
317.199115
489.700959
680.644612
848.890654
1163.536288
1407.819327
1590.535096
1752.823015
1702.604551
1643.023322
1637.348919
1540.032912
1570.107246
1547.977075
1196.731544
870.453385
489.417239
87.385803
19.292969
-205.413380
-614.537820
-995.290246
-1606.423424
-1797.650797
-1553.935198
-1554.218918
-1442.716904
-1274.470862
-1110.480622
-607.728537
-419.622085
-719.514271
-944.788061
-1105.373659
-926.062532
-466.152187
-385.291948
-449.980140
-427.566249
-391.817511
-205.697100
-140.157748
-317.199115
-505.305567
-690.291097
-770.583896
-669.863247
-506.440447
-406.287238
-345.003688
-301.310787
-335.073484
-321.171197
-293.934063
-359.473415
-357.487374
-292.515463
-186.404131
0.851160
77.171878
19.292969
-4.539522
0.567440
37.451058
179.027407
220.734268
149.236793
154.060035
177.892527
284.287579
438.915054
436.929013
413.380242
408.840720
302.161947
212.222664
120.013619
-4.539522
-18.158089
-3.120922
-34.613857
11.065085
66.674233
144.980991
263.292288
301.878227
335.640924
394.938433
412.529081
403.733757
436.645293
547.296147
728.309595
970.606594
1183.680418
1333.484651
1482.437723
1567.837485
1618.623390
1677.353459
1639.334960
1555.353799
1492.935369
1288.940589
989.899563
674.119049
255.348125
38.018499
-31.209215
-282.868978
-603.756455
-1198.717585
-1725.585882
-1696.930148
-1570.390966
-1353.912501
-1148.499120
-1116.722465
-847.755774
-638.086591
-761.788572
-1017.987857
-1368.098508
-1416.898371
-1003.234410
-591.272769
-423.026726
-412.812801
-395.505873
-196.901776
79.441639
93.627646
-225.273790
-641.207513
-883.220791
-806.900074
-506.440447
-317.199115
-293.082903
-229.245872
-182.999489
-89.655564
-19.860410
-183.283209
-329.682801
-388.980310
-350.394371
-122.567100
-13.618567
-56.460308
-65.255632
-75.753277
-19.009249
127.957782
205.697100
207.115701
217.613346
216.478466
293.082903
470.975430
550.133348
550.700789
463.031266
258.185326
152.073994
102.139250
50.218465
57.027748
53.906826
107.246212
247.120241
351.245531
409.691880
372.240822
237.757476
135.618226
97.599728
80.009079
64.688192
38.869659
45.962662
201.441298
479.203314
747.602565
937.978778
1039.834307
1103.671339
1214.322193
1289.224309
1277.591783
1242.694206
1136.582875
1019.690178
933.722976
801.793111
674.970209
507.007887
354.650173
323.724678
253.078364
102.990410
-225.841230
-716.960790
-1044.373830
-1079.838847
-869.034784
-611.133178
-523.747376
-569.993758
-638.370312
-715.542189
-848.323214
-970.322874
-1034.159905
-1018.839017
-826.193043
-641.491233
-564.886796
-532.258980
-569.426318
-523.463655
-432.389491
-493.673041
-605.742496
-720.649152
-766.611814
-550.417069
-239.459797
-7.660444
165.408841
192.362254
188.957612
218.748227
130.227544
47.948703
-27.520853
-154.911196
-210.520343
-230.664473
-218.748227
-162.855359
-123.701980
-55.609147
60.999830
114.339216
54.190546
-99.869489
-304.715429
-412.812801
-401.747716
-364.580378
-302.161947
-272.938773
-268.682971
-235.203995
-206.264541
-130.227544
-30.641775
20.144130
27.804574
32.911536
78.023038
125.688021
137.604267
97.883448
45.678942
46.530103
65.539352
99.302048
136.753107
195.483175
311.524712
439.766215
582.477444
724.337513
832.434886
906.485842
930.318334
929.183453
928.332293
899.109119
861.374340
854.281337
873.858026
918.118368
963.797310
973.727515
984.225160
998.694887
996.425126
1000.397208
988.480962
943.653181
832.151166
587.868127
281.734097
82.846280
85.116042
253.929524
446.291778
482.607956
334.506043
79.441639
-222.436589
-411.394201
-520.626454
-673.551609
-819.383760
-1009.476253
-1151.052602
-1120.127107
-1050.615673
-990.467003
-991.601884
-1080.973728
-1108.494581
-1077.569086
-1050.048232
-947.057822
-811.439596
-690.574817
-541.621744
-471.826590
-484.593996
-528.286898
-644.328434
-688.305056
-628.156387
-599.784373
-565.454236
-573.114680
-643.760994
-627.021506
-540.486864
-450.263860
-390.682631
-469.840549
-631.277308
-743.914203
-810.872156
-767.462975
-610.849458
-468.138228
-316.064234
-149.520513
-7.660444
134.199625
185.552971
158.315837
154.627475
162.004199
205.413380
283.152698
296.203825
311.808432
419.905805
581.626284
799.239630
958.406628
999.546048
1003.234410
1007.773932
1065.085400
1158.429325
1190.205981
1147.931680
1082.392328
1049.764512
1044.941270
1029.620382
1004.936730
969.471713
946.774102
921.523010
885.774272
848.323214
782.783862
707.881745
647.733076
599.500653
573.398400
562.617035
513.817171
467.854508
471.259150
448.561539
343.868808
125.688021
-97.032287
-124.553141
20.711570
204.845940
243.431879
35.748737
-296.203825
-641.207513
-856.551098
-939.681099
-1012.313454
-1046.643591
-1107.359700
-1154.173523
-1064.234239
-964.081030
-875.844067
-847.472054
-944.504341
-993.020485
-1000.680928
-1029.336662
-976.280996
-894.002156
-808.886115
-670.146967
-577.654202
-527.152017
-499.063724
-575.951881
-612.835499
-579.072803
-574.249560
-543.891505
-587.868127
-690.858537
-682.630653
-621.347103
-497.928843
-346.422289
-314.929354
-313.510753
-303.864268
-348.124610
-324.575838
-255.915565
-209.669182
-107.529932
-35.748737
-4.823242
47.097543
20.427850
17.306928
117.176417
201.157578
287.408500
344.152528
350.110651
448.561539
616.523861
767.746695
901.378880
948.476423
911.025365
897.974238
896.555638
895.988197
936.560177
944.788061
923.792771
940.248539
968.053112
986.211201
960.676389
876.411508
812.290756
788.174545
768.030415
715.825909
644.612155
579.923963
565.737956
603.189014
647.165636
706.179425
761.504852
773.704818
778.244340
768.030415
730.863077
651.421438
436.361573
121.432219
-120.864779
-200.306418
-106.962492
66.957953
91.357885
-72.632355
-333.087443
-620.779663
-763.207172
-779.095500
-807.467514
-803.211712
-841.230211
-892.583556
-815.127958
-754.411848
-726.890995
-729.728196
-868.751064
-999.829768
-1064.517959
-1113.034103
-1011.462294
-853.997617
-772.569937
-668.160926
-630.993588
-664.756284
-676.388810
-774.555978
-839.527890
-789.309425
-753.276968
-647.449356
-555.807751
-568.858878
-508.426488
-430.687170
-345.003688
-201.725018
-178.459967
-221.301708
-280.031777
-403.450037
-387.845429
-268.682971
-181.297168
-70.930035
-17.023208
11.065085
81.995120
122.567100
160.585598
221.869148
251.376043
296.203825
372.524542
429.836010
508.993928
612.551779
713.272428
815.695398
869.602224
838.676729
771.435056
684.900414
630.709868
637.802871
628.440107
610.282018
615.388980
619.077342
632.979629
634.398230
617.091301
614.537820
589.003007
548.998468
522.612495
540.770584
600.919253
659.649322
704.193384
732.849118
780.230381
822.788402
792.146627
708.732906
611.700619
553.537990
564.035635
539.635703
440.901095
255.348125
19.292969
-82.846280
-6.241843
169.380923
328.264200
291.096862
81.143960
-161.436759
-338.478125
-365.147818
-371.105941
-430.119730
-502.752085
-619.644782
-694.263179
-688.305056
-705.328264
-719.514271
-800.941951
-993.304205
-1113.034103
-1170.629291
-1163.536288
-1028.485502
-935.425296
-886.057992
-801.509391
-793.848947
-783.635022
-777.960620
-867.048743
-879.248709
-833.002327
-762.072292
-601.202973
-533.110140
-548.147307
-528.286898
-531.124099
-454.803382
-345.571129
-366.282699
-411.110481
-471.542870
-513.817171
-418.487204
-307.836350
-220.450548
-107.813653
-41.423140
31.492935
155.194916
240.878398
306.417750
335.640924
311.524712
329.399081
376.212904
445.440617
543.040345
615.672700
648.016796
669.579527
671.849288
656.812121
632.695909
592.975089
563.468195
578.221642
617.658741
666.458605
705.328264
701.639902
709.584066
757.532770
776.825739
752.425807
696.249220
632.979629
626.454066
652.840039
678.658571
695.681779
666.742325
610.282018
575.668161
564.886796
577.086762
568.575157
530.840379
494.240481
500.482324
571.979799
614.254100
533.961301
369.403620
215.059865
171.934404
258.469046
363.445497
391.817511
261.022527
-1.986041
-279.464336
-476.082392
-539.068263
-546.161267
-575.668161
-637.802871
-739.374681
-773.988538
-729.728196
-741.077002
-818.248879
-975.713556
-1156.727004
-1203.257107
-1167.224650
-1078.987687
-939.681099
-870.453385
-790.444306
-671.565568
-637.802871
-619.928503
-661.067923
-773.421097
-781.081541
-753.560688
-697.100380
-588.719287
-577.370482
-584.179765
-577.937922
-596.663451
-526.300857
-458.491744
-435.794133
-388.980310
-385.859388
-343.585088
-226.692391
-148.669353
-65.255632
-11.348806
-25.251092
-13.051126
6.241843
26.953413
88.520683
120.013619
159.166998
256.483005
345.854849
432.673211
478.068433
470.124269
495.942802
534.528741
554.105430
555.524031
525.165976
533.961301
586.449526
642.058673
697.951541
723.770073
734.267718
743.063043
731.430517
719.230551
687.170175
609.430857
540.770584
496.793962
519.207853
607.728537
680.928332
731.997957
756.965329
777.109459
818.532599
838.676729
836.974408
818.816320
787.323384
782.216422
795.551268
826.193043
840.662770
753.560688
583.896045
355.501333
126.822902
33.195256
52.204505
145.548431
231.231913
150.371673
-50.785905
-318.333995
-572.547239
-671.849288
-711.853827
-752.993247
-779.095500
-865.062702
-904.499801
-853.713897
-819.100040
-772.853657
-786.188504
-913.011406
-1004.653010
-1050.048232
-1052.885434
-951.881065
-874.709187
-846.620893
-798.388470
-810.304715
-825.058163
-828.179084
-897.690518
-912.160245
-852.862736
-758.667650
-594.677410
-514.952051
-550.133348
-575.668161
-607.728537
-570.561198
-479.487034
-460.194065
-436.929013
-395.505873
-341.315327
-221.869148
-109.799694
-23.548771
36.599898
25.534812
17.023208
43.692901
89.655564
166.543721
227.259831
270.101572
345.571129
420.473245
491.403280
551.268229
571.128639
609.430857
661.067923
667.593486
640.923793
587.584407
507.575328
464.166147
459.342904
484.877717
550.417069
581.058844
581.058844
596.379731
622.198264
675.537650
724.904954
702.774783
661.351643
635.533110
636.667991
678.374851
703.909664
716.960790
752.709527
774.555978
762.072292
735.402599
689.439936
650.286557
653.974919
671.565568
697.100380
705.044544
663.337684
581.626284
456.789423
287.408500
113.488055
-9.362765
-39.720819
42.841741
173.353005
239.743517
178.176247
-5.958123
-238.608636
-398.059354
-459.059184
-477.784713
-499.914884
-590.137888
-716.109629
-766.895534
-762.356012
-752.993247
-790.444306
-926.913692
-1074.448164
-1127.220110
-1122.113148
-1050.048232
-957.839187
-942.802020
-927.764853
-912.727685
-933.439256
-909.323044
-906.202122
-917.267208
-844.351132
-758.951370
-645.179595
-523.179935
-514.668331
-525.733417
-510.696249
-516.086932
-455.087102
-404.868638
-396.640754
-323.157238
-254.213244
-182.999489
-68.092833
-24.399932
-11.065085
16.172048
15.320887
54.474267
106.678772
114.055496
146.967032
185.269250
226.124950
302.729388
325.143279
319.185156
339.896726
360.324576
427.566249
505.021846
537.082222
558.928673
550.700789
535.379901
550.133348
551.835669
547.863587
540.486864
517.789253
524.598536
563.468195
620.212223
668.444646
665.040005
619.644782
571.412359
532.826420
525.733417
530.272939
525.733417
530.556659
545.310106
585.598366
624.468025
610.565738
581.058844
565.737956
576.235601
634.114509
691.993418
719.797991
723.770073
716.393350
735.970039
743.063043
671.849288
518.924133
322.306077
198.604097
202.859899
292.515463
358.054815
264.710889
34.330137
-219.315667
-413.096522
-495.942802
-529.138058
-584.463485
-662.202803
-779.379220
-849.741815
-831.583726
-834.704647
-869.034784
-947.908983
-1074.164444
-1122.113148
-1084.378369
-1027.918062
-942.802020
-919.253249
-932.304375
-900.527719
-894.285876
-896.271917
-899.392839
-951.881065
-949.895024
-872.439426
-785.053623
-661.635363
-610.282018
-627.588946
-587.868127
-551.835669
-505.873007
-444.305737
-462.463826
-470.407990
-415.650003
-342.733927
-194.632015
-66.957953
-33.762696
-9.930205
-32.911536
-32.344096
50.218465
104.409011
134.767066
158.032117
166.543721
240.310957
317.766555
356.068774
392.668672
389.264030
421.324406
506.724167
560.063553
589.570448
578.789082
546.161267
573.398400
613.970380
652.556318
678.658571
643.193554
609.430857
606.877376
624.468025
664.188844
667.877206
638.654032
639.221472
653.407479
704.477104
745.900244
726.323554
702.491063
699.937582
734.835159
794.416388
801.225671
759.802531
707.314305
659.933042
656.244680
672.984168
666.458605
636.667991
590.989048
550.133348
522.328775
489.700959
442.887136
360.608296
230.948193
83.130001
-22.981331
-38.585939
27.237133
108.948533
114.055496
-16.172048
-228.394711
-437.496453
-572.547239
-615.105260
-642.342393
-692.560858
-771.151336
-871.871985
-929.750894
-939.681099
-967.769392
-1027.066901
-1135.447994
-1255.745333
-1280.712705
-1235.884923
-1149.634001
-1036.145946
-981.387959
-944.220621
-881.234750
-835.272088
-791.579186
-786.188504
-800.658231
-740.225841
-631.561028
-515.235771
-425.580208
-428.417409
-441.468535
-407.989559
-370.254781
-317.766555
-322.022357
-372.808262
-381.603586
-370.538501
-293.082903
-166.260001
-85.399762
-32.060376
-13.618567
-21.846451
23.832492
74.334676
97.883448
126.539182
142.427510
203.994780
321.454917
411.961641
477.500993
509.277649
500.766044
515.803212
549.565908
592.691369
651.988878
693.695739
718.095670
773.137377
838.960449
893.718436
912.443965
879.816149
836.974408
807.467514
787.607104
762.923452
719.797991
668.444646
629.007547
611.700619
606.309936
590.989048
549.849628
481.756795
423.594167
404.868638
407.989559
419.905805
422.459286
423.594167
445.156897
474.663792
486.863758
498.496283
492.821880
479.487034
483.459116
469.556829
444.022017
415.933723
358.905975
304.147988
258.752766
182.715769
81.995120
-42.841741
-145.264711
-163.990240
-114.906656
-80.860239
-140.441469
-306.701470
-501.049765
-629.858707
-649.719117
-617.091301
-606.309936
-651.705158
-745.900244
-803.495432
-809.169835
-818.816320
-860.523180
-962.094990
-1075.583045
-1115.020144
-1096.010895
-1042.104069
-977.415877
-955.853146
-933.439256
-905.918402
-901.946320
-887.760313
-895.137037
-914.146286
-888.611474
-830.448845
-732.281677
-633.547069
-613.119219
-627.305226
-622.481984
-584.179765
-482.040515
-403.733757
-394.654713
-390.115190
-373.091982
-280.599217
-121.715939
13.334847
105.260171
151.506554
179.311128
253.362084
363.729217
474.947512
569.993758
630.709868
701.356182
788.458265
857.402258
885.206832
855.983658
808.318674
785.337343
786.188504
798.955910
806.332633
787.039664
764.625773
753.844408
758.383930
781.648981
774.555978
713.839868
631.844748
554.389151
510.979969
504.738126
484.026556
446.575498
420.189525
402.031436
403.450037
408.273279
376.212904
318.050275
257.050445
209.385462
208.534302
228.962152
224.422630
204.562220
184.701810
194.064575
240.594677
276.627135
284.287579
298.189866
311.524712
345.003688
396.640754
413.663962
410.543040
381.036146
337.626965
324.292118
305.282869
243.431879
125.404301
-33.195256
-135.618226
-134.199625
-75.753277
-37.167338
-109.515973
-288.543381
-484.877717
-637.519151
-714.407309
-744.197923
-786.472224
-852.011576
-945.922942
-1029.336662
-1057.424956
-1069.057482
-1105.089939
-1163.252568
-1242.694206
-1292.345231
-1282.698746
-1240.991886
-1171.196732
-1099.982977
-1050.899393
-988.764683
-918.969528
-860.806900
-800.374511
-759.235091
-691.709698
-556.658912
-394.938433
-234.636555
-137.887987
-114.622936
-79.441639
-10.781365
58.446349
109.232253
94.478806
49.083584
58.446349
125.404301
258.185326
402.315156
469.840549
477.217273
460.194065
438.915054
466.719628
507.291608
520.910174
555.524031
582.477444
615.956421
685.184134
711.286387
701.072462
676.672530
618.226182
597.230891
604.040175
575.100721
545.877546
509.845089
487.998638
529.705498
536.798502
491.403280
431.254610
357.487374
344.436248
378.198945
390.966351
394.938433
360.892016
307.836350
296.487545
307.552630
336.208364
354.933893
318.901436
260.455087
221.017988
209.385462
234.069114
261.873688
280.882937
299.324746
312.943313
322.589797
316.631675
296.487545
260.738807
229.245872
224.990070
234.069114
246.269080
250.808602
227.259831
182.432049
140.157748
98.167168
51.353345
-26.669693
-148.385632
-281.450377
-393.236112
-453.952222
-454.235942
-430.970890
-436.077853
-490.835840
-590.137888
-696.532940
-766.044374
-781.365261
-757.532770
-740.225841
-750.439766
-781.081541
-800.090790
-788.458265
-762.923452
-735.686319
-742.211882
-787.607104
-816.546558
-803.779152
-745.049084
-648.867957
-557.793792
-494.524201
-445.440617
-408.273279
-376.496624
-336.492084
-309.254951
-272.655053
-212.506384
-154.060035
-93.627646
-45.395222
-31.209215
-15.037167
5.390683
20.144130
47.664983
50.785905
38.018499
53.906826
80.576519
127.674062
185.269250
202.292459
195.483175
184.134370
186.971571
245.134200
309.822391
353.799013
400.045395
432.105771
477.784713
556.375192
600.919253
613.686659
606.309936
575.668161
570.277478
566.305396
546.728707
541.054304
533.677580
537.933383
556.375192
544.175226
507.859048
455.087102
399.194235
372.240822
356.636214
332.803722
289.110821
221.017988
162.004199
133.632185
124.836861
120.297339
85.116042
25.251092
-20.427850
-45.678942
-45.395222
-28.939454
-28.088294
-32.344096
-36.599898
-42.841741
-31.209215
-13.902287
10.497645
39.437099
63.837031
101.571810
146.967032
187.822732
224.706350
238.324916
243.148159
243.715599
226.976111
213.924984
179.878568
121.715939
61.283550
-13.334847
-78.023038
-110.934574
-112.920615
-77.455598
-40.855700
-62.134710
-127.674062
-235.487715
-347.273449
-413.663962
-456.505703
-478.635874
-492.821880
-526.300857
-541.905464
-537.082222
-531.975260
-516.654372
-541.054304
-591.840209
-627.305226
-651.421438
-641.207513
-617.658741
-608.012257
-583.612325
-552.119389
-513.817171
-469.840549
-451.966181
-444.022017
-425.580208
-394.938433
-325.710719
-252.227203
-212.790104
-190.376213
-191.511093
-188.106452
-155.762356
-113.204335
-64.120751
-33.762696
-16.172048
27.237133
77.171878
131.929864
192.929694
228.394711
263.576009
309.254951
343.017647
383.873347
412.812801
418.203484
440.617375
461.896385
483.459116
509.277649
501.049765
485.728877
469.273109
445.156897
437.212733
418.770924
367.133859
318.617715
254.780684
205.129660
201.157578
193.213414
189.525052
190.659933
166.827441
152.925155
145.264711
123.418260
108.381093
85.399762
71.781195
94.762526
115.190376
120.581059
121.999660
98.450888
85.967202
102.990410
122.567100
148.953073
171.934404
180.446008
201.157578
230.948193
262.157408
295.920104
306.701470
296.771265
290.245702
290.529422
293.366623
304.431709
302.729388
293.650343
289.110821
278.613176
268.966691
259.320207
230.948193
193.780855
143.846110
71.781195
-7.944164
-85.116042
-144.980991
-158.599557
-138.455428
-122.567100
-123.134540
-170.799523
-254.780684
-333.087443
-402.315156
-437.496453
-449.980140
-480.621915
-507.291608
-534.528741
-557.226352
-558.928673
-560.630994
-576.235601
-599.216932
-638.937752
-663.337684
-647.733076
-617.091301
-567.440277
-522.328775
-507.291608
-499.063724
-503.319526
-510.696249
-490.835840
-469.273109
-434.375532
-392.384951
-367.985020
-345.003688
-326.845600
-322.589797
-293.934063
-250.241162
-219.315667
-184.701810
-169.097203
-158.599557
-121.148499
-70.646314
-16.739488
42.841741
75.469557
104.125291
145.832151
192.929694
250.524882
293.082903
312.375872
337.910685
375.078023
424.161607
467.570788
488.282358
482.324235
472.677751
470.975430
474.380071
483.459116
476.933553
460.194065
449.980140
441.752256
438.063894
435.794133
416.501163
391.817511
362.310617
334.789763
319.468876
306.701470
281.166657
259.887647
240.878398
225.557510
230.097032
230.097032
230.380752
232.366793
230.380752
229.529592
216.194746
195.199455
192.929694
201.157578
210.236623
231.515633
241.162118
239.459797
238.041196
231.231913
229.245872
233.785394
233.501674
227.827271
218.748227
206.264541
202.292459
204.562220
210.804063
213.924984
211.371503
196.334336
168.529762
134.767066
93.627646
41.423140
-15.037167
-65.255632
-106.678772
-129.092663
-151.790274
-185.269250
-225.273790
-286.273620
-356.919934
-432.673211
-507.007887
-569.426318
-610.282018
-634.681950
-645.747035
-663.053964
-694.263179
-729.160756
-764.625773
-794.416388
-813.709357
-833.002327
-847.188333
-837.541849
-809.169835
-758.951370
-703.625943
-666.174885
-631.561028
-603.472734
-583.896045
-553.254270
-520.626454
-474.663792
-411.961641
-344.152528
-272.371333
-212.222664
-165.692561
-115.190376
-54.757987
16.455768
87.102083
135.050786
155.762356
176.757646
212.790104
275.775975
358.905975
421.608126
442.887136
438.347614
422.459286
430.119730
467.854508
501.900925
524.882256
531.407819
526.017137
528.854338
544.742666
558.077512
551.835669
532.258980
510.696249
500.198604
500.198604
480.621915
454.235942
417.068604
381.603586
367.417579
358.054815
340.747886
310.389831
275.492254
247.971401
231.231913
212.790104
195.199455
165.125121
131.929864
118.311298
121.715939
141.008909
162.571639
168.529762
160.301878
152.925155
142.143789
137.036827
135.618226
121.999660
106.678772
95.613687
95.897407
102.706690
97.599728
85.399762
74.902117
70.646314
76.604437
74.902117
66.957953
62.702151
57.311468
53.906826
55.325427
44.544062
30.358055
5.106962
-29.506894
-61.567270
-96.181127
-117.176417
-133.915905
-156.897237
-181.013448
-207.399421
-239.743517
-274.073654
-318.617715
-369.971061
-411.110481
-448.845259
-485.728877
-518.356693
-550.700789
-567.440277
-566.589116
-559.496113
-559.212393
-575.951881
-606.026216
-628.723827
-639.788912
-634.965670
-620.212223
-608.295977
-592.123929
-572.830960
-544.458946
-499.914884
-455.938262
-416.501163
-386.426829
-357.203654
-324.859559
-283.720138
-237.757476
-191.794814
-137.036827
-80.009079
-18.441809
37.734778
82.278840
123.418260
168.246042
214.208705
255.915565
287.408500
306.985190
327.129320
355.217613
387.845429
423.594167
457.640583
482.040515
502.184645
520.626454
535.663621
554.672871
564.319355
563.751915
568.007717
569.993758
571.979799
572.830960
557.226352
530.840379
488.566078
436.077853
388.696590
338.194405
290.245702
245.134200
197.469216
165.692561
141.576349
125.120581
107.813653
78.874198
33.478976
-13.334847
-57.311468
-83.697441
-92.776485
-88.804403
-81.711400
-83.413721
-88.236963
-85.399762
-81.711400
-81.995120
-73.767236
-67.525393
-54.190546
-31.209215
-10.781365
7.093003
21.562731
37.451058
65.539352
92.209045
117.176417
133.632185
137.036827
141.008909
153.492595
168.813482
179.311128
178.743687
163.990240
149.236793
138.455428
128.241503
117.460137
88.520683
45.678942
-3.120922
-49.651024
-74.902117
-91.074164
-108.097373
-132.781025
-164.557680
-202.008739
-237.473756
-282.585258
-333.087443
-380.468706
-419.054644
-438.063894
-444.873177
-453.384781
-474.947512
-501.333485
-524.314816
-541.621744
-554.956591
-566.305396
-570.277478
-570.277478
-563.184475
-539.068263
-494.524201
-438.631334
-381.603586
-341.599047
-311.240992
-271.520173
-228.394711
-181.864609
-135.334506
-98.450888
-69.795154
-42.841741
-15.604608
14.753447
45.395222
70.078874
90.790444
102.706690
112.353175
128.808943
150.655394
176.473926
203.427339
226.692391
243.999319
255.915565
264.994609
276.343415
295.352664
314.078193
328.547920
334.789763
333.938603
334.506043
334.222323
334.789763
331.952562
318.617715
304.715429
282.017818
261.589968
246.269080
226.692391
209.669182
189.525052
171.083243
163.990240
154.911196
141.860069
130.511264
117.460137
108.948533
103.841571
96.748567
83.697441
64.688192
48.516144
44.260342
43.409181
49.651024
56.176587
60.148669
60.148669
67.525393
79.157919
93.911366
111.218294
124.269421
139.306588
154.343755
169.664643
184.701810
200.306418
213.073824
223.004029
224.138909
218.180786
212.222664
196.334336
185.836691
177.041366
165.408841
153.492595
132.213585
98.734608
69.795154
45.111502
23.832492
14.469727
-4.823242
-29.506894
-58.446349
-87.953243
-106.962492
-117.176417
-137.320547
-164.841400
-203.143619
-247.403961
-278.613176
-302.729388
-326.845600
-363.445497
-411.110481
-460.761505
-500.482324
-522.328775
-526.584577
-526.017137
-531.407819
-537.649662
-542.189185
-537.365942
-523.747376
-511.831130
-496.226522
-476.649833
-453.101061
-420.756965
-388.412870
-356.919934
-324.292118
-299.041026
-273.789934
-242.864439
-204.562220
-167.678602
-135.618226
-109.799694
-79.441639
-38.018499
3.404642
43.125461
78.590478
104.976451
125.404301
151.506554
184.985530
220.734268
250.524882
266.129490
272.087613
269.817852
269.534132
279.748057
286.273620
290.813142
289.110821
279.180616
272.371333
268.399251
268.682971
268.115531
264.143449
255.348125
243.715599
238.041196
231.515633
230.948193
235.771435
236.906316
245.417920
243.999319
240.594677
230.664473
217.045906
208.534302
199.738977
189.525052
186.120411
183.850650
180.162288
181.297168
179.594848
173.920445
169.948363
169.380923
174.487885
190.376213
204.278500
224.422630
246.552800
257.901606
263.859729
256.766725
242.864439
231.799353
207.399421
184.985530
169.948363
154.911196
139.874028
120.581059
96.748567
72.348635
43.125461
8.227884
-22.130171
-51.920785
-78.023038
-92.776485
-102.139250
-107.529932
-110.934574
-116.325257
-128.241503
-153.492595
-175.906486
-198.320377
-217.897066
-243.148159
-268.966691
-302.445668
-335.357204
-360.608296
-382.171026
-393.803552
-414.231402
-432.389491
-450.831300
-465.017307
-466.435908
-464.449867
-459.910344
-460.477785
-460.194065
-457.356863
-447.994099
-444.589457
-437.496453
-426.147648
-419.054644
-409.691880
-398.343074
-384.440788
-370.254781
-353.515293
-336.775804
-313.794473
-288.259661
-256.483005
-229.529592
-199.455257
-162.004199
-117.176417
-76.036997
-32.344096
10.781365
51.353345
93.060205
138.171707
180.729728
215.059865
240.310957
262.157408
284.287579
303.864268
320.320036
335.073484
350.110651
367.417579
388.980310
410.543040
427.849969
440.617375
451.682460
456.789423
465.584747
480.621915
495.942802
507.007887
516.938092
521.193894
522.896215
514.100891
498.496283
477.784713
445.440617
406.854679
366.282699
332.520002
295.920104
269.817852
240.878398
211.655223
186.404131
155.194916
129.092663
103.841571
83.981161
69.795154
53.906826
39.437099
18.441809
-2.553481
-13.618567
-16.739488
-21.846451
-35.181297
-57.595188
-82.278840
-93.627646
-99.585769
-103.557851
-107.813653
-115.474096
-122.283380
-123.701980
-118.878738
-108.381093
-106.111332
-112.069455
-116.608977
-120.864779
-120.013619
-125.404301
-142.143789
-162.571639
-182.432049
-199.171537
-209.952902
-222.436589
-241.445838
-263.859729
-289.394541
-311.240992
-321.738637
-336.208364
-350.110651
-356.919934
-368.552460
-370.254781
-366.282699
-362.310617
-361.175736
-367.985020
-378.766385
-387.277989
-385.008228
-376.212904
-358.905975
-346.138569
-335.357204
-325.994439
-311.524712
-296.771265
-285.138739
-266.129490
-251.376043
-234.920275
-205.129660
-169.380923
-130.511264
-89.371844
-49.651024
-10.497645
24.683652
54.474267
86.818362
114.906656
137.887987
162.855359
186.120411
208.250582
228.962152
250.808602
276.059695
293.934063
308.687511
320.036316
324.292118
332.520002
346.422289
356.636214
373.091982
393.236112
402.315156
410.259320
416.217443
416.501163
416.501163
413.096522
408.840720
404.868638
396.924474
386.710549
376.496624
367.133859
353.799013
342.733927
329.682801
308.120070
284.287579
259.603927
236.906316
221.301708
211.655223
191.227373
168.529762
145.832151
121.999660
95.329967
66.674233
36.032458
-0.283720
-30.641775
-62.702151
-97.032287
-125.971741
-148.385632
-167.111162
-182.715769
-193.497134
-202.576179
-213.073824
-224.990070
-237.473756
-248.538841
-252.510923
-249.106282
-243.431879
-238.608636
-234.636555
-237.473756
-235.487715
-223.287749
-213.357544
-203.143619
-193.213414
-192.645974
-197.185496
-197.469216
-190.943653
-182.148329
-176.190206
-178.459967
-181.864609
-179.878568
-173.353005
-158.599557
-143.846110
-129.092663
-121.715939
-116.608977
-113.771776
-105.827612
-93.060205
-84.832321
-78.306758
-81.995120
-89.939284
-97.599728
-103.841571
-104.692731
-99.302048
-102.422970
-110.934574
-123.418260
-135.050786
-137.036827
-137.320547
-132.213585
-132.213585
-136.469387
-131.646144
-124.269421
-112.353175
-99.302048
-89.655564
-79.441639
-67.241673
-42.841741
-22.981331
-3.688362
13.902287
28.655734
43.409181
68.376553
96.464847
121.148499
142.994950
163.422800
192.078534
222.720309
252.227203
286.273620
313.794473
330.533961
345.854849
359.757136
368.552460
379.901265
383.589627
377.631504
362.878057
343.017647
328.264200
314.078193
306.985190
289.678261
270.952732
242.296998
212.790104
188.106452
166.827441
153.208875
139.022868
116.608977
85.116042
55.609147
19.576690
-3.120922
-17.590649
-38.018499
-55.892867
-80.009079
-103.557851
-123.134540
-138.455428
-147.818192
-156.046076
-169.664643
-185.552971
-194.632015
-201.725018
-196.050616
-184.985530
-173.920445
-163.139080
-153.492595
-142.994950
-128.525223
-112.920615
-97.883448
-85.967202
-76.604437
-68.660274
-61.850990
-59.864949
-60.716110
-57.878908
-54.474267
-55.325427
-53.623106
-49.367304
-49.651024
-49.367304
-44.260342
-44.260342
-40.004540
-38.018499
-43.409181
-43.692901
-47.664983
-50.218465
-45.678942
-39.153379
-34.046417
-32.627816
-32.911536
-32.627816
-33.478976
-38.302219
-38.302219
-39.153379
-44.260342
-43.692901
-46.813823
-51.069625
-54.474267
-55.041707
-54.474267
-55.609147
-53.339386
-50.218465
-47.664983
-43.976621
-39.437099
-38.585939
-37.734778
-41.423140
-43.976621
-43.976621
-42.274301
-38.302219
-33.762696
-32.911536
-29.223174
-22.130171
-17.023208
-8.511604
-1.986041
8.511604
16.739488
25.534812
31.209215
34.046417
41.706860
52.488226
62.134710
72.348635
82.278840
89.939284
97.316007
104.125291
108.381093
110.083414
108.664813
110.934574
114.906656
115.757816
120.581059
121.715939
127.957782
128.808943
125.404301
126.539182
125.120581
119.729898
115.757816
113.204335
109.515973
104.692731
96.748567
82.562560
70.646314
58.446349
42.841741
33.195256
17.874369
3.120922
-12.483686
-24.399932
-32.060376
-38.302219
-46.246383
-60.148669
-80.292799
-95.897407
-110.650854
-119.446178
-120.581059
-120.581059
-120.581059
-120.864779
-120.864779
-115.474096
-106.395052
-97.032287
-89.655564
-82.278840
-69.795154
-53.623106
-34.330137
-13.051126
9.930205
28.655734
48.232424
63.553311
78.874198
91.925325
102.706690
119.162458
133.348465
145.264711
147.818192
148.385632
145.264711
138.455428
133.348465
129.092663
117.743857
104.692731
93.627646
80.860239
72.064915
59.297509
43.976621
26.385973
4.255802
-20.144130
-40.571980
-61.567270
-82.846280
-100.436929
-116.041537
-135.334506
-151.506554
-165.408841
-185.552971
-200.590138
-210.520343
-218.180786
-219.599387
-215.627305
-213.641264
-211.938943
-205.980821
-199.455257
-194.348295
-184.134370
-172.501844
-160.301878
-141.292629
-118.595018
-95.897407
-72.916076
-51.353345
-35.181297
-14.753447
-2.269761
9.079044
24.116212
39.720819
54.190546
72.916076
95.613687
110.934574
119.162458
121.148499
118.027578
114.622936
113.204335
114.906656
114.906656
115.190376
113.488055
108.664813
105.827612
101.004369
91.641605
77.455598
63.553311
53.623106
47.097543
42.841741
35.181297
28.372014
25.818533
18.158089
15.604608
7.944164
-12.199966
-23.548771
-33.195256
-38.585939
-27.804574
-22.130171
-20.711570
-16.172048
-16.172048
-9.930205
-1.986041
4.539522
9.646485
11.348806
10.781365
15.888328
28.372014
44.827782
55.609147
66.106792
74.902117
81.143960
81.995120
87.953243
93.060205
94.762526
99.018328
100.720649
107.246212
111.502014
115.757816
114.622936
120.013619
120.013619
115.474096
109.515973
97.599728
90.223004
87.953243
84.548601
82.278840
76.604437
59.864949
46.246383
27.520853
9.646485
-6.525563
-27.237133
-46.813823
-57.027748
-63.837031
-72.064915
-77.739318
-85.967202
-99.018328
-110.650854
-122.283380
-132.497305
-141.860069
-146.967032
-151.222834
-151.506554
-147.250752
-149.520513
-154.343755
-160.585598
-170.515803
-178.743687
-182.432049
-184.134370
-179.027407
-171.650684
-169.664643
-169.380923
-164.273960
-158.032117
-149.804233
-147.534472
-146.967032
-136.469387
-125.971741
-110.650854
-87.953243
-68.376553
-55.325427
-41.139420
-20.427850
-7.376724
3.120922
19.576690
29.790615
43.692901
58.446349
76.604437
94.762526
109.515973
121.999660
126.822902
131.929864
131.078704
134.767066
142.143789
142.427510
144.413550
148.669353
145.264711
137.604267
130.227544
121.432219
110.934574
99.302048
89.371844
81.995120
77.739318
69.795154
60.999830
51.920785
41.139420
33.195256
21.562731
11.916246
6.241843
4.823242
5.958123
5.106962
6.809283
11.065085
11.065085
10.781365
11.065085
15.888328
24.116212
31.209215
41.423140
49.367304
56.744028
64.688192
65.823072
68.376553
73.767236
78.306758
82.846280
85.967202
90.223004
93.343926
93.060205
93.343926
89.655564
82.278840
71.213755
64.404471
58.446349
48.799864
38.869659
25.251092
14.753447
-1.134881
-14.469727
-24.967372
-40.571980
-55.325427
-71.213755
-83.130001
-94.195086
-105.543892
-116.892697
-126.539182
-136.753107
-144.697271
-157.748397
-163.706520
-166.827441
-170.799523
-167.962322
-163.990240
-164.841400
-163.706520
-159.450718
-157.748397
-150.939114
-142.994950
-133.915905
-121.432219
-109.232253
-98.167168
-87.102083
-72.064915
-59.297509
-49.083584
-37.167338
-26.385973
-15.888328
-6.525563
9.362765
21.846451
30.358055
37.734778
45.962662
49.651024
54.757987
62.985871
67.809113
74.902117
80.009079
82.562560
81.995120
82.278840
82.278840
79.725359
75.753277
71.781195
70.930035
66.674233
65.539352
65.823072
64.404471
62.702151
60.148669
57.311468
51.069625
45.111502
39.437099
38.018499
33.195256
33.195256
30.641775
26.669693
27.804574
26.953413
28.088294
25.251092
21.562731
22.130171
21.562731
23.548771
31.209215
32.911536
33.478976
38.585939
38.302219
38.585939
38.302219
38.585939
38.018499
39.720819
43.692901
44.260342
40.004540
38.018499
36.316178
30.358055
26.102253
18.725529
10.497645
3.972082
-2.269761
-5.390683
-8.511604
-11.348806
-14.186007
-19.860410
-24.967372
-27.804574
-30.358055
-35.181297
-38.018499
-43.125461
-43.692901
-47.097543
-50.218465
-46.530103
-43.692901
-43.976621
-38.869659
-38.018499
-41.423140
-46.246383
-46.246383
-43.409181
-40.571980
-34.046417
-32.627816
-37.167338
-39.153379
-37.451058
-41.990580
-43.976621
-45.678942
-50.218465
-53.623106
-55.325427
-54.190546
-49.934744
-48.799864
-49.651024
-48.799864
-51.069625
-55.325427
-53.906826
-47.664983
-39.153379
-33.195256
-27.520853
-19.860410
-14.469727
-10.213925
-6.809283
-2.837201
3.688362
9.079044
16.455768
24.683652
30.925495
43.409181
54.757987
59.581229
69.795154
74.902117
77.171878
76.320717
77.739318
81.427680
85.399762
88.236963
87.385803
87.953243
82.846280
77.739318
72.632355
67.525393
59.581229
53.906826
47.097543
36.316178
26.953413
13.902287
2.837201
-3.688362
-12.199966
-21.279010
-22.130171
-28.939454
-39.437099
-46.530103
-50.502185
-54.190546
-57.878908
-61.850990
-65.255632
-66.106792
-62.134710
-60.148669
-59.864949
-54.757987
-53.623106
-43.409181
-36.032458
-30.641775
-23.548771
-15.888328
-5.674403
4.255802
12.199966
19.576690
29.223174
34.046417
38.018499
44.544062
51.637065
57.595188
60.716110
59.297509
53.906826
57.311468
57.878908
52.771946
49.651024
45.111502
40.288260
34.897577
32.344096
29.506894
21.562731
12.483686
5.390683
-0.851160
-4.539522
-9.079044
-15.604608
-18.441809
-26.669693
-32.627816
-38.018499
-38.018499
-40.288260
-44.544062
-43.409181
-43.976621
-43.692901
-44.260342
-43.692901
-43.976621
-41.990580
-36.599898
-31.492935
-26.953413
-27.804574
-23.548771
-15.320887
-10.213925
-3.972082
2.553481
5.674403
5.674403
9.079044
13.051126
16.172048
17.306928
22.130171
22.130171
22.981331
28.088294
24.683652
21.562731
21.562731
18.158089
21.562731
16.455768
11.632526
8.227884
2.837201
-0.567440
-4.539522
-11.632526
-16.172048
-18.158089
-24.967372
-30.925495
-32.911536
-34.897577
-39.153379
-37.734778
-43.409181
-41.990580
-37.451058
-39.153379
-37.167338
-33.478976
-29.223174
-26.953413
-22.981331
-20.144130
-14.186007
-10.781365
-10.497645
-3.972082
2.269761
5.674403
9.930205
11.348806
12.199966
18.158089
21.846451
22.413891
21.562731
23.548771
28.372014
33.195256
32.344096
36.883618
37.451058
34.897577
39.153379
37.734778
38.585939
38.302219
38.585939
38.018499
38.585939
38.302219
38.585939
38.302219
33.762696
32.344096
33.478976
32.344096
33.478976
27.520853
30.074335
31.492935
26.953413
22.981331
21.846451
20.144130
16.172048
15.888328
10.781365
11.065085
11.065085
10.781365
11.348806
7.376724
1.986041
-1.418601
-5.674403
-11.348806
-15.604608
-17.590649
-22.130171
-21.846451
-24.683652
-29.223174
-32.060376
-37.167338
-38.302219
-41.139420
-44.260342
-43.692901
-43.692901
-43.976621
-43.692901
-43.976621
-48.799864
-50.218465
-46.246383
-43.976621
-40.571980
-38.018499
-37.734778
-32.060376
-26.385973
-20.144130
-16.455768
-16.172048
-16.739488
-13.618567
-7.944164
-1.134881
3.404642
9.079044
11.065085
11.065085
10.497645
11.348806
10.213925
13.618567
16.172048
11.916246
7.660444
5.390683
3.404642
0.000000
-2.837201
-5.958123
-9.079044
-11.348806
-10.781365
-11.065085
-10.781365
-11.065085
-11.065085
-10.497645
-12.767406
-17.023208
-15.888328
-17.306928
-14.186007
-10.781365
-11.065085
-11.348806
-7.093003
-5.390683
-5.390683
-1.134881
2.269761
5.390683
8.227884
11.632526
14.186007
18.725529
23.265051
27.804574
30.925495
37.734778
43.125461
46.530103
53.906826
54.757987
54.474267
55.041707
54.757987
54.757987
54.757987
54.474267
52.771946
55.041707
49.367304
44.544062
43.409181
40.571980
35.748737
33.478976
30.358055
27.237133
24.399932
18.725529
15.320887
10.781365
3.972082
-0.567440
-4.823242
-13.334847
-18.158089
-22.697611
-25.818533
-30.074335
-32.627816
-33.195256
-32.344096
-35.181297
-38.869659
-38.302219
-38.302219
-38.869659
-36.599898
-32.627816
-32.344096
-26.669693
-28.088294
-25.251092
-21.846451
-19.860410
-15.320887
-17.306928
-13.051126
-10.781365
-10.781365
-11.065085
-9.646485
-5.390683
-5.106962
-8.795324
-11.632526
-10.497645
-11.632526
-6.809283
-6.241843
-11.632526
-10.781365
-11.065085
-10.781365
-11.065085
-11.065085
-11.065085
-13.618567
-20.144130
-20.144130
-16.172048
-22.130171
-21.279010
-23.265051
-25.251092
-21.562731
-21.846451
-23.548771
-22.413891
-21.279010
-22.413891
-19.576690
-15.888328
-11.348806
-10.497645
-7.093003
-3.120922
0.283720
-0.283720
4.255802
5.674403
5.106962
5.674403
5.390683
5.674403
5.390683
5.390683
5.958123
11.065085
10.497645
12.199966
16.739488
16.455768
16.739488
15.888328
19.009249
22.697611
26.953413
27.520853
27.520853
27.237133
28.655734
33.762696
31.776656
26.953413
28.939454
33.478976
32.627816
33.195256
32.627816
32.911536
32.627816
29.223174
32.060376
33.478976
32.627816
32.911536
26.669693
31.492935
36.599898
32.911536
32.344096
27.520853
22.130171
22.130171
20.995290
17.306928
13.051126
11.348806
8.511604
5.390683
2.553481
-2.837201
-7.660444
-11.632526
-15.888328
-16.455768
-17.023208
-21.562731
-22.981331
-27.520853
-26.953413
-31.209215
-33.478976
-32.627816
-33.195256
-32.627816
-33.478976
-32.627816
-33.478976
-32.344096
-36.599898
-38.018499
-32.344096
-33.478976
-29.223174
-26.669693
-28.088294
-25.251092
-20.995290
-17.590649
-15.888328
-16.739488
-15.888328
-17.306928
-13.334847
-11.065085
-9.362765
-5.106962
-5.390683
-9.362765
-10.213925
-3.972082
-8.795324
-11.348806
-11.065085
-10.781365
-11.065085
-10.781365
-11.348806
-10.213925
-13.902287
-16.739488
-16.455768
-16.172048
-16.739488
-15.604608
-11.065085
-10.497645
-11.916246
-8.227884
-5.674403
-9.646485
-5.106962
-5.958123
-4.823242
-0.283720
4.823242
5.958123
11.348806
15.888328
17.590649
22.130171
21.562731
25.251092
28.939454
34.613857
41.139420
43.692901
43.692901
43.692901
44.260342
43.409181
44.260342
42.841741
38.585939
38.302219
38.585939
38.302219
38.018499
32.627816
28.655734
26.102253
22.413891
20.144130
15.888328
16.739488
11.916246
10.497645
11.065085
6.241843
5.674403
1.702321
-0.567440
0.283720
-0.283720
0.283720
-0.283720
0.000000
0.000000
0.000000
0.000000
0.000000
0.000000
0.000000
-0.283720
0.283720
-0.283720
4.255802
5.958123
5.674403
5.106962
5.958123
3.688362
-0.283720
-0.283720
0.567440
-3.688362
-5.390683
-7.660444
-13.334847
-17.023208
-20.995290
-24.967372
-27.520853
-28.655734
-34.897577
-38.302219
-42.558021
-44.544062
-48.799864
-49.651024
-49.083584
-49.367304
-49.083584
-49.083584
-49.651024
-45.395222
-43.409181
-43.976621
-39.720819
-36.316178
-32.911536
-30.074335
-21.562731
-16.739488
-13.051126
-7.660444
-4.539522
0.567440
4.823242
6.809283
10.781365
15.320887
16.455768
19.292969
22.413891
21.562731
22.130171
22.130171
21.846451
21.846451
21.846451
21.846451
21.846451
22.130171
20.144130
15.604608
17.306928
13.902287
10.497645
11.065085
10.781365
6.809283
5.106962
5.674403
4.255802
-0.283720
0.567440
5.106962
5.958123
4.823242
7.376724
11.632526
10.781365
11.916246
16.455768
16.455768
16.455768
20.711570
22.130171
21.846451
22.130171
21.562731
21.846451
21.846451
22.130171
21.846451
21.562731
22.130171
21.562731
22.413891
17.306928
17.023208
13.051126
11.348806
8.511604
5.390683
1.986041
-0.283720
-0.567440
-5.390683
-8.795324
-11.348806
-11.348806
-16.455768
-16.455768
-16.172048
-20.711570
-22.130171
-21.846451
-21.846451
-21.846451
-21.562731
-22.130171
-21.846451
-22.130171
-21.279010
-22.697611
-18.158089
-16.739488
-14.186007
-11.065085
-7.944164
-5.106962
-5.106962
0.000000
0.000000
4.255802
7.660444
11.348806
10.781365
10.781365
11.065085
10.781365
11.065085
10.781365
11.065085
10.497645
6.241843
5.106962
5.674403
5.106962
0.567440
-0.283720
-3.972082
-5.958123
-5.106962
-10.497645
-10.781365
-11.348806
-15.888328
-16.739488
-16.172048
-17.023208
-21.279010
-22.130171
-21.562731
-22.413891
-20.144130
-16.172048
-16.739488
-16.455768
-16.172048
-11.632526
-5.958123
-5.390683
-5.106962
-0.567440
0.000000
3.404642
9.646485
11.916246
17.874369
21.846451
22.413891
26.669693
32.627816
32.344096
34.897577
38.585939
33.478976
32.627816
32.911536
32.911536
32.060376
26.385973
22.130171
22.130171
17.023208
16.172048
8.795324
4.823242
0.567440
-4.255802
-7.944164
-10.781365
-13.902287
-16.739488
-16.739488
-21.562731
-24.683652
-28.655734
-24.967372
-21.562731
-21.846451
-21.846451
-22.130171
