366.988742
373.193866
336.406347
354.135272
357.681057
342.168247
342.611471
342.168247
335.519901
293.856928
286.322135
285.878911
251.307508
249.091393
234.908253
201.223296
198.563957
174.629909
141.831398
138.285613
118.783796
101.054871
80.666608
55.846113
33.684957
4.875454
-7.534793
-19.945040
-54.516444
-69.142806
-88.644624
-111.692226
-116.124457
-143.161067
-167.538339
-182.607925
-207.871643
-219.838667
-233.135360
-247.761723
-267.706764
-288.981473
-292.084035
-313.358745
-343.054694
-348.816594
-368.761635
-386.933782
-390.479567
-409.538162
-409.981385
-420.175516
-433.915433
-430.812871
-441.893449
-439.677334
-444.996011
-439.234110
-426.823863
-430.369648
-413.083946
-401.116922
-397.127914
-361.226842
-351.919156
-339.065686
-308.483290
-300.948497
-270.809325
-238.010815
-213.190320
-176.846024
-149.366191
-109.032887
-75.347930
-54.516444
-7.091570
24.377272
48.311320
101.054871
128.534704
150.252637
191.029164
204.325858
244.659161
297.402713
297.402713
330.644446
359.453949
351.919156
387.377006
411.754277
415.300062
453.417250
456.519812
455.190143
470.702952
471.589398
479.567414
480.453860
493.307331
479.567414
462.281713
480.010637
460.065597
440.563780
456.519812
422.391632
403.333038
409.094938
373.193866
346.600479
341.725024
320.893538
289.867920
276.571226
267.263540
222.054782
189.256272
181.721479
133.853382
111.249003
108.146441
70.915699
44.765535
19.945040
-11.080578
-34.571403
-50.084212
-76.677600
-110.805780
-132.080489
-151.139083
-185.710487
-216.736105
-226.487014
-245.988831
-271.252549
-293.413704
-318.677422
-340.395355
-367.875188
-393.138906
-395.798245
-421.505186
-447.212127
-456.519812
-470.259729
-480.897084
-493.307331
-503.501463
-508.820140
-525.219395
-526.992288
-544.277990
-554.028898
-538.072866
-539.402535
-516.798156
-501.285347
-504.831132
-475.578406
-468.930059
-465.384274
-425.050971
-411.311054
-386.933782
-361.226842
-334.633454
-285.435688
-269.922879
-230.476022
-173.743462
-167.095116
-120.113465
-71.802145
-49.640989
11.967024
57.619005
99.725202
148.479745
190.142718
218.952221
261.058417
308.926514
323.109653
371.420973
417.072955
420.175516
458.735928
494.637000
500.398901
539.402535
583.724847
589.929971
602.783441
618.296250
605.886003
624.058151
621.842035
608.988565
650.208315
644.003191
607.215672
635.581952
627.160713
577.962947
574.417162
569.098484
536.743197
496.409893
499.955678
492.864108
433.915433
437.461218
419.732293
356.351387
343.054694
321.779984
257.512632
222.498005
218.508997
167.095116
126.761812
137.842390
89.087847
27.923056
20.831487
-50.527436
-99.725202
-117.010903
-170.640901
-201.223296
-214.076766
-261.944863
-296.959489
-313.801968
-377.626097
-437.017995
-449.871465
-500.398901
-556.688237
-554.472121
-578.406170
-613.420796
-616.080135
-635.581952
-675.472033
-688.325503
-714.032444
-750.819963
-747.717401
-749.047070
-771.208226
-734.863931
-720.680791
-745.501285
-723.783353
-725.113022
-735.750377
-709.156990
-681.233933
-658.186331
-623.171705
-561.563691
-552.256006
-537.186420
-456.076589
-450.757912
-414.856839
-340.838578
-341.725024
-270.366102
-198.120734
-177.732471
-96.622640
-31.912065
7.978016
54.959667
109.919333
169.754454
201.666519
269.479656
350.146264
388.263452
436.574772
493.750554
537.186420
564.666253
612.977573
675.472033
683.893272
716.691783
776.526904
788.050705
787.164258
793.812605
831.486570
831.929793
804.449960
870.046982
867.830866
810.211861
835.032355
825.281447
800.904175
772.981119
735.307154
761.457318
726.885914
664.834678
699.849304
666.607570
584.611293
585.497740
539.845758
478.237745
483.999645
410.867831
373.637089
392.252460
302.278167
261.944863
258.842301
164.435777
117.454126
89.974293
-6.648347
-45.208758
-57.619005
-140.058505
-189.699495
-184.824040
-264.160979
-345.270809
-359.010726
-450.757912
-523.446503
-541.618651
-627.160713
-658.186331
-655.526992
-719.794344
-752.592855
-764.559879
-812.427976
-865.171527
-898.856484
-909.493839
-936.973673
-932.541441
-927.665987
-932.098218
-907.277724
-927.222764
-939.189788
-903.288716
-915.255740
-893.981030
-850.545164
-842.123925
-794.699052
-764.559879
-726.885914
-671.926248
-633.365836
-585.940963
-561.563691
-525.662619
-468.930059
-421.948409
-359.897172
-308.483290
-245.545608
-158.673876
-142.274621
-69.586030
18.172148
21.274710
103.270987
173.743462
226.487014
327.985108
341.725024
400.230476
518.127826
515.468487
576.190054
679.461041
677.688148
734.420707
789.823597
771.651449
860.739296
916.142186
878.911444
957.805159
987.057885
910.380285
920.574417
930.325326
920.131194
935.200780
927.222764
925.449871
911.709955
862.955412
831.929793
815.530538
800.460952
768.992111
754.365748
735.750377
671.039801
641.343852
609.875011
549.596667
519.457495
498.626008
456.519812
416.629731
397.571137
353.692049
270.809325
222.054782
177.732471
108.589664
53.629997
-3.545785
-35.014626
-59.835121
-137.399167
-176.402801
-228.259906
-353.692049
-430.369648
-495.080223
-587.713855
-624.501374
-652.867654
-719.351121
-755.695417
-800.904175
-873.149543
-914.812517
-970.215406
-1028.277635
-1043.347221
-1089.442425
-1114.262920
-1063.735484
-1067.281269
-1082.350855
-1051.325237
-1075.702509
-1112.933251
-1106.284904
-1076.588955
-1029.164081
-972.874745
-939.189788
-908.607393
-848.772272
-824.838224
-793.369382
-713.589221
-661.288893
-621.842035
-589.043525
-538.959312
-457.406258
-409.981385
-327.098661
-208.758089
-193.245280
-159.117100
-99.725202
-75.791153
8.864462
78.450492
214.519989
370.534527
379.398989
475.135183
538.959312
456.519812
537.629643
663.505008
767.219218
962.237390
1011.435156
1006.559702
1086.783087
1014.980941
996.808794
1157.698786
1177.643826
1191.383743
1316.815885
1248.559525
1143.072423
1200.691428
1155.482670
1073.929616
1141.299530
1132.878291
1028.277635
1008.332595
1008.775818
931.211772
879.354667
886.446237
845.226487
746.830955
683.450049
632.479390
572.201046
554.915344
518.571049
486.215761
484.442869
406.435600
298.289159
234.021807
144.490737
58.062229
-18.615371
-60.278344
-64.267352
-126.761812
-163.549331
-183.937594
-321.336761
-420.618739
-501.285347
-672.812694
-734.863931
-732.204592
-813.314422
-835.032355
-823.508554
-902.845492
-1004.786810
-1085.896640
-1163.903909
-1225.511923
-1274.266466
-1308.394646
-1294.654729
-1242.354401
-1233.933162
-1245.456963
-1207.782998
-1209.555890
-1272.493573
-1287.563159
-1258.310433
-1189.610850
-1124.457052
-1085.010194
-977.750199
-894.867476
-919.244748
-885.116568
-788.937151
-771.651449
-718.464675
-609.875011
-594.805425
-503.501463
-372.307420
-392.695683
-261.501640
-107.259995
-161.776438
-60.721567
21.717933
-8.421239
177.289247
241.113376
247.318500
526.992288
626.274266
558.904352
696.303519
753.479301
699.406081
800.460952
911.266732
1002.127471
1143.515646
1148.391100
1136.867299
1225.955146
1182.519280
1165.676802
1283.130928
1289.779275
1297.314068
1327.896463
1295.097952
1290.665721
1252.105310
1266.731673
1275.152912
1136.867299
1173.654818
1247.673079
1048.222675
997.695240
1129.775729
1033.596312
878.468221
892.651361
872.263097
752.592855
700.292527
689.655172
676.801702
655.083769
563.336584
446.768903
374.966758
282.776350
102.384540
21.274710
54.959667
-23.934048
-100.168425
-124.988919
-269.479656
-393.582129
-509.706586
-711.816328
-789.380374
-830.156901
-939.189788
-966.669621
-991.046893
-1054.427799
-1093.874657
-1196.259197
-1337.647372
-1393.050262
-1450.226044
-1538.427444
-1521.141743
-1461.749845
-1427.621665
-1393.050262
-1409.006294
-1419.643649
-1414.324971
-1482.581331
-1505.185710
-1406.346955
-1339.420264
-1289.336052
-1171.438702
-1061.519369
-1037.585320
-1015.867388
-936.973673
-944.951689
-915.255740
-754.808971
-719.794344
-645.776084
-427.710309
-390.479567
-324.882546
-240.226930
-309.369737
-132.080489
-50.084212
-164.435777
160.446769
307.596844
172.857016
417.072955
519.014272
488.431877
684.336495
702.065420
752.592855
927.665987
880.241113
923.676979
1113.376474
1220.193245
1254.321425
1260.083326
1326.566794
1333.215141
1194.929528
1250.775640
1428.064888
1379.753568
1405.903732
1558.815708
1423.632657
1302.189522
1436.042904
1334.101587
1185.178619
1328.339686
1346.068611
1225.955146
1229.500931
1214.431345
1144.845315
1040.244659
948.940697
944.951689
867.387643
785.391366
805.779629
752.149632
691.428065
657.743108
504.831132
394.025352
279.673788
88.644624
22.604379
-17.728925
-63.824129
-30.139172
-109.032887
-288.981473
-458.735928
-648.878646
-837.248471
-982.625654
-1015.424165
-982.182431
-1047.779452
-1144.845315
-1191.383743
-1307.508200
-1476.819431
-1592.943888
-1682.031735
-1755.606772
-1737.434625
-1712.614130
-1690.896197
-1580.090418
-1576.101409
-1659.427356
-1661.200248
-1682.918181
-1669.621487
-1579.647194
-1528.676536
-1422.746210
-1307.951423
-1273.380020
-1201.134651
-1116.035812
-1068.167716
-1027.834412
-999.468132
-943.622019
-792.482936
-612.091127
-553.142452
-467.157167
-220.281890
-187.926602
-304.494282
-166.208669
-38.560411
20.831487
170.197678
249.534616
416.629731
556.245014
491.977662
634.695506
747.717401
710.929882
918.358302
954.702597
977.306976
1304.848861
1256.980764
1166.120025
1470.171084
1496.321248
1359.808528
1494.548356
1645.244216
1656.324794
1574.771740
1554.383477
1638.595869
1605.797358
1494.991579
1588.068434
1683.804627
1554.826700
1493.661909
1540.643560
1433.826788
1396.152823
1455.987944
1287.563159
1235.262831
1348.284727
1178.973495
1037.142097
1075.259286
924.563425
850.988388
963.123837
825.281447
618.296250
604.113111
418.845847
93.076855
17.728925
-24.820495
-102.827763
-35.457849
-103.270987
-329.314777
-566.439145
-877.138552
-1105.841681
-1186.508288
-1213.101675
-1182.076057
-1230.387377
-1349.614396
-1482.138108
-1704.192891
-1877.493130
-1929.350235
-1990.071802
-2030.848329
-2004.698165
-1930.679904
-1834.500488
-1800.815531
-1845.137842
-1925.804450
-1936.885028
-1916.053541
-1868.628668
-1668.735041
-1464.409184
-1357.149189
-1286.676713
-1213.101675
-1118.695151
-1083.680525
-1044.676890
-890.435245
-839.464586
-815.087315
-620.512366
-488.431877
-437.904441
-331.087670
-282.776350
-259.285524
-179.505363
-165.765446
-127.648258
95.292970
208.758089
186.153710
367.875188
485.329315
408.208492
567.325592
706.940874
623.171705
846.999379
1138.196968
1097.863665
1161.244571
1354.046627
1274.266466
1177.643826
1386.845138
1440.031912
1400.585055
1784.416275
1876.163461
1577.431079
1787.075614
1849.126850
1481.251662
1656.324794
1919.156103
1714.830246
1708.625122
1873.504122
1793.723961
1623.526283
1517.595958
1535.768106
1691.782643
1685.577520
1436.929350
1323.021009
1294.654729
1108.944243
1114.706143
1210.442337
1006.559702
946.724581
939.633011
507.490471
270.809325
327.098661
93.963301
-7.091570
116.567680
0.000000
-254.853293
-572.644269
-828.827232
-956.032267
-1254.321425
-1395.266377
-1223.295807
-1350.500842
-1622.196614
-1657.211240
-1777.324705
-2007.357504
-2089.353781
-2179.771297
-2300.327985
-2270.188813
-2226.752947
-2205.921461
-2092.899566
-2012.232958
-2080.932541
-2164.258488
-2130.573531
-1956.386845
-1766.687350
-1661.643471
-1463.522737
-1272.493573
-1354.046627
-1364.240759
-1126.673167
-1014.980941
-924.120202
-726.442691
-701.178973
-703.838312
-577.076500
-536.299973
-464.497828
-282.776350
-328.871554
-430.812871
-221.611559
-37.230742
10.194132
114.794788
179.062140
245.102385
200.780073
66.040245
362.113288
686.109387
545.164436
688.768726
1097.420441
991.490116
792.926159
1047.336229
1270.720681
1315.929439
1455.101498
1530.892651
1594.273557
1742.310079
1757.822888
1788.848506
1820.317348
1730.786278
1813.669001
1872.617676
1838.046272
2076.500310
2150.518571
1831.397926
1782.200160
1934.225689
1814.112224
1713.943799
1794.610407
1742.310079
1561.918270
1438.702243
1335.431256
1263.185888
1248.116302
1235.262831
1148.834323
967.999291
835.918802
691.428065
410.424608
239.340484
327.541885
316.018084
92.633632
-58.948675
-355.464941
-829.270455
-1026.061519
-1089.442425
-1163.017463
-1054.427799
-1163.903909
-1644.800993
-1924.474781
-1983.423455
-2171.793281
-2291.906746
-2177.998404
-2149.632125
-2345.979966
-2540.998138
-2519.280206
-2329.137488
-2285.701622
-2352.628313
-2299.441539
-2335.785835
-2353.071536
-2051.679816
-1772.892474
-1621.753391
-1409.892740
-1409.449517
-1601.808350
-1527.790090
-1176.314157
-927.665987
-895.310699
-732.647815
-437.461218
-512.809148
-708.270543
-468.486836
-268.149987
-399.787253
-288.981473
62.051237
181.721479
193.688503
230.919245
85.098839
72.245368
280.560234
197.677511
206.541973
612.091127
707.827320
477.794522
283.662796
244.215938
577.962947
890.435245
1039.358213
1460.420176
1741.423633
1563.247939
1542.859676
1801.701977
1844.251396
1934.668912
2397.837071
2685.488875
2771.474160
2898.679195
2719.617055
2514.847974
2618.118961
2665.987058
2773.690276
3028.100346
3082.616789
3002.836628
2775.906391
2307.419555
2076.057087
2147.416009
2046.804361
1982.537009
2183.760305
2011.789735
1372.218775
799.131283
302.278167
61.608013
210.530981
273.025441
196.347842
-82.882723
-930.325326
-1754.720326
-1964.364861
-1952.841060
-1863.309990
-1742.310079
-1988.298910
-2523.712437
-2974.913571
-3243.506781
-3311.319918
-3260.349260
-3232.869426
-3262.122152
-3350.323553
-3355.199007
-3235.528765
-3135.803564
-3147.327365
-3231.539757
-3186.330999
-2998.404397
-2720.060278
-2208.580800
-1753.390657
-1734.775286
-1899.654286
-1986.082794
-1835.386934
-1371.775552
-814.644092
-313.358745
-163.549331
-415.743285
-451.644358
-284.106019
-203.439411
139.172059
599.237656
669.266909
618.739473
744.614839
789.823597
716.248560
714.032444
774.310788
889.548799
1061.962592
1219.750022
1403.687616
1395.709600
1159.028455
1082.794079
1128.889283
1342.079603
1811.452885
2036.167006
1924.474781
1773.778920
1584.965872
1545.962237
1743.639748
2037.496676
2341.990958
2412.906657
2289.247407
2237.833525
2259.994681
2318.056910
2414.236327
2510.858966
2592.855243
2591.968797
2568.034749
2668.646397
2704.990692
2400.939633
2045.917915
1976.775109
1913.394203
1734.775286
1660.757025
1525.573974
1048.222675
599.680879
505.274355
258.399078
-215.849659
-476.464852
-873.149543
-1325.680347
-1373.105221
-1478.149100
-1730.786278
-1996.276926
-2648.258133
-3143.781580
-3123.393316
-3195.638685
-3151.759596
-2937.239606
-3194.752238
-3641.077919
-3867.121709
-3979.257158
-3721.301303
-3242.620335
-3032.089354
-2970.038117
-2994.415389
-3094.140590
-2992.642496
-2706.320362
-2247.584434
-1765.357681
-1565.020831
-1440.475135
-1284.903821
-1177.200603
-939.189788
-723.340129
-585.940963
-239.783707
131.637266
327.098661
386.933782
416.186508
479.567414
420.618739
455.190143
882.900452
1291.552167
1313.713323
1097.420441
893.537807
801.790621
824.395000
1069.497385
1485.240670
1707.738676
1506.072157
1143.072423
996.365570
1119.581597
1482.581331
1840.705611
1935.112135
2025.086429
1967.024200
1700.203883
1753.390657
1975.888662
2255.562450
2671.305735
2696.569453
2543.214254
2698.342346
2701.444907
2447.034837
2515.734421
2888.041840
3067.990426
3082.173566
2990.869604
2637.177555
2257.778566
1983.423455
1904.529740
2099.547912
2093.786012
1696.658098
1050.882014
469.816506
300.505274
3.102562
-428.596756
-566.882369
-1049.552345
-1654.551901
-1875.720238
-2173.566173
-2349.082528
-2574.683095
-3312.206365
-3744.348905
-3712.436841
-3777.147416
-3787.784771
-3802.411134
-4033.773602
-4393.670774
-4672.014892
-4523.535148
-3969.063026
-3527.612800
-3489.495612
-3616.700647
-3683.627338
-3540.023048
-3032.532577
-2401.826079
-1863.753213
-1461.306622
-1395.709600
-1342.079603
-1124.900275
-878.024998
-295.629820
192.802057
340.838578
739.739385
922.347310
761.014094
855.863842
941.849127
1163.903909
1591.170995
1716.603138
1816.771563
1854.002305
1521.141743
1284.460597
1291.995390
1455.987944
1813.669001
1982.093786
1737.877848
1435.156458
1268.504565
1137.753745
1225.955146
1569.009840
1799.042638
1766.244127
1589.398103
1437.372573
1414.768194
1561.475047
1880.595692
2123.925184
2181.544189
2217.888485
2188.192536
2196.170552
2262.210797
2326.034926
2567.591526
2663.770942
2609.254499
2985.550926
3137.133233
2635.404663
2269.745590
2070.295187
1970.569985
2081.818988
2079.602872
1914.723872
1430.724227
787.607482
374.523535
-56.289336
-201.666519
-254.410070
-872.263097
-1294.211506
-1586.738764
-2174.009396
-2435.954259
-2784.327631
-3263.008599
-3333.481074
-3514.316107
-3819.696835
-3960.198564
-4143.249712
-4363.531602
-4604.201755
-4662.707207
-4351.564578
-4022.693024
-3967.733357
-4002.747983
-3968.176580
-3942.912862
-3667.228083
-3092.810921
-2553.851609
-2080.046095
-1882.811807
-1868.185445
-1667.405372
-1381.969684
-796.915167
-141.831398
29.695949
210.530981
444.109565
458.735928
614.750465
1002.570694
1392.163815
1513.163727
1462.636291
1581.863310
1773.335697
1859.764205
1835.386934
1807.463877
1872.617676
1904.086517
1953.727506
1981.650563
1923.145111
1882.811807
1736.548178
1602.694797
1755.163549
1999.379488
2035.723783
1909.848418
1891.676270
1873.504122
1760.482227
1926.690896
2194.840883
2321.602695
2431.522028
2402.712525
2338.445173
2364.595337
2496.232603
2683.715983
2615.902845
2708.093254
3008.155305
2714.298378
2338.001950
2290.577077
2130.130308
2020.654197
1772.449251
1465.738853
1278.255474
744.171616
428.153532
257.069409
-265.933871
-584.168070
-1145.288538
-1753.833880
-1686.463966
-1900.540732
-2379.664923
-2749.756227
-3351.653222
-3691.162131
-3846.733446
-3939.810301
-3818.810389
-4008.953107
-4352.894247
-4606.861094
-4820.494637
-4636.113820
-4230.564666
-4024.022693
-4039.535502
-4110.451201
-4018.704016
-3727.949650
-3276.305292
-2802.056555
-2379.221700
-2151.848240
-2105.309813
-1738.764294
-1189.167627
-745.944508
-339.065686
-176.846024
36.344296
376.739651
579.292616
941.405904
1258.310433
1387.731584
1492.332240
1495.878025
1738.321071
2051.679816
2026.416098
2013.119404
2110.185267
2120.379399
2098.218243
2164.701711
2261.324351
2166.474603
2035.723783
2010.016842
1995.390480
2115.947168
2183.317082
2003.368496
1832.284372
1854.002305
1976.331885
2039.712791
2169.133942
2311.408563
2079.159649
1881.925361
2151.405017
2353.071536
2482.492687
2665.987058
2519.723429
2415.122773
2456.785746
2477.617233
2846.378867
2879.177378
2323.375587
2102.207251
1944.863044
1690.452974
1734.775286
1594.716780
1168.779364
797.801613
364.772627
-95.736194
-250.421062
-430.812871
-1040.687882
-1466.182076
-1726.354047
-2193.067990
-2406.701534
-2699.228792
-3172.147859
-3389.770410
-3716.869072
-3969.949473
-4074.993352
-4225.245989
-4233.224005
-4509.795231
-4733.179683
-4460.154242
-4328.960199
-4277.103094
-4199.539048
-4246.077475
-4075.436575
-3755.429483
-3389.327187
-2927.045475
-2568.034749
-2418.668558
-2302.100878
-1939.101144
-1425.848772
-864.728304
-446.325680
-409.981385
-245.988831
61.608013
198.120734
591.702863
1112.046804
1342.079603
1339.863487
1266.288450
1414.324971
1680.258842
1866.412552
2044.588246
2119.049730
2096.002127
2062.760394
2057.441716
2157.610141
2260.437904
2284.371953
2260.437904
2263.983689
2308.749224
2257.778566
2211.683361
2239.606418
2333.126496
2432.851698
2382.767485
2363.265668
2444.818722
2459.888308
2538.338800
2626.983423
2719.617055
2868.540023
2792.305647
2662.884496
2624.767308
2722.719617
3004.609520
2898.679195
2565.818633
2378.335254
2017.108412
1824.749579
1820.760571
1626.628845
1350.057619
833.259463
382.501551
134.296605
-187.040156
-369.204858
-827.054339
-1482.138108
-1695.328428
-2037.053453
-2482.049464
-2665.100612
-3064.001418
-3489.052389
-3739.916674
-3975.268150
-4090.949384
-4210.619626
-4377.271518
-4531.513164
-4651.626629
-4597.110185
-4424.253169
-4305.026150
-4268.238631
-4198.652602
-4079.425583
-3867.564932
-3475.312472
-3112.755961
-2845.492421
-2586.206897
-2391.188724
-2084.035103
-1602.694797
-1135.980853
-791.153267
-590.373194
-421.061963
-195.018172
164.435777
540.732205
770.765003
1024.731850
1163.903909
1145.288538
1305.292084
1535.768106
1685.134297
1802.145200
1874.390568
1945.749490
1991.844695
2020.210974
2045.474692
2046.804361
2156.280472
2229.855509
2199.273114
2322.045918
2345.093520
2175.339066
2205.035015
2300.327985
2360.163106
2540.554915
2562.272848
2444.818722
2445.705168
2479.833348
2624.767308
2917.294566
3077.741335
2970.038117
2809.148125
2786.100523
2819.785480
3017.906214
3256.360252
3004.609520
2560.499956
2326.478149
2140.767662
2059.214609
1994.947256
1791.507845
1408.119848
829.270455
352.805602
87.314954
-63.824129
-289.867920
-748.603847
-1147.504654
-1566.350501
-2139.881216
-2497.562273
-2705.877139
-2866.767131
-3052.477617
-3424.341814
-3726.176757
-4046.183849
-4331.619537
-4314.333836
-4289.956564
-4274.886978
-4210.176403
-4352.894247
-4564.311674
-4585.143161
-4367.077387
-3985.905505
-3689.832462
-3515.202553
-3379.576279
-3352.982892
-3250.598351
-2798.067547
-2216.115593
-1734.775286
-1459.533729
-1437.372573
-1285.347044
-990.160447
-751.263186
-236.237922
272.582218
331.530893
357.237834
519.014272
665.277901
915.698963
1274.709689
1518.039181
1590.284549
1642.141654
1681.145289
1736.548178
1952.397837
2135.448985
2182.430636
2257.335343
2279.496499
2195.727329
2244.925095
2367.254676
2385.426824
2454.126407
2544.100700
2516.177644
2501.551281
2580.444996
2681.943090
2804.715894
2974.470348
3095.913483
3106.550838
3225.334633
3337.913306
3297.580002
3445.173300
3615.814201
3645.953373
3516.532222
3062.228526
2779.895399
2819.785480
2786.100523
2720.060278
2446.148391
1849.570074
1247.673079
804.449960
601.010549
560.677245
303.607836
-346.157256
-1076.145732
-1602.694797
-1983.423455
-2221.877493
-2426.203351
-2790.089531
-3273.202730
-3804.184026
-4226.575658
-4380.817303
-4315.220282
-4329.846645
-4633.454481
-4872.794965
-4873.681411
-4850.190586
-4774.399433
-4631.681589
-4469.461927
-4359.099371
-4265.136069
-4048.843188
-3752.326921
-3379.133056
-3067.547203
-2868.096800
-2473.628224
-2049.463700
-1758.709334
-1412.995302
-1051.768460
-752.592855
-534.527081
-313.801968
-42.992642
250.864285
548.266998
703.395089
835.032355
995.479124
1032.266643
1170.552256
1455.544721
1711.284461
1900.540732
1907.632302
1880.152469
1979.434447
2128.357415
2375.232692
2619.448630
2710.309370
2712.968708
2686.375321
2709.866147
2884.052832
3097.686375
3201.400585
3177.023314
3132.257779
3118.074639
3108.323730
3224.891410
3425.671483
3413.704459
3318.411488
3212.481163
3136.690010
3263.008599
3262.565375
3198.298023
3128.268770
2596.844251
2121.265845
2072.068079
2111.958160
2098.218243
1637.266200
1033.596312
693.200957
304.051059
61.608013
-10.194132
-252.193954
-712.702775
-1419.200425
-1920.485773
-2001.595603
-2132.346423
-2504.210620
-2936.353160
-3248.382236
-3566.173212
-3897.260881
-4011.612446
-3993.883521
-4061.253435
-4283.751440
-4445.527879
-4423.809946
-4328.516975
-4171.172768
-4151.227728
-4107.348639
-3850.722454
-3739.473451
-3630.440564
-3337.470082
-3074.195550
-2784.327631
-2513.518305
-2287.474515
-1975.888662
-1675.826611
-1432.497119
-1152.380108
-738.409715
-369.648081
-252.637178
-252.193954
-177.289247
120.999911
472.032621
736.193600
956.918713
928.995656
760.570871
762.786987
1026.947966
1470.614307
1722.365039
1638.152646
1461.306622
1367.786544
1507.401826
1847.353958
2162.928818
2228.525840
2067.192625
1902.313625
1865.969329
2107.082705
2507.756405
2743.551104
2673.521851
2443.489052
2384.983601
2536.565907
2772.803829
3083.060012
3307.330910
3208.492155
2915.964897
2922.170020
3156.191827
3339.686198
3549.773956
3362.733800
2822.888042
2483.379133
2329.137488
2525.042106
2570.250864
1987.412463
1565.020831
1178.087049
702.508643
595.248648
429.039979
59.835121
-540.732205
-1251.218864
-1425.405549
-1447.123482
-1835.386934
-2333.126496
-2802.056555
-3130.041663
-3320.184381
-3437.195284
-3502.792306
-3703.572378
-4050.172857
-4310.344828
-4281.092102
-4006.736991
-3783.352540
-3839.198653
-3993.440298
-4008.953107
-3869.337825
-3441.627515
-2997.961174
-2807.818456
-2657.565819
-2651.360695
-2554.294832
-2011.789735
-1457.760837
-1081.907632
-977.750199
-924.120202
-570.871377
-367.431965
-74.461484
419.289070
437.904441
346.600479
511.479479
725.113022
991.046893
1150.607216
1165.676802
1106.284904
1105.398458
1263.629111
1444.020920
1643.914547
1683.361404
1544.632568
1571.225955
1727.683716
1880.152469
1997.606595
2051.236593
2040.156015
1978.104778
2033.507668
2260.881128
2472.298555
2487.368141
2411.133765
2447.034837
2478.060456
2637.620778
2880.063824
2913.305558
2921.283574
2862.778123
2826.877050
2950.536300
3038.294477
3169.931744
2931.034483
2380.108146
2272.404929
2285.258399
2263.097243
2135.005762
1547.735130
1084.566971
817.746654
493.307331
405.992377
241.556600
-282.776350
-1036.698874
-1623.526283
-1685.134297
-1701.090329
-2041.928907
-2558.283840
-3118.961085
-3462.902225
-3650.828827
-3786.455101
-3722.630972
-3777.147416
-4214.608634
-4627.249357
-4634.340927
-4371.509618
-4102.916408
-3991.224182
-4073.220459
-4149.011612
-4068.788228
-3844.517330
-3468.664126
-2981.118695
-2645.598794
-2638.950448
-2603.049375
-2248.027657
-1758.266111
-1327.010017
-989.717224
-703.395089
-502.615016
-357.237834
-177.289247
74.904707
464.941051
741.512277
794.699052
928.552433
1006.116479
1022.958958
1140.413084
1314.156546
1595.160004
1725.910824
1639.039092
1636.822977
1644.800993
1741.423633
1979.434447
2156.723695
2218.331708
2096.445351
2007.357504
2069.851963
2184.203528
2449.694176
2607.038383
2525.042106
2374.346246
2246.697988
2396.950625
2637.620778
2805.602340
2988.653488
2923.056467
2736.459534
2666.873504
2755.518128
3068.433649
3208.492155
3122.506870
2888.928286
2344.650297
2105.753036
2334.899388
2391.631948
2145.643117
1614.218598
1033.153089
750.819963
625.387820
514.582041
308.040067
-215.849659
-981.739208
-1498.094141
-1480.365216
-1435.156458
-1861.537098
-2487.811364
-2952.309192
-3268.770499
-3434.092722
-3400.407765
-3404.839996
-3652.601720
-4061.253435
-4398.989451
-4342.256892
-3999.202198
-3792.660225
-3864.905593
-4050.616080
-4047.513518
-3829.004521
-3573.708005
-3214.254055
-2874.745147
-2769.258044
-2726.708625
-2546.316816
-2088.024111
-1568.123393
-1272.936796
-1104.955234
-952.486482
-591.702863
-243.329492
-164.879000
198.120734
573.087492
467.600390
553.142452
889.105576
1061.519369
1174.098041
1222.409361
1292.881837
1447.566705
1572.112401
1658.984133
1709.954791
1808.793547
1850.456520
1795.496853
1980.320894
2195.284106
2107.525929
2056.112047
2131.903200
2178.441628
2260.437904
2360.606329
2382.324262
2288.804184
2264.870136
2389.415832
2449.694176
2564.488964
2718.287386
2710.309370
2670.419289
2687.704991
2822.888042
3001.506959
3095.470260
3198.741246
3035.635139
2627.426647
2446.591614
2453.683184
2610.584168
2562.272848
1996.276926
1460.420176
1110.273912
873.592767
832.816240
709.156990
288.538250
-531.424519
-1253.878202
-1357.149189
-1327.453240
-1509.617942
-1990.515025
-2705.877139
-3189.876784
-3458.913217
-3551.546849
-3413.261236
-3480.631150
-3961.528233
-4574.505806
-4815.619183
-4582.483822
-4312.117720
-4155.659959
-4232.337559
-4555.447212
-4687.970925
-4543.036965
-4172.059215
-3610.052300
-3273.645953
-3276.748515
-3343.675206
-3149.986703
-2567.148302
-1991.844695
-1546.848684
-1149.277546
-946.281358
-736.636823
-390.922791
-24.820495
457.406258
844.783264
909.493839
1014.537718
1301.746299
1507.845049
1635.493307
1818.987678
1982.537009
2083.148657
2137.665101
2181.987412
2283.485507
2395.177732
2447.921284
2507.313181
2582.661112
2603.049375
2560.499956
2526.371776
2608.811276
2708.979700
2718.730609
2719.173832
2618.118961
2476.287563
2508.199628
2541.884585
2560.943179
2662.441273
2645.598794
2501.108058
2389.859055
2418.225335
2585.320450
2628.756316
2619.448630
2612.800284
2258.221789
1905.416187
1789.734953
1795.496853
1991.844695
1744.082971
1124.457052
721.124014
298.732382
156.014538
225.157344
44.322312
-245.988831
-1049.552345
-1810.566439
-1781.756936
-1736.991401
-1811.009662
-2080.932541
-2736.902757
-3229.766865
-3566.616435
-3663.239075
-3405.726443
-3346.777768
-3622.905771
-4172.059215
-4509.795231
-4291.286233
-4059.923766
-3853.825016
-3701.356263
-3889.282865
-4008.066661
-3930.502615
-3727.506427
-3212.481163
-2744.880773
-2621.664746
-2658.009042
-2584.434004
-2256.005673
-1856.661643
-1394.823154
-945.838135
-748.160624
-617.853027
-564.666253
-483.999645
80.223384
550.039890
567.325592
718.021452
886.889460
866.057974
925.449871
1185.621842
1568.123393
1733.888840
1648.346778
1590.284549
1626.628845
1807.463877
1994.060810
2079.602872
2205.035015
2158.496587
1964.364861
2028.188990
2286.144845
2463.877316
2460.774754
2383.653931
2358.833437
2333.569719
2436.840706
2643.825902
2654.463257
2708.536477
2788.759862
2625.210531
2678.397305
2930.148037
2975.800018
2993.085719
2983.334811
3001.506959
2896.906303
2505.540289
2371.243684
2438.170375
2436.840706
2296.338977
1765.800904
1381.083237
1160.801347
770.765003
679.461041
624.944597
204.325858
-404.219484
-996.365570
-1194.486304
-1228.171261
-1493.661909
-1834.500488
-2269.745590
-2712.525485
-2995.301835
-3192.979346
-3232.426203
-3177.909760
-3395.532311
-3873.326833
-4077.652690
-3924.297491
-3792.217002
-3697.367255
-3623.792217
-3678.308661
-3713.766510
-3643.737257
-3456.697101
-3069.763319
-2665.987058
-2566.705079
-2592.855243
-2323.375587
-1941.317259
-1629.731407
-1254.321425
-940.962681
-739.296162
-466.270721
-227.373460
-72.688591
251.750731
614.750465
668.823686
710.486659
1019.856396
1222.409361
1174.098041
1219.306799
1466.625299
1653.222232
1654.995125
1646.573885
1724.581154
1802.588423
1825.636025
1800.815531
1885.027923
2019.767751
1901.427178
1746.742310
1857.104867
1982.093786
1938.657920
1854.445528
1812.782555
1791.064622
1748.958426
1747.628756
1831.841149
1898.324617
1864.639660
1794.167184
1787.962060
1871.731230
2019.767751
2009.573619
1916.939988
2026.859321
1911.178087
1575.658186
1559.258931
1533.551990
1463.965960
1354.046627
883.343675
608.988565
460.508820
190.142718
132.966936
-64.710575
-430.369648
-932.541441
-1487.013563
-1477.262654
-1424.519103
-1694.885205
-1968.797092
-2487.368141
-2837.957628
-2861.891676
-2988.210265
-2913.305558
-2834.855066
-3167.715628
-3561.297757
-3655.261058
-3427.001152
-3186.774222
-3163.726620
-3191.649676
-3232.426203
-3302.455456
-3169.045297
-2838.844074
-2511.302190
-2269.745590
-2258.221789
-2281.269391
-2023.313536
-1582.749756
-1176.314157
-907.720947
-735.307154
-569.541707
-390.479567
-116.567680
169.311231
405.105930
680.347487
744.614839
694.087404
984.841769
1323.021009
1290.665721
1227.728038
1431.167450
1612.002482
1593.387111
1660.757025
1810.123216
1842.921727
1781.313713
1744.082971
1905.416187
2131.016754
2063.646840
1923.145111
1994.060810
2068.522294
2062.760394
2132.346423
2234.287740
2176.225512
2076.943533
2076.057087
2085.807996
2225.866501
2447.478060
2473.185001
2344.207074
2316.284017
2459.445085
2437.283929
2475.401117
2779.452176
2606.151937
2158.053364
1942.646928
1821.203794
1980.320894
1884.141477
1430.281003
1240.581509
877.138552
453.417250
310.256183
221.168336
107.259995
-507.047248
-1128.002837
-1183.848950
-1408.119848
-1704.636114
-1933.339243
-2311.408563
-2594.184913
-2956.741424
-3205.389593
-3154.862158
-3195.195461
-3387.997518
-3751.440475
-3937.150962
-3727.063204
-3628.224448
-3658.806843
-3554.649411
-3493.927843
-3575.037674
-3539.579824
-3192.536123
-2790.975977
-2556.954171
-2495.346157
-2443.932276
-2127.027746
-1728.126939
-1415.211417
-1062.849038
-775.640457
-647.105753
-529.651627
-196.791065
180.835032
284.106019
408.651715
558.904352
595.248648
920.131194
1256.980764
1215.317791
1154.153001
1154.596224
1216.204237
1480.365216
1758.266111
1881.482138
1811.452885
1569.453063
1422.302987
1633.277192
1998.936265
2174.452619
2129.687084
1923.588334
1734.332063
1744.526194
1925.361227
2215.672369
2408.917649
2267.972697
1905.859410
1808.793547
2087.137665
2377.448808
2630.529208
2700.115238
2488.254587
2345.093520
2241.379310
2395.177732
2795.851432
2704.990692
2300.771208
1969.240316
1756.936442
1604.910912
1314.156546
1313.713323
1267.618119
644.889637
232.248914
-62.494460
-426.823863
-624.501374
-1049.552345
-1260.969772
-1334.544810
-1866.412552
-2349.968974
-2665.543835
-2897.792749
-3062.228526
-3248.382236
-3210.708271
-3301.569010
-3674.319653
-3979.700381
-4127.736903
-3908.784682
-3587.447921
-3500.132967
-3445.616523
-3496.587182
-3637.532134
-3593.653045
-3224.004964
-2615.016399
-2197.056998
-2192.181544
-2239.163195
-2063.646840
-1777.767928
-1305.292084
-737.080046
-429.483202
-280.117011
-245.988831
-193.688503
184.380817
523.889726
693.200957
760.127648
754.808971
929.882103
993.706232
1049.552345
1262.742665
1185.621842
1129.332506
1210.885560
1274.266466
1497.650917
1532.222321
1391.277369
1330.555802
1292.438614
1407.233401
1568.566616
1748.958426
1854.002305
1634.163638
1506.958603
1652.335786
1829.625033
2125.254853
2351.741867
2255.562450
2177.555181
2206.364684
2270.632036
2654.906480
2975.800018
3015.246875
3016.576545
2776.349614
2745.767219
2913.748781
2754.188458
2778.122507
2743.107881
2448.364507
2176.225512
1660.313802
1512.720504
1493.661909
1034.925982
858.523181
573.087492
7.091570
-437.461218
-974.204415
-1123.570605
-1190.054073
-1708.181899
-2098.661466
-2474.071448
-2930.148037
-3217.799840
-3417.250244
-3429.660491
-3460.686109
-3753.213368
-4059.037319
-4162.751529
-4086.960376
-3985.019059
-3851.608900
-3644.623704
-3537.363709
-3559.968088
-3493.927843
-3222.675295
-2831.309281
-2459.445085
-2222.763939
-1994.947256
-1677.156280
-1434.713235
-1159.914901
-741.955500
-358.567503
-93.963301
167.981562
510.593033
758.797979
896.197146
959.578052
925.006648
1136.424076
1415.654641
1509.617942
1722.808262
1701.976775
1362.024643
1241.467955
1310.167538
1564.577608
1823.419910
1765.800904
1595.160004
1352.273735
1112.046804
1129.332506
1364.683982
1633.277192
1697.987767
1473.273646
1232.603493
1135.537630
1162.574240
1397.482493
1714.387022
1881.482138
1884.584700
1776.438259
1756.493219
1994.060810
2302.987324
2588.866235
2669.976066
2610.584168
2704.547469
2623.437639
2419.111781
2509.972520
2473.185001
2209.024023
2000.709157
1653.222232
1452.885383
1311.497208
828.827232
554.472121
345.714032
-227.816683
-669.710132
-1020.742842
-1274.709689
-1483.467778
-2064.090063
-2464.320539
-2704.104246
-3172.147859
-3419.466359
-3589.664037
-3733.711550
-3774.044854
-4091.835830
-4304.582927
-4251.396153
-4244.304583
-4176.048223
-4028.898147
-3818.367166
-3642.850811
-3621.132878
-3451.821647
-3083.946459
-2732.470526
-2429.305913
-2106.196259
-1721.921815
-1376.207783
-1075.702509
-753.036078
-402.003368
-75.791153
214.963212
593.475756
995.479124
1171.881925
1218.420353
1259.640103
1260.969772
1411.665632
1696.214875
1865.969329
1922.258665
1833.170818
1599.149012
1447.123482
1459.533729
1627.515291
1799.042638
1775.108590
1636.379754
1427.178442
1202.021097
1140.413084
1269.834235
1491.889017
1598.262565
1472.830423
1339.863487
1286.676713
1229.500931
1344.738942
1605.354135
1807.463877
1982.537009
2020.654197
2041.928907
2216.115593
2300.771208
2466.093431
2716.514493
2833.968620
3023.668115
2909.759773
2532.576899
2446.591614
2298.998316
2146.972786
2063.646840
1748.515203
1579.647194
1229.944154
573.530715
347.486925
109.919333
-409.981385
-830.600124
-1238.365393
-1449.782821
-1721.921815
-2343.320628
-2701.888130
-2939.898945
-3423.455367
-3750.110806
-3808.173034
-3770.499069
-3890.612534
-4238.099459
-4417.604822
-4380.374080
-4355.553586
-4241.645244
-3963.301126
-3676.978991
-3569.275773
-3534.704370
-3298.466448
-2900.895311
-2544.543923
-2203.705345
-1839.819165
-1448.896374
-1047.779452
-768.548888
-425.494194
17.285702
200.336850
393.582129
839.021363
1207.339775
1491.445794
1608.013474
1518.482404
1477.705877
1406.790178
1483.024555
1812.782555
2008.243950
1941.760482
1674.940165
1414.324971
1288.449606
1241.911178
1362.911089
1480.808439
1451.998936
1260.969772
975.534084
899.742931
919.687971
949.827143
1038.471767
1017.640280
1044.233667
1058.860030
1016.753834
1233.933162
1342.966049
1293.768283
1469.284638
1590.284549
1864.639660
2265.756582
2291.906746
2402.269302
2491.357149
2278.610052
2466.536655
2688.591437
2607.924829
2605.265491
2311.851786
1984.309902
1864.196436
1458.647283
1303.519192
1341.636380
824.395000
433.915433
222.498005
-252.193954
-574.417162
-982.182431
-1402.357947
-1496.764471
-1885.471146
-2313.624679
-2360.606329
-2690.807553
-3140.679018
-3334.367521
-3459.799663
-3427.887599
-3460.686109
-3610.052300
-3521.407677
-3457.140324
-3574.594451
-3483.290488
-3213.367609
-3000.177289
-2801.613332
-2578.228880
-2291.020300
-1977.661555
-1799.042638
-1561.918270
-1133.764737
-821.735662
-612.977573
-281.446680
95.292970
335.519901
490.204769
727.329137
980.409538
1108.057796
1162.574240
1247.673079
1337.647372
1327.010017
1301.303076
1354.046627
1366.900098
1334.101587
1239.251839
1155.482670
1122.240936
1016.310611
979.079869
989.274001
940.519457
874.035990
656.856662
505.274355
633.809059
827.940785
1002.570694
974.204415
911.266732
1041.131105
1030.493751
1085.010194
1354.046627
1448.896374
1434.270012
1453.328606
1560.588600
1671.394380
1526.460420
1378.867122
1451.998936
1436.929350
1266.731673
1150.607216
1103.182342
930.768549
655.970215
496.853116
378.512543
210.974204
42.106196
-60.721567
-159.117100
-384.274444
-643.559968
-748.603847
-727.772361
-681.677156
-705.611205
-821.292439
-939.189788
-1043.790444
-1104.068788
-1091.215318
-1063.735484
-1020.742842
-1004.786810
-1053.098130
-1029.607304
-939.189788
-906.391277
-890.878468
-898.413261
-924.563425
-904.175162
-863.398635
-793.812605
-717.135006
-717.135006
-753.479301
-729.545253
-718.907898
-753.479301
-724.226576
-707.384097
-757.911533
-735.750377
-691.428065
-659.516000
-609.875011
-603.669887
-555.801791
-499.069231
-511.922702
-505.274355
-515.025264
-515.025264
-467.157167
-485.772538
-487.102207
-399.787253
-296.516266
-185.710487
-125.432143
-94.849747
5.761901
57.175782
50.527436
131.637266
253.523624
327.541885
381.171882
437.904441
520.787164
557.574683
540.288981
555.801791
575.303608
557.574683
508.376917
493.307331
546.050882
594.805425
622.728482
615.193689
574.860385
586.827409
597.021541
545.607659
526.992288
561.120468
574.417162
556.245014
538.072866
546.050882
577.962947
602.340218
613.420796
616.523358
599.237656
614.307242
643.116745
692.757734
764.116656
756.138640
779.629465
859.409627
874.479213
889.105576
876.252105
831.929793
871.819874
919.687971
934.314334
911.266732
826.611116
741.955500
652.867654
600.567326
568.212038
481.783530
365.659073
183.494371
10.194132
-58.062229
-140.944952
-230.032799
-299.618828
-439.234110
-586.384186
-706.054428
-829.713678
-916.585409
-987.501108
-1086.339863
-1157.255562
-1193.156635
-1238.365393
-1291.552167
-1360.251751
-1440.475135
-1483.911001
-1498.537364
-1485.683893
-1450.669267
-1407.233401
-1354.046627
-1352.273735
-1327.453240
-1188.724404
-1036.255651
-919.244748
-809.768638
-773.867565
-789.380374
-760.127648
-671.483025
-507.490471
-361.226842
-339.508909
-342.168247
-291.197589
-245.545608
-232.692137
-217.622551
-163.106108
-95.292970
-46.981651
13.296694
81.996277
134.296605
201.223296
274.355110
319.563868
336.849570
369.204858
470.702952
568.212038
600.124102
631.149721
675.915256
727.772361
807.552522
883.343675
921.904087
943.622019
979.079869
1018.526726
1033.596312
1056.643915
1100.523003
1174.541264
1248.116302
1297.314068
1332.771917
1349.614396
1375.321337
1405.903732
1420.973318
1418.757202
1407.676624
1437.815796
1467.954969
1420.530095
1348.727950
1319.032001
1299.530183
1273.380020
1222.409361
1143.958869
1030.050527
894.867476
754.808971
612.977573
484.886092
336.849570
131.637266
-63.824129
-224.714121
-399.344030
-538.516089
-646.219307
-763.673433
-890.435245
-1077.918624
-1267.174896
-1381.083237
-1482.581331
-1574.328517
-1643.471323
-1719.262477
-1773.335697
-1821.647017
-1863.753213
-1833.170818
-1803.918092
-1817.658009
-1785.745945
-1742.753302
-1713.057353
-1662.973141
-1570.339509
-1436.042904
-1273.380020
-1104.068788
-991.933339
-971.988299
-983.068877
-955.145820
-871.376651
-757.911533
-660.402447
-577.962947
-499.955678
-441.450226
-385.604113
-316.461307
-273.025441
-249.091393
-213.190320
-120.556688
-36.344296
-40.776527
-27.479833
52.300328
135.183051
187.483379
196.347842
187.926602
204.769081
224.270898
238.010815
196.791065
60.278344
-25.263718
45.651981
210.974204
346.600479
341.725024
310.256183
385.160890
486.658984
552.256006
573.087492
557.131460
591.259640
723.340129
846.112933
872.263097
822.178885
792.926159
901.072600
1051.325237
1073.486393
1020.299619
1028.277635
1126.673167
1253.434979
1300.416630
1257.867210
1189.167627
1103.182342
1052.211683
1068.610939
1076.145732
1063.292261
1060.189699
1042.017552
961.794167
826.611116
727.772361
671.926248
601.896995
452.087581
242.886269
75.347930
-18.172148
-49.640989
-77.564046
-184.380817
-346.157256
-490.647992
-601.896995
-708.713767
-820.849215
-926.336318
-1012.764826
-1061.076146
-1070.827054
-1042.903998
-1011.435156
-1011.878380
-992.376562
-923.676979
-851.874834
-781.845581
-657.743108
-444.109565
-234.908253
-117.010903
-75.791153
-85.985285
-66.483468
29.252726
135.183051
189.256272
118.340573
-32.798511
-96.179417
-64.710575
-38.560411
-39.446858
-57.175782
-80.666608
-92.633632
-104.157433
-88.201401
-104.157433
-185.267264
-222.054782
-236.681145
-284.549242
-316.018084
-331.974116
-314.245191
-267.706764
-277.457672
-284.106019
-242.886269
-197.234288
-136.069497
-47.868097
29.252726
74.904707
117.897350
237.567592
394.468575
500.842124
568.212038
599.237656
654.640546
754.365748
852.318057
921.460863
917.028632
867.387643
879.797890
942.292350
1016.310611
1052.654906
1031.823420
1009.219041
967.112845
914.369294
899.299707
895.753923
879.354667
844.340041
730.431699
569.984930
429.039979
344.827586
316.018084
322.223207
280.117011
167.095116
74.018261
-17.728925
-108.146441
-185.267264
-301.834944
-421.948409
-511.922702
-620.512366
-701.622197
-741.512277
-823.951777
-913.926070
-985.728216
-1095.647549
-1164.790355
-1188.281181
-1258.310433
-1266.288450
-1246.343409
-1288.006382
-1268.061342
-1228.614485
-1192.713412
-1112.046804
-1113.819697
-1160.358124
-1169.665810
-1189.167627
-1135.980853
-1032.709866
-981.739208
-934.314334
-934.314334
-933.427888
-862.955412
-830.600124
-807.552522
-751.263186
-725.556245
-738.409715
-784.061697
-818.189877
-802.677068
-779.629465
-734.420707
-641.787076
-518.127826
-425.937417
-391.366014
-355.464941
-302.721390
-253.523624
-170.640901
-46.981651
62.051237
133.853382
188.813048
255.739739
347.043702
423.721301
508.820140
612.534350
680.347487
664.391455
592.146086
605.442780
815.530538
1123.570605
1368.672990
1470.171084
1436.042904
1365.570428
1360.694974
1423.189434
1488.786455
1494.991579
1488.343232
1561.031823
1679.815619
1773.778920
1781.313713
1718.819254
1681.588512
1672.280826
1631.504299
1572.112401
1498.537364
1457.760837
1525.573974
1604.024466
1599.592235
1518.482404
1365.570428
1249.445971
1203.350767
1115.592589
975.977307
820.849215
696.303519
675.472033
660.845670
534.970304
361.670065
165.322223
6.205124
-112.578672
-300.062051
-518.571049
-714.918890
-846.112933
-877.138552
-905.948054
-996.808794
-1154.153001
-1339.420264
-1451.998936
-1483.911001
-1508.731495
-1570.782732
-1680.258842
-1747.628756
-1702.863221
-1615.105044
-1534.438436
-1476.819431
-1471.943977
-1497.207694
-1478.149100
-1455.544721
-1449.339598
-1379.753568
-1240.138286
-1132.435068
-1203.793990
-1451.998936
-1621.310168
-1428.508111
-965.339952
-612.534350
-649.321869
-1003.013917
-1265.845226
-1166.120025
-814.644092
-494.637000
-395.355022
-426.823863
-326.212215
-78.450492
63.824129
13.296694
-153.355199
-251.750731
-151.582307
-20.831487
15.069586
43.879089
110.805780
249.534616
441.450226
546.494105
576.633277
580.622285
563.779807
558.461129
505.274355
468.930059
603.226664
855.420619
1131.548622
1263.185888
1138.640191
972.431522
1046.893006
1430.724227
1891.676270
2060.101055
1920.042549
1790.621399
1916.496764
2309.192447
2708.536477
2870.312916
2804.715894
2594.628136
2392.961617
2270.188813
2117.276837
1943.533375
1800.815531
1630.174630
1407.676624
1153.266554
967.556068
957.361936
953.816151
694.530627
104.600656
-610.761457
-1077.032178
-1191.826966
-1172.768372
-1249.002748
-1556.599592
-1994.504033
-2296.338977
-2394.734509
-2418.225335
-2504.210620
-2716.957717
-2969.151671
-3104.777945
-3079.071004
-2889.814733
-2598.617144
-2371.686907
-2261.324351
-2215.672369
-2141.654109
-1939.101144
-1643.471323
-1338.090595
-1108.501019
-1005.673256
-879.354667
-565.552699
-116.124457
299.618828
527.435511
544.277990
521.230387
604.113111
776.970127
914.369294
886.889460
649.765092
352.805602
195.904618
221.611559
333.747008
338.179239
157.344207
-132.080489
-454.303696
-644.889637
-632.036167
-558.461129
-536.299973
-622.728482
-790.710043
-861.182519
-771.208226
-612.534350
-473.805514
-475.135183
-538.959312
-462.281713
-187.926602
170.640901
507.933694
736.193600
881.570783
1053.541353
1302.632745
1613.332151
1905.859410
2143.870224
2403.598972
2656.679372
2854.800106
3100.345714
3354.312561
3520.078007
3549.330733
3437.195284
3329.935289
3367.609254
3497.473628
3604.290400
3515.202553
3149.543480
2679.726975
2213.013031
1725.910824
1178.087049
612.534350
196.791065
-29.695949
-227.816683
-562.006914
-1079.691517
-1713.057353
-2321.602695
-2822.001596
-3237.301658
-3597.642053
-3862.246255
-4042.638064
-4174.275330
-4248.736814
-4234.996897
-4129.066572
-3984.132612
-3884.407411
-3894.158319
-3919.865260
-3764.293946
-3355.199007
-2794.078539
-2233.401294
-1753.833880
-1303.519192
-821.292439
-316.904530
108.589664
398.014360
633.365836
881.127560
1191.383743
1579.203971
1979.434447
2348.196082
2619.891854
2722.719617
2676.181190
2551.635493
2408.917649
2237.833525
1989.628579
1583.192979
1049.109122
590.816417
298.289159
81.553054
-190.585941
-606.329226
-1122.684159
-1616.434713
-1973.672547
-2177.998404
-2343.320628
-2499.778388
-2589.752681
-2579.115327
-2439.943267
-2227.196171
-1996.720149
-1756.493219
-1535.768106
-1330.112579
-1038.914990
-610.761457
-81.109831
476.021629
978.193423
1377.537452
1737.434625
2135.448985
2591.082351
3046.715717
3364.949916
3574.151228
3754.099814
3970.392696
4262.033508
4490.293414
4574.505806
4588.245723
4556.776881
4531.513164
4493.395976
4364.418048
4108.235086
3677.422214
3128.711994
2528.587891
1904.086517
1244.570517
537.629643
-123.659250
-681.233933
-1129.775729
-1512.277280
-1952.841060
-2454.126407
-3011.257867
-3591.436929
-4076.323021
-4512.011347
-4856.395710
-5035.014626
-5080.223384
-4958.337027
-4780.161333
-4589.575392
-4333.392430
-4081.198475
-3813.934935
-3548.887510
-3298.466448
-2955.854977
-2477.617233
-1863.753213
-1190.054073
-564.223030
17.285702
565.995922
1057.087138
1427.621665
1681.588512
1874.833791
2036.610230
2226.752947
2452.353515
2670.419289
2847.708536
2913.305558
2872.972254
2724.935733
2416.895665
1998.493041
1488.343232
893.981030
265.490648
-335.963124
-839.464586
-1246.343409
-1581.863310
-1881.925361
-2198.386668
-2541.884585
-2897.792749
-3192.536123
-3392.872972
-3482.847265
-3416.363798
-3246.609343
-2963.389770
-2564.932187
-2091.569896
-1539.313891
-991.490116
-526.992288
-100.168425
339.508909
831.043347
1394.379931
1964.364861
2484.708802
2950.093077
3377.803386
3804.184026
4227.018881
4563.868451
4781.491003
4898.058683
4940.164879
4977.395621
5000.000000
4966.315043
4890.967113
4769.967201
4640.546051
4468.575481
4166.297314
3709.334279
3092.810921
2380.994593
1597.819342
756.581863
-101.054871
-904.175162
-1513.606950
-1911.621310
-2220.991047
-2565.818633
-3021.451999
-3514.759330
-3969.063026
-4390.124989
-4788.582572
-5152.468753
-5386.490559
-5400.673699
-5200.780073
-4843.099016
-4432.674408
-4018.260792
-3555.535857
-3102.118607
-2751.085897
-2471.855332
-2148.302455
-1702.863221
-1179.416718
-615.193689
-18.615371
612.534350
1271.163904
1859.320982
2308.749224
2557.840617
2619.891854
2639.393671
2660.668380
2645.598794
2601.719706
2581.331442
2575.126319
2465.206985
2183.317082
1775.995036
1273.823243
703.395089
41.662973
-729.988476
-1514.050173
-2166.917826
-2566.705079
-2763.496144
-2918.181012
-3101.675383
-3304.228349
-3434.092722
-3440.297846
-3406.169666
-3351.653222
-3286.499424
-3139.792572
-2807.818456
-2317.613687
-1699.760660
-992.376562
-274.355110
390.479567
947.611027
1451.112490
1949.295275
2397.393848
2806.045563
3149.543480
3424.785037
3721.301303
4066.128889
4418.491269
4704.370180
4833.791331
4829.802322
4784.150341
4725.644890
4615.282333
4442.425317
4241.202021
4064.799220
3926.513607
3718.198741
3368.495701
2895.133410
2257.335343
1495.878025
636.025175
-301.834944
-1178.530272
-1875.277014
-2352.185090
-2634.074993
-2897.792749
-3184.558107
-3410.158674
-3629.554118
-3874.656502
-4184.469462
-4519.546140
-4770.853648
-4881.216204
-4809.414059
-4578.494814
-4228.348551
-3758.088822
-3188.990338
-2603.935821
-2113.287829
-1703.306444
-1308.394646
-936.973673
-586.827409
-245.102385
120.556688
572.644269
1075.259286
1581.420087
2034.837337
2355.287652
2583.990781
2746.653665
2770.587714
2657.122596
2470.968886
2275.950714
2071.624856
1765.800904
1372.661998
974.647638
587.270632
201.666519
-253.966847
-850.101941
-1506.515380
-2073.397748
-2469.639216
-2741.778211
-3007.268859
-3286.499424
-3483.733712
-3516.532222
-3369.382147
-3114.528854
-2830.422835
-2552.965163
-2248.914103
-1910.734864
-1532.665544
-1075.259286
-558.017906
-11.080578
538.072866
1042.017552
1532.222321
2048.134031
2531.247230
2960.287209
3277.634961
3451.378424
3582.572467
3694.707916
3794.876341
3888.839642
3917.205921
3927.400053
3969.063026
4015.158231
4041.308395
4007.623438
3912.330467
3777.147416
3581.242798
3314.422480
2932.364152
2472.298555
1916.496764
1245.456963
513.695594
-286.765358
-1025.175073
-1565.020831
-1943.533375
-2199.716337
-2461.217977
-2763.939367
-2990.426381
-3181.898768
-3357.858346
-3567.946104
-3838.312206
-4034.660048
-4113.996986
-4085.630706
-3956.209556
-3744.792128
-3385.338179
-2906.657211
-2373.016577
-1816.328340
-1334.988033
-936.530449
-619.182697
-364.329403
-120.556688
122.329581
446.325680
867.830866
1329.226132
1758.266111
2082.705434
2352.628313
2569.807641
2646.928464
2599.946813
2437.727152
2196.170552
1951.511391
1665.632479
1333.215141
954.702597
523.003280
136.069497
-230.919245
-653.310877
-1110.273912
-1590.727772
-2051.679816
-2447.034837
-2788.316639
-3034.305469
-3177.466537
-3224.448187
-3131.371332
-2925.715805
-2631.415655
-2267.529474
-1901.870402
-1558.372485
-1220.193245
-839.021363
-402.446592
25.263718
422.834855
810.655084
1215.317791
1646.130662
2095.558904
2525.928552
2870.756139
3111.869515
3281.623970
3382.235617
3442.070738
3467.334456
3433.206276
3373.371155
3320.184381
3321.070827
3360.517685
3390.213634
3396.861980
3368.495701
3303.341902
3175.250421
2962.946547
2625.653754
2127.914192
1501.639926
770.321780
-27.923056
-792.039713
-1431.610673
-1880.595692
-2201.932453
-2482.049464
-2682.386313
-2798.067547
-2874.745147
-2988.210265
-3204.503147
-3519.191561
-3864.462370
-4147.238720
-4308.571935
-4352.007801
-4265.579293
-4013.828561
-3606.506515
-3092.367698
-2502.880950
-1888.130485
-1347.841503
-935.200780
-616.523358
-337.292793
-70.029253
173.300239
426.823863
700.292527
1030.493751
1427.621665
1866.412552
2246.254765
2509.529297
2675.737966
2727.595071
2648.258133
2431.078805
2131.016754
1797.712969
1388.174807
896.197146
417.072955
-28.366280
-401.560145
-750.819963
-1159.914901
-1576.544633
-1959.932630
-2266.199805
-2521.939544
-2774.133499
-2988.210265
-3114.972077
-3123.393316
-2987.323819
-2733.356972
-2384.983601
-1993.174364
-1577.874302
-1124.457052
-678.131371
-211.860651
227.373460
578.406170
887.332683
1187.394735
1526.460420
1885.914369
2209.467246
2531.690453
2831.752504
3092.367698
3322.843720
3485.949827
3574.594451
3577.253790
3524.953462
3462.015779
3373.814378
3312.649588
3292.261324
3266.997607
3227.550749
3191.206453
3184.558107
3118.517862
2923.056467
2584.877227
2088.024111
1441.361581
693.200957
-114.794788
-903.731939
-1594.716780
-2112.844606
-2450.137399
-2650.917472
-2746.653665
-2758.620690
-2757.734243
-2838.400851
-2982.005141
-3185.444553
-3427.887599
-3686.286677
-3935.821292
-4079.425583
-4046.627072
-3802.854357
-3334.810744
-2763.052921
-2154.950802
-1514.936619
-916.585409
-398.457584
9.750909
319.563868
521.230387
632.922613
744.614839
892.208138
1106.728127
1387.731584
1690.009751
2007.800727
2275.950714
2469.639216
2593.741690
2557.397394
2382.767485
2098.218243
1700.647106
1224.625476
658.186331
68.699583
-461.838489
-940.519457
-1332.771917
-1660.757025
-1967.024200
-2220.104601
-2434.181367
-2595.514582
-2734.686641
-2870.756139
-2947.876961
-2981.561918
-2938.126053
-2759.063913
-2472.298555
-2093.342789
-1647.017108
-1140.856307
-610.761457
-89.087847
417.516178
856.307065
1216.647460
1507.401826
1768.017020
2016.665189
2244.038649
2466.093431
2691.250776
2894.690187
3082.616789
3269.656945
3432.763053
3527.612800
3532.931478
3482.847265
3410.601897
3322.843720
3202.730254
3064.887865
2907.543657
2775.019945
2712.525485
2641.166563
2498.005496
2258.221789
1914.280649
1435.156458
800.904175
64.710575
-686.995834
-1406.790178
-2012.232958
-2478.503679
-2827.320273
-3021.451999
-3049.375055
-2959.400762
-2872.529031
-2850.811098
-2878.290932
-2967.378778
-3110.096623
-3278.964631
-3423.012144
-3476.198919
-3400.407765
-3181.455545
-2812.250687
-2319.829802
-1729.456608
-1096.090772
-490.647992
56.732559
511.479479
870.046982
1099.193334
1208.226221
1260.969772
1284.017374
1334.988033
1443.577697
1562.804716
1685.577520
1805.247762
1926.247673
2012.232958
2006.914281
1902.313625
1684.247850
1341.193157
895.753923
363.886180
-202.552965
-777.413350
-1353.603404
-1846.024289
-2250.686996
-2582.661112
-2823.774488
-2982.448365
-3056.466625
-3063.558195
-3013.473983
-2901.781757
-2758.177467
-2587.979789
-2354.401206
-2047.247584
-1691.782643
-1304.405638
-872.263097
-412.640723
68.699583
573.530715
1066.394823
1503.412818
1872.174453
2188.635759
2455.456077
2669.532843
2847.265313
2980.675472
3069.320096
3148.213811
3226.221080
3289.601986
3320.627604
3314.865703
3270.100168
3189.433561
3093.697367
2964.719440
2814.910026
2662.884496
2505.097066
2369.470792
2232.958071
2044.145023
1810.123216
1501.639926
1114.262920
645.776084
75.791153
-558.904352
-1192.713412
-1741.423633
-2169.133942
-2494.459711
-2712.968708
-2828.206719
-2857.016222
-2814.910026
-2751.085897
-2689.477883
-2665.543835
-2694.796561
-2732.913749
-2775.463168
-2807.818456
-2772.360606
-2636.291109
-2372.130130
-2025.972875
-1603.138020
-1106.284904
-589.043525
-75.791153
381.171882
748.603847
1003.457140
1163.460686
1263.629111
1318.588778
1327.010017
1316.372662
1310.610761
1310.610761
1334.101587
1370.002659
1385.958692
1346.511834
1237.035724
1078.805070
881.570783
639.127737
329.314777
-70.029253
-556.688237
-1080.134740
-1585.852318
-2043.701799
-2435.954259
-2764.382590
-3012.587537
-3161.510504
-3228.880418
-3190.763230
-3046.715717
-2832.195727
-2556.954171
-2243.152203
-1904.529740
-1557.042815
-1190.054073
-792.482936
-396.684691
-0.443223
412.640723
843.896818
1272.936796
1674.053719
2036.167006
2351.298644
2619.448630
2854.356883
3036.521585
3153.089265
3202.730254
3203.616701
3169.931744
3104.334722
3027.657123
2948.763407
2860.118784
2739.562096
2594.628136
2445.261945
2299.884762
2177.998404
2093.342789
2013.119404
1917.383211
1784.859498
1583.636202
1329.669356
1016.310611
631.149721
167.538339
-380.285436
-940.519457
-1437.372573
-1822.533463
-2089.797004
-2267.529474
-2338.001950
-2325.148480
-2253.346335
-2153.177910
-2099.991136
-2092.013119
-2115.060722
-2166.474603
-2222.320716
-2291.906746
-2327.807818
-2274.177821
-2119.049730
-1860.207428
-1525.130751
-1135.094407
-729.102030
-323.552877
74.461484
426.380640
701.178973
884.673345
961.350944
961.350944
912.596401
860.739296
811.984753
757.468310
711.816328
678.131371
664.834678
664.834678
638.241291
573.087492
468.486836
335.519901
163.992554
-99.281979
-452.087581
-878.468221
-1330.112579
-1770.233135
-2166.031380
-2480.276571
-2708.979700
-2864.994238
-2912.419112
-2842.833082
-2675.294743
-2439.500044
-2159.826257
-1853.559082
-1530.449428
-1182.519280
-810.655084
-444.109565
-96.622640
236.237922
570.871377
916.142186
1269.834235
1613.332151
1929.350235
2204.148568
2439.056821
2642.496233
2797.181101
2892.030848
2925.715805
2894.246964
2815.353249
2706.320362
2586.650120
2455.012853
2307.862778
2160.712703
2025.972875
1905.859410
1794.167184
1701.090329
1619.537275
1563.247939
1545.962237
1533.108767
1486.570340
1373.548444
1211.328783
1018.526726
776.083681
462.724936
61.164790
-386.047336
-803.563514
-1135.537630
-1384.185799
-1569.453063
-1680.702065
-1712.614130
-1684.247850
-1609.343143
-1540.200337
-1511.390834
-1527.346866
-1587.625211
-1665.632479
-1761.368673
-1860.650652
-1926.690896
-1932.452797
-1871.731230
-1723.694708
-1499.423810
-1217.533907
-891.321691
-567.768815
-258.399078
20.388263
226.930237
371.864196
440.120557
435.688326
390.036344
315.574860
236.237922
174.186686
125.875366
105.930325
120.113465
148.479745
187.040156
216.292882
199.007180
153.355199
53.186774
-99.281979
-295.186597
-579.292616
-914.369294
-1249.889194
-1559.702154
-1816.328340
-2040.599238
-2211.683361
-2291.906746
-2283.928730
-2169.133942
-1967.910646
-1716.159915
-1418.313979
-1069.940608
-693.200957
-327.985108
2.659339
297.845936
558.461129
782.288804
999.024909
1188.281181
1358.035635
1522.471412
1682.474958
1819.430902
1931.123127
2028.188990
2091.569896
2137.221877
2160.269480
2156.280472
2123.925184
2052.566262
1958.159738
1861.093875
1772.006028
1694.441982
1615.105044
1550.394469
1514.050173
1517.152735
1565.907278
1636.822977
1716.603138
1779.984044
1799.485861
1782.200160
1727.683716
1584.522649
1315.042993
939.633011
511.922702
72.245368
-348.816594
-712.259551
-1017.197057
-1250.332417
-1397.482493
-1456.874391
-1453.771829
-1436.042904
-1428.064888
-1459.533729
-1542.416452
-1647.460332
-1792.837514
-1969.683539
-2142.097332
-2280.382945
-2345.093520
-2307.419555
-2171.793281
-1963.478415
-1704.192891
-1408.563071
-1074.816062
-740.182608
-447.655350
-225.157344
-71.802145
19.058594
55.402890
58.948675
32.355288
1.329669
-13.739917
0.443223
50.527436
124.545696
216.292882
319.120645
406.435600
462.724936
480.453860
429.926425
312.915522
127.205035
-135.183051
-441.450226
-780.959135
-1127.116390
-1467.511745
-1761.811896
-1967.467423
-2080.046095
-2092.456343
-1998.493041
-1805.247762
-1529.119759
-1198.918536
-852.318057
-500.398901
-170.197678
124.988919
373.193866
548.710221
656.856662
741.955500
826.167893
913.926070
1015.424165
1125.343498
1252.105310
1403.244393
1564.134385
1708.181899
1825.636025
1912.950980
1970.569985
2010.903289
2018.881305
1982.980232
1924.031557
1845.137842
1780.870490
1752.060988
1729.456608
1729.899832
1760.482227
1830.511479
1947.965606
2077.386756
2174.895843
2216.115593
2169.577165
2050.350146
1856.661643
1557.486038
1165.233579
712.259551
231.362468
-228.259906
-641.343852
-991.046893
-1270.720681
-1463.965960
-1582.306533
-1644.357770
-1641.698431
-1633.277192
-1655.438348
-1729.013385
-1852.672635
-2002.925273
-2170.906835
-2331.796827
-2467.423101
-2576.012765
-2609.697722
-2539.668469
-2369.470792
-2116.390391
-1823.863133
-1483.911001
-1118.695151
-750.819963
-400.230476
-100.168425
126.761812
292.084035
396.684691
446.325680
464.497828
448.541796
414.413616
391.366014
395.798245
437.461218
507.047248
578.849393
644.003191
688.325503
706.497651
692.757734
615.193689
440.120557
162.662884
-198.563957
-590.373194
-990.160447
-1397.039270
-1765.357681
-2073.840972
-2286.588068
-2354.844429
-2287.917738
-2106.639482
-1853.559082
-1539.757114
-1176.314157
-800.460952
-445.882457
-142.274621
92.190409
263.717756
390.479567
508.376917
609.431788
702.951866
797.358390
901.959046
1040.244659
1227.728038
1446.680259
1683.361404
1902.756848
2076.500310
2229.412286
2351.741867
2442.602606
2491.357149
2461.661200
2366.368230
2256.005673
2150.075348
2050.793369
1955.943622
1878.379576
1826.079248
1825.636025
1873.060899
1932.896020
1958.159738
1931.123127
1860.650652
1752.504211
1562.804716
1263.185888
851.874834
346.157256
-175.516355
-660.845670
-1095.204326
-1482.138108
-1818.101232
-2053.452708
-2162.485595
-2158.939810
-2085.364773
-2021.540644
-1990.071802
-1966.137754
-1945.749490
-1943.533375
-1997.163372
-2123.038738
-2259.994681
-2359.276660
-2376.562361
-2298.111870
-2144.313447
-1916.496764
-1622.196614
-1249.445971
-816.416984
-351.919156
93.520078
462.724936
751.263186
940.519457
1030.050527
1042.903998
983.955323
849.658718
697.189965
561.120468
456.963035
395.798245
371.864196
358.124280
358.124280
380.285436
403.333038
393.138906
300.505274
113.465118
-145.377183
-455.633366
-808.882191
-1182.962503
-1569.896286
-1939.101144
-2248.914103
-2451.467069
-2550.305824
-2552.078716
-2432.408474
-2203.262122
-1862.866767
-1453.771829
-1029.164081
-610.761457
-217.179328
153.798422
481.783530
739.296162
928.995656
1066.394823
1170.552256
1281.801259
1401.028278
1526.017197
1652.779009
1795.940076
1957.273291
2134.119316
2306.533109
2441.272937
2541.441362
2584.434004
2566.705079
2505.983512
2393.404840
2244.038649
2074.727418
1888.130485
1707.295453
1545.962237
1417.427533
1346.511834
1313.713323
1316.815885
1332.328694
1338.090595
1334.544810
1291.108944
1192.270189
1013.208049
752.149632
417.959401
24.820495
-390.922791
-797.358390
-1179.416718
-1497.650917
-1745.412641
-1914.723872
-1990.515025
-1989.185356
-1920.928996
-1831.841149
-1747.628756
-1683.361404
-1646.130662
-1625.299176
-1640.368762
-1713.943799
-1801.258754
-1869.071891
-1893.005939
-1840.262388
-1732.115947
-1568.566616
-1353.160181
-1072.156724
-737.966492
-378.955766
-40.776527
248.204946
482.226753
664.834678
794.699052
852.318057
812.427976
695.860296
548.266998
379.398989
228.703129
94.406524
-36.787519
-143.161067
-208.314866
-230.476022
-231.362468
-245.102385
-285.435688
-351.919156
-447.212127
-581.508731
-791.596490
-1056.643915
-1344.295718
-1643.028100
-1897.881393
-2096.888574
-2221.434270
-2241.822533
-2133.676093
-1896.994947
-1563.247939
-1153.266554
-681.233933
-185.710487
297.845936
754.808971
1144.845315
1451.112490
1670.951157
1815.885117
1889.016931
1901.870402
1891.233047
1857.104867
1813.669001
1787.962060
1783.529829
1815.441893
1868.628668
1916.496764
1969.683539
2006.914281
2006.027834
1963.921638
1874.390568
1726.797270
1529.562982
1301.303076
1068.167716
854.534173
663.061785
510.593033
403.333038
356.351387
370.534527
435.245102
529.208404
642.230299
753.922525
836.362025
883.343675
859.409627
746.387732
550.039890
290.311143
-11.080578
-329.314777
-650.651538
-948.497474
-1175.870933
-1322.134563
-1375.764560
-1348.284727
-1286.676713
-1210.885560
-1124.013829
-1038.914990
-992.819785
-1006.116479
-1092.544987
-1230.830600
-1380.640014
-1512.277280
-1627.958514
-1713.057353
-1754.277103
-1736.548178
-1621.753391
-1432.497119
-1199.804982
-932.098218
-661.288893
-385.604113
-125.432143
82.882723
216.736105
252.637178
217.622551
139.615282
25.706941
-105.487102
-251.307508
-390.479567
-487.988653
-518.571049
-474.248737
-389.149898
-287.651804
-182.607925
-86.428508
-13.739917
26.593387
1.772892
-101.498094
-273.911887
-498.626008
-728.658807
-931.211772
-1089.885648
-1195.815974
-1224.625476
-1145.288538
-951.600035
-654.197323
-285.878911
107.259995
497.739562
873.149543
1210.885560
1478.592323
1651.449340
1719.262477
1697.544544
1605.354135
1466.625299
1289.779275
1098.750111
916.142186
791.153267
734.863931
729.988476
767.662441
835.032355
933.871111
1036.255651
1137.753745
1206.896552
1213.101675
1160.358124
1069.497385
959.578052
837.248471
713.145998
600.567326
514.582041
496.409893
546.494105
652.867654
791.153267
944.065242
1116.922259
1284.017374
1428.508111
1502.083149
1482.138108
1357.149189
1142.185976
861.625742
533.197412
179.062140
-194.574949
-556.688237
-866.944420
-1102.295896
-1270.720681
-1372.661998
-1435.599681
-1465.295630
-1450.226044
-1429.394557
-1418.757202
-1447.123482
-1523.357858
-1628.401737
-1746.742310
-1873.060899
-2002.925273
-2129.243861
-2214.342700
-2232.514848
-2160.712703
-2015.335520
-1809.679993
-1558.815708
-1262.742665
-929.882103
-589.929971
-268.593210
-4.432231
190.585941
328.428331
409.538162
432.142541
410.867831
349.259817
269.922879
216.292882
197.234288
221.611559
283.219573
358.124280
451.201135
545.607659
631.149721
677.688148
663.061785
581.508731
427.267086
227.373460
5.318677
-242.443046
-498.626008
-722.896906
-894.424253
-980.852761
-988.387554
-913.039624
-758.354756
-535.413527
-260.171971
39.003634
327.541885
569.098484
754.365748
863.398635
901.072600
878.468221
793.369382
668.823686
546.050882
439.677334
382.501551
381.615105
430.369648
529.208404
672.369471
865.171527
1085.896640
1298.200514
1470.171084
1584.965872
1642.141654
1656.768017
1619.980498
1530.006205
1385.072245
1216.204237
1061.962592
940.962681
871.819874
837.248471
841.237479
898.413261
1000.354578
1134.651183
1256.537541
1325.237124
1322.134563
1235.262831
1067.281269
827.054339
514.582041
130.750820
-292.084035
-716.248560
-1095.647549
-1402.357947
-1644.800993
-1828.738587
-1954.613953
-2017.994859
-2012.676181
-1962.591969
-1908.518748
-1881.482138
-1874.390568
-1876.163461
-1885.471146
-1910.734864
-1953.727506
-2003.368496
-2031.734775
-2004.698165
-1924.031557
-1790.178176
-1612.445705
-1374.434891
-1075.259286
-710.929882
-313.358745
77.564046
439.234110
741.512277
990.160447
1178.973495
1294.654729
1316.815885
1270.277458
1173.211595
1057.973584
944.951689
845.226487
757.468310
681.677156
643.559968
633.365836
631.592944
602.783441
522.560057
378.512543
184.824040
-48.311320
-318.234199
-627.603936
-950.713589
-1261.856218
-1529.119759
-1721.035369
-1831.397926
-1843.808173
-1759.595781
-1575.658186
-1299.530183
-952.043259
-582.395178
-217.179328
137.842390
450.757912
711.816328
895.753923
1006.116479
1058.416807
1061.519369
1047.336229
1024.731850
1006.116479
1017.640280
1066.394823
1159.028455
1279.141920
1418.313979
1561.031823
1693.112313
1795.940076
1852.229412
1859.764205
1802.588423
1685.134297
1519.368850
1316.372662
1096.533995
878.911444
682.120379
516.798156
389.593121
318.234199
310.256183
358.124280
441.007003
536.743197
627.603936
666.164347
663.061785
599.680879
448.985019
241.556600
-28.809503
-330.644446
-638.241291
-943.622019
-1227.728038
-1468.841415
-1654.995125
-1781.313713
-1838.046272
-1843.364950
-1807.907100
-1752.947434
-1677.156280
-1601.808350
-1530.449428
-1458.647283
-1402.801170
-1362.467866
-1334.101587
-1302.632745
-1263.629111
-1203.350767
-1120.024820
-1007.889372
-852.761280
-658.629554
-434.358656
-178.175694
88.644624
354.578495
601.010549
815.530538
984.398546
1098.306888
1151.050439
1148.391100
1090.328872
984.841769
855.863842
711.816328
556.245014
403.776261
269.479656
145.820406
41.219750
-68.256360
-190.142718
-320.893538
-459.622374
-612.977573
-780.072689
-960.021275
-1145.288538
-1305.735307
-1430.281003
-1506.958603
-1535.324883
-1509.617942
-1412.995302
-1245.456963
-1001.241025
-700.292527
-372.750643
-31.912065
316.018084
655.083769
955.145820
1208.226221
1392.607038
1506.072157
1565.907278
1585.852318
1561.475047
1506.515380
1433.826788
1346.511834
1267.618119
1211.328783
1169.222587
1133.764737
1093.874657
1063.735484
1034.039536
995.479124
935.200780
849.658718
742.398724
613.864019
479.124191
338.622463
201.666519
76.234376
-19.945040
-63.380906
-57.619005
-15.512809
73.575038
196.347842
349.259817
516.798156
672.812694
791.153267
852.761280
863.841858
818.189877
718.021452
573.530715
374.080312
144.490737
-93.520078
-322.223207
-519.014272
-682.563603
-829.270455
-953.372928
-1041.574329
-1104.068788
-1153.709778
-1207.782998
-1272.493573
-1346.511834
-1414.768194
-1471.943977
-1532.665544
-1588.068434
-1633.277192
-1652.335786
-1626.628845
-1571.225955
-1482.138108
-1346.955057
-1173.654818
-959.134828
-714.918890
-458.292705
-210.974204
32.798511
267.706764
472.919067
644.446414
774.310788
856.307065
898.856484
911.709955
896.197146
852.761280
780.515912
694.530627
605.442780
513.695594
414.413616
300.062051
158.673876
5.761901
-152.025530
-304.051059
-462.281713
-627.160713
-793.812605
-939.633011
-1041.574329
-1107.614573
-1134.651183
-1126.229944
-1077.475401
-971.101853
-806.666076
-601.896995
-375.409981
-141.831398
101.498094
348.373371
580.622285
780.072689
933.427888
1037.585320
1098.750111
1132.878291
1134.651183
1098.306888
1029.607304
945.838135
873.592767
811.098307
759.684425
713.145998
668.380463
644.446414
646.219307
658.629554
664.834678
668.823686
658.186331
642.673522
621.842035
595.248648
562.006914
504.831132
445.882457
409.981385
406.435600
445.439234
508.820140
589.486748
689.211949
814.200869
949.827143
1069.054162
1143.515646
1156.812339
1126.673167
1046.449783
928.109210
751.263186
521.230387
257.955855
-16.399255
-288.981473
-548.710221
-801.347398
-1049.995568
-1271.163904
-1459.533729
-1612.002482
-1736.104955
-1835.386934
-1910.291641
-1960.819076
-1970.126762
-1956.386845
-1924.031557
-1881.925361
-1826.965695
-1733.445617
-1608.013474
-1451.112490
-1277.812251
-1096.533995
-894.424253
-657.299885
-402.003368
-136.955944
126.761812
369.204858
604.113111
816.416984
996.365570
1140.856307
1223.739030
1258.310433
1264.072334
1228.614485
1163.017463
1061.519369
922.347310
762.343764
593.475756
407.765269
209.644535
-3.989008
-228.703129
-455.633366
-669.266909
-870.046982
-1054.871022
-1219.750022
-1355.819520
-1455.544721
-1507.845049
-1514.493396
-1479.921993
-1393.936708
-1267.174896
-1088.112756
-863.398635
-610.761457
-339.508909
-63.824129
210.087758
459.622374
687.439057
886.446237
1038.028544
1157.698786
1243.684071
1289.779275
1308.394646
1302.189522
1283.130928
1252.548533
1216.647460
1173.211595
1124.900275
1078.805070
1038.914990
992.819785
938.303342
878.024998
810.211861
737.080046
659.516000
576.633277
492.420885
414.413616
335.519901
275.684780
237.567592
218.065774
213.190320
232.248914
265.047425
327.541885
416.629731
516.354933
614.750465
694.530627
753.922525
790.266820
803.563514
767.662441
687.882280
570.871377
419.732293
242.443046
52.743551
-147.150075
-342.168247
-530.094850
-716.691783
-882.014006
-1028.720858
-1163.903909
-1275.596135
-1371.332329
-1457.317614
-1525.573974
-1576.987856
-1616.877936
-1643.028100
-1650.562893
-1630.174630
-1587.625211
-1515.823065
-1418.313979
-1285.347044
-1118.695151
-928.552433
-720.680791
-504.831132
-282.333126
-66.483468
141.388175
331.087670
487.545430
612.534350
700.735750
757.468310
777.413350
768.105664
727.772361
656.856662
567.768815
469.373283
359.453949
227.373460
93.520078
-46.095204
-188.369825
-329.758000
-477.794522
-622.728482
-754.365748
-862.955412
-949.827143
-1003.457140
-1026.504742
-1020.299619
-978.193423
-897.970038
-783.618474
-638.684514
-461.838489
-270.809325
-72.688591
135.626274
347.930148
546.937328
718.907898
876.252105
1011.878380
1121.797713
1207.782998
1253.434979
1267.618119
1256.094318
1227.728038
1186.508288
1129.775729
1064.621931
988.387554
908.164170
831.043347
756.581863
679.461041
593.918979
512.365925
437.017995
360.783618
292.084035
226.930237
170.197678
130.307597
103.270987
99.281979
113.908341
133.410159
172.857016
228.259906
297.845936
383.387998
472.919067
568.212038
659.959223
748.160624
823.508554
878.024998
900.186154
894.424253
858.523181
789.823597
677.244925
525.219395
335.519901
127.648258
-89.531070
-314.688414
-539.402535
-770.765003
-987.057885
-1184.292173
-1352.716958
-1494.991579
-1612.888928
-1711.727684
-1783.529829
-1819.874125
-1820.317348
-1801.701977
-1763.584789
-1693.555536
-1595.160004
-1463.079514
-1302.189522
-1136.424076
-959.134828
-784.504920
-605.442780
-415.743285
-226.930237
-49.640989
105.487102
254.410070
394.468575
517.684602
616.523358
679.904264
707.827320
711.816328
699.406081
655.526992
578.406170
470.259729
339.508909
202.996188
68.256360
-69.142806
-206.541973
-339.508909
-458.735928
-553.585675
-628.490382
-673.699140
-702.065420
-703.395089
-669.266909
-611.647904
-520.787164
-413.083946
-286.765358
-140.944952
16.842479
188.369825
358.124280
511.922702
650.651538
765.446326
852.318057
921.017640
960.907721
966.669621
944.951689
902.402269
854.534173
803.563514
746.387732
692.757734
630.263275
575.303608
528.321957
495.523447
472.919067
445.882457
422.391632
402.003368
387.820229
379.398989
371.864196
363.886180
355.908164
350.589487
360.340395
371.864196
386.047336
402.446592
426.823863
463.168159
503.058240
547.380551
595.691871
640.900629
678.574594
710.486659
725.999468
716.691783
679.904264
614.750465
521.673610
404.219484
263.717756
97.952309
-78.450492
-263.274532
-447.212127
-613.864019
-776.970127
-921.904087
-1053.098130
-1165.676802
-1254.764649
-1319.918447
-1368.229767
-1394.379931
-1396.152823
-1381.083237
-1338.090595
-1280.471589
-1198.032089
-1108.057796
-1007.889372
-890.878468
-777.413350
-669.266909
-553.585675
-444.996011
-349.703041
-257.069409
-171.970570
-88.644624
-19.501817
34.128180
72.688591
96.179417
104.600656
100.168425
90.417516
54.959667
7.978016
-44.765535
-104.157433
-163.106108
-222.054782
-273.468664
-327.541885
-370.977750
-404.219484
-424.607748
-436.574772
-433.028987
-413.527170
-379.842213
-318.677422
-238.897261
-137.842390
-21.717933
109.919333
256.626186
409.538162
553.142452
691.428065
811.098307
918.358302
1010.548710
1066.394823
1100.966226
1120.468044
1104.068788
1065.951600
1014.980941
943.622019
857.193511
759.684425
647.548976
538.959312
429.926425
323.552877
231.362468
144.933960
74.018261
19.501817
-18.615371
-45.208758
-54.959667
-62.051237
-69.586030
-63.824129
-48.754543
-36.787519
-25.263718
-1.329669
26.150164
67.369914
128.977927
198.120734
271.695772
351.919156
428.153532
499.512455
566.882369
613.864019
647.548976
663.505008
656.413439
632.479390
593.475756
535.856750
458.292705
370.977750
288.095027
196.791065
89.531070
-23.047602
-135.626274
-254.410070
-368.318411
-474.248737
-580.622285
-685.666164
-774.310788
-851.431611
-921.460863
-982.182431
-1027.391189
-1062.849038
-1071.270277
-1069.054162
-1048.222675
-1014.094495
-969.328960
-898.856484
-809.768638
-718.907898
-626.717490
-534.970304
-453.417250
-380.728659
-312.029075
-262.831309
-235.351476
-219.395444
-211.417428
-212.303874
-221.611559
-228.703129
-239.340484
-255.739739
-269.922879
-280.560234
-288.095027
-293.413704
-299.618828
-299.618828
-284.992465
-260.615194
-233.135360
-201.223296
-159.117100
-103.714210
-49.197766
15.069586
90.860739
168.424785
252.193954
344.827586
440.563780
542.061874
644.889637
740.182608
829.270455
903.288716
951.600035
986.171439
994.149455
977.750199
939.633011
870.933428
788.937151
694.973850
586.384186
476.464852
362.113288
258.842301
163.992554
80.666608
15.512809
-48.311320
-97.065863
-131.637266
-149.809414
-160.003546
-163.549331
-155.128091
-148.036522
-128.091481
-105.487102
-76.677600
-48.311320
-19.501817
17.728925
57.175782
108.589664
165.765446
226.930237
297.402713
368.761635
450.314688
528.321957
589.043525
641.343852
678.131371
699.406081
701.622197
688.325503
649.321869
585.497740
509.706586
429.483202
337.292793
251.750731
170.197678
82.882723
2.659339
-64.710575
-128.977927
-200.336850
-271.252549
-341.725024
-413.083946
-483.113199
-561.120468
-633.365836
-708.713767
-785.391366
-845.669710
-893.537807
-924.120202
-941.849127
-939.189788
-922.347310
-882.900452
-824.838224
-762.786987
-688.325503
-610.761457
-538.516089
-468.043613
-413.527170
-377.182874
-348.373371
-337.736016
-333.303785
-348.816594
-374.523535
-393.138906
-409.094938
-421.505186
-421.505186
-415.300062
-402.003368
-370.977750
-335.963124
-292.527258
-245.102385
-192.358833
-128.977927
-69.142806
-9.750909
45.651981
103.270987
163.106108
221.611559
277.014449
331.530893
387.820229
441.007003
494.193777
549.596667
608.545342
655.526992
692.757734
725.556245
746.830955
752.149632
743.728393
713.145998
666.607570
614.307242
550.926336
483.556422
412.197500
341.281801
272.582218
215.849659
172.857016
140.944952
109.919333
86.428508
70.472476
55.402890
44.765535
31.468841
24.377272
12.853470
7.978016
8.421239
13.296694
25.706941
44.322312
68.699583
101.054871
144.490737
195.904618
251.307508
309.812960
360.783618
413.970393
461.838489
494.193777
518.127826
523.446503
513.695594
479.124191
437.017995
383.387998
317.347753
253.523624
187.926602
129.864374
74.904707
32.355288
-4.432231
-35.901073
-62.494460
-91.747186
-122.329581
-156.014538
-206.098750
-266.377094
-328.428331
-404.219484
-475.135183
-548.710221
-619.182697
-680.347487
-726.442691
-761.457318
-784.061697
-788.937151
-784.061697
-762.786987
-724.226576
-683.006826
-638.241291
-589.929971
-552.699229
-518.127826
-490.647992
-472.919067
-462.724936
-461.838489
-463.168159
-471.146175
-480.453860
-492.864108
-497.296339
-496.409893
-497.296339
-487.988653
-470.702952
-444.996011
-405.549153
-352.805602
-290.311143
-212.303874
-123.216027
-28.366280
65.597022
160.446769
262.831309
353.248825
431.256094
501.285347
562.006914
610.761457
645.332861
666.607570
667.494016
664.391455
644.446414
615.193689
584.168070
550.926336
513.695594
472.475844
433.472210
404.219484
373.193866
348.816594
332.860562
315.131637
303.164613
292.527258
273.468664
254.410070
236.681145
216.736105
196.347842
173.743462
160.003546
142.717844
130.307597
127.648258
128.977927
128.091481
135.183051
147.593298
167.981562
192.358833
215.406436
239.783707
262.831309
286.322135
310.699406
328.428331
338.622463
344.827586
347.930148
339.065686
321.779984
303.607836
277.900895
238.010815
197.677511
153.798422
107.259995
66.926691
25.706941
-13.739917
-46.095204
-63.380906
-74.018261
-78.893715
-85.542062
-85.542062
-87.314954
-97.065863
-109.032887
-130.307597
-160.446769
-197.677511
-249.977839
-305.823952
-359.453949
-419.732293
-483.113199
-549.596667
-606.329226
-661.732116
-709.156990
-744.614839
-784.061697
-807.995745
-812.427976
-813.757646
-810.655084
-792.482936
-775.197234
-745.058062
-707.384097
-675.028810
-632.922613
-589.486748
-547.823774
-500.842124
-452.974027
-405.992377
-352.362379
-293.856928
-240.226930
-171.527347
-107.259995
-39.003634
32.355288
103.270987
170.640901
234.021807
292.527258
347.043702
390.922791
418.402624
441.450226
452.087581
460.508820
458.292705
440.563780
426.380640
408.651715
391.809237
375.853205
368.318411
366.988742
365.215850
368.761635
374.966758
390.479567
404.662707
421.948409
427.710309
429.039979
436.131549
437.461218
432.585764
420.618739
408.208492
389.149898
375.853205
365.659073
349.703041
331.530893
314.245191
297.402713
287.651804
277.457672
265.047425
246.875277
229.589575
206.985196
182.607925
160.003546
124.102473
90.860739
56.732559
34.128180
16.399255
-5.761901
-12.853470
-11.523801
-4.432231
0.000000
3.989008
11.523801
13.296694
7.978016
4.432231
-9.750909
-16.842479
-22.604379
-38.560411
-54.516444
-67.369914
-70.915699
-79.780161
-88.644624
-99.281979
-112.578672
-127.205035
-149.809414
-175.073132
-205.212304
-242.886269
-282.333126
-322.223207
-369.204858
-408.651715
-448.098573
-491.091215
-523.446503
-547.380551
-566.439145
-574.417162
-582.395178
-580.622285
-568.655261
-556.688237
-539.845758
-521.673610
-504.387909
-484.886092
-460.508820
-434.358656
-413.970393
-388.706675
-357.681057
-329.314777
-296.516266
-261.944863
-225.157344
-182.607925
-146.706852
-106.816772
-67.813137
-42.106196
-11.523801
13.739917
30.139172
45.651981
56.289336
72.245368
86.871731
106.373548
136.512721
158.230653
190.142718
226.487014
266.377094
304.051059
334.190231
367.875188
390.922791
405.549153
415.300062
426.380640
437.017995
443.666342
446.768903
453.417250
458.735928
472.919067
479.124191
486.215761
485.772538
479.124191
475.578406
456.963035
444.109565
421.061963
385.604113
351.032710
320.007092
279.673788
252.193954
220.281890
177.732471
146.706852
124.545696
102.827763
81.996277
63.380906
52.300328
50.527436
42.549419
35.014626
30.582395
20.831487
17.285702
15.069586
4.875454
-4.875454
-8.421239
-14.183140
-17.728925
-17.285702
-15.069586
-5.318677
1.772892
10.194132
17.728925
25.706941
25.263718
26.593387
16.399255
-8.864462
-23.047602
-55.402890
-87.314954
-113.021895
-152.911976
-187.926602
-220.281890
-259.728747
-288.981473
-320.893538
-353.692049
-381.615105
-412.197500
-433.915433
-449.871465
-465.384274
-471.146175
-477.351299
-480.897084
-476.021629
-460.508820
-444.552788
-436.131549
-422.834855
-404.219484
-379.398989
-356.794610
-330.201223
-297.845936
-268.593210
-245.102385
-215.849659
-183.494371
-155.128091
-124.102473
-107.703218
-86.871731
-71.358922
-58.062229
-40.333304
-28.366280
-23.490825
-13.296694
-1.772892
5.761901
19.058594
34.128180
49.640989
67.369914
84.655616
106.816772
131.194043
153.798422
178.175694
201.223296
225.600567
248.204946
272.582218
294.300151
310.256183
323.996100
335.076678
347.486925
358.124280
360.340395
367.431965
368.318411
367.875188
368.761635
366.102296
357.681057
349.703041
339.952132
326.212215
309.812960
291.197589
274.355110
242.443046
218.508997
194.574949
169.311231
145.377183
124.545696
107.259995
84.212393
68.256360
53.629997
36.344296
19.501817
10.194132
0.886446
-4.432231
-9.307685
-8.421239
-8.864462
-0.443223
-0.443223
6.205124
8.864462
8.421239
5.318677
-0.443223
-3.989008
-11.080578
-17.285702
-28.809503
-39.446858
-47.868097
-61.608013
-78.007269
-93.076855
-109.476110
-124.545696
-140.944952
-155.571315
-175.073132
-190.585941
-207.871643
-225.157344
-232.692137
-243.772715
-251.750731
-262.388086
-270.366102
-278.787342
-282.776350
-282.776350
-278.344118
-265.047425
-247.761723
-218.952221
-190.585941
-166.208669
-131.194043
-101.498094
-79.780161
-54.073220
-35.901073
-27.923056
-25.263718
-34.128180
-47.424874
-63.380906
-81.553054
-98.838755
-122.772804
-135.183051
-147.593298
-154.241645
-156.014538
-154.684868
-143.604290
-132.966936
-116.567680
-91.747186
-71.802145
-54.516444
-31.468841
-15.956032
8.864462
29.252726
46.981651
66.926691
84.212393
110.362557
128.091481
147.593298
180.391809
210.530981
236.681145
263.717756
299.175605
317.790976
339.065686
357.681057
362.999734
366.545519
358.124280
347.043702
325.325769
298.732382
267.263540
235.794699
202.996188
164.435777
126.761812
95.736194
60.721567
35.457849
3.989008
-20.388263
-45.208758
-61.164790
-75.347930
-85.985285
-88.201401
-95.292970
-93.520078
-94.406524
-93.963301
-83.769169
-75.347930
-63.380906
-43.879089
-28.809503
-13.296694
3.545785
15.069586
25.263718
37.673965
43.879089
51.413882
50.527436
51.413882
43.879089
43.435866
40.333304
33.684957
26.150164
12.853470
2.659339
-14.183140
-28.809503
-45.651981
-69.586030
-90.860739
-107.703218
-125.432143
-139.615282
-157.344207
-162.219661
-166.651893
-169.754454
-154.684868
-139.172059
-123.216027
-107.703218
-86.871731
-69.586030
-50.970659
-37.230742
-27.923056
-29.252726
-39.446858
-48.754543
-59.391898
-77.564046
-107.703218
-127.648258
-142.274621
-159.117100
-163.549331
-162.662884
-157.787430
-138.728836
-115.238011
-91.303962
-67.813137
-35.901073
-12.410247
12.410247
31.912065
49.640989
65.153798
72.688591
78.007269
78.450492
88.201401
93.963301
100.611648
116.567680
128.977927
141.831398
157.787430
173.300239
189.699495
203.882635
211.860651
214.963212
209.201312
197.234288
184.824040
163.549331
138.285613
103.270987
65.597022
24.820495
-15.069586
-44.765535
-78.893715
-110.805780
-136.069497
-150.252637
-158.230653
-163.106108
-162.662884
-159.117100
-149.809414
-139.615282
-122.329581
-103.714210
-86.871731
-68.256360
-52.743551
-24.377272
3.545785
26.150164
50.527436
74.904707
107.703218
137.842390
162.219661
184.824040
209.201312
226.487014
242.443046
257.069409
253.080401
245.102385
231.805691
214.963212
192.358833
157.344207
122.772804
82.439500
34.128180
-6.648347
-50.970659
-99.725202
-141.831398
-176.402801
-212.303874
-238.010815
-254.853293
-273.025441
-282.776350
-281.889903
-276.128003
-265.490648
-251.750731
-232.692137
-209.644535
-184.380817
-162.662884
-135.183051
-107.259995
-91.303962
-69.586030
-55.846113
-41.219750
-27.036610
-7.091570
14.183140
30.582395
55.402890
72.245368
87.758177
108.146441
132.966936
149.366191
159.117100
168.424785
171.084124
161.333215
153.355199
137.842390
117.454126
100.168425
82.439500
62.937683
39.003634
27.036610
14.183140
8.421239
8.421239
8.421239
7.978016
13.739917
17.285702
19.945040
27.479833
22.161156
18.172148
9.307685
-2.216116
-16.399255
-30.582395
-44.765535
-59.391898
-68.256360
-76.234376
-78.007269
-74.461484
-62.494460
-55.846113
-39.890081
-27.479833
-20.388263
-6.648347
0.443223
0.000000
0.000000
0.000000
0.000000
-5.761901
-9.750909
-7.978016
-9.307685
-1.329669
10.194132
24.820495
43.435866
61.164790
87.314954
106.816772
124.988919
139.172059
144.047514
146.706852
140.944952
129.421151
111.249003
94.406524
72.245368
48.311320
25.263718
0.886446
-21.717933
-46.538427
-63.380906
-85.098839
-99.281979
-106.373548
-117.454126
-126.318589
-129.864374
-141.388175
-145.377183
-151.139083
-154.684868
-155.128091
-159.560323
-152.468753
-147.150075
-143.604290
-134.739828
-111.249003
-88.201401
-63.380906
-41.662973
-14.183140
15.956032
39.003634
62.494460
86.428508
104.600656
115.681234
126.761812
134.296605
137.842390
132.966936
124.102473
113.908341
105.487102
93.520078
78.007269
62.051237
49.197766
38.117188
26.150164
10.194132
-1.772892
-15.069586
-30.582395
-40.333304
-48.754543
-63.824129
-72.688591
-80.223384
-88.644624
-94.849747
-90.417516
-81.553054
-74.018261
-63.824129
-54.073220
-35.457849
-20.388263
-7.534793
11.523801
24.377272
41.662973
58.062229
67.813137
85.542062
93.076855
99.725202
102.827763
109.476110
111.692226
103.714210
101.054871
93.076855
85.542062
75.791153
62.051237
46.538427
30.139172
12.410247
-5.318677
-22.161156
-43.879089
-57.175782
-65.153798
-70.472476
-77.564046
-79.780161
-76.677600
-76.234376
-68.256360
-58.505452
-48.754543
-42.992642
-42.106196
-34.128180
-27.036610
-21.274710
-10.194132
-2.659339
10.194132
25.263718
41.662973
57.619005
72.688591
86.428508
93.963301
100.168425
103.714210
94.406524
81.109831
65.153798
45.208758
19.945040
0.886446
-16.842479
-34.128180
-52.300328
-67.369914
-80.666608
-85.985285
-85.985285
-84.212393
-78.450492
-71.358922
-68.256360
-64.710575
-58.505452
-60.721567
-59.391898
-60.278344
-59.835121
-60.278344
-59.391898
-60.278344
-59.391898
-60.721567
-54.959667
-49.640989
-42.106196
-34.571403
-30.139172
-23.490825
-16.842479
-8.421239
-8.864462
-7.978016
-9.750909
-2.216116
0.443223
0.000000
0.000000
0.886446
7.091570
12.853470
24.820495
25.706941
26.150164
33.241734
38.117188
44.322312
50.084212
55.846113
68.699583
79.336938
93.963301
108.146441
114.794788
127.648258
136.955944
136.512721
137.842390
134.739828
121.443134
111.249003
89.974293
67.813137
48.754543
18.615371
-10.637355
-38.117188
-67.813137
-85.098839
-103.714210
-117.897350
-127.205035
-135.626274
-142.274621
-143.604290
-135.183051
-130.307597
-127.648258
-121.886358
-107.703218
-97.509086
-83.769169
-70.472476
-49.640989
-32.798511
-11.080578
21.717933
37.673965
58.505452
83.325946
104.600656
122.329581
140.058505
146.263629
152.025530
155.128091
153.798422
147.150075
144.047514
130.750820
117.010903
109.476110
94.406524
78.450492
62.494460
46.981651
30.139172
5.318677
-14.626363
-31.912065
-56.289336
-78.893715
-103.270987
-126.318589
-144.047514
-157.344207
-169.754454
-171.084124
-171.527347
-167.981562
-155.571315
-144.047514
-125.432143
-108.589664
-83.769169
-66.483468
-46.538427
-28.366280
-14.183140
2.659339
9.750909
21.274710
27.036610
25.263718
35.457849
43.435866
42.106196
42.992642
42.992642
42.992642
42.992642
42.549419
42.549419
42.106196
33.684957
34.571403
31.912065
24.820495
13.296694
7.978016
8.864462
7.978016
8.864462
7.978016
10.637355
17.728925
17.285702
26.593387
32.798511
36.344296
42.549419
45.208758
57.175782
60.721567
58.948675
61.164790
67.813137
69.586030
66.926691
60.278344
49.197766
40.776527
33.241734
22.604379
9.307685
-7.534793
-20.831487
-35.457849
-49.640989
-60.721567
-70.029253
-77.564046
-85.542062
-85.542062
-85.985285
-85.098839
-86.428508
-80.666608
-74.461484
-68.699583
-57.619005
-49.197766
-37.230742
-20.831487
-6.205124
5.761901
17.285702
33.684957
48.311320
62.494460
75.791153
84.655616
85.098839
91.747186
93.076855
84.655616
79.780161
66.040245
54.516444
36.344296
23.490825
8.864462
-5.761901
-16.399255
-29.252726
-43.879089
-49.197766
-56.289336
-59.835121
-62.494460
-69.142806
-68.256360
-68.699583
-67.813137
-68.256360
-61.164790
-53.629997
-45.651981
-40.776527
-29.695949
-24.377272
-15.512809
-3.102562
3.989008
16.842479
25.706941
34.128180
33.241734
38.560411
37.230742
32.355288
27.923056
18.615371
11.080578
-2.659339
-10.194132
-20.388263
-28.809503
-36.344296
-43.879089
-42.549419
-43.435866
-42.549419
-35.901073
-32.355288
-26.593387
-19.945040
-16.399255
-10.637355
-4.875454
2.659339
10.637355
20.831487
29.695949
39.890081
47.868097
60.278344
71.802145
80.223384
95.292970
104.157433
111.692226
119.670242
119.227019
120.556688
116.124457
110.805780
102.384540
87.758177
72.245368
56.732559
37.673965
22.604379
5.761901
-12.853470
-27.479833
-46.981651
-58.505452
-66.483468
-81.996277
-90.417516
-95.736194
-101.941317
-103.270987
-109.476110
-112.578672
-107.703218
-102.827763
-98.838755
-89.531070
-82.439500
-69.142806
-51.857105
-38.560411
-26.593387
-15.069586
-1.329669
17.728925
32.355288
46.538427
58.948675
69.142806
77.120823
82.439500
88.201401
94.849747
89.974293
85.098839
84.212393
74.904707
64.710575
46.981651
33.241734
19.058594
0.000000
-10.637355
-24.820495
-37.673965
-42.549419
-49.197766
-51.857105
-50.970659
-51.857105
-50.084212
-43.879089
-40.333304
-34.571403
-28.366280
-23.047602
-14.626363
-8.421239
-8.864462
-8.421239
-8.421239
-8.421239
-11.523801
-20.831487
-25.706941
-25.263718
-31.468841
-37.673965
-43.435866
-42.106196
-42.992642
-42.549419
-43.435866
-42.106196
-43.879089
-35.901073
-35.901073
-43.435866
-42.549419
-42.549419
-35.014626
-33.684957
-34.571403
-33.241734
-27.036610
-21.274710
-6.648347
10.194132
23.047602
39.446858
57.175782
71.802145
91.747186
103.270987
117.010903
129.864374
136.069497
137.399167
136.955944
136.512721
126.318589
117.454126
107.259995
92.190409
78.450492
64.710575
46.538427
30.582395
19.501817
7.534793
-6.205124
-25.263718
-39.446858
-48.754543
-59.835121
-70.029253
-76.234376
-82.882723
-85.985285
-92.190409
-94.849747
-93.520078
-87.314954
-84.212393
-77.120823
-69.142806
-59.835121
-47.424874
-35.901073
-23.490825
-12.410247
0.000000
9.750909
16.842479
25.706941
31.912065
41.219750
42.549419
44.765535
51.857105
50.970659
50.970659
52.300328
47.424874
41.219750
34.128180
26.593387
21.717933
9.750909
-2.659339
-10.637355
-21.274710
-33.684957
-43.435866
-50.527436
-55.846113
-61.608013
-56.732559
-51.413882
-47.868097
-40.776527
-35.014626
-23.934048
-13.296694
-3.545785
-0.443223
5.318677
9.307685
7.534793
8.864462
6.648347
-2.659339
-7.534793
-11.967024
-16.842479
-21.274710
-27.036610
-25.263718
-25.706941
-24.820495
-26.593387
-22.161156
-16.842479
-17.285702
-17.285702
-17.285702
-16.842479
-16.842479
-17.285702
-10.637355
-7.534793
-9.750909
-4.432231
3.989008
15.069586
27.479833
39.003634
53.629997
67.813137
78.450492
95.292970
103.270987
114.794788
120.113465
120.556688
116.567680
109.476110
103.714210
93.076855
80.666608
64.710575
54.516444
39.003634
23.490825
7.091570
-7.091570
-17.285702
-30.139172
-41.219750
-54.516444
-59.835121
-68.699583
-77.120823
-82.882723
-86.428508
-77.564046
-76.677600
-77.564046
-72.245368
-63.380906
-52.300328
-39.890081
-28.366280
-18.172148
-9.750909
2.659339
14.183140
26.593387
35.457849
42.992642
51.413882
51.413882
51.413882
51.857105
46.538427
40.333304
34.128180
22.604379
14.183140
7.091570
-3.545785
-12.410247
-22.604379
-31.025618
-38.117188
-43.879089
-50.527436
-51.857105
-58.505452
-60.721567
-59.391898
-52.743551
-58.505452
-54.516444
-50.084212
-48.311320
-36.344296
-28.366280
-21.717933
-17.285702
-9.307685
-3.102562
3.545785
8.864462
15.956032
16.842479
17.285702
16.399255
19.945040
21.717933
16.399255
17.285702
13.296694
3.545785
0.000000
-2.216116
-10.637355
-18.615371
-24.820495
-28.366280
-35.014626
-34.128180
-34.571403
-34.128180
-34.571403
-34.571403
-31.468841
-21.717933
-16.842479
-15.956032
-5.761901
6.205124
13.296694
22.161156
32.355288
35.457849
40.776527
47.868097
51.413882
51.413882
58.948675
60.278344
59.391898
60.721567
58.062229
50.527436
52.300328
44.765535
42.992642
38.560411
33.684957
28.809503
24.377272
27.036610
17.285702
18.172148
10.637355
12.853470
18.172148
16.399255
17.728925
16.399255
18.172148
25.706941
24.820495
30.139172
35.014626
33.684957
34.571403
33.684957
27.479833
25.263718
25.706941
17.728925
10.637355
1.329669
-11.523801
-19.501817
-29.252726
-38.117188
-45.651981
-54.516444
-60.278344
-66.040245
-71.802145
-77.120823
-81.109831
-87.314954
-83.769169
-92.190409
-93.076855
-85.542062
-85.098839
-78.007269
-75.347930
-67.369914
-57.619005
-45.208758
-33.684957
-17.728925
-2.659339
7.534793
24.377272
42.992642
51.857105
61.608013
71.358922
78.007269
86.428508
82.439500
76.234376
77.120823
70.915699
62.494460
55.402890
39.890081
27.479833
19.501817
7.091570
-4.432231
-16.399255
-27.923056
-39.446858
-54.516444
-64.267352
-69.586030
-76.234376
-84.655616
-85.542062
-85.542062
-85.542062
-85.985285
-78.450492
-76.677600
-72.245368
-62.937683
-52.300328
-39.446858
-33.684957
-25.263718
-8.421239
2.659339
17.285702
35.901073
43.879089
54.516444
71.802145
78.450492
89.974293
100.611648
105.930325
112.135449
110.805780
111.692226
111.249003
109.919333
100.611648
93.963301
83.325946
71.802145
63.824129
51.857105
39.446858
23.490825
15.512809
5.318677
-3.545785
-8.864462
-15.512809
-18.615371
-24.377272
-28.366280
-34.571403
-34.571403
-33.241734
-40.333304
-35.457849
-37.673965
-44.322312
-41.662973
-44.322312
-38.117188
-33.684957
-34.128180
-34.571403
-33.684957
-34.571403
-33.241734
-34.571403
-32.355288
-26.593387
-22.604379
-17.285702
-13.296694
-7.978016
-8.864462
-0.443223
0.000000
-0.443223
0.000000
-0.443223
0.000000
0.000000
0.000000
-0.443223
0.000000
0.000000
0.886446
7.978016
8.864462
8.421239
8.864462
8.421239
8.864462
8.421239
8.864462
7.978016
9.307685
1.329669
0.443223
-4.875454
-14.183140
-19.058594
-24.820495
-28.809503
-34.571403
-41.219750
-43.879089
-51.857105
-46.538427
-42.106196
-42.992642
-42.992642
-41.219750
-33.684957
-35.014626
-31.468841
-24.820495
-19.058594
-15.512809
-9.750909
-3.545785
4.432231
12.853470
20.388263
31.025618
39.003634
44.765535
50.970659
56.289336
65.153798
68.699583
68.699583
67.813137
69.142806
64.267352
59.391898
55.402890
49.197766
41.662973
34.128180
29.252726
23.047602
17.285702
11.523801
2.216116
0.000000
-3.989008
-9.750909
-7.978016
-17.285702
-16.842479
-18.172148
-15.956032
-19.501817
-24.377272
-16.842479
-17.728925
-12.853470
-5.318677
-1.772892
3.989008
8.421239
10.637355
16.842479
17.728925
24.377272
26.593387
24.377272
17.728925
16.399255
10.637355
6.648347
1.772892
-5.761901
-8.864462
-11.967024
-19.058594
-23.934048
-31.468841
-34.571403
-34.571403
-42.992642
-42.549419
-42.992642
-42.549419
-43.435866
-42.106196
-50.527436
-47.868097
-42.106196
-42.106196
-31.912065
-26.593387
-19.945040
-11.967024
-3.545785
3.989008
15.512809
16.842479
20.831487
27.923056
33.241734
34.571403
34.128180
34.571403
34.128180
34.571403
26.593387
25.706941
19.945040
16.399255
10.637355
6.648347
0.886446
-0.443223
-7.534793
-8.864462
-8.864462
-16.842479
-16.842479
-17.285702
-16.842479
-25.706941
-23.934048
-16.842479
-17.285702
-16.842479
-17.285702
-17.285702
-11.080578
-7.978016
-8.864462
-7.534793
-9.307685
-2.659339
0.886446
-7.978016
-8.864462
-8.864462
-8.864462
-1.329669
0.443223
-0.886446
5.318677
9.750909
14.183140
20.831487
25.706941
26.150164
25.263718
26.593387
20.388263
16.842479
17.728925
17.285702
17.285702
17.285702
15.956032
9.307685
8.421239
16.842479
16.399255
20.388263
25.706941
27.479833
34.571403
34.571403
34.128180
34.571403
32.355288
26.150164
19.501817
16.842479
14.183140
0.443223
-7.978016
-10.194132
-19.501817
-24.820495
-28.366280
-35.014626
-33.684957
-34.571403
-33.684957
-35.014626
-33.684957
-35.901073
-42.549419
-42.992642
-42.549419
-42.992642
-39.890081
-33.241734
-35.457849
-29.695949
-25.706941
-23.490825
-15.956032
-11.080578
-6.648347
-1.329669
1.772892
9.307685
17.728925
17.285702
25.263718
25.263718
29.252726
34.571403
33.684957
34.571403
34.571403
34.128180
34.571403
33.684957
35.457849
27.923056
26.150164
21.274710
16.842479
11.523801
6.205124
-2.216116
-7.978016
-11.967024
-17.285702
-18.615371
-25.263718
-31.468841
-33.241734
-24.377272
-26.593387
-24.377272
-27.479833
-19.945040
-17.728925
-13.739917
-8.421239
-6.648347
0.000000
0.443223
7.978016
10.637355
17.728925
16.842479
17.285702
16.842479
17.285702
17.285702
16.842479
17.285702
17.285702
17.285702
16.842479
17.285702
15.512809
7.978016
8.864462
8.421239
1.772892
-3.989008
-9.750909
-7.534793
-13.296694
-17.728925
-16.399255
-17.728925
-16.842479
-16.842479
-16.842479
-17.728925
-12.410247
-7.534793
-10.194132
-2.659339
0.000000
3.989008
9.750909
7.978016
16.842479
15.956032
8.864462
7.978016
8.864462
7.978016
9.307685
7.534793
9.750909
3.545785
0.000000
