34.674676
32.686956
34.012103
15.680905
21.423208
29.374089
21.202350
24.736075
24.736075
13.472327
1.987720
-11.263748
-30.478378
-48.588719
-55.435311
-65.594770
-74.208225
-73.766509
-83.263395
-95.410575
-102.478025
-122.576086
-139.802995
-152.391890
-168.293653
-174.477671
-175.361103
-173.152524
-167.410221
-163.876496
-159.680198
-157.471620
-158.355051
-157.250762
-158.796767
-151.508459
-143.336720
-131.189540
-112.416626
-98.281726
-83.705111
-73.545651
-74.870798
-77.300234
-76.637661
-76.637661
-73.103936
-66.478201
-53.889306
-43.067273
-27.828084
-20.318919
-22.085781
-20.539776
-25.177791
-34.453819
-33.349530
-30.036662
-23.190070
-14.576616
1.104289
11.705464
16.343478
28.269800
28.269800
24.736075
34.012103
40.637837
50.576439
73.324793
88.784840
106.011750
125.226379
142.232431
136.710985
139.140421
154.600468
139.802995
142.232431
166.305932
157.692478
159.901056
184.416273
176.907107
170.502231
175.581960
158.134193
141.128142
141.790715
133.839834
119.263218
125.005521
128.318389
119.484076
120.146650
109.324617
94.968859
83.925968
66.036486
58.969036
60.073325
59.189894
64.048765
71.778789
72.220504
74.429083
77.300234
68.907637
56.981315
58.527320
50.797297
42.625558
54.772737
49.251292
45.496709
50.797297
33.128672
15.680905
0.883431
-25.177791
-44.834136
-57.643889
-69.128495
-82.821679
-90.551703
-100.269447
-120.146650
-134.502407
-159.680198
-188.612571
-202.968329
-225.716684
-242.943593
-242.501877
-247.581607
-248.685896
-243.164451
-243.164451
-244.489598
-249.790185
-250.452759
-247.360749
-242.281019
-229.250409
-216.440656
-192.146296
-172.489951
-160.121914
-139.802995
-143.336720
-148.637307
-140.465568
-143.778435
-134.281550
-113.741773
-101.373736
-90.109987
-70.453642
-54.993595
-65.373912
-60.073325
-53.005875
-71.337073
-60.515040
-40.858695
-45.717567
-16.343478
4.638014
1.325147
24.956933
37.766686
33.791245
42.846415
59.189894
64.490481
78.404523
127.214100
147.753876
161.888776
205.618623
205.176907
206.281196
234.330138
226.600115
225.937541
243.164451
253.765626
261.274791
274.084544
294.624321
282.477141
282.918857
285.348293
247.581607
241.618446
245.814744
225.054110
224.612395
230.354698
226.600115
216.882371
212.023499
198.330315
162.109634
153.496179
138.698706
110.649764
122.355228
121.030081
110.649764
128.539246
125.668095
115.950351
111.091479
102.919740
89.005698
76.637661
84.588542
77.521092
72.883078
85.913689
69.791069
59.189894
55.435311
24.294359
1.987720
-21.644066
-52.785017
-72.662220
-92.539423
-104.024029
-117.275498
-134.060692
-154.821326
-186.183135
-211.360926
-246.256460
-278.943416
-300.808340
-329.078139
-340.783604
-336.808163
-344.538186
-344.759044
-342.992182
-356.022793
-364.194532
-362.648527
-362.869385
-361.102522
-345.421618
-321.568974
-305.888069
-275.851407
-242.060162
-235.434427
-228.146120
-217.324087
-222.182959
-226.379257
-210.256637
-194.134017
-177.127965
-153.937895
-124.122090
-110.870621
-109.545475
-94.748001
-100.932020
-115.950351
-100.711162
-85.913689
-78.625381
-49.913865
-18.552056
-7.730023
3.092009
38.650117
35.999823
28.932373
60.735898
64.490481
74.429083
120.809223
156.146473
181.545121
218.870091
252.661337
248.465038
258.403640
280.268563
265.250232
276.513980
305.225496
308.538363
333.937011
353.151641
345.421618
352.709925
340.783604
319.581254
312.072088
303.016918
285.348293
284.906577
293.961747
273.863687
278.943416
285.790008
239.409868
234.771854
226.379257
165.201643
159.459340
168.514510
130.085251
133.177260
165.643359
134.502407
125.668095
157.913335
119.484076
88.122267
122.355228
93.864570
64.711339
110.649764
97.177437
66.699059
97.398295
85.471973
39.533548
42.404700
24.073501
-36.883255
-41.300411
-51.459870
-100.048589
-99.386015
-105.570034
-150.625028
-158.796767
-175.140245
-229.029551
-255.532488
-280.710279
-324.881841
-341.225319
-345.642475
-365.519678
-371.041124
-364.415389
-381.642299
-387.826317
-379.433721
-394.672910
-396.881488
-378.771147
-375.458280
-356.685366
-323.335836
-309.421794
-287.777729
-263.262512
-257.741066
-255.753346
-241.839304
-239.851584
-247.139891
-229.250409
-217.544945
-208.931490
-167.851937
-152.612748
-150.183312
-123.459517
-124.122090
-127.655815
-110.870621
-107.116039
-107.778612
-84.588542
-48.809576
-38.870975
-15.460047
26.944653
18.772914
26.061222
62.281903
59.631609
74.870798
116.171209
148.195592
176.686249
219.753523
265.912805
279.385132
291.311454
314.722382
307.875790
310.305225
334.378727
342.329608
357.789655
377.004285
390.034896
403.286364
397.102346
392.022616
388.047175
362.869385
344.538186
350.501347
342.550466
329.740713
341.446177
339.016741
308.096647
293.740890
289.986307
241.839304
205.176907
209.152348
183.753699
156.588189
185.299704
189.937718
158.575909
168.072795
171.827378
137.373559
123.680375
132.514687
108.220328
86.576262
110.428906
113.520915
91.214276
93.643712
84.809400
35.337250
2.429436
-9.055170
-54.993595
-91.655992
-97.840011
-117.496356
-145.103582
-153.275321
-165.864217
-212.244357
-251.998763
-284.023146
-339.679314
-372.587128
-388.488891
-416.537833
-422.500994
-427.139008
-435.089889
-435.310747
-449.445647
-467.114272
-470.647997
-479.482309
-477.052873
-450.329078
-420.292416
-405.053227
-373.249702
-339.237599
-345.642475
-333.053580
-322.673263
-350.943063
-344.096471
-324.881841
-318.697822
-276.734838
-238.747294
-223.728963
-202.084898
-188.612571
-190.821149
-186.624851
-179.115685
-178.894828
-158.134193
-118.158929
-90.772561
-50.134723
-14.355758
-8.171739
9.276028
9.717744
20.539776
52.122444
58.969036
109.766332
169.397942
186.624851
251.557048
306.992358
292.194885
314.501524
342.992182
317.593533
329.740713
391.801758
398.206635
403.728080
476.832016
475.065153
448.120500
500.022086
469.543708
420.954989
451.875083
431.114449
416.316975
452.979372
448.120500
430.010159
430.010159
406.599231
371.482839
351.826494
315.605813
268.783957
269.888246
254.649057
224.170679
262.820796
239.189010
191.042007
217.765802
176.465392
123.238659
152.391890
135.827554
96.956579
121.913512
139.802995
106.232607
110.649764
133.398118
72.883078
34.012103
44.613278
-7.950881
-46.600998
-41.521269
-71.999647
-104.907461
-119.263218
-134.060692
-170.502231
-206.060338
-230.354698
-284.464862
-324.440125
-340.783604
-376.562569
-398.648350
-414.329255
-441.494766
-447.237069
-458.500817
-478.378020
-485.666328
-494.721498
-511.506692
-514.377844
-488.095764
-477.052873
-466.893414
-416.096117
-409.028667
-411.458103
-360.219091
-362.206811
-382.304872
-355.581077
-356.906224
-370.157692
-334.157869
-294.182605
-283.139715
-257.961924
-223.949821
-230.796413
-218.649234
-191.262865
-206.943770
-185.299704
-160.784487
-161.447060
-102.036309
-61.177614
-54.772737
-8.392597
11.705464
-7.288308
18.552056
66.036486
58.527320
85.471973
177.569681
182.207695
203.630902
317.814391
311.409515
287.336013
371.261982
358.893944
319.581254
407.040947
433.323027
400.856928
471.973144
510.623261
466.451698
496.267503
523.653872
458.500817
456.513097
478.157162
427.580724
447.457927
475.948584
434.206458
444.365917
436.415036
379.654578
373.691417
355.581077
300.808340
287.998587
285.127435
242.943593
238.526437
267.679668
225.937541
196.121737
213.127788
167.631079
130.747825
151.287601
139.582137
115.066920
126.551526
135.827554
113.962631
102.478025
105.790892
62.944476
16.785194
5.300587
-25.398648
-63.165334
-81.938248
-100.932020
-139.361279
-166.968506
-174.035956
-206.281196
-245.814744
-269.888246
-314.501524
-355.581077
-380.979725
-404.832369
-423.384425
-455.629666
-467.114272
-472.194002
-504.880958
-501.788948
-499.801228
-525.420734
-524.316445
-509.739829
-503.555811
-486.549759
-454.304519
-435.752463
-433.102169
-407.040947
-391.139185
-395.998056
-375.458280
-383.630019
-391.580900
-366.623967
-355.139361
-318.697822
-278.280843
-268.783957
-251.336190
-229.250409
-217.324087
-217.103229
-193.692301
-164.980785
-175.361103
-133.177260
-68.907637
-69.349353
-29.153231
20.318919
2.871152
12.368037
59.852467
79.950528
81.054817
152.391890
210.919210
203.630902
288.882018
346.305049
320.906400
372.587128
393.568621
375.016564
413.004108
439.065330
465.789125
491.629489
509.518972
533.592473
527.187597
536.684483
529.617033
507.752109
503.334953
475.065153
500.905517
507.310394
467.997703
509.739829
469.985423
408.145236
444.807633
380.317152
329.961571
347.409338
286.673440
263.262512
278.943416
256.636777
238.968152
241.397588
219.753523
163.213923
177.790538
166.968506
101.815451
147.974734
138.477848
76.416803
139.582137
126.551526
62.502761
89.226556
55.435311
-21.202350
-34.012103
-46.380140
-103.361456
-129.422678
-128.318389
-173.594240
-198.551173
-200.097177
-250.452759
-290.428022
-329.961571
-384.734308
-407.703520
-445.691064
-473.740006
-471.310570
-500.463801
-519.015858
-516.144706
-539.113918
-565.175140
-565.616856
-566.279429
-581.076903
-555.678254
-517.028137
-503.776669
-476.611158
-446.574495
-443.482486
-441.273908
-436.415036
-431.777022
-436.635894
-427.580724
-383.630019
-366.623967
-340.121030
-281.151994
-280.268563
-270.109104
-237.863863
-252.219621
-242.060162
-197.005168
-184.637131
-157.029904
-93.201997
-68.024206
-57.202173
-1.104289
3.533725
-18.110341
45.717567
54.551879
62.502761
162.330492
185.520562
207.385485
300.145766
309.863510
306.550643
362.206811
376.783427
356.906224
410.353814
460.046822
430.672733
500.684659
557.445117
501.126375
543.972790
568.488007
502.009806
519.236715
545.518795
515.040417
517.028137
556.561686
534.034189
488.316622
518.795000
471.089712
394.452052
422.059278
380.096294
331.949291
371.041124
346.084191
293.078316
298.158046
283.139715
220.636954
206.502054
216.661513
158.355051
143.778435
180.440832
140.465568
133.618976
160.784487
119.484076
92.981139
101.373736
76.637661
47.042714
48.367861
26.282080
-15.901762
-21.202350
-45.717567
-98.723442
-123.459517
-153.496179
-209.594063
-234.992712
-239.409868
-283.139715
-311.630372
-319.360396
-384.955166
-432.660453
-434.206458
-483.236892
-520.341004
-511.506692
-538.451345
-565.175140
-542.426786
-549.052520
-573.126021
-555.015681
-557.665975
-570.917443
-534.696762
-514.377844
-515.040417
-477.936305
-469.322850
-483.016034
-444.807633
-437.961041
-452.537656
-405.936658
-392.022616
-397.102346
-337.470736
-294.182605
-299.483193
-281.372852
-242.722735
-258.403640
-256.415919
-175.581960
-161.888776
-179.999117
-96.956579
-55.214453
-90.993418
-35.337250
40.416980
-4.858872
3.092009
127.214100
109.324617
104.024029
246.256460
232.563276
208.710632
321.568974
331.065860
322.010690
398.427492
422.280136
413.666681
469.101992
507.310394
487.654048
542.426786
559.653695
508.856398
575.997173
577.101462
521.666151
597.862096
578.647467
509.739829
565.616856
547.948231
482.795176
500.022086
495.825787
439.286188
419.188127
442.819913
406.157516
352.930783
363.531958
336.366447
269.446530
278.501701
291.532311
243.385309
221.962101
242.722735
223.949821
171.606520
198.109457
213.790362
133.618976
138.919564
185.078846
107.336897
101.152878
157.250762
72.662220
10.159459
32.466098
-25.177791
-109.545475
-116.171209
-136.931843
-224.612395
-239.189010
-215.115509
-291.311454
-332.391007
-327.090419
-420.292416
-483.899466
-474.844295
-528.512743
-567.604576
-549.052520
-575.334600
-606.475551
-585.714917
-601.837537
-636.953929
-621.273024
-627.457043
-641.371085
-593.224082
-553.690534
-544.193648
-505.101815
-486.549759
-499.801228
-485.445470
-478.819736
-492.954636
-467.335130
-437.961041
-408.145236
-355.139361
-319.139538
-287.115155
-290.648880
-294.624321
-257.299351
-255.311630
-222.403816
-154.600468
-155.263042
-125.447237
-50.134723
-59.410751
-49.913865
32.024383
21.644066
-3.754583
99.165157
147.753876
134.502407
247.139891
283.139715
245.373029
337.691594
371.924555
360.439949
444.586775
467.114272
463.801405
526.745881
538.451345
554.573965
604.487831
568.488007
555.678254
611.996996
579.530898
593.444940
674.941473
610.671849
575.776315
630.769910
543.089359
506.647820
579.972614
498.034365
447.016211
517.248995
447.016211
376.120853
439.065330
361.985953
269.888246
342.992182
289.102876
213.569504
317.814391
276.293122
175.802818
262.158223
245.593887
145.324440
203.851760
208.489774
106.895181
137.373559
166.747648
87.680551
91.655992
108.220328
13.251469
-30.478378
-50.797297
-130.968682
-178.011396
-219.532665
-267.900526
-284.244004
-321.127258
-358.893944
-383.630019
-455.187950
-528.291886
-555.015681
-598.745528
-646.892531
-644.683952
-667.432307
-719.333893
-709.837007
-704.757277
-727.284774
-712.487301
-713.812448
-719.775608
-686.426079
-660.806573
-616.414153
-564.733425
-550.156809
-537.567914
-521.224436
-522.549583
-494.058925
-459.605106
-473.077433
-442.819913
-374.133133
-363.973674
-325.986130
-255.532488
-273.201113
-277.839127
-241.397588
-224.391537
-163.876496
-111.754053
-91.876850
-46.821856
-37.545828
-41.079553
23.631786
53.226733
34.895534
106.674323
164.980785
138.036132
233.225849
345.863333
292.636601
337.249879
456.733955
416.537833
451.433367
576.659746
545.960511
543.089359
633.641062
626.573612
626.794470
702.106984
704.094704
646.892531
672.732895
699.456690
651.088829
673.174610
695.039534
628.561332
628.119617
622.819029
575.555457
594.990945
560.095411
490.525200
476.390300
428.685013
386.059455
396.439772
369.495119
330.845002
354.476788
359.777375
314.501524
325.765272
314.280666
210.256637
189.716860
228.366977
198.551173
212.906931
256.415919
208.710632
162.330492
120.367507
53.005875
18.110341
-42.846415
-123.017801
-157.029904
-201.201466
-240.735015
-254.869915
-322.231547
-420.954989
-512.610981
-610.671849
-670.966032
-703.211273
-751.358276
-773.223199
-790.670966
-849.419144
-863.333186
-850.965149
-922.081364
-970.670083
-961.614912
-1000.044172
-978.179248
-854.940589
-793.100402
-764.830602
-697.910685
-688.855515
-676.266620
-587.481779
-523.874729
-462.697116
-409.691241
-411.237245
-367.286541
-317.151818
-285.790008
-192.367154
-152.391890
-146.870445
-103.361456
-132.735545
-137.152701
-56.318742
-44.392420
-55.214453
35.337250
63.607050
-1.104289
63.827908
94.748001
4.417156
64.269623
128.760104
94.748001
214.232077
326.206988
305.446354
357.568797
427.801581
434.206458
518.795000
635.628782
669.199170
759.088299
802.597288
669.199170
728.389063
869.075489
773.002341
777.419497
893.148991
831.750519
743.407394
742.965679
746.057688
732.806219
735.014797
723.971907
671.628606
635.849640
566.942003
478.598878
455.187950
416.758691
395.556341
401.740360
363.311100
365.077963
353.151641
260.391360
232.784134
321.568974
407.924378
407.703520
389.372322
401.519502
352.268210
247.360749
208.489774
269.004815
249.348469
111.091479
48.588719
-18.110341
-147.091303
-178.673970
-226.820973
-342.329608
-386.280313
-481.470030
-652.634834
-690.180662
-694.156102
-833.075666
-913.026194
-922.523080
-1029.859976
-1067.626662
-1038.694289
-1133.442290
-1175.626132
-1125.712266
-1174.742701
-1193.736472
-1074.473254
-981.933831
-988.117850
-964.265206
-865.541764
-770.352047
-709.395291
-647.334246
-532.488184
-488.095764
-582.843765
-517.690711
-372.807986
-400.415213
-277.839127
-107.557754
-227.925262
-239.630726
-105.790892
-195.017448
-210.477495
-32.024383
-13.693184
-42.846415
72.662220
97.398295
46.159283
113.520915
120.146650
58.748178
148.195592
258.624498
278.059985
305.225496
371.482839
427.139008
426.697292
491.629489
639.162507
665.223729
675.824904
806.793586
810.106453
723.530191
866.866911
1011.307920
898.670436
957.197756
1152.656919
1016.166792
911.701047
1045.761739
977.074959
871.063210
983.479836
1015.725076
971.332656
1009.761915
932.682539
773.223199
763.726313
732.585362
674.941473
741.198816
697.468969
613.763859
671.849463
582.843765
451.875083
535.580193
477.715447
232.784134
220.857812
299.041477
129.643535
-1.987720
-2.871152
-204.514334
-379.875436
-372.587128
-483.678608
-582.843765
-607.579840
-780.732365
-930.694819
-977.958390
-1050.841468
-1088.387296
-1161.270374
-1279.429303
-1297.318786
-1327.797164
-1398.250806
-1329.784884
-1280.091877
-1378.815319
-1379.477892
-1309.907681
-1299.085649
-1169.000398
-1014.841645
-1030.301692
-955.210036
-784.045232
-788.020672
-725.297054
-499.801228
-486.108044
-519.457573
-387.826317
-369.053403
-320.685543
-127.214100
-127.434957
-161.447060
-53.447590
-98.944300
-138.698706
2.208578
18.772914
-10.601175
109.324617
109.987190
43.067273
193.029727
231.679845
74.429083
130.085251
239.851584
189.716860
271.213393
453.862803
483.678608
438.844472
454.746234
500.905517
523.433014
594.328371
731.481072
789.787535
806.572728
908.388180
971.774372
914.572198
934.670259
1061.221785
1043.994876
977.295817
1097.663324
1189.981890
1145.147754
1149.564910
1149.564910
1066.522373
1026.326251
1039.577720
1005.786475
987.896992
1028.976545
976.191528
886.964972
928.927956
943.504572
827.333363
733.247935
671.186890
517.469853
388.047175
402.402933
326.206988
178.453112
105.349176
-167.631079
-428.243297
-383.188303
-479.482309
-687.309510
-687.972084
-798.400989
-1065.638942
-1178.497283
-1229.515438
-1378.815319
-1418.128009
-1396.925659
-1580.237643
-1639.427537
-1508.900570
-1606.740580
-1712.089757
-1642.077830
-1628.384646
-1587.084235
-1437.563497
-1267.723839
-1153.319493
-1127.920845
-1124.387120
-1047.970317
-879.014091
-679.137771
-444.145059
-286.452582
-333.937011
-263.925085
-195.017448
-360.660807
-153.717037
160.563629
42.846415
134.723265
323.335836
130.306109
99.386015
221.520385
92.539423
148.637307
423.384425
373.249702
319.139538
456.513097
260.612218
78.625381
257.299351
313.618093
371.041124
568.046292
505.543531
388.709749
430.451875
423.384425
473.519148
634.745351
732.143646
807.456160
830.646230
770.793763
872.167499
975.087239
893.369848
1008.215911
1197.711913
1121.515968
1146.252043
1258.006096
1097.221609
1046.645170
1242.546049
1241.662618
1214.717965
1356.287822
1290.251336
1080.657273
1055.479482
1129.025134
1133.884005
1083.307567
1067.184946
827.995936
471.752286
505.101815
466.672556
230.796413
250.452759
26.061222
-351.826494
-389.814038
-538.009629
-733.689651
-769.689474
-979.062679
-1212.288529
-1264.631830
-1343.036353
-1502.716551
-1572.065904
-1635.231238
-1848.579884
-1910.199214
-1801.095455
-1781.659967
-1737.267547
-1770.837935
-1872.653386
-1792.482000
-1686.028535
-1542.029242
-1286.275896
-1200.803922
-1198.153629
-1037.148284
-927.823667
-842.793410
-537.126198
-379.433721
-476.169442
-297.716330
-75.312514
-101.373736
31.803525
194.796590
133.177260
156.367331
327.532135
426.918150
457.175670
519.457573
490.746058
381.642299
432.881311
545.518795
572.242590
594.328371
585.935775
503.555811
420.954989
449.666505
557.445117
588.586068
581.518618
577.322320
559.653695
596.978665
659.039710
692.168382
705.640709
742.744821
820.265913
853.836300
920.314502
1050.841468
1007.774195
921.197933
1021.688237
1124.166262
1202.570785
1307.478246
1286.055038
1194.619904
1144.485180
1131.012854
1168.779540
1278.545872
1381.465612
1224.214850
950.792880
816.732188
603.383542
575.113742
791.996113
589.911215
286.673440
70.674500
-395.556341
-535.580193
-383.850877
-498.917797
-680.242060
-923.848227
-1252.705508
-1459.649278
-1533.857503
-1514.642873
-1573.391051
-1724.016078
-1868.015372
-2040.726180
-2095.057202
-1987.720306
-1904.015195
-1937.143867
-1993.904324
-1895.622598
-1799.107734
-1765.316489
-1540.924953
-1359.379831
-1403.551394
-1273.687000
-1009.320200
-930.694819
-767.260038
-503.997526
-524.979019
-474.181722
-125.447237
31.582667
83.484253
288.661160
355.801935
308.538363
436.635894
667.874023
767.480896
769.689474
808.118733
778.523786
750.695702
881.001811
958.302045
912.805336
882.989531
851.627722
812.977605
811.652458
876.363797
923.185653
830.646230
745.615972
781.615796
805.247582
821.591060
879.014091
845.001988
770.131190
827.112505
915.676487
925.394231
979.283537
1023.234242
936.878837
949.909448
1122.841115
1190.202747
1166.129246
1160.166085
1126.595698
1158.178365
1284.729891
1307.478246
1125.712266
930.915676
809.443880
660.585715
707.186713
854.278016
603.162684
219.753523
-75.312514
-398.427492
-404.611511
-268.121383
-412.120677
-684.880074
-1078.448695
-1485.489642
-1608.286585
-1514.422015
-1419.011440
-1524.802332
-1828.260966
-2129.069305
-2281.240337
-2199.743805
-1994.125182
-1875.082822
-1912.407792
-2058.394805
-2122.001855
-2008.922656
-1844.383586
-1618.225187
-1414.594284
-1398.913380
-1324.042581
-1124.387120
-1059.234065
-942.621141
-676.045762
-539.113918
-400.194355
-130.085251
-17.447767
-43.729847
42.625558
178.232254
308.980079
551.923672
772.781483
755.112858
638.279076
626.131896
712.487301
899.774725
1104.289059
1134.325721
999.823314
852.511153
826.008216
956.093467
1135.650868
1247.184063
1205.221079
1001.590176
863.774902
941.516851
1068.730951
1132.338001
1189.981890
1151.331773
971.553514
959.406334
1075.577543
1066.743231
1129.466849
1197.491055
1095.454746
1121.957684
1185.785591
1095.454746
1078.227837
1151.773488
1219.576836
1220.018552
1095.454746
920.977075
758.867441
698.794116
692.168382
688.855515
665.002871
390.034896
16.122620
-233.225849
-392.243474
-321.568974
-255.090773
-500.022086
-829.321083
-1165.687530
-1443.968373
-1445.514378
-1294.668492
-1322.275719
-1588.409382
-1864.260789
-2062.811962
-2150.934229
-1993.683467
-1805.070895
-1840.187287
-1973.143690
-2075.179999
-2089.535757
-1952.383056
-1714.519193
-1539.378948
-1497.636821
-1451.919254
-1328.901453
-1203.675074
-1056.362914
-862.449755
-709.837007
-598.303812
-428.905870
-254.649057
-176.023676
-88.122267
53.889306
183.091126
350.722205
518.132426
577.322320
572.021732
582.843765
640.708512
759.088299
923.406511
1011.528778
927.161094
819.382482
817.836477
888.290119
1010.203631
1115.331949
1079.773842
955.651751
899.774725
913.909625
1006.007332
1151.331773
1157.074076
1037.810857
983.258978
1007.995053
1078.448695
1196.386766
1259.331243
1214.497107
1156.190644
1158.399223
1177.172137
1229.736296
1324.263439
1319.625425
1272.582711
1294.005919
1267.502982
1117.319670
941.075136
891.602986
850.081717
686.867795
683.554927
633.861920
245.152171
-50.797297
-218.428376
-352.489068
-282.697999
-310.305225
-606.254693
-1011.307920
-1340.386059
-1420.778303
-1388.091347
-1299.969080
-1325.809444
-1706.789169
-2023.057556
-2094.173771
-2080.038871
-1876.849684
-1699.721719
-1794.690578
-1995.671187
-2094.394629
-1982.419718
-1773.267370
-1536.286938
-1326.692875
-1386.103626
-1483.722779
-1349.662088
-1185.564733
-956.976898
-634.966209
-539.997350
-602.941826
-529.837890
-404.611511
-293.299174
-91.214276
102.036309
171.164804
187.508282
213.348646
247.581607
316.489244
473.298291
621.052167
657.493706
676.266620
664.340298
610.009276
684.438359
861.566324
992.314148
1034.277132
995.406158
904.633597
875.259508
1007.553337
1169.442113
1236.141172
1265.294403
1192.853041
1045.982596
1085.074429
1273.245285
1384.557622
1418.128009
1375.281594
1254.472371
1216.484827
1312.557975
1428.066611
1471.133884
1432.704625
1339.281770
1248.730068
1256.460091
1288.926189
1126.816556
922.743937
831.529661
657.272848
562.745704
652.193118
484.562039
96.294006
-209.373206
-452.758514
-488.537480
-383.409161
-471.531428
-799.946994
-1236.582888
-1525.685764
-1568.973895
-1471.133884
-1345.907505
-1499.403684
-1901.585759
-2157.559963
-2209.240691
-2071.867132
-1790.935995
-1703.255444
-1890.101153
-2120.455851
-2164.848271
-1939.352445
-1634.789523
-1387.428773
-1298.864791
-1474.005036
-1522.593754
-1260.656389
-1005.123901
-709.837007
-473.960864
-531.604753
-572.684306
-445.028491
-245.814744
28.711516
206.502054
238.305579
202.968329
207.606343
349.397058
493.617209
619.285304
721.100755
694.376960
667.211449
693.051813
745.395115
824.683069
852.290296
915.455630
960.952339
914.130483
943.946287
957.860330
945.271434
1042.448871
1123.061973
1122.178541
1097.884182
1094.129599
1080.878131
1114.006802
1271.036707
1372.631300
1331.330889
1273.907858
1252.042935
1287.159327
1378.152745
1502.716551
1535.182649
1415.036000
1377.931887
1414.373426
1361.809267
1288.705332
1148.681479
956.093467
799.063563
700.119263
735.235655
661.248288
333.716154
-12.147180
-353.372499
-490.525200
-388.268033
-476.169442
-717.346173
-1053.050046
-1463.183003
-1625.071779
-1570.299041
-1484.827068
-1557.489288
-1881.487698
-2161.093688
-2332.258492
-2304.430408
-1994.787756
-1873.757675
-2014.002385
-2147.179646
-2260.037988
-2169.707143
-1884.137992
-1622.421485
-1479.305623
-1531.428067
-1551.967843
-1416.361147
-1213.171960
-881.443527
-649.101109
-621.493882
-579.089182
-509.077256
-341.667035
-106.674323
56.760458
182.428552
227.041830
266.796237
381.421441
477.936305
577.984893
664.561156
722.425902
782.499227
813.861036
854.057158
872.609214
881.001811
983.038120
1057.467203
1051.504042
1066.301515
1052.387473
1031.847696
1101.859623
1190.644463
1240.558329
1261.318963
1221.564557
1165.687530
1204.337647
1331.772605
1428.729184
1456.557268
1455.232122
1409.735412
1380.361323
1461.416140
1551.967843
1599.673130
1601.439993
1507.354565
1495.428243
1514.201157
1389.416494
1273.907858
1083.528424
809.885596
727.284774
788.462388
782.499227
524.316445
45.275851
-380.096294
-554.132250
-449.224789
-383.850877
-643.800521
-1105.172490
-1577.587349
-1825.610672
-1725.782941
-1556.605857
-1605.415434
-1904.015195
-2332.258492
-2575.422943
-2474.270065
-2229.117894
-2009.806087
-2034.763020
-2339.325942
-2479.791510
-2338.663369
-2081.364018
-1726.003799
-1531.869782
-1634.126949
-1706.347454
-1597.685410
-1347.232652
-961.614912
-644.463095
-547.506515
-571.359159
-527.850170
-313.838950
-138.256990
-5.079730
205.839481
243.164451
260.612218
412.562392
422.280136
427.359866
565.616856
682.671496
754.008569
801.492999
789.566677
683.334070
684.659216
890.719555
1008.878484
1042.669729
1066.522373
934.228544
835.063386
989.663854
1202.791643
1288.926189
1292.901630
1232.828305
1117.319670
1157.957507
1407.526834
1576.041345
1566.102743
1508.237996
1447.943814
1436.017492
1590.176245
1816.997217
1848.800742
1704.359733
1651.133001
1688.678829
1688.899686
1690.445691
1595.035116
1274.349574
961.394055
857.370025
919.431070
1013.074782
837.051106
308.759221
-265.029374
-520.782720
-365.519678
-237.863863
-427.801581
-859.799461
-1469.367022
-1847.696453
-1753.169310
-1543.796104
-1520.385176
-1806.837758
-2292.724944
-2649.189452
-2668.845797
-2339.546800
-2036.088166
-2096.824065
-2356.111136
-2582.269535
-2604.134458
-2292.062370
-1885.904854
-1679.181943
-1712.310614
-1832.898980
-1810.592341
-1571.845046
-1164.804099
-772.781483
-638.941649
-691.064093
-680.904634
-518.132426
-272.980255
-7.288308
166.085074
125.888953
136.710985
295.286894
386.501171
522.107867
644.242237
625.469323
634.745351
687.088652
754.008569
805.247582
826.891647
878.351517
881.222669
923.627369
1014.179072
983.258978
961.835770
1030.522550
1099.871902
1179.601573
1247.404921
1246.521489
1222.447988
1236.582888
1349.882945
1505.145987
1563.673307
1589.292813
1602.985998
1548.875834
1642.740404
1845.708733
1899.818897
1917.487522
1931.622421
1859.843633
1776.359380
1713.856619
1625.734352
1438.888643
1217.368258
1087.283007
1053.270904
1035.381421
828.437652
361.544238
-116.392067
-303.900349
-256.415919
-300.145766
-535.580193
-960.068908
-1479.747339
-1750.739874
-1708.776889
-1631.255798
-1741.905561
-2052.431645
-2406.466717
-2692.035867
-2705.508194
-2412.871593
-2241.927647
-2348.601970
-2530.147091
-2675.471531
-2627.324528
-2336.233933
-2014.223243
-1852.997041
-1870.003092
-1860.727064
-1740.580414
-1524.802332
-1146.472901
-833.959097
-755.112858
-692.389240
-578.868325
-422.500994
-167.189363
66.699059
166.305932
185.078846
278.059985
418.083838
533.592473
655.064270
706.082424
713.149874
764.830602
819.161624
882.326958
906.621317
889.836124
919.651928
943.725430
990.547286
1040.461151
990.326428
965.811211
1010.866204
1063.209506
1148.460621
1192.632183
1196.828482
1182.251866
1165.245815
1288.263616
1443.305800
1508.900570
1565.661027
1557.931004
1544.458678
1640.973541
1764.653916
1842.837581
1883.696276
1960.333937
1938.689871
1763.770485
1608.065727
1394.496223
1209.417377
1205.662794
1254.472371
1251.601219
971.332656
423.605283
-81.938248
-314.280666
-134.281550
6.184019
-288.882018
-832.413092
-1473.563320
-1845.046159
-1748.973011
-1523.477185
-1505.366845
-1883.917134
-2423.472768
-2768.231812
-2845.311189
-2561.288043
-2189.142630
-2208.357260
-2521.312779
-2797.826759
-2855.028932
-2565.484341
-2095.498918
-1823.181236
-1842.395866
-1966.076240
-1963.425946
-1751.844163
-1359.379831
-912.363620
-710.278723
-733.910508
-686.426079
-577.984893
-404.611511
-81.054817
204.956049
314.943240
333.053580
346.746764
381.863156
515.040417
767.922611
941.295994
947.038297
905.958744
847.210566
833.075666
954.989178
1144.926896
1253.147224
1208.313088
1101.417907
994.964442
969.786651
1154.865498
1375.281594
1419.011440
1348.999514
1238.791466
1141.614029
1208.975661
1475.330182
1650.912143
1646.715844
1597.022837
1483.501921
1476.213614
1648.703565
1853.659614
1997.217192
1981.757145
1945.094748
1817.659791
1590.617960
1558.151862
1443.084942
1263.748399
1258.006096
1181.589293
1061.663501
767.701754
307.434074
-36.220681
-272.317682
-213.569504
-159.238482
-505.101815
-943.946287
-1442.864084
-1818.543222
-1768.629356
-1630.814082
-1679.844516
-2002.517779
-2476.478643
-2786.342153
-2855.912364
-2618.048500
-2299.571536
-2361.190865
-2623.128230
-2796.722470
-2877.998145
-2645.214011
-2206.148681
-1970.051681
-1952.162198
-2026.370423
-2025.928707
-1829.806970
-1455.673837
-992.093290
-788.241530
-795.529838
-707.407571
-632.978488
-449.003931
-78.404523
199.655462
371.703697
432.881311
392.243474
443.040770
605.150404
854.278016
1076.460974
1130.571138
1076.681832
975.970670
975.308097
1139.847166
1318.079420
1437.563497
1402.667962
1229.957154
1125.712266
1137.859446
1306.153099
1501.833120
1523.035470
1456.998984
1312.557975
1211.846813
1351.208092
1543.575246
1686.470250
1737.709263
1601.881709
1516.851451
1582.225363
1740.580414
1968.947392
2036.088166
1977.339989
1917.929237
1753.169310
1665.047043
1612.262026
1413.710853
1245.858916
1080.215557
1035.602279
1065.638942
735.898229
251.998763
-194.796590
-519.236715
-409.028667
-297.495472
-532.046468
-981.050400
-1653.120721
-2071.425416
-2019.965546
-1865.585936
-1779.009674
-2029.462432
-2575.643801
-2976.721587
-3078.316180
-2804.452493
-2388.577234
-2325.853615
-2573.435222
-2883.740448
-3012.058837
-2703.520474
-2238.835638
-1933.831000
-1826.935819
-1947.082468
-1993.020893
-1797.120014
-1473.563320
-1009.761915
-710.278723
-690.401520
-642.917090
-586.156632
-445.028491
-101.815451
193.029727
372.807986
455.187950
433.985600
473.077433
593.665798
790.229250
1007.774195
1078.890410
1075.135828
1020.804806
967.357215
1076.902690
1216.263969
1325.588586
1391.845930
1301.294227
1182.914440
1172.534123
1278.325014
1458.986704
1601.439993
1617.562613
1496.974248
1396.263086
1441.980653
1609.832590
1842.395866
1964.751093
1935.156146
1848.579884
1785.414550
1896.506029
2103.670657
2234.860197
2318.344450
2187.375767
1872.211670
1633.464376
1411.943990
1295.331066
1297.097928
1292.459914
1275.674721
900.879014
241.176730
-291.753169
-590.352931
-442.819913
-225.495826
-453.200230
-1019.479659
-1776.801095
-2272.406025
-2241.706789
-2000.971774
-1811.475772
-2026.812138
-2641.680286
-3168.867883
-3370.952781
-3109.015416
-2569.459782
-2310.835284
-2483.987809
-2870.047264
-3173.285039
-3006.979107
-2483.987809
-1987.720306
-1679.844516
-1739.255267
-1938.910729
-1910.640929
-1623.967490
-1091.037590
-604.929546
-405.936658
-407.261805
-531.383895
-486.328901
-170.943946
225.054110
621.273024
768.585185
651.751402
538.672203
533.813331
746.278546
1073.589823
1268.828128
1290.472194
1136.092584
958.964619
970.670083
1139.626309
1368.435002
1513.538584
1431.600336
1209.196519
1062.988648
1108.264499
1304.827952
1550.421838
1666.813905
1550.421838
1366.668139
1282.521313
1409.072839
1703.918018
1947.965900
2030.125006
1901.364901
1746.985291
1792.482000
1957.904501
2238.614780
2466.760899
2343.963956
2010.910376
1598.347984
1236.362030
1196.828482
1354.300102
1557.268431
1523.918901
917.664208
132.735545
-456.071381
-665.223729
-337.249879
-92.760281
-367.949114
-1048.632890
-1951.941340
-2467.423473
-2396.086400
-2045.585052
-1759.795044
-2014.002385
-2686.072706
-3316.400901
-3595.565175
-3239.321525
-2614.514775
-2301.780114
-2428.331640
-2916.206546
-3322.364062
-3161.358717
-2591.545563
-1968.947392
-1584.875657
-1658.642166
-1914.395512
-1968.947392
-1677.415080
-1040.019435
-463.580547
-219.753523
-232.784134
-415.654402
-413.224966
-89.005698
356.243650
801.272141
978.620964
844.339414
674.058041
627.236185
831.529661
1177.613852
1411.060559
1452.140112
1258.447811
1032.068554
1017.050223
1136.313441
1352.754097
1527.010910
1455.452979
1253.368082
1069.614382
1025.001104
1203.012501
1468.925306
1624.850921
1551.084412
1361.146694
1244.092054
1287.159327
1545.342109
1874.861964
2036.088166
1964.309378
1810.371483
1754.273599
1841.512434
2160.431114
2453.951146
2377.313486
2065.903971
1520.606034
1040.240293
1038.473431
1279.208446
1623.304916
1598.789699
831.529661
-92.097707
-785.370379
-864.216617
-361.985953
-104.024029
-371.703697
-1205.662794
-2249.215955
-2725.164539
-2600.821591
-2124.873007
-1760.015902
-2073.413137
-2842.219179
-3594.240028
-3871.858298
-3381.112240
-2636.379699
-2266.001148
-2432.748796
-3017.138566
-3450.019877
-3256.548434
-2637.483988
-1915.720659
-1451.035823
-1528.556915
-1801.978886
-1883.033703
-1609.832590
-950.572022
-304.783780
22.085781
2.650294
-223.287248
-261.716507
9.055170
487.433191
1012.633067
1204.779363
1085.295287
905.075313
747.603693
868.192058
1229.073722
1521.931181
1626.838641
1472.679889
1203.012501
1054.375193
1093.246168
1327.134591
1550.421838
1571.182473
1404.655683
1132.558859
992.755864
1124.166262
1383.674191
1610.495163
1678.961085
1539.599806
1326.913733
1269.711560
1466.495870
1803.083175
2085.781174
2128.848447
2032.112726
1904.898626
1878.174831
2180.750033
2418.613896
2340.209373
2042.493043
1397.146517
957.639472
1017.271081
1282.079597
1640.310968
1397.809091
488.095764
-429.347586
-1049.958037
-893.590706
-378.771147
-290.428022
-683.334070
-1687.353682
-2682.318124
-2957.286099
-2713.900791
-2165.069128
-1917.266664
-2419.055612
-3215.468881
-3878.484032
-3951.367110
-3312.867176
-2635.275410
-2364.945448
-2580.060957
-3144.573524
-3407.836035
-3072.794735
-2436.945095
-1744.776713
-1360.042405
-1420.557445
-1597.464552
-1624.409205
-1290.251336
-659.039710
-102.478025
215.115509
223.728963
56.981315
42.183842
243.606166
639.825081
1097.221609
1321.834003
1300.410796
1124.828835
910.817616
930.253103
1163.478952
1429.391758
1612.482884
1530.986351
1264.190114
1036.043995
955.872609
1111.356509
1356.508680
1498.078537
1446.176951
1192.190468
993.418437
1004.240470
1197.270197
1527.010910
1726.887230
1662.838465
1515.305446
1410.177128
1467.379301
1766.641636
2096.382349
2259.817130
2284.332347
2211.890985
2232.430761
2347.276823
2313.485578
2179.866602
1806.616900
1340.606917
1241.662618
1309.465966
1459.870136
1402.667962
722.205044
-71.557931
-674.720615
-869.738063
-575.776315
-478.819736
-757.321436
-1441.980653
-2393.877821
-2877.777287
-2846.857193
-2556.208313
-2241.927647
-2445.779407
-3101.064535
-3724.104422
-3991.342374
-3674.190556
-3052.696674
-2655.815186
-2669.287513
-3036.794911
-3370.290207
-3234.020937
-2704.403905
-2039.842749
-1554.618137
-1455.232122
-1502.937409
-1475.109325
-1254.693228
-767.260038
-224.170679
152.833606
302.575202
297.274615
286.673440
382.084014
641.371085
970.007509
1226.644286
1323.159150
1263.748399
1155.748929
1057.025487
1057.025487
1192.632183
1337.073192
1426.520606
1381.244755
1173.859269
978.841822
894.474138
939.308273
1136.976015
1302.840231
1265.515261
1110.473077
949.688590
915.455630
1101.859623
1411.281417
1654.445868
1701.046866
1636.998101
1563.452449
1590.397102
1854.984761
2199.081232
2445.558549
2541.410840
2535.668537
2520.871063
2397.190689
2240.823358
1976.677415
1583.992226
1499.624542
1569.415610
1607.624012
1543.575246
941.075136
119.042361
-513.715270
-815.407041
-604.929546
-445.249348
-665.444587
-1278.987588
-2281.240337
-2963.028402
-3050.267238
-2792.747029
-2377.092628
-2372.454614
-2967.224701
-3722.558417
-4195.194134
-4053.403419
-3405.848315
-2769.777817
-2556.208313
-2853.482928
-3329.873228
-3422.191793
-3015.592562
-2322.099033
-1566.544459
-1201.687354
-1260.435532
-1353.195813
-1312.778833
-924.510800
-239.851584
312.734661
568.046292
565.175140
433.985600
442.819913
668.757454
1019.479659
1364.459561
1481.955917
1397.809091
1260.877247
1101.859623
1070.939529
1165.908388
1238.791466
1301.956800
1271.257564
1139.184593
976.191528
793.100402
716.021026
791.554397
959.185476
1105.172490
1091.037590
983.258978
880.780953
848.535713
1044.878307
1369.760148
1626.176068
1779.451389
1765.095631
1694.200274
1726.887230
1926.984407
2339.988515
2688.502142
2909.139096
3000.353372
2660.453200
2218.075003
1809.046336
1446.618667
1609.390874
1891.868015
1999.204912
1844.383586
958.743761
-46.600998
-707.849287
-953.443173
-543.531075
-257.741066
-511.064976
-1225.319140
-2426.123062
-3269.137329
-3361.014179
-2991.519060
-2412.650735
-2309.730995
-2891.912187
-3726.975573
-4395.512169
-4361.279208
-3673.307125
-2932.550024
-2483.766951
-2577.189805
-3088.254782
-3351.738151
-3121.604311
-2504.748443
-1612.924599
-958.302045
-779.848933
-822.916207
-942.179425
-816.290472
-312.734661
281.151994
806.131013
1023.013384
928.044525
804.585008
737.002518
880.339238
1209.638235
1470.913026
1611.157737
1534.078360
1271.699280
1034.277132
904.412739
950.130306
1081.098988
1153.098635
1110.473077
909.050753
637.616502
450.329078
430.451875
553.027961
750.474844
920.535359
925.835947
843.455983
788.020672
797.296700
991.209859
1319.625425
1628.826362
1804.408322
1875.303679
1887.892575
1895.180883
2139.891338
2480.233226
2828.746853
3138.389505
2937.188038
2458.368302
1913.512081
1357.392111
1385.661911
1695.967136
1959.450506
1983.524007
1179.822430
116.392067
-728.830779
-1192.411326
-890.940413
-534.696762
-592.561509
-1119.086532
-2220.062724
-3158.487566
-3534.608419
-3390.388268
-2839.127170
-2548.920005
-2789.875878
-3388.621406
-4093.820398
-4317.549362
-3907.858121
-3262.732453
-2683.643270
-2450.859137
-2663.103494
-2865.188392
-2760.943505
-2400.724414
-1770.175361
-1128.804276
-697.468969
-420.071558
-333.274438
-236.980432
11.042891
285.348293
647.334246
956.535183
1132.779716
1297.760502
1312.116260
1248.067494
1242.987764
1220.239410
1286.717611
1401.563673
1451.919254
1405.318256
1177.613852
896.682716
681.125491
602.500110
704.757277
800.388710
776.756924
605.812978
378.329432
239.189010
212.023499
404.832369
666.107160
839.480542
953.664031
885.198109
839.038827
974.645523
1189.761032
1545.121251
1859.843633
2029.020716
2124.873007
2157.559963
2310.172711
2596.183577
2901.629931
2990.635629
2713.459075
2227.351031
1620.433765
1301.515085
1447.722956
1735.279827
1928.530412
1514.201157
537.788772
-429.126728
-1165.687530
-1243.208622
-894.474138
-752.020849
-963.602633
-1761.120191
-2749.900614
-3380.891382
-3610.141791
-3306.241442
-2892.574760
-2813.507664
-3031.936040
-3580.105128
-4001.060117
-3944.299660
-3609.700075
-3085.162772
-2647.864305
-2483.546093
-2382.614073
-2310.614426
-2166.835991
-1831.132117
-1429.612615
-977.295817
-507.972967
-143.778435
160.342771
398.427492
515.702990
618.401873
728.830779
863.112328
1140.288882
1443.968373
1601.660851
1575.378771
1371.085295
1156.853218
1058.571492
1065.418084
1191.969610
1275.233005
1174.963558
947.259155
651.530545
451.875083
393.789478
415.654402
491.408631
512.610981
467.335130
386.501171
333.053580
428.022439
559.874553
703.432130
890.277839
1015.945934
1145.147754
1296.877071
1453.244401
1670.347630
1824.506383
1925.880118
2111.179822
2326.957905
2609.655904
2904.280224
2963.911834
2766.244092
2305.534697
1667.034763
1261.098105
1211.625955
1436.017492
1733.954680
1589.734529
911.038473
-48.809576
-997.173020
-1444.630947
-1392.287645
-1164.583241
-1014.841645
-1334.202041
-2051.769071
-2828.305137
-3428.154954
-3550.289324
-3326.118645
-3064.843854
-2914.439684
-3039.224347
-3264.499315
-3371.394496
-3375.590795
-3218.340033
-2969.212421
-2696.453024
-2330.491629
-1949.291046
-1607.403154
-1319.625425
-1150.448341
-1054.375193
-894.474138
-577.764036
-95.852290
449.887363
846.989708
989.222139
944.167145
794.425549
723.530191
863.333186
1131.012854
1408.189408
1545.783824
1479.526481
1296.877071
1070.718671
879.455806
768.585185
735.677371
769.247758
805.026724
800.609568
737.223376
612.438712
446.795353
282.697999
208.268916
269.004815
455.629666
723.971907
946.375723
1047.749459
1038.915146
992.093290
1005.565617
1105.172490
1316.533416
1583.329652
1772.383939
1845.046159
1800.653739
1717.169486
1724.236936
1786.960555
1834.665842
1831.132117
1694.862847
1417.686294
1033.835417
635.187067
348.955343
153.275321
33.128672
-43.729847
-166.968506
-376.783427
-694.156102
-1022.792526
-1248.067494
-1407.305976
-1531.428067
-1636.335527
-1704.801449
-1683.378241
-1663.059322
-1688.457971
-1729.758382
-1781.659967
-1788.285702
-1753.169310
-1706.789169
-1632.801802
-1527.010910
-1369.539291
-1191.969610
-1061.442643
-967.136358
-874.817792
-752.462565
-612.880428
-510.402403
-412.341535
-302.133486
-185.520562
-43.508989
89.889129
183.311984
244.268740
266.575379
244.489598
186.183135
110.649764
41.300411
24.073501
50.355581
55.214453
34.674676
6.404877
-22.085781
-58.085604
-106.674323
-133.839834
-94.748001
-22.748355
32.024383
63.827908
97.177437
143.557578
200.759751
262.820796
341.667035
443.924202
510.623261
532.046468
543.751933
570.254870
632.536773
697.689827
739.431954
788.462388
822.916207
812.315032
756.217147
673.395468
629.003048
638.941649
658.156279
653.297407
617.739299
577.543178
543.089359
490.966915
441.936481
410.132956
393.126905
394.010336
371.482839
343.875613
342.108750
341.446177
326.206988
290.428022
258.182782
272.096824
322.452405
372.366271
392.906047
360.881664
308.980079
264.145943
240.514157
222.845532
185.299704
121.913512
30.036662
-66.036486
-138.477848
-182.870268
-199.655462
-210.256637
-251.557048
-308.759221
-369.715977
-431.114449
-481.028314
-542.868501
-616.414153
-682.892354
-737.223376
-758.204868
-778.302929
-809.664738
-849.198286
-931.357392
-1016.166792
-1068.730951
-1104.289059
-1084.411856
-1035.381421
-996.289589
-953.884889
-936.437122
-932.019966
-891.823844
-809.885596
-698.352401
-597.199523
-543.751933
-509.739829
-462.034542
-395.114625
-306.329785
-217.103229
-172.048235
-150.183312
-132.072971
-119.484076
-87.680551
-27.607226
47.484430
132.956403
199.655462
233.004991
266.575379
309.863510
377.225142
470.206281
531.383895
557.665975
574.451168
602.941826
648.217677
677.370909
694.597818
726.622201
786.253810
857.149167
877.688944
858.474314
856.928310
871.063210
907.725606
935.553691
936.437122
964.265206
1018.596228
1063.430364
1072.706392
1058.792349
1029.859976
999.160740
976.854101
922.302222
852.069438
794.204691
747.603693
745.836830
741.419674
689.076373
610.450992
475.506869
316.710102
181.103406
20.760634
-138.919564
-279.385132
-422.721852
-521.666151
-590.132073
-654.180838
-705.640709
-757.321436
-813.861036
-896.682716
-1003.577897
-1103.626485
-1166.350104
-1164.141526
-1116.436238
-1071.822960
-1062.767790
-1072.927249
-1075.798401
-1079.552984
-1078.006979
-1085.074429
-1096.559035
-1068.730951
-1026.988825
-969.565794
-864.879191
-743.849110
-621.052167
-509.739829
-450.329078
-441.273908
-489.862626
-542.426786
-530.500464
-454.525377
-352.268210
-251.557048
-176.465392
-123.017801
-63.827908
-43.288131
-62.061045
-73.545651
-84.809400
-55.656169
9.276028
56.981315
123.680375
188.170856
262.379080
350.280489
381.421441
410.795530
435.752463
457.838244
546.623084
624.585892
701.002694
806.793586
853.615442
886.523256
933.565970
966.252926
995.185300
992.535006
971.995229
966.473784
961.835770
971.553514
1000.265029
1007.111622
977.737533
949.467733
930.915676
927.161094
925.394231
866.866911
785.591236
717.125315
644.904810
583.506339
508.193825
429.126728
370.378550
314.280666
297.053757
268.342241
187.508282
101.594593
2.650294
-84.588542
-145.103582
-238.747294
-331.949291
-385.396881
-419.850700
-439.948761
-468.660277
-514.598701
-569.813154
-640.266796
-699.014974
-744.732541
-794.867264
-842.130836
-882.547816
-915.013914
-935.332833
-945.492292
-951.897169
-946.817439
-949.688590
-968.019789
-1003.357039
-1046.203454
-1061.663501
-1032.068554
-946.817439
-802.376430
-651.751402
-547.948231
-514.598701
-542.647643
-564.291709
-509.077256
-372.366271
-229.692124
-154.379610
-166.305932
-200.318035
-159.459340
-61.619329
28.490658
97.177437
142.895004
196.784310
249.569327
287.556871
347.188480
414.770970
462.255400
477.273731
448.120500
451.212509
499.138655
534.034189
539.997350
490.304342
443.924202
464.463978
517.690711
554.573965
509.518972
410.795530
350.722205
331.286718
315.384955
299.924908
269.667388
250.894474
251.777905
232.121560
210.919210
208.268916
196.563452
176.686249
152.612748
150.183312
203.189187
282.256283
361.985953
426.255577
457.396528
482.795176
508.193825
519.015858
524.316445
514.377844
507.310394
506.868678
509.077256
541.101639
580.856045
578.647467
525.862450
445.028491
358.893944
296.391183
229.471266
104.907461
-25.398648
-129.643535
-208.710632
-245.814744
-296.170326
-368.169972
-454.746234
-583.506339
-689.738946
-752.462565
-812.535889
-838.155396
-865.320906
-900.658156
-908.388180
-906.400459
-856.707452
-767.701754
-685.542648
-625.911038
-625.469323
-645.788242
-638.499934
-595.211803
-478.598878
-329.961571
-229.250409
-192.146296
-209.814921
-221.299527
-166.305932
-71.557931
7.950881
28.932373
-7.509166
-51.901586
-66.478201
-34.232961
8.171739
19.214630
-17.668625
-106.674323
-234.992712
-301.691771
-164.980785
111.533195
298.158046
215.998940
-90.993418
-357.568797
-365.740536
-152.171032
63.827908
108.220328
32.907814
-37.324970
-40.637837
26.282080
57.202173
27.165511
23.190070
73.545651
183.091126
290.869738
334.599585
339.458457
318.476965
353.593357
477.273731
610.892707
708.953576
730.597641
709.174433
740.315385
786.032952
806.351871
820.707628
836.609391
905.075313
981.271258
988.559565
909.492469
735.456513
552.586245
461.371969
457.838244
509.518972
547.064800
506.426962
427.801581
348.513627
270.771677
193.029727
95.852290
-48.367861
-203.410045
-319.139538
-387.826317
-404.832369
-401.077786
-401.519502
-418.525553
-469.322850
-552.365387
-655.947701
-744.069968
-778.302929
-780.069791
-749.149697
-678.254340
-603.604399
-540.659923
-491.629489
-445.028491
-402.623791
-387.163744
-391.360042
-392.685189
-374.574849
-322.673263
-263.262512
-188.833429
-94.085428
-26.061222
-33.570387
-101.152878
-148.858165
-144.441009
-149.741596
-264.808516
-539.776492
-836.830249
-903.308450
-686.646937
-370.378550
-208.268916
-330.182429
-585.935775
-721.321613
-706.303282
-664.119440
-625.248465
-535.359336
-339.679314
-114.183489
-15.018331
-59.189894
-152.171032
-164.539070
-82.379964
-29.594947
-8.392597
77.962808
256.195062
460.046822
534.696762
474.844295
483.016034
634.966209
782.720085
777.419497
653.297407
615.309864
750.695702
942.841998
1113.785945
1262.644110
1434.250629
1612.262026
1690.666549
1613.145457
1432.042051
1281.417024
1273.466142
1386.766200
1455.673837
1340.827775
1078.006979
807.897875
666.328018
665.665445
682.008923
586.819206
332.391007
-3.312867
-253.986484
-367.507399
-410.574672
-482.132603
-643.800521
-833.959097
-1012.191351
-1187.773312
-1296.435355
-1334.202041
-1365.563850
-1414.815142
-1503.379125
-1592.826538
-1631.034940
-1612.482884
-1510.004859
-1365.122134
-1251.822077
-1192.632183
-1162.595521
-1057.467203
-870.842352
-694.156102
-546.843942
-441.053050
-350.722205
-225.716684
-48.367861
158.796767
297.274615
348.513627
387.163744
457.175670
580.635187
687.530368
751.799991
775.873493
624.144176
264.808516
-172.048235
-473.077433
-490.304342
-358.010513
-278.059985
-332.170149
-526.525023
-728.609921
-829.100225
-865.100049
-900.216441
-996.510447
-1111.356509
-1106.939352
-957.860330
-717.567030
-435.531605
-204.293476
-104.024029
-112.858342
-92.760281
115.066920
477.936305
842.793410
1128.804276
1340.606917
1540.924953
1795.574009
2106.541808
2408.896153
2590.662132
2624.011661
2642.784575
2783.912717
3047.175229
3340.474403
3590.485445
3712.398958
3586.951720
3169.309598
2576.306374
1973.364548
1413.048280
899.112152
501.126375
284.685719
195.680021
69.128495
-285.127435
-905.737886
-1665.267901
-2372.896329
-2892.574760
-3263.174168
-3587.835152
-3825.036442
-3824.373868
-3579.221697
-3318.609479
-3281.284509
-3444.056716
-3608.816644
-3651.663059
-3557.577632
-3342.241265
-2990.414771
-2437.165953
-1701.488582
-945.713150
-355.801935
-36.883255
107.336897
305.004638
600.512390
903.529308
1182.031008
1505.366845
1971.597685
2479.349795
2828.746853
2938.734043
2802.685631
2557.975176
2324.086753
2052.652502
1707.010027
1249.613499
794.204691
531.383895
400.636070
217.324087
-165.864217
-734.573082
-1312.337117
-1825.610672
-2234.418481
-2500.552145
-2649.852025
-2663.545210
-2565.042626
-2381.951500
-2169.265427
-2015.769248
-1854.101330
-1628.826362
-1357.833827
-1054.375193
-738.548522
-282.035426
362.869385
1052.166615
1671.893635
2094.394629
2363.841159
2603.913600
2856.133221
3161.800433
3440.302133
3625.160122
3804.496665
3988.250364
4175.537789
4314.678210
4321.083087
4282.874685
4181.942665
3954.900835
3591.589735
3015.150846
2282.344627
1456.557268
610.009276
-49.913865
-519.678431
-847.431424
-1133.442290
-1581.562790
-2199.302089
-2923.494854
-3586.289147
-4042.139670
-4426.873979
-4799.902823
-5091.214276
-5159.680198
-4877.865630
-4461.327797
-4111.930739
-3867.441141
-3706.214939
-3472.768232
-3171.518177
-2826.317417
-2362.074297
-1769.733645
-981.050400
-141.128142
514.156986
1009.761915
1432.262909
1894.076593
2342.638809
2561.508901
2614.956491
2671.496091
2872.255842
3220.327753
3473.209947
3544.988736
3402.314590
3077.874464
2690.489863
2175.228588
1540.041521
816.732188
35.337250
-619.064446
-1142.276602
-1533.636645
-1767.966783
-2016.431821
-2315.473298
-2760.722647
-3310.879456
-3687.883740
-3861.698838
-3760.104245
-3437.210124
-3084.279341
-2638.588277
-2131.057025
-1539.599806
-829.983657
-260.833076
147.091303
462.917973
784.045232
1317.858563
1960.996510
2623.790803
3241.750961
3675.736561
4001.501833
4244.003710
4392.199302
4490.922744
4494.898185
4419.364813
4300.322452
4172.445779
4131.807942
4221.697071
4359.070630
4315.340784
3899.244666
3055.567825
1895.180883
650.867971
-522.770440
-1431.158620
-1984.849154
-2297.142100
-2472.503202
-2763.593798
-3264.278458
-3804.717523
-4310.261054
-4706.700826
-5136.931843
-5725.738769
-6148.018905
-6124.828835
-5539.334776
-4609.302531
-3807.146959
-3207.076284
-2736.207430
-2300.013251
-1837.095278
-1491.673660
-1185.564733
-720.659040
-35.337250
841.909978
1669.905915
2356.773709
2999.690799
3569.283096
3957.551129
3969.256593
3634.657008
3248.818411
3031.936040
3042.978930
3103.935686
3036.574054
2821.237687
2516.674765
2199.743805
1731.966960
944.167145
-177.790538
-1455.011264
-2539.423119
-3268.033040
-3627.810416
-3691.638323
-3655.859358
-3618.976103
-3669.331684
-3796.324926
-3860.594549
-3851.097663
-3704.448076
-3420.424930
-3048.500375
-2486.417245
-1703.255444
-675.383188
475.065153
1420.999161
2061.045099
2411.546446
2640.134282
2957.065241
3309.333451
3676.840850
4006.360705
4244.445426
4501.082203
4766.111577
4955.607580
5000.000000
4793.718804
4402.358761
3936.127921
3487.565705
3205.088564
3126.904899
3130.217766
3008.083396
2600.600733
1858.518486
868.633774
-289.544591
-1511.550864
-2562.834047
-3333.848668
-3784.398604
-3988.471222
-4159.636026
-4288.616988
-4343.610584
-4318.211935
-4258.138610
-4465.524096
-4883.828791
-5196.121737
-5153.496179
-4581.032731
-3802.508945
-3048.942091
-2248.995097
-1456.115553
-609.125845
111.533195
518.353284
817.836477
1076.681832
1426.299748
1840.629003
2131.719599
2481.337515
2945.801493
3427.713238
3757.012236
3652.988206
3279.296789
2879.323292
2514.687044
2194.001502
1736.163258
1197.711913
746.499404
417.862980
194.796590
-168.735368
-805.247582
-1642.740404
-2540.085693
-3301.161712
-3903.882680
-4291.488140
-4428.640841
-4377.180971
-4135.562525
-3817.527276
-3425.946376
-2952.206370
-2481.558373
-1961.217368
-1463.845576
-983.258978
-417.862980
220.195238
1015.945934
1830.469544
2498.343566
3063.739564
3490.878572
3886.655771
4243.341137
4422.898538
4497.106763
4416.714519
4250.408587
4117.231326
3920.005301
3724.546137
3500.596316
3235.125226
3005.874818
2709.041919
2411.325589
2219.621008
2125.977296
2083.793454
1836.653562
1259.993816
422.280136
-595.432660
-1619.771191
-2549.803437
-3256.769292
-3655.196784
-3791.024339
-3785.282035
-3799.858651
-3785.502893
-3651.663059
-3396.351429
-3184.548787
-3301.824286
-3618.092672
-3830.116171
-3718.362118
-3198.021114
-2542.294271
-1812.359203
-977.074959
-228.587835
444.365917
926.940236
1216.043111
1510.888290
1649.586996
1659.083882
1600.335704
1503.820840
1679.402800
2012.456381
2300.234109
2473.386634
2365.387164
2166.173418
1920.358673
1511.330006
1047.086885
472.856575
-100.490304
-551.481956
-942.400283
-1163.920668
-1282.963028
-1432.925483
-1661.513318
-2099.032643
-2619.594505
-3049.383807
-3328.989796
-3422.854366
-3476.301957
-3476.301957
-3282.388798
-2817.483104
-2075.621715
-1270.815849
-548.610804
94.527143
653.959981
1161.712090
1576.041345
1911.745218
2229.117894
2524.625646
2799.593622
3024.647732
3252.572994
3543.442732
3814.656124
3955.784266
3853.968815
3544.105305
3179.910773
2828.305137
2494.809841
2117.142983
1721.144927
1425.858033
1242.546049
1174.521843
1197.491055
1308.803392
1495.649101
1558.151862
1366.005566
866.866911
100.490304
-782.720085
-1729.316666
-2550.907726
-3059.764124
-3236.671231
-3126.021467
-2951.322938
-2784.575290
-2516.895623
-2150.271655
-1763.107911
-1650.691285
-1942.665312
-2358.540572
-2639.471708
-2626.882813
-2416.405318
-2133.486461
-1637.660674
-935.111975
-161.005345
513.052697
933.565970
1222.668846
1398.471664
1362.692698
1109.589646
682.229780
383.850877
383.188303
537.347056
724.634480
850.965149
999.160740
1210.521666
1283.404744
1136.976015
781.836654
318.476965
-144.882725
-649.101109
-1130.350280
-1457.661557
-1589.955387
-1592.826538
-1661.513318
-1821.856089
-1921.462962
-1895.401740
-1818.322364
-1870.665665
-2056.186227
-2189.805203
-2133.928177
-1855.205619
-1455.673837
-983.479836
-392.022616
286.673440
976.191528
1565.661027
2021.953266
2385.706082
2612.527055
2662.440921
2560.183754
2427.006493
2407.791864
2481.779231
2557.533460
2579.177526
2562.171474
2577.410663
2552.012015
2408.454437
2159.989399
1843.279297
1551.967843
1261.318963
957.639472
752.904280
710.499580
898.670436
1217.147401
1448.164672
1525.685764
1364.017845
947.480012
267.017094
-683.554927
-1582.887937
-2220.725297
-2584.036397
-2752.771766
-2919.740271
-2912.010248
-2571.447502
-2023.940987
-1470.913026
-1290.030478
-1472.459031
-1718.494633
-1953.045629
-2106.100093
-2269.534873
-2398.515836
-2221.387870
-1815.009497
-1255.355802
-645.346526
-98.944300
516.144706
1008.657626
1211.184240
1148.239763
852.290296
624.585892
489.862626
324.440125
228.366977
200.538893
342.771324
618.401873
814.302752
995.847873
1072.485534
1002.473607
823.799638
432.660453
-15.018331
-435.089889
-829.100225
-1135.430010
-1490.569371
-1799.549450
-1927.646981
-1926.321834
-1766.199920
-1598.789699
-1493.440523
-1413.489995
-1411.723133
-1356.950395
-1195.503335
-953.001458
-618.843588
-279.385132
106.895181
579.530898
1112.460798
1684.040815
2134.149035
2407.350148
2531.251380
2515.570476
2429.877645
2287.866072
2130.836168
1998.984054
1858.297628
1733.292107
1641.415257
1611.378594
1646.274129
1666.593047
1630.372366
1492.998807
1307.478246
1141.172313
989.001281
892.265559
899.553867
1051.945757
1263.748399
1348.999514
1269.711560
1025.001104
608.904987
21.202350
-660.806573
-1224.435708
-1614.691462
-1914.616370
-2190.688635
-2407.791864
-2370.908609
-2052.873360
-1684.261672
-1506.471134
-1597.243695
-1733.954680
-1773.267370
-1830.248686
-1976.898273
-2150.713371
-2183.621185
-2009.364371
-1739.696983
-1406.864261
-980.829542
-450.549936
85.251115
431.335306
568.488007
620.168735
686.205221
734.793940
646.892531
481.028314
381.421441
373.912275
434.648174
513.273554
648.659393
825.345642
920.314502
898.228720
768.364327
589.911215
409.912099
145.103582
-237.201290
-688.192941
-1127.920845
-1450.594108
-1658.863024
-1756.703035
-1729.758382
-1632.360087
-1522.593754
-1412.827422
-1235.699457
-936.437122
-611.334423
-346.967622
-147.974734
48.147003
334.599585
662.794293
970.890940
1253.368082
1501.612262
1719.598922
1849.021600
1868.015372
1860.727064
1851.230178
1801.978886
1678.077654
1489.685940
1329.122311
1220.460268
1131.012854
1041.344582
944.167145
878.793233
866.425195
888.510977
908.829895
956.756040
1092.804452
1316.754274
1551.084412
1687.574540
1701.267724
1604.973718
1351.870666
900.658156
280.047705
-354.697646
-819.161624
-1146.914616
-1426.078890
-1707.010027
-1916.162375
-1868.898803
-1626.838641
-1410.839701
-1384.778480
-1535.403507
-1680.507090
-1783.426830
-1951.941340
-2186.934052
-2397.632404
-2434.073943
-2271.964309
-2024.603560
-1706.347454
-1295.993639
-790.670966
-275.188833
103.803172
348.513627
523.874729
646.009099
698.352401
644.242237
548.610804
490.966915
472.194002
519.015858
625.027607
766.597465
917.001634
1020.142232
1057.467203
1030.301692
944.829719
781.615796
485.666328
98.502584
-275.851407
-575.776315
-840.363974
-1144.264323
-1408.851981
-1548.875834
-1582.446221
-1557.931004
-1514.642873
-1406.864261
-1219.576836
-997.835593
-762.842882
-545.960511
-311.409515
-31.140951
233.446707
460.709395
655.505985
854.057158
1053.933478
1159.282654
1181.147577
1197.491055
1215.601396
1248.067494
1245.638058
1196.386766
1166.129246
1121.074252
1087.283007
1065.197226
1024.117673
1048.412032
1061.663501
1028.976545
1066.522373
1147.577190
1315.208269
1527.452626
1720.040638
1998.100623
2224.921595
2312.602147
2311.718715
2093.732055
1688.899686
1100.313618
391.801758
-178.232254
-678.254340
-1139.626309
-1541.145810
-1910.199214
-2020.407262
-1905.119484
-1785.414550
-1749.856442
-1883.033703
-1980.873714
-2021.290693
-2212.774416
-2449.092274
-2665.974646
-2751.004903
-2677.680110
-2607.889041
-2399.620125
-1990.591457
-1422.103450
-762.180308
-271.213393
113.741773
499.580370
815.186183
1064.534653
1126.595698
1089.712443
1064.755510
967.136358
921.197933
943.283714
1025.884536
1175.405274
1245.858916
1303.723663
1353.416670
1331.110031
1271.478422
1042.228014
691.284951
341.225319
-32.466098
-400.415213
-837.271964
-1292.018199
-1649.807854
-1951.278767
-2137.241044
-2191.130350
-2122.443571
-1942.665312
-1742.568135
-1482.618490
-1160.386943
-830.867088
-484.120323
-199.876320
25.840364
233.446707
411.016388
593.886656
731.481072
832.854808
969.124078
1093.025310
1201.687354
1310.128539
1409.514555
1514.642873
1560.360440
1545.342109
1538.937232
1531.207209
1537.170370
1530.323778
1450.152392
1393.612792
1411.502275
1487.477362
1642.740404
1831.132117
2061.265957
2297.804673
2409.337868
2425.681346
2353.681700
2100.136932
1632.801802
924.952516
149.299881
-503.334953
-1083.528424
-1619.992049
-2141.879058
-2546.269712
-2645.434869
-2535.889394
-2391.227528
-2317.461019
-2304.209550
-2236.847917
-2218.516719
-2309.510137
-2438.711957
-2559.300322
-2579.398383
-2568.355493
-2492.159548
-2229.338752
-1815.672070
-1258.889527
-687.309510
-171.606520
388.268033
904.191881
1340.827775
1659.967313
1789.389991
1830.690402
1747.206149
1573.832766
1443.305800
1320.508856
1232.386590
1137.859446
1026.105393
1019.479659
1058.571492
1095.896462
1063.209506
887.627545
652.413976
343.213039
-65.815628
-551.923672
-1090.375017
-1579.795927
-2045.585052
-2485.975529
-2779.937276
-2884.844737
-2799.151906
-2607.668183
-2338.221653
-1936.039578
-1433.808914
-870.400636
-350.501347
35.337250
338.354168
574.009453
752.462565
866.646053
909.492469
951.455453
994.081011
1030.743407
1102.522196
1230.178011
1411.723133
1600.556562
1754.494456
1856.972481
1909.094925
1931.843279
1902.027475
1808.162905
1648.261849
1460.532709
1326.030302
1238.570608
1239.895755
1368.435002
1560.139582
1808.162905
2045.143337
2199.964663
2282.565484
2173.240868
1830.248686
1288.926189
588.586068
-102.257167
-746.278546
-1404.876540
-2048.677062
-2597.950440
-2891.470471
-2884.182164
-2744.379169
-2579.840099
-2439.595388
-2262.025708
-2015.106674
-1834.224127
-1794.248863
-1876.407969
-1985.070012
-2061.265957
-2122.664429
-2121.118424
-1979.548567
-1669.243341
-1221.343699
-717.787888
-152.833606
483.678608
1121.074252
1660.188171
1987.278590
2108.971244
2132.603030
2070.541985
1909.978356
1646.494987
1309.024250
1004.240470
761.517735
591.678078
518.132426
500.684659
508.635540
492.071205
403.065506
265.471090
57.423031
-267.237952
-730.376783
-1314.987411
-1910.640929
-2424.577057
-2834.268298
-3120.279164
-3235.346084
-3124.254605
-2775.520120
-2243.694509
-1613.366315
-936.878837
-267.237952
321.789832
792.437829
1114.448518
1281.196166
1327.134591
1242.546049
1062.105217
890.056981
792.879544
812.094174
906.842175
1034.497990
1253.588939
1564.556738
1886.788286
2144.750210
2276.381466
2305.092981
2260.258845
2093.290340
1820.310084
1504.704271
1206.104510
1000.265029
896.241000
907.283891
1076.240117
1358.938116
1652.016432
1905.119484
2092.406908
2156.013958
2007.597509
1575.157913
942.179425
282.035426
-399.090066
-1170.546402
-1991.474888
-2705.508194
-3077.653607
-3110.561421
-3049.825522
-2978.930165
-2811.299086
-2459.693449
-2003.401210
-1684.703388
-1571.403331
-1532.311498
-1518.397456
-1561.243871
-1690.666549
-1839.303856
-1836.874420
-1658.863024
-1417.244578
-1127.037413
-683.996643
-56.760458
658.377137
1266.177835
1711.648041
2102.124652
2417.067892
2544.502849
2441.362251
2154.909669
1801.316313
1421.220019
974.866381
528.071028
190.600292
2.871152
-98.502584
-193.250585
-243.827024
-182.649410
-82.600822
-133.618976
-373.249702
-691.284951
-1052.829189
-1472.238173
-1981.757145
-2538.539688
-2954.856663
-3163.788153
-3187.861655
-3006.758249
-2635.496268
-2045.585052
-1295.772781
-554.132250
148.195592
822.474491
1375.944167
1729.979239
1853.659614
1807.058616
1709.218605
1556.384999
1317.416847
1076.240117
913.026194
895.136711
1052.166615
1278.766730
1540.704095
1858.739344
2155.130527
2398.294978
2541.631698
2549.140863
2461.681170
2221.608728
1859.622775
1519.501745
1242.325191
1048.412032
929.369672
866.866911
885.198109
992.535006
1163.037237
1285.613322
1242.987764
1016.829365
678.033482
320.243827
-132.514687
-773.223199
-1528.777773
-2279.694333
-2808.648792
-3090.463360
-3312.204603
-3473.651663
-3487.344847
-3255.223287
-2793.851319
-2341.755378
-1957.683643
-1566.544459
-1218.251690
-945.271434
-798.842705
-756.879721
-694.597818
-608.242414
-573.788595
-545.960511
-405.274085
-77.521092
365.519678
763.063740
1102.963912
1492.998807
1900.481470
2210.786696
2366.712311
2349.043686
2212.995274
1951.057909
1530.323778
1050.841468
588.586068
134.944123
-297.053757
-708.070144
-1019.921375
-1136.313441
-1151.110915
-1168.116966
-1186.889880
-1192.632183
-1183.356155
-1267.061266
-1527.673484
-1854.322187
-2133.044746
-2368.920889
-2560.183754
-2680.109545
-2646.760016
-2378.417775
-1946.861610
-1403.993109
-736.560802
7.509166
770.352047
1447.502098
1948.849331
2332.037634
2601.925880
2674.367242
2542.294271
2258.271125
1937.585582
1667.034763
1419.011440
1216.263969
1122.841115
1135.650868
1243.650338
1422.103450
1617.783471
1816.334644
1954.370776
1961.879942
1872.432528
1717.169486
1500.949689
1246.079774
935.995406
651.972260
484.120323
367.286541
285.569151
282.035426
339.900172
408.586952
387.163744
256.195062
155.042184
69.570211
-171.164804
-615.751579
-1167.233535
-1615.574893
-1869.119661
-2147.400504
-2546.048854
-2870.709837
-2939.617474
-2720.084809
-2417.509607
-2197.093511
-1917.929237
-1491.011087
-1033.172843
-667.653165
-443.040770
-271.875966
-103.361456
-44.613278
-103.361456
-139.582137
-85.692831
32.024383
136.490128
222.845532
434.427316
797.296700
1144.485180
1382.569901
1546.446398
1676.089933
1757.586466
1677.635938
1421.220019
1112.019082
758.867441
315.826671
-194.134017
-679.358629
-1030.522550
-1267.282124
-1506.912850
-1697.071425
-1716.948628
-1597.906268
-1455.673837
-1434.913203
-1520.164318
-1546.004682
-1527.452626
-1578.249923
-1693.537700
-1800.874597
-1784.751977
-1619.108618
-1369.539291
-1011.528778
-512.831839
54.551879
646.009099
1228.852865
1803.524891
2359.203145
2739.741155
2869.384690
2826.759132
2687.397853
2483.766951
2172.578294
1722.911789
1262.864968
920.314502
688.413799
543.310217
472.635717
498.696939
628.119617
777.861213
894.915853
998.056451
1070.056098
1060.117496
945.271434
770.572905
627.015328
540.218208
444.365917
316.710102
237.863863
279.605990
403.728080
489.420911
479.261451
477.052873
519.678431
490.304342
296.832899
-55.435311
-440.390477
-765.934891
-1095.896462
-1500.287115
-1926.321834
-2228.455320
-2326.957905
-2317.902734
-2298.467247
-2222.492160
-1992.800035
-1639.206679
-1297.981360
-1035.823137
-804.805866
-567.825434
-365.298821
-259.507929
-210.035779
-156.367331
-87.017978
-16.785194
16.564336
88.784840
264.587658
501.347233
728.168205
914.130483
1091.258448
1270.153275
1366.005566
1334.422899
1216.926543
1037.369142
792.437829
464.243120
82.821679
-275.188833
-580.193471
-851.627722
-1086.178718
-1249.613499
-1309.024250
-1322.496577
-1363.355272
-1421.220019
-1446.176951
-1423.207739
-1431.600336
-1495.869959
-1530.323778
-1472.900746
-1313.220549
-1103.847343
-859.357745
-517.248995
-91.876850
358.893944
795.750696
1187.552454
1559.256151
1874.641106
2058.394805
2130.394452
2114.492690
2037.192455
1881.045983
1613.145457
1307.036530
1045.320023
835.946817
659.702284
498.255223
376.783427
332.170149
350.501347
402.623791
461.592827
518.132426
551.923672
551.040240
544.414506
526.525023
522.328725
553.248818
590.573789
655.947701
747.824551
845.443703
974.866381
1091.700163
1127.037413
1088.608154
1000.927603
889.615266
704.315562
343.213039
-141.790715
-590.794646
-930.032245
-1208.092230
-1547.329829
-1929.413843
-2162.639693
-2170.148858
-2061.265957
-1974.247979
-1921.462962
-1794.690578
-1550.421838
-1311.453686
-1148.018905
-1015.062503
-878.130659
-745.836830
-651.751402
-587.260921
-465.347409
-283.581430
-140.686426
-44.613278
70.895358
264.808516
504.439242
672.512037
773.885772
907.725606
1069.835240
1176.730421
1175.846990
1101.417907
1019.700517
918.989355
729.051637
469.543708
217.544945
-18.993772
-263.483369
-528.291886
-766.155749
-895.799284
-976.191528
-1099.651045
-1238.791466
-1330.005742
-1335.748045
-1308.803392
-1352.533239
-1422.986881
-1425.858033
-1364.238703
-1248.067494
-1100.755334
-902.425019
-605.150404
-263.262512
85.030258
453.421088
843.235125
1228.190291
1522.593754
1687.353682
1781.659967
1828.923539
1775.034233
1604.973718
1371.306153
1136.976015
910.155042
666.990591
418.525553
235.876143
155.925615
136.931843
160.121914
221.741243
332.832722
488.979195
618.401873
707.186713
816.511330
916.339061
965.590353
953.443173
913.909625
930.694819
970.890940
946.817439
901.983303
900.879014
947.038297
980.829542
945.492292
905.517028
905.958744
840.584831
592.782367
214.011220
-152.612748
-439.948761
-759.309157
-1218.030832
-1697.292283
-2006.051504
-2144.529352
-2233.755908
-2337.779937
-2362.516012
-2192.897213
-1922.346393
-1682.936525
-1475.551040
-1248.509210
-978.179248
-747.161977
-635.187067
-557.003401
-444.365917
-340.121030
-295.507752
-265.250232
-144.441009
71.778789
275.851407
435.531605
637.174787
923.406511
1213.613676
1396.925659
1471.354742
1507.796281
1521.047749
1423.649454
1190.202747
893.148991
583.064623
244.268740
-166.968506
-595.432660
-909.934184
-1091.037590
-1239.233182
-1399.796811
-1514.863731
-1522.372896
-1468.925306
-1442.643226
-1451.256681
-1432.042051
-1372.852158
-1313.220549
-1266.619550
-1196.386766
-1045.982596
-813.861036
-560.095411
-287.998587
37.545828
396.218914
754.229427
1062.105217
1328.901453
1576.483060
1731.083528
1763.328769
1715.623482
1612.041168
1481.514201
1305.048810
1070.497814
849.640002
675.383188
536.463625
432.439595
368.390830
368.611688
433.323027
506.647820
547.727373
592.340651
666.107160
731.701930
763.063740
748.928840
724.855338
746.941119
776.315208
788.020672
810.769027
844.339414
930.694819
1048.191175
1089.712443
1092.141879
1100.534476
1082.203278
1007.332479
776.315208
404.390653
38.870975
-305.667211
-661.027431
-1056.583771
-1507.796281
-1870.665665
-2061.928530
-2180.970891
-2271.743452
-2309.068422
-2250.320244
-2050.002209
-1806.616900
-1613.808030
-1413.931711
-1208.754804
-1015.283361
-822.916207
-679.579487
-556.561686
-414.108397
-316.047529
-229.692124
-95.189717
66.919917
258.845355
423.605283
536.463625
698.131543
894.694995
1047.086885
1154.423782
1196.165908
1198.816202
1191.307037
1103.405627
939.970847
748.045408
493.838067
191.042007
-136.710985
-473.519148
-743.849110
-966.915500
-1187.773312
-1347.232652
-1427.404037
-1439.551217
-1418.569725
-1432.262909
-1438.446928
-1367.330712
-1270.594991
-1192.411326
-1137.638588
-1088.387296
-957.418614
-745.836830
-501.347233
-236.538716
41.521269
341.004461
668.094881
991.430717
1295.772781
1565.440170
1741.463846
1827.819250
1861.831353
1847.917311
1762.445338
1584.433941
1329.343169
1063.430364
817.615619
584.168912
370.820266
194.796590
89.005698
68.245064
100.269447
163.213923
266.354521
387.605460
520.120147
645.788242
746.941119
824.903927
852.511153
832.413092
819.603339
804.805866
780.511507
759.088299
749.812271
795.529838
850.965149
865.762622
880.560095
907.946464
918.989355
846.547992
606.917267
301.029197
33.791245
-248.465038
-615.309864
-1096.559035
-1549.317549
-1832.236406
-2013.118954
-2191.792924
-2339.988515
-2373.779761
-2244.577941
-2040.063607
-1863.819073
-1671.451919
-1409.072839
-1120.190821
-871.284067
-687.751226
-523.874729
-342.329608
-210.919210
-147.533018
-80.613101
32.466098
155.042184
231.238129
282.477141
410.795530
611.555281
779.628075
868.854631
930.694819
1022.571668
1105.172490
1084.632713
957.860330
790.670966
604.487831
365.961394
61.840187
-249.348469
-506.426962
-733.910508
-973.982950
-1175.626132
-1265.736119
-1256.680949
-1234.595168
-1256.239233
-1251.380361
-1148.239763
-1013.958214
-906.842175
-841.026547
-764.830602
-611.996996
-437.519325
-284.685719
-118.379787
64.932197
283.360572
520.561862
738.990238
971.553514
1182.914440
1324.042581
1426.741464
1502.495693
1539.820663
1510.667432
1365.784708
1172.754980
1007.995053
841.909978
653.076549
438.181898
227.925262
91.655992
12.368037
-51.459870
-85.913689
-73.766509
-11.484606
86.134547
171.385662
253.544768
363.752816
447.678784
503.114095
561.862273
618.843588
689.738946
743.186537
763.063740
819.161624
927.381951
1044.878307
1137.417730
1171.429833
1199.699633
1266.177835
1286.717611
1185.123018
957.197756
669.420027
401.740360
109.766332
-288.219444
-755.333716
-1197.270197
-1535.845223
-1776.580238
-1999.867485
-2202.394099
-2308.847564
-2291.399797
-2179.645744
-2029.462432
-1865.144220
-1663.280180
-1443.968373
-1241.220902
-1047.749459
-867.971200
-716.021026
-611.113565
-554.794823
-502.672380
-420.292416
-334.378727
-266.796237
-189.937718
-63.386192
123.901232
321.568974
494.942356
666.328018
852.511153
1026.988825
1148.018905
1185.343876
1157.957507
1088.608154
958.302045
779.628075
570.917443
341.225319
90.772561
-175.140245
-406.157516
-562.745704
-671.849463
-774.548346
-873.934361
-919.651928
-886.744114
-828.879367
-797.075843
-791.333539
-766.597465
-697.248112
-612.659570
-542.868501
-469.543708
-371.041124
-241.839304
-83.925968
81.938248
270.329962
466.672556
644.242237
816.732188
983.258978
1115.552807
1182.914440
1169.000398
1110.031362
1051.062326
954.326605
800.830425
606.696409
413.887539
274.305402
160.784487
49.030434
-30.920094
-60.294183
-47.263572
-5.521445
46.380140
116.392067
205.839481
265.471090
311.851230
385.617739
464.463978
535.801051
586.156632
623.481603
713.370732
843.235125
953.664031
1067.847520
1205.000221
1367.772428
1537.170370
1640.973541
1701.267724
1763.107911
1719.819780
1526.569195
1233.932594
894.694995
554.353107
115.729493
-472.194002
-1054.154335
-1516.851451
-1881.708556
-2220.946155
-2598.392155
-2888.599320
-2954.856663
-2909.801670
-2855.470648
-2779.716419
-2637.483988
-2378.859490
-2086.443748
-1849.242458
-1609.170016
-1351.649808
-1125.712266
-922.964795
-734.131366
-516.807279
-253.986484
-41.962984
146.870445
413.887539
733.468793
1047.086885
1292.901630
1490.569371
1754.052741
2031.229295
2181.854322
2215.645567
2185.608905
2121.118424
2006.493220
1762.445338
1422.103450
1071.160387
689.076373
259.949644
-178.673970
-594.107514
-946.154865
-1273.024427
-1609.611732
-1865.144220
-1994.125182
-2066.124829
-2115.376121
-2135.032466
-2064.137109
-1866.690225
-1646.715844
-1445.072662
-1199.920491
-896.020142
-547.727373
-202.747471
90.330845
393.789478
702.327841
964.044348
1191.086179
1384.336764
1541.366668
1653.783294
1675.648218
1646.936702
1632.580944
1583.329652
1461.195282
1281.196166
1087.724723
934.228544
781.394938
577.984893
364.636247
193.692301
85.913689
13.693184
-79.067097
-158.796767
-169.839657
-138.477848
-86.797120
-39.312690
5.521445
82.600822
174.256813
256.415919
354.255930
452.095941
536.684483
626.352754
702.990415
806.131013
941.958567
1039.577720
1105.393348
1169.000398
1237.024604
1302.398516
1261.981536
1070.056098
822.032775
562.966562
268.563099
-118.158929
-632.095057
-1149.344052
-1541.366668
-1857.855912
-2149.388224
-2431.644507
-2648.968594
-2690.048147
-2592.428994
-2451.521710
-2256.283405
-2027.916427
-1765.758205
-1445.956093
-1130.350280
-829.321083
-546.843942
-341.887893
-165.864217
32.466098
208.489774
357.568797
456.513097
527.187597
667.874023
832.633950
945.271434
1032.731128
1103.405627
1187.552454
1277.441583
1282.742171
1225.760855
1165.687530
1057.688060
894.915853
688.634657
428.685013
166.968506
-112.195768
-436.415036
-714.916737
-937.541411
-1136.092584
-1294.668492
-1427.845753
-1482.397632
-1426.520606
-1361.809267
-1304.165378
-1197.049340
-1038.473431
-830.646230
-621.935598
-462.034542
-269.004815
-30.699236
193.471443
409.912099
599.628959
772.339768
949.467733
1087.503865
1187.110738
1284.288175
1338.619197
1345.024074
1320.508856
1266.398693
1208.533946
1102.963912
917.885066
714.916737
526.083308
334.378727
123.238659
-112.416626
-329.298997
-471.310570
-576.659746
-677.812624
-742.744821
-756.217147
-703.211273
-614.426432
-524.095587
-405.274085
-246.477318
-78.625381
75.091656
218.428376
365.298821
516.807279
636.070498
719.333893
814.302752
929.148814
1041.123725
1129.245991
1220.681125
1355.404391
1501.612262
1609.832590
1665.930474
1702.813729
1729.979239
1676.089933
1479.084765
1190.644463
867.529485
509.960687
72.883078
-463.359689
-1002.031892
-1453.244401
-1834.444984
-2195.326649
-2527.055082
-2755.642917
-2821.016829
-2771.765537
-2677.680110
-2523.742215
-2294.491806
-2004.947215
-1686.911966
-1382.790759
-1086.620434
-799.726136
-566.942003
-377.004285
-194.796590
-25.619506
119.484076
206.722912
276.072265
395.777199
540.439065
659.260568
746.720261
840.143116
981.492115
1136.976015
1226.202571
1264.410972
1296.877071
1318.741994
1303.061089
1216.484827
1073.368965
904.854455
696.143823
438.181898
163.655638
-110.428906
-379.433721
-642.917090
-895.357569
-1094.129599
-1217.589116
-1297.318786
-1345.907505
-1348.778656
-1275.453863
-1139.626309
-991.209859
-844.339414
-672.070321
-461.371969
-253.986484
-76.858518
64.932197
183.311984
291.753169
380.758867
442.599055
485.224612
518.574142
542.426786
561.862273
587.040064
616.855868
631.211626
627.898759
611.776139
605.150404
594.328371
553.248818
488.537480
420.954989
361.765096
312.513804
251.115332
181.324263
133.398118
105.790892
99.606873
97.177437
81.717390
86.797120
118.379787
160.342771
212.686073
262.820796
308.096647
375.899996
454.304519
527.187597
603.162684
672.291179
742.082247
830.204514
908.167322
978.179248
1039.356862
1071.160387
1091.479306
1100.313618
1072.927249
999.160740
842.130836
630.990768
429.789302
207.164627
-73.103936
-406.820089
-761.076019
-1054.816909
-1279.429303
-1505.145987
-1727.549803
-1905.782058
-2005.168073
-2008.480940
-1976.014842
-1937.143867
-1841.070719
-1691.329122
-1515.526304
-1316.533416
-1124.387120
-931.578250
-732.143646
-555.678254
-382.084014
-213.569504
-85.251115
6.404877
93.201997
190.158576
307.875790
408.366094
462.034542
526.966739
623.260745
734.573082
829.321083
879.455806
915.897345
958.081187
967.136358
928.044525
846.768850
724.413623
576.218031
401.740360
195.459163
-16.564336
-239.189010
-475.948584
-675.604046
-826.670789
-937.983126
-1030.964265
-1118.644816
-1147.577190
-1086.620434
-978.841822
-874.376077
-773.885772
-639.162507
-446.795353
-236.317859
-51.018155
116.171209
284.244004
449.887363
601.837537
728.830779
827.995936
900.437298
933.565970
935.111975
925.394231
895.799284
838.817969
747.161977
637.837360
549.715093
477.273731
383.409161
269.446530
174.698529
114.846062
64.048765
9.055170
-50.576439
-95.410575
-117.496356
-136.931843
-146.649587
-144.661867
-134.944123
-114.183489
-80.171386
-28.490658
42.625558
119.484076
191.483723
276.293122
392.906047
522.549583
647.334246
748.045408
856.265736
981.712973
1085.516145
1164.583241
1218.693405
1251.601219
1275.012147
1284.067317
1270.594991
1225.319140
1127.699987
979.283537
794.867264
589.469500
344.096471
33.128672
-329.519855
-697.248112
-1022.129953
-1329.343169
-1654.445868
-1962.542515
-2197.976942
-2334.246212
-2402.712134
-2449.975706
-2449.754848
-2370.908609
-2216.749856
-2011.131234
-1795.353152
-1578.912496
-1353.858386
-1132.338001
-917.664208
-703.432130
-506.647820
-333.937011
-182.649410
-32.245241
146.428729
340.783604
514.377844
670.082601
837.492822
1032.289412
1219.355979
1358.054684
1448.606387
1516.409735
1570.299041
1579.354212
1526.348337
1409.956270
1250.717788
1069.172667
863.112328
629.223906
375.016564
107.778612
-144.661867
-371.261982
-572.684306
-754.450285
-923.627369
-1065.418084
-1153.761209
-1189.761032
-1203.454216
-1197.932771
-1150.448341
-1047.749459
-898.891294
-735.456513
-568.488007
-388.047175
-192.146296
11.484606
202.084898
367.507399
508.193825
623.923318
710.057865
775.431777
824.903927
845.001988
828.879367
784.486947
733.027077
691.284951
646.009099
579.751756
499.359512
431.114449
382.525730
335.483016
272.538540
201.643182
138.477848
87.238836
37.104112
-19.435487
-74.649940
-123.459517
-154.158753
-166.968506
-156.809046
-132.514687
-102.698882
-52.785017
26.502937
134.060692
249.348469
363.311100
473.298291
593.665798
711.824727
810.327311
894.474138
964.486064
1019.700517
1049.737179
1043.994876
1008.215911
975.970670
927.381951
834.179955
688.413799
503.555811
310.526083
101.152878
-150.404170
-435.752463
-723.088476
-999.381598
-1254.693228
-1505.587703
-1733.512964
-1902.910906
-2022.836698
-2091.302619
-2111.842396
-2090.640046
-2010.247802
-1884.800565
-1736.384116
-1550.642696
-1340.165202
-1125.933124
-907.946464
-694.156102
-481.470030
-264.587658
-66.919917
112.858342
293.961747
460.930253
619.285304
769.026900
895.136711
1021.246521
1148.239763
1245.638058
1308.361677
1344.140642
1356.729538
1353.637528
1316.975131
1235.920315
1129.466849
986.130129
818.278192
646.671673
457.175670
255.753346
40.858695
-184.857988
-387.605460
-561.199700
-721.542471
-872.388356
-1004.240470
-1098.767613
-1137.417730
-1134.767437
-1109.589646
-1051.062326
-964.927779
-845.664561
-697.468969
-548.389947
-393.126905
-227.704404
-73.766509
79.950528
226.600115
342.992182
435.752463
502.009806
549.935951
592.561509
615.089006
605.592120
587.481779
561.199700
539.334776
517.469853
478.157162
443.040770
411.458103
375.899996
345.421618
305.225496
254.207341
211.581784
163.876496
112.637484
69.791069
28.711516
-12.809753
-40.637837
-54.110164
-50.134723
-28.711516
-4.858872
43.729847
118.379787
204.735191
301.691771
397.544061
485.003755
579.530898
664.561156
735.898229
799.063563
838.155396
857.590883
868.633774
869.296347
857.811741
818.057335
752.462565
684.659216
609.346703
505.543531
365.740536
195.680021
18.993772
-153.717037
-352.709925
-586.819206
-822.695349
-1033.614559
-1218.693405
-1394.717081
-1563.010734
-1698.396572
-1785.414550
-1829.365255
-1841.954150
-1819.868369
-1754.052741
-1648.040991
-1512.655153
-1347.674367
-1154.644640
-941.075136
-723.751049
-503.555811
-272.538540
-39.975264
175.140245
361.765096
530.279606
689.518088
832.633950
943.283714
1020.583948
1080.436415
1124.387120
1148.018905
1146.252043
1123.724546
1089.491585
1036.043995
957.418614
865.100049
765.714033
641.150227
490.083484
319.139538
138.256990
-45.938425
-245.593887
-451.654225
-644.242237
-817.615619
-975.528954
-1117.761385
-1228.852865
-1293.343346
-1311.453686
-1297.097928
-1250.496930
-1154.644640
-1014.399929
-847.431424
-664.119440
-466.672556
-248.465038
-27.165511
177.127965
363.752816
537.347056
693.935244
821.370202
907.283891
969.565794
1014.841645
1034.718848
1022.129953
984.804983
936.216264
879.455806
808.781307
723.751049
639.162507
557.003401
475.727726
394.010336
315.826671
241.618446
162.551349
79.729670
4.638014
-58.527320
-118.379787
-184.637131
-247.802465
-289.765449
-303.237776
-302.354344
-303.458633
-286.452582
-231.900702
-144.441009
-45.938425
47.705287
150.625028
277.839127
417.200406
539.113918
635.849640
709.616149
764.609744
800.167852
810.327311
794.867264
754.671143
689.738946
607.138124
533.592473
469.322850
391.801758
292.636601
176.465392
73.766509
-22.527497
-148.195592
-316.268386
-501.126375
-675.383188
-836.830249
-1013.074782
-1208.533946
-1381.465612
-1505.808560
-1590.617960
-1644.286408
-1673.218782
-1659.967313
-1590.617960
-1480.409912
-1335.968903
-1160.386943
-964.706922
-762.842882
-549.715093
-328.857282
-104.907461
100.269447
267.017094
416.537833
554.794823
676.487477
774.106630
834.179955
871.063210
904.412739
923.406511
927.823667
914.793056
884.314678
843.897699
791.112682
723.088476
646.009099
548.610804
423.163567
280.268563
130.968682
-11.484606
-161.888776
-333.937011
-507.972967
-656.168559
-773.664915
-868.633774
-956.093467
-1022.571668
-1042.669729
-1021.909095
-963.381775
-872.830072
-761.738593
-626.794470
-462.034542
-272.759397
-68.907637
126.330668
300.587482
465.568267
628.119617
775.431777
886.523256
945.934008
970.890940
987.013561
994.301868
967.136358
900.879014
815.186183
733.247935
657.272848
575.334600
480.365741
380.317152
284.685719
200.318035
125.226379
44.834136
-38.650117
-118.821503
-193.029727
-248.685896
-295.728610
-341.004461
-376.341711
-404.611511
-401.740360
-368.832546
-321.348116
-263.925085
-189.054287
-90.993418
28.269800
157.692478
280.268563
395.777199
505.543531
610.671849
699.235832
763.505455
800.388710
814.302752
810.989885
777.419497
714.916737
627.898759
530.279606
429.789302
309.200936
176.023676
45.938425
-72.662220
-182.870268
-291.974027
-408.807810
-516.586422
-611.334423
-714.033305
-820.265913
-925.615089
-1024.338531
-1110.252220
-1188.435885
-1259.331243
-1306.153099
-1322.717435
-1307.036530
-1264.631830
-1196.607624
-1091.921021
-953.443173
-794.425549
-620.610451
-435.089889
-241.397588
-41.079553
152.391890
322.673263
473.298291
595.874376
691.726666
768.143469
814.302752
823.137064
800.167852
754.450285
700.119263
642.696232
567.162861
473.298291
375.458280
282.918857
203.189187
125.226379
37.987544
-48.147003
-124.122090
-188.833429
-244.268740
-305.667211
-365.961394
-415.654402
-455.408808
-482.353461
-498.255223
-513.715270
-520.561862
-507.531251
-467.335130
-410.132956
-339.900172
-256.415919
-150.404170
-25.398648
107.116039
244.489598
377.225142
504.218384
620.831309
723.309333
796.634127
846.989708
872.167499
870.400636
837.051106
773.223199
691.505809
597.199523
488.979195
370.820266
251.777905
138.036132
35.999823
-54.331022
-131.410398
-191.925438
-238.968152
-276.072265
-297.053757
-299.041477
-285.569151
-272.317682
-253.103052
-220.195238
-169.618799
-109.324617
-54.331022
-6.846592
46.159283
111.974911
180.219974
235.434427
275.851407
311.630372
352.930783
389.151464
412.341535
418.967269
417.200406
412.783250
397.544061
367.065683
330.624144
289.102876
234.992712
177.127965
111.533195
43.950705
-19.656345
-91.214276
-164.318212
-231.017271
-295.066036
-346.525907
-389.372322
-431.997880
-462.917973
-484.562039
-495.384072
-499.580370
-504.439242
-513.494412
-516.144706
-520.341004
-523.653872
-524.758161
-534.255047
-537.788772
-534.475904
-525.420734
-507.310394
-478.819736
-442.157339
-394.010336
-331.507575
-262.379080
-185.741420
-105.570034
-33.570387
36.883255
103.140598
157.029904
197.226026
219.090949
222.624674
220.416096
211.140068
192.588012
173.373382
153.054464
137.152701
129.864393
127.876673
130.526967
139.802995
149.741596
155.263042
158.355051
157.029904
160.342771
157.692478
139.802995
112.195768
83.042537
60.515040
33.791245
-5.300587
-44.392420
-69.570211
-81.496533
-88.563983
-89.668272
-85.692831
-67.582490
-35.558108
4.417156
49.030434
91.655992
131.852114
180.440832
229.692124
279.385132
325.323557
348.513627
360.439949
367.728257
362.648527
344.538186
311.630372
260.833076
205.839481
153.496179
104.244887
66.036486
37.987544
15.460047
1.766862
1.987720
13.693184
37.104112
53.668448
58.969036
68.245064
80.833959
89.447414
84.809400
61.619329
35.778966
22.527497
4.638014
-15.018331
-34.895534
-43.729847
-36.883255
-23.852644
-4.196298
30.699236
69.570211
104.465745
132.072971
151.066743
174.256813
187.729140
176.023676
148.637307
112.195768
74.870798
35.999823
-15.460047
-79.287954
-140.686426
-192.588012
-241.839304
-286.452582
-328.857282
-361.544238
-393.126905
-418.967269
-440.611334
-456.513097
-470.647997
-489.420911
-505.101815
-512.831839
-508.193825
-496.930076
-479.924025
-450.329078
-403.948938
-342.992182
-276.072265
-208.048059
-142.232431
-75.091656
-12.588895
45.938425
98.944300
140.907284
174.256813
197.446884
217.544945
240.293299
261.053933
269.225673
268.563099
268.783957
268.783957
267.679668
252.219621
223.066390
192.808870
163.434781
126.330668
80.171386
26.723795
-21.864923
-62.061045
-100.269447
-133.177260
-160.563629
-174.698529
-178.011396
-172.269093
-159.238482
-139.582137
-116.833782
-90.772561
-64.490481
-35.999823
-4.196298
24.515217
54.331022
83.484253
113.741773
149.741596
188.833429
217.765802
245.593887
270.550819
293.961747
314.059808
321.127258
312.292946
294.403463
278.943416
255.532488
220.195238
177.127965
137.373559
105.349176
82.379964
61.398472
45.717567
39.533548
38.650117
45.938425
51.680728
55.214453
55.435311
55.656169
52.122444
50.797297
46.159283
38.429259
38.429259
41.079553
45.717567
52.564159
61.398472
72.883078
87.459693
103.140598
117.275498
125.226379
130.526967
132.956403
124.784664
108.220328
90.772561
67.361633
32.686956
-8.171739
-49.472150
-86.134547
-121.030081
-156.588189
-193.250585
-220.416096
-242.281019
-262.599938
-286.231724
-306.550643
-317.151818
-324.219268
-331.065860
-338.354168
-339.679314
-331.949291
-318.697822
-300.366624
-274.967976
-243.385309
-215.336366
-185.741420
-149.520739
-109.987190
-72.220504
-48.147003
-28.269800
-5.742303
18.552056
34.012103
40.858695
44.171562
52.122444
62.723619
68.024206
68.024206
69.791069
73.103936
70.453642
62.281903
50.134723
33.349530
15.239189
-10.601175
-44.392420
-68.024206
-94.085428
-121.692654
-147.974734
-166.968506
-171.385662
-169.618799
-165.643359
-153.496179
-129.643535
-104.465745
-73.103936
-42.183842
-8.613455
31.140951
65.153054
92.981139
121.471796
149.520739
174.477671
192.588012
199.655462
208.268916
214.011220
212.023499
205.176907
189.054287
170.943946
155.704757
137.152701
117.938071
104.907461
92.981139
83.925968
81.054817
81.275675
81.275675
85.471973
89.005698
91.435134
95.631432
99.827731
102.919740
98.502584
99.606873
103.140598
105.790892
109.103759
112.637484
119.484076
132.514687
147.533018
159.238482
175.140245
186.624851
195.238306
204.293476
200.980609
187.066567
166.526790
139.361279
106.011750
65.373912
12.368037
-40.416980
-87.680551
-135.164981
-179.557401
-220.636954
-258.624498
-285.348293
-304.342065
-317.593533
-323.114979
-324.440125
-317.372675
-303.237776
-284.023146
-260.391360
-234.992712
-202.526613
-169.397942
-135.827554
-93.422854
-47.263572
-7.067450
30.920094
66.919917
100.269447
130.306109
157.692478
172.710809
177.790538
178.673970
175.361103
167.410221
151.287601
128.097531
99.386015
73.766509
46.600998
22.306639
-9.717744
-43.508989
-72.883078
-97.619153
-120.367507
-147.091303
-177.127965
-201.201466
-218.870091
-233.888423
-245.593887
-250.894474
-252.219621
-247.802465
-233.888423
-213.790362
-186.845709
-161.667918
-135.606696
-104.907461
-69.128495
-33.791245
-0.883431
22.306639
41.742126
62.723619
82.600822
99.606873
106.232607
106.232607
109.103759
115.729493
119.704934
116.171209
110.208048
104.244887
102.257167
99.606873
90.330845
78.625381
69.791069
62.723619
51.680728
45.717567
41.079553
36.441539
34.012103
35.999823
44.613278
55.877026
69.349353
83.925968
99.165157
115.066920
136.269270
157.029904
164.318212
170.281373
175.140245
174.256813
168.293653
156.146473
141.128142
122.576086
102.919740
83.042537
64.932197
45.054994
28.269800
11.705464
-4.196298
-18.772914
-32.686956
-44.171562
-60.073325
-74.208225
-89.447414
-103.361456
-117.496356
-131.852114
-143.557578
-151.729317
-154.158753
-152.391890
-147.091303
-137.815275
-117.938071
-94.306286
-71.116215
-44.171562
-19.656345
6.184019
33.128672
55.877026
77.079376
93.643712
103.361456
110.208048
111.312337
109.545475
99.386015
86.797120
69.570211
49.030434
30.478378
11.705464
-7.288308
-30.257520
-46.380140
-61.398472
-70.895358
-80.613101
-93.864570
-98.281726
-97.840011
-98.281726
-98.060868
-98.060868
-97.840011
-98.060868
-97.840011
-99.165157
-102.478025
-102.478025
-102.478025
-98.944300
-92.981139
-84.588542
-76.858518
-69.128495
-58.085604
-45.938425
-34.453819
-22.306639
-11.484606
-2.871152
5.742303
13.251469
18.993772
23.410928
26.061222
25.398648
26.282080
29.815805
30.920094
35.778966
38.208401
40.196122
45.938425
52.122444
55.656169
55.214453
56.760458
62.502761
64.490481
63.607050
66.919917
69.349353
74.870798
80.833959
88.784840
93.864570
98.060868
104.465745
108.441186
111.312337
114.404346
112.416626
106.011750
94.306286
81.938248
72.662220
60.735898
43.729847
29.153231
12.147180
-0.441716
-9.938602
-24.736075
-36.220681
-46.600998
-53.668448
-62.944476
-74.429083
-86.576262
-98.060868
-110.428906
-117.275498
-125.005521
-134.281550
-136.710985
-136.048412
-127.434957
-119.263218
-104.907461
-88.343125
-68.245064
-49.472150
-26.502937
-5.300587
14.355758
30.478378
43.288131
58.748178
66.699059
75.975087
81.938248
90.109987
97.840011
105.790892
113.741773
121.250939
128.097531
132.293829
132.072971
132.293829
123.459517
109.324617
93.201997
70.674500
46.600998
17.447767
-17.226909
-51.680728
-81.275675
-109.324617
-131.852114
-152.612748
-168.956226
-179.557401
-181.765979
-178.232254
-171.827378
-164.097354
-153.496179
-136.490128
-118.379787
-102.036309
-84.809400
-64.932197
-40.858695
-13.693184
6.846592
25.840364
44.171562
64.269623
82.159106
97.398295
107.778612
112.195768
117.717214
116.833782
114.846062
115.066920
106.232607
93.864570
82.821679
70.232784
60.515040
51.459870
35.116392
22.085781
11.926322
-0.220858
-11.926322
-23.410928
-38.870975
-50.576439
-57.643889
-64.048765
-63.386192
-66.919917
-64.711339
-58.748178
-49.251292
-39.533548
-30.478378
-18.993772
-5.079730
9.496886
20.539776
32.907814
40.858695
45.496709
49.913865
54.772737
59.189894
59.631609
62.723619
64.269623
64.048765
62.502761
59.410751
57.864747
49.030434
40.637837
30.478378
17.226909
1.987720
-9.276028
-25.177791
-43.288131
-56.760458
-64.932197
-72.441362
-78.625381
-78.846239
-75.975087
-72.883078
-67.582490
-57.643889
-45.054994
-34.453819
-25.398648
-17.006052
-7.509166
-0.883431
1.325147
4.417156
4.196298
4.196298
4.638014
3.533725
-0.220858
0.000000
0.220858
-0.220858
0.662573
4.638014
8.613455
12.368037
17.889483
26.502937
37.987544
50.134723
58.085604
68.907637
80.392243
84.809400
89.226556
89.226556
85.692831
80.392243
72.883078
61.619329
45.938425
31.803525
16.785194
-1.766862
-22.306639
-40.196122
-54.772737
-69.349353
-81.717390
-96.956579
-108.662043
-114.625204
-123.901232
-131.189540
-136.710985
-141.569857
-144.882725
-144.661867
-137.373559
-130.526967
-123.017801
-111.091479
-99.606873
-83.042537
-61.840187
-40.416980
-19.656345
2.650294
26.282080
54.110164
76.637661
96.735722
117.275498
135.606696
152.391890
167.189363
174.919387
179.336543
183.091126
183.753699
181.986837
175.140245
162.109634
146.428729
128.980962
109.103759
87.238836
59.852467
32.024383
2.208578
-26.944653
-52.785017
-71.999647
-94.968859
-115.066920
-125.888953
-138.256990
-143.778435
-146.649587
-148.858165
-143.557578
-135.827554
-123.901232
-116.392067
-111.533195
-100.490304
-83.705111
-69.349353
-54.331022
-38.650117
-22.527497
-4.858872
13.472327
32.686956
49.693008
68.245064
81.496533
89.889129
98.723442
109.103759
115.066920
111.754053
106.011750
103.582314
99.165157
92.097707
79.729670
63.827908
55.214453
47.484430
38.429259
24.956933
9.938602
0.441716
-5.963161
-13.914042
-20.981492
-24.515217
-29.153231
-29.815805
-30.036662
-28.048942
-22.085781
-21.202350
-20.981492
-14.355758
-5.300587
-2.871152
0.441716
-1.766862
-6.404877
-9.496886
-16.343478
-27.386369
-41.300411
-55.877026
-66.919917
-79.067097
-87.680551
-95.189717
-100.711162
-102.919740
-100.711162
-94.968859
-91.214276
-85.030258
-77.521092
-68.024206
-58.306462
-50.355581
-40.196122
-25.619506
-10.380317
2.650294
18.110341
35.999823
53.889306
71.337073
89.226556
103.361456
119.042361
130.085251
136.490128
140.686426
140.686426
136.048412
128.539246
117.496356
101.594593
87.680551
72.441362
55.656169
39.754406
24.515217
6.184019
-9.496886
-24.073501
-38.429259
-53.889306
-63.607050
-71.999647
-85.030258
-90.551703
-95.631432
-98.723442
-96.514864
-93.643712
-90.772561
-80.613101
-69.349353
-54.772737
-41.300411
-28.269800
-12.147180
5.079730
22.085781
36.220681
51.018155
58.306462
70.011926
81.496533
88.563983
93.422854
94.085428
92.318565
86.355404
79.287954
70.674500
58.748178
41.962984
24.073501
6.625734
-11.263748
-28.711516
-41.742126
-56.760458
-69.791069
-77.962808
-83.705111
-87.459693
-90.109987
-87.901409
-85.030258
-81.938248
-77.741950
-68.024206
-58.748178
-53.005875
-41.079553
-29.594947
-17.006052
0.883431
14.355758
28.932373
43.288131
60.294183
74.870798
85.471973
98.502584
102.698882
105.790892
106.674323
101.594593
94.748001
83.263395
65.815628
51.459870
37.324970
19.435487
1.546005
-15.460047
-31.361809
-44.834136
-56.760458
-72.220504
-84.588542
-95.189717
-103.582314
-114.846062
-127.655815
-136.269270
-145.987014
-149.741596
-149.520739
-146.870445
-138.256990
-123.680375
-106.895181
-84.146826
-56.760458
-30.920094
2.429436
32.245241
58.085604
85.251115
104.907461
120.146650
134.502407
144.220151
149.299881
149.079023
146.207871
143.557578
138.036132
131.852114
125.888953
117.275498
108.441186
99.606873
87.459693
75.975087
63.827908
48.588719
32.245241
14.576616
-3.092009
-20.760634
-38.429259
-55.656169
-71.337073
-84.809400
-93.864570
-102.919740
-110.428906
-114.846062
-115.287778
-111.974911
-107.778612
-101.815451
-95.852290
-89.005698
-79.950528
-71.999647
-59.631609
-44.613278
-34.232961
-18.772914
-1.987720
13.914042
29.153231
43.729847
58.527320
70.232784
78.625381
86.797120
89.447414
93.422854
91.214276
89.005698
86.134547
79.950528
71.337073
65.594770
60.294183
53.226733
46.159283
34.895534
29.594947
22.748355
14.797473
5.742303
-3.092009
-11.926322
-18.772914
-25.398648
-33.791245
-40.637837
-47.705287
-54.993595
-59.189894
-64.490481
-68.465922
-71.116215
-73.103936
-72.441362
-69.570211
-66.478201
-63.165334
-56.760458
-48.588719
-40.637837
-31.582667
-23.190070
-10.601175
-0.883431
6.846592
14.576616
22.969212
27.386369
31.361809
34.232961
34.012103
33.791245
30.036662
27.607226
24.294359
20.539776
11.926322
4.417156
0.220858
-5.963161
-11.484606
-15.460047
-18.110341
-21.423208
-21.423208
-20.981492
-21.644066
-20.760634
-17.226909
-12.368037
-5.963161
-3.975441
-1.766862
4.196298
13.251469
20.981492
26.944653
32.907814
38.208401
41.521269
46.159283
51.239012
50.797297
51.680728
47.705287
47.042714
44.613278
39.091833
35.116392
28.932373
22.306639
12.588895
5.521445
-4.196298
-13.914042
-22.085781
-31.582667
-39.533548
-45.496709
-50.797297
-51.459870
-51.018155
-51.459870
-49.030434
-43.288131
-41.300411
-35.778966
-29.815805
-23.852644
-17.889483
-11.926322
-7.730023
-2.650294
1.987720
6.625734
11.042891
16.343478
20.318919
26.723795
32.245241
36.662397
38.650117
43.729847
47.263572
46.821856
45.717567
41.079553
36.220681
28.490658
20.760634
12.809753
5.079730
-5.742303
-13.472327
-21.423208
-28.711516
-30.036662
-32.907814
-34.674676
-33.570387
-34.674676
-32.245241
-29.815805
-28.932373
-25.177791
-26.282080
-23.852644
-21.423208
-19.435487
-16.122620
-13.030611
-7.950881
-1.325147
7.288308
14.134900
20.098061
25.177791
28.932373
31.140951
35.778966
38.208401
38.650117
37.104112
33.570387
30.478378
25.619506
19.656345
11.263748
4.196298
-6.184019
-15.018331
-24.073501
-30.478378
-40.196122
-49.251292
-53.889306
-56.097884
-54.993595
-55.877026
-53.889306
-49.030434
-39.975264
-30.036662
-21.644066
-8.171739
7.067450
17.889483
33.570387
45.496709
53.668448
62.061045
66.919917
68.907637
68.024206
68.465922
65.373912
61.177614
55.435311
52.564159
46.159283
37.104112
28.269800
19.435487
7.730023
-3.975441
-15.680905
-30.699236
-43.950705
-59.410751
-71.337073
-83.263395
-91.876850
-99.386015
-102.919740
-102.257167
-102.257167
-96.956579
-86.576262
-74.208225
-60.073325
-43.288131
-26.061222
-7.950881
8.834312
24.736075
39.975264
56.318742
69.791069
81.275675
86.797120
91.435134
98.060868
97.619153
94.306286
89.226556
80.392243
71.557931
60.515040
47.484430
32.245241
20.760634
9.055170
-3.092009
-14.576616
-26.723795
-35.558108
-43.067273
-47.926145
-51.239012
-51.018155
-51.459870
-49.251292
-43.288131
-39.975264
-33.349530
-29.153231
-24.294359
-17.006052
-9.717744
-4.858872
-1.104289
2.871152
5.300587
9.276028
13.251469
17.006052
20.981492
21.202350
21.864923
25.619506
29.374089
30.036662
29.815805
29.815805
30.257520
28.048942
23.631786
20.098061
14.134900
8.171739
3.312867
0.220858
-5.079730
-11.263748
-13.693184
-17.226909
-21.202350
-21.202350
-21.644066
-20.760634
-17.226909
-16.785194
-13.914042
-11.042891
-5.300587
-3.975441
-2.650294
4.196298
8.171739
11.042891
13.914042
17.006052
17.226909
16.785194
17.447767
15.239189
12.368037
8.392597
1.766862
-4.858872
-13.693184
-22.527497
-30.257520
-37.545828
-41.521269
-42.846415
-42.404700
-42.846415
-39.533548
-32.907814
-24.956933
-20.760634
-15.901762
-11.263748
-7.730023
-3.754583
0.220858
-2.871152
-4.196298
-5.963161
-9.055170
-8.171739
-8.613455
-8.613455
-7.288308
-2.650294
2.208578
6.625734
9.938602
14.797473
16.785194
18.993772
21.864923
20.760634
21.644066
17.226909
17.447767
13.914042
13.693184
17.447767
17.006052
17.006052
17.889483
21.864923
20.981492
21.423208
21.423208
21.202350
21.423208
20.098061
15.460047
12.147180
6.404877
1.104289
-2.650294
-6.846592
-10.601175
-13.251469
-12.147180
-15.460047
-17.226909
-17.226909
-16.785194
-18.110341
-21.644066
-21.202350
-21.644066
-21.202350
-21.202350
-21.423208
-21.202350
-17.006052
-10.380317
-7.067450
-0.662573
4.638014
11.926322
18.993772
23.410928
25.398648
27.828084
30.257520
29.594947
29.815805
29.815805
29.153231
25.619506
25.840364
25.619506
25.840364
25.177791
21.644066
20.981492
21.644066
18.110341
16.785194
13.251469
9.496886
4.858872
0.000000
-2.429436
-8.834312
-13.472327
-16.785194
-19.435487
-23.631786
-27.165511
-33.128672
-34.895534
-40.637837
-42.625558
-43.729847
-47.263572
-46.821856
-45.496709
-40.637837
-36.220681
-31.582667
-26.061222
-19.435487
-10.380317
-3.754583
1.766862
5.963161
11.263748
15.239189
18.993772
22.085781
25.398648
25.619506
25.840364
25.177791
26.723795
30.036662
31.361809
36.441539
38.429259
38.208401
38.429259
38.208401
38.870975
36.220681
32.024383
27.607226
