-320.697459
-335.099270
-362.617015
-384.476906
-407.879848
-432.568666
-447.742002
-454.171382
-457.514659
-456.485958
-453.399856
-445.941776
-440.026746
-436.940644
-436.940644
-425.110585
-406.593972
-384.991256
-348.215204
-299.866269
-256.146487
-214.741282
-172.821726
-147.618558
-132.445222
-109.813805
-91.297192
-82.810410
-52.720913
-10.029832
21.859891
54.778315
102.355725
129.873470
142.732229
168.706923
192.881391
192.881391
206.254501
238.401399
248.688407
269.262422
301.666495
316.068306
324.040737
343.843226
344.357576
327.641189
338.185372
347.700854
337.671021
348.472379
370.332270
369.046394
370.846621
385.762782
384.991256
373.675548
372.904022
363.645715
337.928197
327.898364
323.012036
298.837568
299.351919
301.152145
278.520728
271.319823
267.205020
241.487501
223.485238
214.998457
194.938792
167.421047
167.678222
164.592120
135.531324
133.731098
133.988273
98.498097
76.895381
67.122724
29.317971
-2.057402
-9.258307
-27.003395
-54.263965
-60.950519
-74.323629
-119.843637
-156.105339
-182.337208
-237.372698
-280.578130
-298.837568
-336.127970
-365.960292
-380.362103
-407.365497
-436.426294
-460.600761
-486.575455
-524.380208
-554.469705
-571.957618
-593.303158
-600.504063
-590.731406
-585.845078
-581.215924
-566.042588
-553.441004
-542.639646
-521.294106
-494.805061
-466.258615
-430.511264
-382.676679
-338.442547
-298.837568
-254.346261
-224.771114
-202.654048
-168.192573
-136.045674
-106.727703
-66.608374
-24.431643
10.029832
37.290402
76.895381
114.957309
131.930871
159.191441
183.108734
200.596646
221.942187
247.402531
281.606831
295.494291
310.410452
344.614752
352.330007
359.530912
382.933855
387.820183
399.650242
411.480300
429.739739
444.913075
443.627199
464.458389
478.345849
460.600761
473.973871
487.089806
460.343586
466.001440
476.545623
452.371155
432.054315
435.654768
432.311491
393.735212
391.677811
409.937249
355.416109
341.528649
369.560745
308.353050
267.205020
286.493159
244.316428
185.937661
195.453143
204.711449
152.762062
149.161609
188.509413
134.245448
84.610637
105.184652
49.634811
-23.917292
-16.973562
-36.518877
-94.640469
-97.726571
-81.781710
-125.758667
-171.535850
-172.821726
-237.629873
-330.984467
-353.358708
-398.621541
-470.630594
-486.061105
-491.976134
-529.523712
-551.897953
-550.869252
-586.102253
-644.995371
-670.198539
-702.088263
-748.894147
-750.437198
-733.206460
-728.062956
-697.716284
-650.653225
-619.535027
-596.132085
-567.328464
-543.925522
-540.839420
-522.065631
-485.032404
-452.885506
-397.078490
-336.385146
-286.235984
-225.799815
-188.766588
-161.248843
-120.615163
-100.812674
-80.753009
-40.119329
-2.057402
38.833453
92.325892
153.019237
176.936529
193.910092
246.373830
242.001852
236.601173
310.153276
321.726160
311.953503
398.621541
441.055447
422.796009
480.660426
540.582245
491.718959
487.346981
570.928917
536.981792
493.004835
601.275589
608.219319
533.638515
624.678531
661.454583
553.441004
589.702705
652.196276
532.352639
494.805061
589.702705
516.407777
420.738607
520.779755
512.550149
379.590577
432.311491
472.687995
331.498817
308.095875
371.103796
257.432363
182.594383
271.834173
237.887049
153.276412
229.143092
240.458801
135.016974
139.131777
155.076638
40.633680
-18.259438
4.114803
-64.550972
-128.587594
-77.924082
-93.868944
-162.020368
-149.418784
-184.651785
-291.636663
-341.785825
-379.847752
-472.173645
-528.752186
-532.095463
-568.099990
-607.190618
-590.988581
-607.962144
-669.169838
-692.058430
-728.834482
-796.728732
-817.817097
-813.959469
-819.617323
-798.271783
-751.465899
-723.948153
-703.631314
-671.484415
-657.596955
-667.369612
-651.939101
-626.735933
-602.561465
-547.525975
-481.946302
-416.880979
-356.959161
-305.781298
-263.861743
-233.257895
-205.482975
-178.736755
-147.361383
-105.184652
-64.550972
2.571752
70.466001
103.384425
158.162740
210.369304
219.113260
242.516202
289.836437
314.268079
326.869664
377.276000
445.684600
441.826973
476.031273
574.529369
557.298632
552.926654
635.222714
618.763502
593.817508
655.796729
676.885094
648.852999
674.313342
733.977986
695.401708
673.027466
746.579570
700.802387
621.849604
671.998766
639.851867
544.697048
572.729143
581.473099
496.348112
476.545623
521.036930
451.599630
373.161197
428.196688
382.162329
254.860611
291.122313
292.665364
172.307376
178.993931
232.743545
155.590989
109.556630
171.793025
124.729966
27.517745
53.492439
15.944862
-104.155951
-97.983747
-92.583068
-171.793025
-175.650653
-141.446353
-204.711449
-272.862874
-271.319823
-347.186503
-462.400988
-483.232178
-531.838288
-624.164181
-623.135480
-626.478757
-677.656620
-683.057299
-691.029729
-745.293694
-798.786133
-822.703426
-859.222302
-894.712478
-874.909989
-853.564448
-847.906594
-803.415286
-771.782738
-764.324658
-735.521037
-728.577307
-728.320132
-696.430408
-661.454583
-611.305421
-540.067894
-464.715564
-398.621541
-352.072832
-298.837568
-256.660837
-235.315297
-194.938792
-160.477317
-122.929740
-60.436169
-15.687686
59.921819
131.673696
157.134040
214.741282
257.432363
261.032816
302.952371
351.044131
373.675548
407.108322
483.489353
526.951960
530.295237
618.763502
659.654357
603.590166
672.770291
714.175496
648.081473
707.231766
774.354490
739.893015
750.694373
811.902068
786.184549
720.090526
770.496862
761.238556
648.338648
702.345438
705.174365
590.988581
636.508590
648.338648
556.784281
538.524843
544.439872
490.175908
407.622673
422.024483
416.366629
299.866269
302.952371
318.382882
214.226931
199.053595
238.401399
195.967493
140.932003
159.448616
172.050201
84.096286
52.978089
82.810410
-11.572883
-81.524535
-52.463738
-109.813805
-172.050201
-141.960704
-151.476186
-222.970888
-253.574735
-277.234852
-383.191030
-458.543360
-472.687995
-554.469705
-627.250283
-614.648699
-643.452320
-703.374138
-701.059562
-719.576175
-796.728732
-841.734389
-873.624113
-924.287625
-942.032713
-928.145253
-919.144121
-905.256661
-863.594280
-836.333711
-831.961732
-803.158111
-781.041045
-788.756301
-767.667935
-726.262730
-679.971196
-607.962144
-538.524843
-474.231046
-411.480300
-378.819052
-332.013167
-283.921407
-267.719370
-220.913486
-171.535850
-144.532456
-76.638206
1.543051
49.377636
103.384425
171.793025
208.826252
210.369304
271.834173
342.814525
332.784693
396.564139
484.003703
466.772966
534.667215
622.363954
597.932311
642.423619
705.688715
690.772554
696.687584
757.895278
789.013476
760.209855
809.844666
841.220039
780.012344
819.617323
833.761959
759.952680
795.957206
786.184549
711.860920
737.835614
733.206460
669.684189
639.594692
637.280115
574.015019
498.919864
520.779755
470.630594
386.019957
415.852279
380.619278
296.265816
304.238247
283.407057
209.854953
183.108734
190.823989
141.446353
95.411995
128.073243
96.183520
45.262833
56.835716
6.429380
-56.321366
-80.753009
-133.473922
-171.535850
-190.309639
-209.340603
-237.372698
-270.291122
-298.580393
-366.731818
-426.910812
-467.287316
-548.297500
-586.616603
-601.532764
-671.998766
-688.200802
-668.655488
-731.406234
-776.669067
-775.126016
-830.161506
-887.511573
-892.397901
-884.939821
-899.855982
-896.512704
-846.363543
-845.077667
-854.335974
-793.128279
-787.213250
-800.329184
-742.207592
-724.976854
-694.373007
-632.393787
-585.073552
-497.376813
-475.259747
-449.285053
-344.871927
-343.071700
-327.641189
-239.944450
-212.426705
-184.651785
-144.275280
-61.464870
-0.514350
-4.886329
121.643864
169.221274
108.527929
266.947845
334.584919
253.317560
400.164592
506.120769
432.568666
494.547886
649.110174
635.994239
578.386997
740.407365
776.669067
631.365086
784.384323
881.339368
719.833350
824.246477
941.261187
792.871104
811.902068
934.060282
847.649419
762.010081
854.593149
844.563317
693.858657
758.666804
806.758564
632.393787
627.507458
674.313342
508.435346
450.313754
529.266536
440.541097
319.154408
393.478037
399.907417
224.256764
255.374961
334.842094
145.303981
99.783973
214.741282
102.098550
17.230738
132.959572
109.042280
-22.117066
34.975826
67.894250
-106.727703
-110.585331
-35.490176
-209.340603
-259.489764
-138.617426
-233.000720
-324.297912
-261.289991
-333.556218
-474.745397
-489.404382
-513.064500
-632.650962
-664.540685
-642.680794
-737.835614
-778.212118
-733.206460
-804.443987
-876.195865
-850.478346
-902.684909
-963.121078
-926.345026
-927.630902
-918.629771
-872.081062
-886.225697
-871.309536
-826.046703
-838.648287
-817.302747
-769.468162
-749.922847
-721.376402
-670.712890
-582.244625
-540.325069
-491.718959
-402.221994
-427.425162
-397.850015
-277.749203
-303.466722
-266.947845
-131.416521
-122.415389
-102.870075
-16.459212
76.381031
102.612900
101.327024
234.286596
284.178582
226.314165
375.732949
467.287316
380.104927
504.577718
625.192881
539.553544
623.135480
774.868841
709.289168
701.059562
837.876762
829.647156
731.149059
844.820492
920.687172
774.611665
868.994959
991.153174
812.930768
875.424339
1004.783458
810.359017
794.414155
892.397901
760.209855
672.770291
741.178891
716.232898
567.071289
576.329596
614.134348
441.826973
416.366629
468.316017
319.154408
293.694064
352.844358
255.117786
209.340603
266.176319
212.169530
115.214484
175.136303
171.021500
47.577410
88.725440
116.243185
-1.285876
5.657854
33.947125
-75.609505
-136.302850
-111.099681
-180.279807
-270.033947
-212.169530
-242.001852
-373.418373
-358.759387
-401.450468
-536.467442
-544.954223
-572.471968
-671.741590
-705.174365
-717.518774
-788.756301
-825.532353
-791.070877
-842.505915
-917.601070
-879.024792
-899.855982
-968.264582
-904.999486
-866.423207
-906.542537
-864.880156
-820.388849
-845.592017
-805.987038
-748.122621
-749.922847
-711.603744
-666.598087
-646.795597
-586.102253
-529.523712
-486.575455
-421.510133
-394.763913
-399.393067
-308.353050
-241.487501
-304.238247
-197.510544
-63.007921
-191.081164
-131.673696
96.183520
0.514350
-23.402942
236.343998
222.970888
71.751877
318.382882
471.402119
237.372698
407.108322
680.485547
430.768439
467.030141
798.528958
670.198539
565.785413
830.161506
847.906594
641.137743
798.786133
968.521757
760.467030
807.530089
1011.470013
833.761959
802.129411
967.493056
856.907726
790.813702
859.736653
792.613929
730.120358
741.178891
704.660014
663.769160
638.565991
567.328464
521.551281
526.180434
451.342454
389.363234
440.283921
385.762782
265.919144
326.612488
334.584919
183.623084
225.542640
273.377225
123.701265
125.501492
187.480712
94.383294
68.665775
88.468265
27.774920
-53.492439
-88.982615
-103.127250
-183.365909
-217.570209
-199.825121
-283.921407
-347.186503
-373.932723
-462.400988
-513.836025
-570.671742
-640.366217
-654.253678
-720.862051
-771.525563
-754.809176
-809.587491
-844.306141
-844.048966
-902.942084
-909.371464
-894.712478
-912.714741
-873.109762
-837.876762
-810.873367
-799.300483
-805.472688
-755.323526
-781.298220
-808.558790
-699.259335
-713.403971
-714.432672
-574.015019
-573.500669
-561.927785
-468.830367
-451.599630
-451.599630
-445.170250
-363.645715
-336.385146
-377.276000
-223.228063
-162.277543
-237.887049
-115.986010
-50.149162
-90.782841
-16.459212
73.552104
99.269622
114.185783
222.456537
289.579261
289.579261
410.708775
474.745397
431.025615
509.978397
601.789939
581.987450
631.107911
756.095052
751.208723
723.176628
823.732126
844.820492
818.074272
890.854850
917.086719
875.167164
886.225697
927.630902
892.397901
851.507047
912.714741
861.022529
742.979117
794.928505
779.497994
668.912663
690.001029
694.630182
566.814114
529.523712
570.928917
457.771834
400.678942
470.887769
362.359840
276.977677
359.273737
326.612488
249.202757
283.921407
298.580393
180.279807
145.046806
201.625347
80.753009
52.463738
103.384425
-53.749614
-73.809279
-38.061928
-162.791894
-130.387820
-116.243185
-254.603436
-316.325481
-364.931591
-475.002572
-562.699311
-545.725748
-592.017282
-750.180023
-720.604876
-721.633577
-891.112026
-829.389980
-785.413023
-951.548195
-965.950005
-911.943216
-985.495319
-983.180743
-874.652813
-870.538010
-916.058019
-837.619586
-791.842403
-838.391112
-768.696636
-705.174365
-770.239687
-769.468162
-700.288036
-676.370744
-629.307684
-571.957618
-532.352639
-502.005966
-508.178171
-464.715564
-379.590577
-358.759387
-340.242773
-281.092480
-270.033947
-271.062648
-187.737887
-103.127250
-123.701265
-95.154819
-2.314577
-26.231869
19.030964
176.936529
221.942187
253.831910
341.271474
400.678942
447.227651
505.349244
583.787676
627.764633
636.508590
693.858657
740.921716
768.696636
821.674725
866.680383
876.967390
836.848061
874.909989
942.289888
861.279704
885.454171
1000.154305
891.112026
845.592017
958.234750
887.254398
748.894147
800.586359
803.929637
618.763502
652.710626
751.980249
535.438741
521.551281
656.568254
433.340191
380.104927
543.411172
375.218599
282.635531
454.685732
393.478037
246.631005
388.591709
405.308096
161.763193
230.686143
341.785825
67.379899
44.491307
206.768851
-20.059665
-125.244316
53.749614
-41.405205
-219.370435
-175.650653
-243.287728
-468.316017
-515.893427
-479.631725
-620.306553
-719.061825
-661.711758
-755.837877
-899.084456
-818.074272
-828.104105
-983.695093
-962.863903
-960.549326
-1072.677708
-1060.333299
-983.695093
-962.863903
-967.235881
-919.401296
-866.937558
-884.168295
-818.074272
-739.635840
-783.355622
-751.208723
-711.089394
-757.380928
-689.743854
-605.390392
-596.132085
-545.468573
-508.178171
-486.575455
-444.913075
-405.050921
-328.669890
-307.067174
-326.355313
-231.457669
-207.540377
-235.315297
-86.153688
-39.862154
-100.041148
-5.915029
43.976957
39.862154
92.068717
176.679354
271.834173
250.745808
327.384014
479.374550
427.425162
522.579981
679.971196
598.961012
658.368481
748.894147
682.285773
729.863183
809.330316
825.532353
806.501389
838.391112
925.573501
846.363543
850.221171
982.923568
880.825018
842.763090
919.915647
824.760827
800.586359
819.360148
754.809176
744.264993
693.858657
619.277852
611.048246
579.415698
533.381339
520.522580
521.808456
477.831499
429.739739
464.715564
434.883242
382.676679
442.084148
388.334533
302.695196
354.644584
304.495422
195.453143
210.369304
156.619689
7.715256
-22.631417
-9.001132
-98.240922
-105.699002
-52.206563
-203.682749
-326.869664
-321.983335
-466.258615
-567.585639
-539.039193
-633.422487
-735.006687
-752.751775
-809.844666
-857.422076
-860.508178
-903.199259
-1002.983232
-1045.674313
-1034.101430
-1083.993416
-1033.329904
-904.999486
-929.945479
-934.831807
-862.822755
-868.994959
-842.505915
-786.441724
-761.238556
-727.548606
-724.719679
-697.201934
-635.222714
-613.105648
-576.329596
-545.468573
-553.441004
-524.637383
-453.657031
-374.447073
-322.497685
-287.264685
-230.171793
-230.686143
-244.316428
-155.076638
-112.899907
-129.873470
-71.751877
-48.863286
-46.805884
59.921819
119.072112
142.217879
249.202757
292.922539
292.151013
402.479169
504.577718
532.866989
610.019545
670.198539
632.136611
682.028598
765.096184
711.860920
771.011213
899.598807
822.189075
821.931900
951.548195
895.741179
842.763090
923.773274
909.114289
852.021397
898.570106
886.997223
804.186812
812.416418
798.786133
717.004423
712.118095
689.229503
615.677399
602.818640
562.956486
535.438741
538.524843
472.945170
431.797140
434.368892
398.107191
375.990124
385.762782
387.563008
374.961424
337.671021
304.238247
274.148750
222.713713
126.015842
15.430511
5.915029
-10.801358
-91.297192
-54.778315
-47.577410
-213.969756
-325.326612
-379.590577
-506.377945
-584.816377
-585.330727
-645.509721
-750.437198
-767.667935
-776.669067
-870.023660
-903.456435
-895.484004
-1008.383911
-1126.941673
-1082.707540
-1043.102561
-1076.535336
-975.722662
-893.683777
-956.434523
-913.229092
-873.624113
-902.170559
-814.216644
-755.323526
-756.352227
-709.546343
-623.135480
-578.901348
-655.796729
-594.331859
-524.123033
-685.114700
-583.273326
-419.967082
-502.520317
-346.157803
-229.657443
-339.728423
-260.261290
-182.594383
-225.799815
-236.601173
-122.929740
-32.146898
-162.277543
-34.975826
196.224668
43.719782
127.816068
334.842094
184.137434
236.086822
406.593972
400.936118
507.406645
647.309948
696.944759
660.425882
704.917190
833.247608
716.490073
734.235161
946.147516
815.759696
806.244214
995.782327
888.797449
897.798580
1029.215101
902.170559
843.791791
913.743442
844.820492
734.749511
796.214381
854.850324
693.601481
688.715153
800.843535
629.307684
576.329596
648.081473
474.488221
420.738607
492.233309
415.852279
414.566403
500.462915
500.977266
426.653636
413.794877
457.257484
342.557350
265.661969
306.809999
182.594383
93.097418
140.160477
84.610637
46.034359
62.750746
-41.148030
-193.138566
-265.919144
-351.301306
-509.206872
-535.695916
-523.094332
-689.743854
-738.092789
-690.515379
-852.021397
-920.429997
-868.994959
-1019.185269
-1118.969242
-1067.019854
-1098.395227
-1122.826870
-1034.615780
-979.323115
-1002.983232
-997.839728
-933.288756
-904.485135
-914.514968
-851.764222
-766.896410
-741.950417
-711.603744
-611.305421
-529.266536
-585.073552
-607.704969
-556.269931
-644.223845
-659.397181
-485.032404
-451.856805
-428.711038
-259.489764
-244.830779
-284.178582
-168.964098
-144.532456
-254.603436
-218.341734
-124.472791
-184.394610
-83.839111
142.989404
111.099681
154.562288
302.952371
191.595515
194.167267
395.021088
406.336797
410.965950
604.876042
749.665672
690.772554
742.721942
929.173953
826.818229
741.950417
882.625244
794.671330
779.497994
1003.754758
1001.183006
968.778932
1071.906182
1029.215101
859.479477
836.076535
921.458698
790.299352
707.746117
887.254398
810.873367
682.285773
857.422076
777.440593
548.554675
605.904742
543.925522
330.212941
436.426294
610.791071
497.119638
498.405514
669.941364
516.150602
340.499949
462.143812
360.045263
149.933134
231.972019
173.078901
-17.745088
86.153688
133.216747
-16.716387
-16.202037
-57.092892
-298.837568
-445.941776
-471.402119
-566.556939
-638.051641
-605.133217
-653.739327
-776.669067
-808.301615
-861.536879
-971.350684
-1011.727189
-1086.307993
-1181.205637
-1181.719988
-1148.030038
-1095.823475
-1037.187532
-989.352947
-983.180743
-1042.588211
-1025.100298
-960.292151
-937.146384
-834.533484
-740.664541
-702.602613
-605.390392
-530.295237
-500.977266
-511.264273
-587.645304
-676.885094
-739.378665
-681.771423
-566.042588
-442.341323
-282.378356
-256.403662
-263.347392
-227.342866
-245.087954
-180.022631
-190.566814
-246.116655
-98.498097
-87.439564
-70.980352
227.857216
296.265816
208.311902
298.837568
319.925934
227.342866
312.982203
581.215924
640.109042
655.282378
955.920173
951.033844
750.694373
1020.213970
1046.960189
704.145664
927.630902
1148.544388
854.850324
990.124473
1340.654254
1107.910709
990.638823
1185.834791
939.718136
710.317869
945.633165
929.173953
737.578438
963.635428
1024.328773
697.716284
730.377533
821.160374
530.552412
504.320543
670.970065
534.410040
544.182697
769.468162
734.235161
612.848472
653.996502
532.609814
245.345129
184.394610
180.022631
56.064191
100.298323
199.310770
105.441827
-10.801358
-107.499228
-312.467853
-543.153997
-654.510853
-735.006687
-825.018002
-802.386586
-785.670199
-857.679251
-900.113157
-989.867298
-1174.261907
-1322.651991
-1402.890649
-1447.896307
-1423.979015
-1296.677297
-1178.376710
-1148.801564
-1132.342352
-1148.544388
-1208.209032
-1190.206769
-1099.938278
-1049.274766
-933.545931
-731.663409
-659.654357
-602.561465
-420.481432
-417.138155
-552.412303
-581.215924
-658.882831
-731.406234
-655.282378
-505.092069
-332.527518
-193.395741
-113.671433
-114.700134
-203.682749
-279.035079
-281.092480
-232.486370
-176.936529
-63.779447
128.587594
203.939924
192.109865
267.205020
254.603436
117.271886
147.104207
359.016562
488.890032
611.305421
914.257792
1057.761547
945.375990
1011.727189
1135.428454
1011.470013
939.203786
1030.500977
1059.561773
1075.506635
1221.067791
1369.972225
1321.880465
1165.260776
1054.675445
938.689435
818.845798
899.341632
1120.255118
1097.880876
969.807633
1047.731715
995.782327
717.775949
683.057299
801.100710
670.455714
564.499537
752.751775
821.674725
704.917190
770.239687
746.579570
456.228783
304.238247
167.935398
-77.152556
-29.317971
151.733361
154.305113
120.872338
7.200905
-253.060385
-508.435346
-717.004423
-863.594280
-908.085588
-921.715873
-961.320852
-984.723794
-952.319720
-978.294414
-1170.404279
-1388.488839
-1527.620615
-1625.604362
-1611.716902
-1424.236190
-1181.462812
-1056.732846
-1068.562905
-1158.059870
-1295.905771
-1351.969962
-1321.108939
-1292.562494
-1135.171279
-900.627507
-784.384323
-685.629051
-593.303158
-630.336385
-729.606008
-826.303878
-917.343895
-889.826150
-703.374138
-571.443267
-463.944039
-244.316428
-247.916881
-457.771834
-455.714433
-377.018825
-332.784693
-162.277543
67.122724
267.976546
309.124576
263.347392
369.303570
417.395330
368.789219
463.686863
532.352639
557.555807
765.096184
977.780064
1028.700751
1117.683366
1213.352536
1083.736241
1046.188664
1269.159551
1378.201831
1440.695402
1492.387614
1322.394815
1258.358194
1362.771320
1289.733567
1283.304187
1438.123650
1389.517539
1300.792100
1392.860817
1373.572678
1268.902376
1327.023969
1227.754346
974.179611
1057.761547
1221.582142
1144.686761
1112.797037
1170.404279
1046.445839
757.380928
564.499537
437.454994
214.226931
159.191441
295.751466
208.311902
13.373110
-78.952783
-359.530912
-780.526695
-881.596544
-834.790659
-987.552721
-1057.247197
-1063.162226
-1267.359325
-1426.807942
-1521.191235
-1704.814320
-1804.083942
-1844.460446
-1954.531427
-1959.932106
-1744.676474
-1555.395535
-1570.054521
-1594.486164
-1606.059047
-1704.557144
-1714.329801
-1535.335871
-1230.326098
-953.091246
-842.248740
-796.471556
-760.981381
-693.858657
-530.809587
-473.716696
-491.461784
-361.331139
-314.010904
-479.888900
-462.400988
-257.175188
-272.348524
-391.420636
-375.990124
-362.874190
-318.897233
-210.369304
-203.939924
-116.757535
84.867812
-2.828927
-169.221274
47.320235
242.259027
138.103076
195.710318
434.626067
530.552412
494.033536
529.009361
779.497994
986.781195
1036.416007
1125.912972
1186.349141
1309.793231
1531.992593
1535.593046
1494.702191
1692.469911
1807.684395
1649.778829
1627.918938
1909.525769
1975.876967
1790.453657
1775.794671
1811.799198
1829.801461
1843.688921
1755.992182
1743.647773
1719.216130
1475.156877
1298.220348
1306.707129
1336.282275
1296.162946
1079.364263
820.903199
697.973460
488.375682
181.565683
72.266228
-28.803621
-405.565271
-788.499126
-902.170559
-939.718136
-1085.279292
-1262.472997
-1483.386483
-1753.677605
-1933.957412
-2083.890546
-2196.790454
-2094.177554
-2046.342969
-2279.858039
-2463.223948
-2405.359531
-2322.034770
-2333.864829
-2225.336899
-2024.225903
-1953.502726
-1875.578644
-1723.588108
-1574.683675
-1307.221479
-1081.421664
-1092.994548
-992.953400
-644.223845
-432.311491
-378.047526
-138.360251
48.091760
-165.106471
-422.024483
-423.567534
-285.464458
-86.925213
101.584199
203.682749
148.647259
-77.924082
-259.232589
-245.859479
-60.950519
191.338340
243.544903
123.701265
135.016974
194.681617
154.305113
174.621952
323.269211
447.999177
454.685732
572.986318
922.744574
1162.946199
1199.465076
1254.757741
1331.653122
1410.863080
1549.223331
1766.793540
1980.763296
2044.028392
2048.657546
2038.113363
1978.705894
2110.636766
2306.089908
2238.452834
2160.528752
2257.483798
2250.797243
2071.546137
2021.654151
2085.176422
1854.233104
1476.185578
1350.169736
1217.981689
932.002880
827.846929
774.868841
447.484827
54.263965
-268.748071
-649.881699
-874.138463
-870.023660
-979.837465
-1201.265302
-1367.400473
-1650.036005
-2049.429071
-2239.224360
-2218.135994
-2268.027981
-2377.070260
-2412.560436
-2466.567226
-2547.320235
-2575.866680
-2566.608374
-2521.088365
-2457.823269
-2385.042691
-2246.425265
-1989.507252
-1724.616809
-1632.033741
-1599.372493
-1492.130439
-1363.800021
-1117.683366
-720.347701
-354.901759
-162.534719
-163.563419
-232.743545
-315.811131
-318.382882
-103.384425
93.354593
200.339471
364.931591
383.191030
224.513939
158.677091
215.255632
225.799815
187.737887
346.672153
557.555807
486.318280
397.592840
417.395330
353.873058
347.443679
521.551281
746.579570
869.766485
941.261187
1108.167884
1174.261907
1116.397490
1318.537188
1625.347187
1687.069232
1767.050715
2009.824092
2120.923773
2112.179817
2184.960395
2271.885608
2343.894661
2460.395021
2573.552104
2658.677091
2693.395741
2597.726571
2372.441107
2132.496657
2005.194939
1934.728937
1761.650036
1516.047732
1397.489970
1264.273223
814.473820
340.757124
72.009053
-257.689538
-554.212530
-683.314474
-871.052361
-1157.802695
-1544.079827
-2042.485341
-2389.414669
-2474.796832
-2516.459212
-2678.222405
-2845.129102
-2924.596235
-3097.160786
-3335.819360
-3334.276309
-3139.594692
-3061.413435
-3075.300895
-2949.542228
-2769.005246
-2660.991668
-2512.344409
-2332.321778
-2150.756095
-1880.464973
-1546.651579
-1258.872544
-956.434523
-580.187224
-411.223125
-515.121901
-470.887769
-266.176319
-156.876865
4.371978
310.153276
614.905874
731.149059
605.390392
487.604156
501.234441
545.982924
655.282378
879.281967
1113.825738
1138.771731
892.140726
647.824298
601.532764
762.524432
974.179611
1081.936015
1199.722251
1217.210164
1054.161095
1095.823475
1343.483181
1542.022426
1747.762576
1838.031067
1771.679868
1888.437404
2155.899599
2189.589548
2145.869766
2358.810822
2518.516614
2435.706203
2572.780578
2900.678942
2885.762782
2550.663512
2171.072935
1831.858862
1647.978603
1692.727086
1834.430614
1847.803724
1533.792820
853.821623
69.180126
-477.317148
-542.639646
-301.409320
-295.494291
-660.940232
-1218.753215
-1984.363749
-2642.217879
-2717.570209
-2451.908240
-2351.609917
-2479.940335
-2781.864006
-3217.518774
-3511.212838
-3487.809896
-3329.647156
-3116.191750
-2914.823578
-2913.280527
-2952.885506
-2825.069437
-2661.248843
-2563.779447
-2398.415801
-2119.895073
-1796.883037
-1415.235058
-1059.304598
-831.190207
-703.374138
-745.293694
-781.812571
-482.203477
-49.120461
274.148750
496.090937
508.949697
399.650242
342.557350
413.537702
697.459109
1011.984364
1130.027775
1070.105956
984.980969
960.034976
949.490793
1006.326510
1159.602922
1259.901245
1289.476391
1331.395947
1393.117992
1447.896307
1416.006584
1391.832116
1542.793951
1789.167781
2021.396976
2190.618249
2192.932826
2050.200597
2045.571443
2265.199054
2501.543051
2796.780167
2999.177039
2774.405925
2530.603847
2578.181257
2587.439564
2555.549841
2500.771526
2142.269314
1599.115317
1326.766794
1398.518671
1420.635737
1195.607448
699.259335
-98.498097
-768.182286
-948.462092
-859.736653
-794.414155
-1065.219628
-1812.570723
-2657.391215
-3137.537290
-3104.876042
-2825.583788
-2701.882522
-2872.904022
-3367.709083
-3964.869869
-4154.407983
-3833.710524
-3399.598807
-3121.592429
-3083.787676
-3293.642629
-3449.747968
-3254.037650
-2879.076227
-2491.256044
-2103.950211
-1902.839214
-1874.035593
-1676.010698
-1266.587800
-938.432260
-736.806913
-442.084148
-191.081164
-151.733361
-8.229606
238.658574
312.467853
391.677811
582.758975
732.949285
872.081062
979.580290
998.354079
938.946610
913.486267
1070.877482
1279.703734
1407.262627
1478.242979
1375.115729
1199.465076
1235.726777
1463.326818
1708.414772
1872.235367
1931.385660
1838.802592
1732.589240
1906.439667
2193.190001
2375.527209
2595.669170
2640.417653
2505.400679
2599.526798
2808.095875
2910.965950
2966.515791
3087.388129
3210.832219
3039.296369
2748.431231
2608.527929
2264.427528
1781.709701
1709.957823
1897.695710
1831.344512
1386.174262
704.145664
-46.805884
-562.699311
-595.874910
-448.770703
-535.438741
-952.576895
-1788.396256
-2746.631005
-3101.789939
-2827.384014
-2596.183520
-2692.109865
-3021.036930
-3581.936015
-4194.270137
-4318.228577
-3842.711655
-3354.850324
-3203.116963
-3357.936426
-3716.438638
-3858.656517
-3533.329904
-3051.126427
-2645.046806
-2314.319514
-2153.070672
-2193.704351
-2097.006481
-1635.891369
-1182.234338
-928.402428
-679.971196
-502.005966
-417.138155
-276.720502
-86.925213
120.100813
360.045263
598.961012
738.092789
781.041045
870.795186
917.086719
850.478346
966.978706
1298.734698
1504.474848
1486.986936
1369.200700
1253.986215
1202.036827
1324.195042
1682.954429
1979.734595
1994.907931
1848.060899
1633.833968
1623.804135
2005.452114
2424.133320
2646.075507
2695.710318
2605.956177
2511.572883
2506.429380
2809.896101
3250.180023
3334.276309
3338.391112
3331.190207
2986.832630
2789.064911
2802.180846
2516.973562
2191.389775
2171.587285
2211.192264
1892.809382
1279.703734
692.058430
113.414258
-269.005246
-248.688407
-218.341734
-497.891163
-1214.381236
-2250.797243
-2956.485958
-2983.232178
-2671.021500
-2565.065322
-2899.650242
-3474.693962
-4173.696122
-4731.251929
-4539.656414
-3823.937866
-3459.006275
-3605.596132
-3969.241848
-4326.715359
-4326.458183
-3788.447691
-3106.676268
-2684.651785
-2526.746220
-2614.700134
-2766.947845
-2477.111408
-1745.962350
-1148.801564
-818.588623
-614.905874
-659.140006
-813.445119
-674.056167
-193.910092
349.243905
716.232898
830.933032
686.143401
455.714433
500.462915
818.588623
1171.432980
1503.188972
1626.890238
1393.889518
1091.965847
1061.362000
1286.133114
1614.031478
1974.848267
2126.324452
1893.323732
1686.812056
1735.160992
1898.210061
2321.520420
2775.691801
2856.444810
2679.765456
2485.855365
2529.832322
2838.442547
3240.150190
3624.369921
3662.689024
3506.069334
3436.117683
3169.427014
3066.299763
3208.774817
2946.198951
2519.545314
2315.862566
2294.259850
2183.417344
1627.404588
1013.013064
557.041457
111.871207
-2.828927
8.229606
-291.379488
-933.803107
-1921.870178
-2636.045674
-2596.697871
-2306.347084
-2317.405617
-2837.413846
-3571.391832
-4135.119844
-4442.958543
-4204.814320
-3567.277029
-3331.704557
-3706.923156
-4300.226314
-4636.354285
-4334.687789
-3638.257381
-3089.445530
-2862.617015
-2965.229915
-3212.375270
-3191.801255
-2698.024895
-1863.234235
-1213.095361
-1103.795906
-1171.175805
-1163.460549
-1083.221891
-724.462504
-217.313034
196.481843
488.890032
544.439872
432.825841
398.621541
596.132085
914.257792
1175.290608
1457.154614
1621.489559
1449.953708
1204.865755
1157.288345
1379.487707
1764.736138
2023.454377
2011.367143
1779.909474
1575.455200
1555.138360
1762.164386
2275.486061
2677.708055
2597.726571
2313.290814
2132.496657
2279.343689
2658.162740
3077.615472
3475.208312
3393.426602
3036.467442
3027.723485
3076.843946
3150.138875
3315.759696
3082.758975
2543.719782
2122.981175
2067.688509
2223.536673
2020.368275
1516.562082
925.059150
305.524123
57.607242
90.525666
10.029832
-368.789219
-1237.527003
-2147.155642
-2445.736035
-2258.512499
-2137.640160
-2470.939204
-3091.760107
-3665.003600
-4141.549223
-4190.155334
-3677.090834
-3340.448514
-3593.766073
-4052.566608
-4391.523506
-4351.661352
-3845.026232
-3322.446250
-3127.250283
-3150.653225
-3224.462504
-3212.118095
-2917.138155
-2261.598601
-1647.978603
-1499.331345
-1471.042074
-1262.472997
-1099.681103
-876.195865
-493.519185
-211.655180
27.003395
286.235984
406.851147
426.653636
514.093200
705.174365
875.167164
1095.823475
1449.182183
1554.366835
1336.796626
1246.785310
1389.003189
1620.460858
1908.497068
2089.548400
1990.535953
1781.452525
1709.186298
1820.285979
2137.897336
2554.778315
2691.852690
2466.567226
2287.573295
2384.271166
2602.612900
2909.680074
3320.388849
3383.139595
3048.040325
2980.660426
3122.363954
3109.762370
3140.623393
3054.469705
2595.411995
2101.378459
1967.904537
2154.099372
2120.152248
1636.405720
1010.698488
398.621541
84.867812
124.472791
64.293797
-251.260158
-895.484004
-1797.911737
-2361.125399
-2281.915441
-2018.053698
-2203.734184
-2809.124576
-3345.592017
-3795.134245
-3998.816994
-3645.201111
-3258.152453
-3354.850324
-3721.324967
-4094.228989
-4240.047320
-3894.146693
-3324.503652
-3036.210266
-3075.043720
-3175.599218
-3151.681926
-2942.084148
-2464.766999
-1815.399650
-1440.952577
-1427.836642
-1348.369509
-1148.030038
-959.263450
-686.400576
-341.528649
14.401811
288.550561
398.621541
404.793745
392.706512
526.180434
815.502520
1122.055344
1423.721839
1522.477111
1294.619895
1109.710935
1231.354799
1549.994856
1888.951754
2087.233824
1993.364880
1679.611151
1571.854747
1801.512190
2113.208518
2434.420327
2616.243185
2459.880671
2216.078593
2212.735315
2477.625759
2871.875321
3180.999897
3247.093920
3068.357165
2908.137023
2998.148339
3081.473099
3033.124164
3011.007098
2760.518465
2193.961527
1850.118301
1957.103179
2028.340706
1660.837362
1097.109351
616.963275
174.364777
-96.955046
-128.073243
-289.836437
-796.214381
-1519.648184
-2156.928300
-2322.806296
-2188.818023
-2285.258718
-2697.253369
-3190.001029
-3573.963584
-3781.503960
-3734.955252
-3442.547063
-3319.360148
-3595.051949
-3908.291328
-3995.730892
-3821.108939
-3418.886946
-3108.219319
-3067.842815
-3099.218187
-3036.210266
-2839.471248
-2499.742825
-2040.685115
-1663.923465
-1571.597572
-1480.300381
-1181.205637
-940.746837
-773.582965
-552.926654
-333.041868
-79.981483
183.623084
360.816788
419.452731
397.592840
490.690258
748.379796
1066.248328
1359.942393
1382.830984
1168.346878
1087.336694
1231.354799
1524.020163
1857.319206
2010.338443
1875.064294
1609.145150
1598.600967
1936.271988
2294.002675
2540.633680
2555.035490
2296.831602
2180.331242
2380.927888
2710.883654
3036.981792
3235.263862
3206.974591
2923.824709
2818.125707
3186.914926
3361.794054
3209.289168
3114.905874
2739.687275
2180.331242
1955.560128
2077.975517
2255.169221
1981.020471
1291.533793
648.081473
186.194836
72.523403
122.672565
-59.921819
-476.288448
-1217.981689
-2013.938895
-2256.969448
-2077.461167
-2045.057093
-2403.559305
-2877.533176
-3254.037650
-3596.595001
-3627.198848
-3309.844666
-3164.283510
-3283.612797
-3463.892604
-3653.687892
-3615.368789
-3229.348832
-2860.045263
-2717.570209
-2593.354593
-2416.160889
-2302.489456
-2105.750437
-1646.949902
-1175.547783
-940.746837
-774.354490
-584.559202
-529.780887
-525.151733
-353.358708
-25.460344
293.951240
468.058842
420.995782
159.962967
-38.319103
118.557762
509.206872
845.077667
934.831807
675.084868
304.495422
227.600041
454.685732
778.726468
1045.931489
1004.526283
571.186092
212.683880
357.216336
768.696636
1071.391832
1230.583273
1172.204506
929.945479
874.909989
1209.752083
1779.137949
2287.573295
2546.291534
2532.404074
2389.671844
2602.355725
3174.313342
3391.626376
3319.874499
3239.635840
2823.783561
2321.006069
2305.575558
2713.969756
2879.333402
2353.410143
1578.798478
947.690567
597.160786
688.200802
773.068614
526.951960
-34.975826
-1010.441313
-1786.338854
-1762.935912
-1425.264890
-1467.184446
-2014.967596
-2628.073243
-3087.388129
-3431.745705
-3311.902068
-2900.678942
-2875.218599
-3206.974591
-3576.278161
-3798.220348
-3613.568563
-3132.908137
-2845.900628
-2886.019957
-2898.364366
-2779.292254
-2684.908960
-2383.242465
-1786.081679
-1401.347598
-1310.564757
-1112.025512
-907.314062
-799.814834
-506.635120
-118.300586
147.618558
406.851147
619.277852
586.359428
461.115112
643.195145
1030.500977
1241.384631
1376.401605
1434.523197
1249.614237
1159.088571
1324.966567
1543.565477
1790.453657
1910.297295
1760.878510
1541.250900
1552.309433
1842.145870
2055.086925
2173.644687
2337.979632
2237.424133
2043.256867
2159.242876
2422.847444
2719.884786
2889.620409
2862.102664
2810.153276
2765.404794
2967.801666
3169.684189
2975.774097
2839.471248
2640.674828
2158.728526
1930.356959
1962.761033
2038.627713
1845.746322
1190.721119
625.707232
245.087954
5.657854
34.461475
-168.964098
-609.505195
-1157.031170
-1985.906800
-2445.221685
-2309.176011
-2246.682440
-2551.177862
-3117.734801
-3574.477934
-3858.399342
-4075.198025
-3900.318897
-3638.257381
-3803.363851
-4077.255426
-4342.660220
-4479.734595
-4140.520523
-3704.865755
-3572.163358
-3568.562905
-3529.215101
-3455.405822
-3323.732126
-2922.538833
-2297.345952
-1979.734595
-1933.443061
-1813.085074
-1703.528444
-1541.765250
-1170.661455
-726.777081
-360.045263
-146.847032
-111.871207
-166.649522
-96.697871
270.805473
734.492336
1040.016459
1190.206769
1140.057607
977.265713
1040.530810
1367.143298
1730.789013
1985.135274
2023.968727
1825.172307
1674.210472
1851.147001
2199.362206
2460.652196
2618.043411
2632.702397
2501.543051
2448.822138
2605.184652
2859.530912
3084.302027
3278.469293
3319.617323
3127.764633
3135.479889
3439.460961
3438.432260
3246.065220
3229.348832
3014.864726
2533.175599
2234.338031
2350.324041
2522.631417
2222.765148
1623.804135
1003.754758
520.265405
435.911943
428.968213
301.152145
58.893118
-708.003292
-1635.377019
-1957.360354
-1750.334328
-1551.795083
-1841.888695
-2400.216027
-2858.502212
-3331.190207
-3424.030450
-3007.663821
-2747.916881
-2811.439152
-3156.568254
-3616.911840
-3624.112746
-3152.710626
-2672.821726
-2492.284744
-2523.402942
-2516.202037
-2564.293797
-2452.422590
-1858.347907
-1301.820800
-1103.024380
-1080.135788
-1152.659191
-1011.212838
-612.076947
-284.950108
-42.176731
129.873470
196.996194
164.592120
167.935398
496.862463
857.679251
883.396770
884.168295
975.465487
1006.583685
1072.163358
1216.952988
1351.969962
1404.433700
1407.519802
1431.437095
1454.582862
1565.939718
1760.621335
1801.512190
1784.538628
1894.866783
1980.763296
2070.260261
2258.769674
2350.838391
2380.413538
2489.455817
2630.902171
2853.358708
3033.124164
3095.360560
3135.222714
2972.687995
2758.203888
2740.715976
2626.273017
2353.410143
2072.574838
1882.522374
1825.429483
1518.619484
965.435655
489.661557
44.748483
-213.455406
-362.874190
-604.618866
-918.372595
-1634.605493
-2477.882934
-2760.004115
-2706.511676
-2694.167267
-2925.367761
-3442.289888
-3915.235058
-4312.570723
-4455.045777
-4101.429894
-3766.073449
-3771.474128
-4084.713507
-4550.200597
-4548.143195
-4041.508075
-3548.246065
-3204.145664
-3079.672873
-3141.394918
-3221.376402
-3088.416830
-2440.849707
-1678.839626
-1333.710524
-1249.871412
-1298.220348
-1278.160683
-965.178480
-562.442136
-97.469396
336.385146
401.193293
247.145355
193.395741
407.365497
812.159243
1085.022117
1246.270960
1332.424648
1207.951857
1091.965847
1165.003600
1377.173130
1638.720296
1755.992182
1719.473305
1650.550355
1604.001646
1692.212735
1880.722148
2089.034050
2301.203580
2380.927888
2362.411275
2375.784384
2424.390495
2617.786236
2950.828104
3209.031993
3305.215513
3263.553132
3276.154717
3389.311799
3392.912252
3367.709083
3362.565580
3151.167575
2731.200494
2386.842917
2380.927888
2467.081576
2150.498920
1564.911017
1011.727189
562.956486
324.297912
216.798683
94.126119
-276.720502
-1095.566300
-1901.296163
-2161.557453
-2055.601276
-2059.201728
-2390.443370
-2870.075095
-3320.646024
-3730.840449
-3826.509618
-3524.071598
-3248.379796
-3291.842403
-3642.886534
-3984.929534
-3902.376299
-3476.751363
-3053.183829
-2786.750334
-2675.393478
-2651.733361
-2680.022631
-2488.941467
-1846.517848
-1204.865755
-963.121078
-917.343895
-903.970785
-799.814834
-462.143812
-87.953914
222.456537
484.260879
517.179303
387.563008
424.081885
700.030861
969.807633
1038.730583
1052.103693
1097.623701
1025.100298
968.778932
1074.220759
1197.407674
1258.358194
1240.355930
1189.949594
1276.103282
1408.291328
1428.608168
1395.946919
1437.866475
1611.459726
1756.763707
1890.237630
2100.349758
2154.613723
2124.009876
2297.860302
2583.067586
2841.528649
3021.294106
3146.024072
3134.965539
2857.216336
2651.476186
2686.194836
2709.340603
2613.928608
2375.784384
2165.672256
1884.836951
1311.336282
878.767617
674.570517
455.714433
230.171793
-138.103076
-540.839420
-1031.015328
-1775.023146
-2206.048760
-2220.193396
-2256.197922
-2471.967905
-2945.684600
-3389.826150
-3681.719988
-3922.178788
-3821.880465
-3536.930357
-3428.916778
-3521.499846
-3852.227137
-4000.617220
-3699.207900
-3293.128279
-2910.965950
-2620.357988
-2488.684292
-2458.851970
-2432.105750
-2069.488736
-1414.206357
-928.145253
-670.455714
-574.786545
-577.358296
-417.909680
-79.467133
248.688407
539.296369
763.810308
779.755169
659.397181
707.746117
946.661866
1102.510030
1130.799300
1181.462812
1213.866886
1165.260776
1103.538731
1097.366526
1146.744162
1165.517951
1132.085176
1160.631622
1273.531530
1384.631211
1370.743751
1281.503960
1358.142166
1525.048863
1701.471042
1981.020471
2156.413949
2166.443782
2194.218702
2328.978500
2633.473922
2939.769571
3214.175496
3357.164901
3041.353770
2685.680486
2632.702397
2662.791894
2731.200494
2587.182389
2309.176011
2025.768954
1394.403868
867.966259
694.115832
476.545623
262.318691
-139.903302
-673.798992
-1086.565168
-1724.359634
-2228.165827
-2317.148442
-2440.335356
-2674.107602
-3116.448925
-3555.961321
-3747.814011
-3991.358914
-4061.310565
-3875.887254
-3790.762267
-3745.756609
-3872.286802
-4041.765250
-3847.340809
-3525.871824
-3191.286905
-2821.468985
-2554.006789
-2344.409011
-2259.798375
-2073.346364
-1519.905360
-1012.755889
-668.398313
-375.218599
-282.635531
-223.742413
-19.288139
261.032816
621.592429
954.634297
1099.681103
1024.843123
901.913383
983.952268
1142.372184
1269.159551
1449.696533
1493.416315
1349.398210
1214.638412
1124.627096
1132.856702
1239.841580
1347.083633
1412.920481
1421.150087
1459.983541
1476.185578
1419.092686
1519.133834
1752.648904
1975.105442
2194.218702
2296.831602
2313.033639
2388.128793
2587.182389
2893.992388
3170.970065
3463.635428
3568.048555
3223.176628
2914.052052
2853.358708
2789.836437
2752.546034
2649.418784
2511.572883
2283.715667
1641.292048
944.861640
506.377945
193.652916
23.402942
-189.538113
-463.686863
-908.857113
-1850.889826
-2686.194836
-2903.250694
-2841.014299
-2782.892707
-2982.460652
-3389.568974
-3839.111203
-4396.152659
-4596.234955
-4240.304495
-3791.790968
-3498.354079
-3598.652402
-3892.603642
-3899.804547
-3705.637280
-3291.842403
-2627.816068
-2071.031787
-1794.568460
-1791.739533
-1761.135686
-1356.341940
-869.766485
-451.342454
-8.486781
240.715976
316.068306
363.902891
441.826973
695.401708
1005.554984
1178.891061
1233.926551
1186.606316
1144.686761
1095.566300
1003.497583
1036.673182
1092.223022
1048.246065
1004.783458
903.713610
734.235161
603.332990
559.098858
652.453451
833.247608
1011.984364
1061.876350
951.033844
929.431128
1060.590474
1301.820800
1666.238041
1955.045777
2091.091451
2166.443782
2307.118609
2557.350067
2821.983335
3157.596955
3358.707952
3161.197408
2929.996914
2845.129102
2741.744676
2615.214484
2459.623496
2383.499640
2212.478140
1682.697253
1078.078387
565.785413
183.365909
-78.181257
-382.933855
-601.018414
-954.634297
-1778.880774
-2566.094023
-2920.481432
-2996.605288
-3039.039193
-3234.749511
-3478.551589
-3807.735830
-4273.737270
-4489.507252
-4291.739533
-3902.890649
-3622.312519
-3656.516819
-3720.296266
-3557.504372
-3331.961732
-3009.206872
-2480.711861
-1980.248946
-1687.840757
-1528.134966
-1233.926551
-754.037650
-371.875321
-95.926345
171.535850
360.559613
575.300895
833.761959
1023.814422
1235.983952
1365.600247
1292.562494
1218.753215
1256.300792
1376.144430
1438.123650
1362.256969
1262.215821
1100.966979
904.485135
855.107499
884.939821
876.967390
807.272914
703.374138
668.141138
732.692110
864.622981
968.264582
1008.383911
1098.138052
1230.583273
1411.634605
1672.410246
1909.011419
2082.090320
2233.052155
2427.219422
2695.195967
3023.094332
3308.301615
3294.156980
3035.438741
2814.268079
2653.790762
2550.149162
2494.856496
2478.140109
2424.390495
2023.197202
1330.110071
664.026335
159.448616
-77.409732
-201.882522
-377.790351
-673.798992
-1364.571546
-2286.544594
-2927.167987
-3095.103384
-3027.723485
-3111.562596
-3299.814834
-3540.273634
-3993.416315
-4377.893221
-4412.611871
-4132.805267
-3740.613106
-3598.909577
-3589.651270
-3430.717004
-3220.090526
-3006.635120
-2695.453143
-2228.680177
-1769.108116
-1480.300381
-1110.482461
-603.075815
-255.632137
-107.242053
2.828927
213.455406
504.834894
821.417550
1172.976031
1423.721839
1431.179920
1252.700339
1084.764942
1104.824607
1266.330624
1398.518671
1441.209752
1363.542845
1110.482461
788.756301
612.848472
592.788808
609.505195
650.653225
684.857525
659.140006
637.280115
672.513116
735.006687
795.442856
903.970785
1110.996811
1385.402736
1673.953297
1896.924185
2031.169633
2155.385248
2329.492851
2558.893118
2903.765045
3317.817097
3496.811028
3295.700031
2919.709906
2648.904434
2597.983747
2575.095155
2492.541920
2429.791174
2148.955869
1532.249769
822.703426
233.000720
-120.357988
-395.535439
-703.631314
-940.489662
-1362.256969
-2075.403765
-2791.122313
-3271.525563
-3420.429997
-3539.759284
-3781.503960
-3876.658780
-3952.525460
-4158.779961
-4353.204403
-4427.013682
-4256.249357
-4037.393272
-3899.804547
-3611.768337
-3239.893015
-2905.565271
-2631.930871
-2432.620101
-2099.063882
-1698.899290
-1359.942393
-878.253266
-313.239379
120.357988
307.324349
327.641189
439.769571
626.993108
852.535747
1177.090834
1439.409526
1514.761856
1426.807942
1283.047012
1213.095361
1201.522477
1185.320440
1163.460549
1146.744162
1098.395227
951.291019
777.440593
646.538422
505.349244
388.077358
380.619278
530.295237
788.756301
998.354079
1106.367658
1108.167884
1060.333299
1136.457155
1364.571546
1722.302232
2127.095978
2413.074787
2575.866680
2688.252237
2781.606831
2949.542228
3176.370744
3318.588623
3265.353359
3022.837157
2771.576998
2606.727703
2468.367452
2335.922230
2113.722868
1743.647773
1312.879333
840.705689
372.389672
-34.204300
-433.597367
-788.756301
-1108.167884
-1505.760724
-1944.758770
-2333.607654
-2630.902171
-2863.131365
-3117.220451
-3331.961732
-3439.203786
-3482.409217
-3479.837465
-3461.835202
-3412.971916
-3294.156980
-3191.544080
-3095.360560
-2899.650242
-2611.099681
-2286.544594
-1972.276515
-1629.204814
-1256.300792
-950.005144
-696.430408
-439.512396
-168.706923
134.759798
413.537702
612.848472
746.322395
829.132805
881.339368
908.085588
917.858245
908.599938
833.247608
742.464767
688.715153
624.935706
545.211398
463.686863
395.535439
322.754861
174.107602
13.373110
-43.719782
5.915029
88.725440
114.957309
141.960704
279.806604
451.856805
575.300895
667.883963
728.320132
809.844666
908.342763
1012.498714
1169.632754
1322.394815
1424.493365
1462.555293
1428.865343
1389.517539
1383.859685
1386.688612
1374.858554
1295.648596
1150.601790
993.210575
854.078798
748.379796
633.679663
497.376813
379.076227
251.774509
82.038885
-91.297192
-207.540377
-259.232589
-328.927065
-479.631725
-648.081473
-763.810308
-823.732126
-824.246477
-796.985907
-776.669067
-781.041045
-794.156980
-790.299352
-747.351096
-683.828824
-617.991976
-541.353770
-495.833762
-484.003703
-453.914206
-395.021088
-330.470116
-272.348524
-228.114392
-197.253369
-193.910092
-209.340603
-230.428968
-231.200494
-223.228063
-240.973151
-280.320955
-330.984467
-364.931591
-369.046394
-371.618146
-392.706512
-416.109454
-443.370024
-502.263142
-589.959881
-680.228372
-749.922847
-774.354490
-736.806913
-700.802387
-684.343175
-644.995371
-585.845078
-540.582245
-524.380208
-499.177039
-433.597367
-381.905154
-364.674416
-405.308096
-549.840551
-655.796729
-541.868121
-190.823989
269.519597
651.939101
848.678120
902.942084
921.458698
938.175085
932.774406
938.689435
991.667524
1060.590474
1128.741899
1177.862360
1167.832528
1110.225285
1051.846518
995.782327
915.543668
811.130542
721.119226
687.943627
722.919453
793.128279
828.875630
805.987038
768.439461
745.808044
706.460241
650.653225
616.448925
579.672873
529.266536
504.577718
522.322806
582.501800
637.280115
625.964407
577.101121
531.323938
461.886637
367.503343
284.435758
217.313034
126.530192
14.658986
-73.809279
-142.732229
-235.058122
-336.127970
-452.113980
-593.045983
-713.403971
-818.074272
-923.516099
-1024.328773
-1122.055344
-1207.437506
-1265.044748
-1313.908034
-1346.569283
-1390.546240
-1445.581730
-1483.129308
-1530.963893
-1554.881185
-1519.648184
-1444.553030
-1315.451085
-1169.118403
-1071.391832
-1010.698488
-965.178480
-894.455303
-775.897541
-650.910400
-539.810719
-456.485958
-379.590577
-256.660837
-101.069849
35.747351
115.728834
124.987141
128.330419
158.419916
182.337208
204.968625
225.542640
253.317560
289.579261
316.582656
348.215204
389.877585
416.109454
432.568666
450.570929
457.771834
452.113980
474.488221
549.840551
623.649830
632.908137
627.507458
671.227240
738.349964
773.325790
756.095052
733.206460
753.523300
823.732126
921.201522
1010.698488
1073.963584
1125.141446
1160.631622
1180.948462
1189.692418
1193.292871
1214.638412
1245.756609
1250.385763
1210.523609
1141.857834
1083.736241
1056.475671
1022.528546
941.518362
810.616192
657.339780
529.266536
434.368892
332.270343
199.053595
30.089497
-144.532456
-304.495422
-473.459521
-629.050509
-758.409629
-870.795186
-975.722662
-1109.968110
-1258.101018
-1360.456743
-1417.806810
-1449.953708
-1489.301512
-1545.880053
-1594.228989
-1619.432157
-1599.629668
-1534.821520
-1472.842300
-1388.488839
-1257.072318
-1104.053081
-927.630902
-769.210987
-655.282378
-595.103384
-560.641909
-528.495011
-513.064500
-501.748791
-453.142681
-399.393067
-368.274869
-335.099270
-316.325481
-295.751466
-246.373830
-182.851558
-119.586462
-88.468265
-107.242053
-173.336077
-221.942187
-194.938792
-135.016974
-81.524535
-35.490176
-2.314577
21.088365
113.928608
269.262422
366.988993
364.160066
318.382882
298.323218
379.847752
603.075815
868.223434
1006.069334
1009.926962
1031.272503
1151.887666
1365.085897
1554.881185
1590.114186
1529.935192
1476.699928
1435.294723
1394.918218
1352.998663
1319.823063
1296.420121
1270.188252
1269.416727
1248.585536
1191.235470
1135.942804
1059.304598
956.177348
807.272914
567.328464
307.581525
131.673696
56.835716
15.430511
-70.208826
-179.251106
-265.404794
-310.153276
-321.983335
-373.675548
-476.288448
-598.446662
-745.036519
-889.054624
-966.978706
-982.923568
-976.494188
-977.008538
-977.008538
-996.296677
-1023.814422
-1011.470013
-991.924699
-987.552721
-1013.270240
-1054.932620
-1065.476803
-1047.474540
-989.610122
-879.281967
-784.641498
-744.007818
-749.408497
-767.925111
-736.292562
-670.970065
-629.822035
-606.161917
-632.393787
-690.258204
-692.572781
-637.794466
-550.869252
-509.978397
-549.583376
-553.183829
-469.601893
-341.528649
-242.516202
-239.172925
-250.488633
-201.110997
-109.556630
0.000000
-37.033227
-294.979940
-497.376813
-307.581525
355.416109
1058.018722
1232.897850
882.368069
481.431951
497.633988
908.342763
1258.101018
1293.848370
1121.798169
934.060282
864.880156
946.147516
1183.005864
1441.724102
1444.295854
1139.028906
745.808044
542.125296
613.105648
778.726468
861.279704
862.822755
854.593149
889.826150
918.886946
854.335974
683.314474
488.890032
394.506738
401.450468
435.397593
449.542228
437.969345
414.823578
415.337928
433.854542
422.024483
332.784693
158.677091
-63.522271
-256.403662
-357.216336
-373.675548
-349.501080
-364.931591
-458.543360
-615.677399
-777.183417
-884.682646
-953.348421
-1028.443576
-1126.941673
-1272.502829
-1417.035284
-1467.184446
-1393.117992
-1255.014916
-1180.434112
-1210.009258
-1259.386894
-1255.786442
-1168.089703
-1050.303467
-970.064808
-890.854850
-824.246477
-769.725337
-675.342043
-511.521448
-289.064911
-93.354593
-2.314577
27.774920
50.920687
74.580804
80.238659
37.547577
5.915029
33.432774
100.555498
205.997325
329.441415
442.855673
494.033536
471.916469
450.828104
460.086411
471.659294
478.088674
468.316017
427.167987
385.505606
387.048658
434.111717
488.890032
514.864726
500.205740
440.798272
336.127970
261.547166
365.445942
673.027466
939.203786
898.055756
586.873778
334.070569
366.988993
613.877173
815.245345
802.900936
705.688715
753.523300
955.920173
1060.590474
945.890340
771.011213
715.975723
769.982512
809.844666
797.243082
812.416418
918.115420
1019.956795
989.352947
802.643761
549.583376
320.697459
198.282070
174.621952
97.212221
-112.128382
-367.503343
-541.868121
-603.847341
-638.308816
-715.975723
-857.936426
-1065.219628
-1275.846106
-1434.266022
-1532.249769
-1562.339266
-1599.115317
-1679.868326
-1741.076021
-1749.048452
-1688.355107
-1567.482769
-1421.664438
-1323.680691
-1345.283407
-1399.290196
-1328.824195
-1103.024380
-797.757432
-554.726880
-443.112848
-362.102664
-222.713713
-14.916161
225.542640
416.109454
518.722354
565.013887
620.306553
687.943627
670.712890
541.353770
383.962555
234.286596
83.324761
-15.944862
-48.606110
-62.750746
-109.556630
-186.966361
-238.658574
-266.947845
-305.781298
-338.956897
-341.785825
-357.987861
-428.196688
-505.606419
-486.318280
-371.103796
-229.657443
-34.204300
257.432363
557.812982
728.062956
751.465899
752.237424
843.020265
1077.564037
1420.378562
1694.784487
1780.166650
1768.079416
1861.948359
2121.695299
2357.267771
2397.901450
2340.037033
2366.011727
2479.940335
2530.861023
2413.846312
2175.959263
1926.242156
1784.538628
1748.276926
1619.432157
1258.358194
762.010081
331.755992
27.260570
-288.550561
-710.575044
-1203.837054
-1658.008435
-1971.504989
-2161.557453
-2335.665055
-2557.092892
-2829.698591
-3074.529369
-3215.718547
-3307.272914
-3389.311799
-3409.628639
-3324.503652
-3150.396050
-2946.713301
-2716.027158
-2418.989816
-2081.318794
-1738.247094
-1405.205226
-1115.111614
-832.733258
-482.717827
-55.549841
383.448205
745.293694
1037.701883
1330.881597
1622.518259
1860.662483
2016.510647
2101.378459
2107.293488
1983.335048
1736.446868
1418.835511
1092.994548
840.962864
686.143401
520.522580
253.574735
-81.524535
-399.393067
-649.624524
-865.908857
-1097.109351
-1347.083633
-1576.483901
-1709.186298
-1726.417035
-1681.411377
-1594.486164
-1459.726366
-1252.443164
-957.463224
-612.076947
-233.257895
156.362514
518.208003
838.133937
1138.257381
1481.071906
1867.606213
2231.509104
2564.808147
2871.875321
3141.137743
3373.366938
3542.073861
3645.458286
3696.378973
3722.096492
3759.386894
3753.729040
3623.084045
3325.275177
2860.559613
2362.668450
1957.103179
1626.375887
1280.732435
804.701162
215.255632
-383.448205
-960.292151
-1503.703323
-2065.373933
-2667.935398
-3202.602613
-3600.452628
-3870.743751
-4067.225594
-4263.964613
-4410.040119
-4457.360354
-4416.212324
-4313.599424
-4208.414772
-4043.565477
-3778.160683
-3445.118815
-3035.953091
-2576.638206
-2074.117889
-1504.989199
-910.142989
-343.843226
145.303981
572.214793
1010.698488
1446.353256
1831.858862
2138.668861
2363.182800
2582.296060
2793.436889
2911.223125
2900.164592
2725.028289
2387.614443
1927.013682
1423.721839
963.121078
531.323938
110.070980
-295.751466
-706.717416
-1097.109351
-1407.519802
-1644.892501
-1854.490279
-2101.121284
-2378.870487
-2610.585331
-2736.601173
-2691.338340
-2476.854233
-2157.442650
-1753.677605
-1279.960909
-738.349964
-148.132908
434.626067
981.380516
1468.470322
1872.749717
2247.196790
2644.532456
3067.071289
3472.893735
3795.648596
4084.199156
4360.405308
4570.774612
4727.908651
4793.231149
4741.538936
4596.492130
4338.288242
4001.645921
3567.534204
2972.430820
2317.919967
1727.702911
1243.699208
790.813702
208.054727
-479.888900
-1198.950725
-1914.154922
-2576.638206
-3263.038782
-3952.782636
-4529.626582
-4941.878408
-5128.587594
-5181.051332
-5211.655180
-5156.876865
-5020.316840
-4790.145047
-4514.710421
-4295.339986
-4025.306038
-3653.430717
-3173.284641
-2574.837980
-1956.074478
-1275.331756
-512.550149
238.144224
940.746837
1479.786030
1873.264067
2224.565374
2518.516614
2805.781298
3020.265405
3086.359428
3108.476494
3113.619998
3088.159654
2937.197819
2537.033227
2001.080136
1410.863080
799.814834
221.685012
-378.561876
-952.062545
-1474.385351
-1930.099784
-2231.509104
-2421.047217
-2563.007921
-2677.965230
-2800.637794
-2889.363234
-2942.341323
-2911.223125
-2669.992799
-2268.799506
-1767.050715
-1178.633885
-531.066763
213.712581
1004.526283
1732.074889
2341.837260
2788.550561
3146.024072
3487.552721
3812.622158
4121.232383
4377.636046
4595.977780
4796.060076
4932.620101
5000.000000
4990.741693
4871.155231
4667.986833
4369.406440
3941.466927
3369.766485
2627.558893
1829.544286
1097.109351
428.453863
-173.078901
-749.665672
-1360.971094
-1998.765559
-2681.051332
-3374.652813
-4052.309433
-4708.620512
-5233.000720
-5582.501800
-5743.750643
-5741.693241
-5631.365086
-5368.017694
-4959.880671
-4499.794260
-4031.992593
-3614.854439
-3217.261599
-2746.888180
-2223.793848
-1632.033741
-1011.727189
-360.559613
395.535439
1144.429585
1815.914001
2374.755684
2795.494291
3126.735933
3323.732126
3385.196996
3350.992696
3207.746117
3034.667215
2830.470116
2546.034359
2200.905257
1735.418167
1192.521346
623.907005
-3.600453
-639.337517
-1278.417858
-1924.699105
-2523.145767
-3044.697048
-3375.681514
-3495.267977
-3502.211707
-3424.030450
-3305.472688
-3144.223845
-2894.249563
-2564.550972
-2157.699825
-1714.329801
-1235.212427
-640.366217
64.808147
853.564448
1668.552618
2440.849707
3150.653225
3744.470733
4186.554881
4505.966464
4723.536673
4843.380311
4867.811954
4825.892398
4759.541199
4672.873161
4569.488736
4436.271988
4251.620204
4021.962761
3762.215821
3447.690567
3004.577718
2393.272297
1619.432157
736.035387
-157.905565
-957.463224
-1611.202551
-2170.558585
-2684.908960
-3157.596955
-3592.994548
-3962.812468
-4270.651168
-4565.373933
-4840.808559
-5068.408600
-5203.168398
-5162.791894
-4939.563831
-4565.373933
-4089.085485
-3549.017591
-2946.970476
-2346.466413
-1765.507664
-1171.432980
-620.820903
-139.388952
304.752597
731.149059
1181.977163
1637.434420
2070.517436
2444.192984
2713.969756
2905.308096
3022.322806
3041.096595
2943.370024
2687.995062
2299.403354
1835.716490
1335.253575
831.704557
324.812262
-211.140829
-795.957206
-1383.088160
-1880.979323
-2290.659397
-2674.621952
-3056.527106
-3393.426602
-3599.938278
-3647.258512
-3545.417138
-3331.704557
-3047.268800
-2681.051332
-2244.625039
-1755.735007
-1204.094229
-614.905874
-2.057402
610.533896
1203.065528
1815.914001
2456.023043
3097.160786
3669.375579
4099.372493
4431.900010
4681.874293
4832.578953
4887.100093
4807.632960
4610.379591
4346.775023
4052.309433
3761.958646
3465.435655
3174.056167
2903.250694
2618.043411
2339.265508
2050.972122
1686.297706
1205.380105
548.297500
-230.686143
-1001.697356
-1686.297706
-2227.394301
-2674.879128
-3081.987450
-3403.199259
-3629.256249
-3745.242259
-3786.390289
-3835.253575
-3868.171999
-3877.944656
-3859.170867
-3771.731303
-3607.396358
-3315.759696
-2902.993519
-2441.878408
-1943.472894
-1432.980146
-912.971916
-382.676679
100.555498
506.892295
831.704557
1084.764942
1310.050406
1520.419710
1695.041662
1832.373213
1919.298426
1954.274252
1955.045777
1916.212324
1828.001234
1663.409114
1361.485444
942.547063
459.829236
-62.493571
-575.043720
-1070.620307
-1539.965024
-1956.588828
-2321.263245
-2592.583068
-2765.919144
-2882.419504
-2917.395330
-2883.705380
-2806.809999
-2673.850427
-2498.971299
-2227.908651
-1852.432877
-1436.323424
-986.009670
-518.465178
-26.746220
536.210266
1114.082913
1665.980866
2174.416212
2619.843637
3053.698179
3446.919041
3763.244522
3984.672359
4085.742208
4089.085485
4022.219936
3890.803415
3711.037959
3479.580290
3201.573912
2918.166855
2631.930871
2377.841786
2168.244008
1968.418887
1789.682131
1617.374756
1424.236190
1186.606316
828.361280
328.669890
-245.087954
-822.960601
-1349.655385
-1805.884168
-2181.359942
-2442.392758
-2598.498097
-2706.511676
-2785.978809
-2847.186503
-2863.902891
-2837.928197
-2833.299043
-2851.044131
-2856.444810
-2801.152145
-2638.103076
-2394.815348
-2106.264788
-1788.396256
-1438.638000
-1034.872955
-614.905874
-235.058122
102.612900
379.590577
590.731406
737.321263
826.046703
908.599938
994.753626
1076.535336
1125.398622
1132.599527
1152.659191
1176.833659
1128.227549
990.638823
750.951548
448.513527
119.843637
-266.433494
-705.431540
-1162.431849
-1575.969550
-1898.467236
-2135.582759
-2278.057813
-2330.007201
-2323.320646
-2242.567637
-2091.605802
-1913.383397
-1717.415904
-1509.104002
-1288.704866
-1047.474540
-778.212118
-456.743133
-82.810410
316.068306
720.090526
1134.656928
1572.883448
2035.027261
2471.453554
2832.270343
3117.220451
3318.331447
3437.917910
3465.435655
3402.170559
3273.582965
3102.304290
2895.535439
2671.021500
2450.622364
2253.111820
2081.575970
1925.213455
1796.111511
1711.500874
1629.719165
1537.136097
1431.179920
1249.357062
945.375990
518.722354
21.345541
-467.544491
-900.884683
-1255.272091
-1536.878922
-1767.050715
-1953.759901
-2103.693036
-2229.451702
-2307.375784
-2346.209238
-2392.757947
-2460.909371
-2545.520008
-2591.297192
-2552.463738
-2441.364057
-2281.658266
-2088.776875
-1851.661352
-1554.366835
-1235.469602
-925.830676
-624.421356
-341.528649
-89.496965
108.270754
256.660837
398.621541
538.010493
643.709495
714.689847
780.783870
868.737784
946.919041
972.893735
964.664129
916.572369
803.929637
599.732538
298.066043
-63.779447
-446.713301
-827.589754
-1196.121798
-1548.451805
-1851.147001
-2051.486473
-2126.838803
-2106.264788
-2036.313137
-1936.271988
-1795.339986
-1623.804135
-1434.780372
-1229.040222
-994.239276
-742.464767
-489.661557
-229.657443
72.266228
437.454994
846.877893
1269.931077
1687.583582
2091.862977
2471.453554
2809.124576
3090.988581
3287.213250
3354.335974
3294.156980
3147.052772
2954.171382
2744.830779
2508.743956
2271.371258
2052.515173
1843.688921
1682.697253
1574.169324
1515.276206
1489.301512
1452.268285
1400.576072
1322.909166
1157.031170
881.853719
508.178171
84.096286
-341.528649
-749.922847
-1091.708672
-1341.682954
-1518.619484
-1630.233515
-1725.131159
-1812.313548
-1861.434009
-1887.151528
-1903.353564
-1950.159449
-2057.401502
-2169.015533
-2231.509104
-2225.079724
-2154.613723
-2055.601276
-1918.526901
-1739.532970
-1518.362308
-1247.814011
-953.605596
-668.655488
-430.254089
-253.317560
-111.614031
16.459212
140.674828
253.831910
345.643452
418.681206
486.061105
561.927785
641.909269
696.173233
702.088263
651.939101
553.955354
398.878716
163.563419
-126.273017
-453.142681
-805.729863
-1151.373316
-1464.612694
-1707.386071
-1839.316943
-1872.235367
-1822.086205
-1706.357371
-1537.393272
-1325.223742
-1097.623701
-868.994959
-638.565991
-421.767308
-223.999589
-16.202037
198.024895
442.341323
723.948153
1028.443576
1352.484312
1676.267874
1997.994034
2314.062339
2592.325892
2798.066043
2893.220862
2880.104927
2788.550561
2625.758667
2407.674108
2155.899599
1887.665878
1623.804135
1374.344203
1178.891061
1063.419401
1023.814422
1046.703014
1104.567431
1165.775126
1208.209032
1221.067791
1171.432980
1019.185269
751.980249
416.880979
79.209958
-223.485238
-491.718959
-720.604876
-885.196996
-993.210575
-1067.534204
-1143.400885
-1242.156157
-1338.339677
-1428.865343
-1537.393272
-1682.182903
-1868.892089
-2032.198334
-2136.354285
-2202.448308
-2229.966053
-2213.249666
-2127.095978
-1963.532558
-1744.933649
-1502.160272
-1256.815142
-1019.442444
-786.956074
-582.758975
-398.621541
-217.827384
-65.322498
64.036622
180.022631
286.493159
407.879848
534.152865
650.396050
752.237424
804.186812
809.330316
743.750643
593.303158
392.706512
117.529061
-216.284333
-543.153997
-850.992696
-1116.397490
-1306.707129
-1414.206357
-1410.863080
-1325.738093
-1203.579879
-1049.017591
-873.109762
-667.626787
-472.430820
-322.754861
-192.624216
-72.523403
41.405205
157.648390
294.465590
475.516922
695.401708
948.719268
1236.755478
1523.505812
1803.569592
2059.716079
2255.169221
2381.185063
2396.872750
2317.662792
2166.186606
1941.672667
1699.927991
1448.925008
1212.323835
1045.159963
934.574632
903.199259
960.806501
1056.475671
1200.493776
1376.915955
1548.194630
1682.182903
1701.728217
1599.372493
1402.633474
1117.426191
805.987038
480.660426
142.475054
-156.105339
-419.967082
-631.879436
-804.186812
-977.780064
-1127.198848
-1271.731303
-1438.638000
-1618.403456
-1825.172307
-2032.198334
-2218.650345
-2417.961115
-2584.353462
-2692.624216
-2731.972019
-2669.478449
-2530.346672
-2321.777595
-2032.455509
-1707.128896
-1367.400473
-1027.929225
-712.632445
-399.907417
-114.957309
119.072112
311.439152
456.485958
588.416830
714.432672
823.217776
937.403559
1040.016459
1119.226417
1156.516819
1108.167884
984.980969
788.241950
521.808456
215.769983
-137.588725
-514.607551
-863.851456
-1145.972637
-1340.397078
-1463.326818
-1524.277338
-1508.846826
-1421.150087
-1265.044748
-1072.420533
-899.855982
-745.808044
-607.962144
-480.403251
-355.158934
-239.687275
-110.328156
32.146898
189.538113
393.220862
647.052772
939.975311
1253.986215
1568.254295
1860.405308
2094.434729
2246.682440
2317.148442
2295.545726
2193.447176
2032.712684
1832.116037
1608.887974
1388.488839
1215.152762
1105.338957
1064.705277
1097.109351
1195.093097
1343.226006
1514.504681
1690.669684
1827.744059
1854.490279
1741.076021
1519.133834
1230.068923
899.855982
535.181566
140.674828
-246.888180
-587.902479
-858.965127
-1084.250592
-1291.276618
-1461.526592
-1598.858142
-1721.530707
-1846.775023
-1990.535953
-2131.725131
-2266.742105
-2411.017385
-2536.518877
-2628.587594
-2658.162740
-2603.898776
-2485.083839
-2307.375784
-2055.601276
-1742.104722
-1379.230532
-990.381648
-598.446662
-216.284333
126.787368
426.396461
674.570517
855.107499
988.581422
1094.023249
1171.947331
1228.011521
1254.243391
1245.242259
1203.065528
1115.625964
991.924699
813.445119
567.842815
279.549429
-33.689950
-356.701985
-675.856393
-976.751363
-1227.497171
-1404.433700
-1511.932929
-1558.481638
-1544.851353
-1457.154614
-1302.077976
-1117.940541
-930.459829
-747.865446
-570.157391
-404.279395
-248.945582
-94.126119
63.007921
227.342866
416.109454
637.022940
893.426602
1168.089703
1438.380825
1705.071495
1937.300689
2118.094846
2240.510236
2288.601996
2267.256455
2183.160169
2035.284436
1846.260673
1631.262216
1412.920481
1223.639543
1075.506635
1002.211707
1009.412612
1055.961321
1144.172410
1263.758873
1393.632342
1500.102870
1510.389878
1402.119124
1216.695813
988.581422
732.434935
405.822446
7.200905
-381.647979
-717.775949
-984.466619
-1208.466207
-1434.008847
-1636.148544
-1790.710832
-1891.266331
-1952.731200
-2021.654151
-2107.293488
-2205.277235
-2309.947536
-2394.558173
-2449.336488
-2469.138977
-2446.507561
-2378.870487
-2237.938484
-2009.824092
-1712.015225
-1364.571546
-1001.954531
-641.137743
-272.091349
99.783973
449.027878
750.437198
975.979837
1121.283819
1194.835922
1216.181463
1229.811748
1230.840449
1200.493776
1120.255118
1001.440181
846.877893
666.340911
473.202345
240.715976
-41.405205
-365.445942
-702.088263
-1007.355210
-1255.786442
-1443.009978
-1591.400062
-1707.643247
-1756.506532
-1710.986524
-1585.485032
-1399.547372
-1179.148236
-956.691698
-734.235161
-514.607551
-293.179714
-65.579673
151.990536
337.413846
508.178171
694.115832
913.743442
1157.031170
1392.346466
1612.488427
1814.885300
2003.137537
2175.444913
2299.660529
2349.295340
2324.349347
2224.308199
2068.717210
1879.950622
1674.467647
1462.298117
1249.357062
1061.876350
929.431128
870.280835
882.882420
961.320852
1081.164489
1219.524740
1334.739224
1383.859685
1358.913692
1276.103282
1139.286082
947.433392
684.085999
355.673285
30.346672
-253.060385
-506.377945
-765.353359
-1045.931489
-1298.477523
-1490.844563
-1636.148544
-1755.735007
-1887.923053
-2017.024997
-2104.464561
-2149.984569
-2170.815760
-2184.703220
-2203.477009
-2199.362206
-2155.128073
-2061.259130
-1902.839214
-1687.326407
-1428.093818
-1150.344615
-858.193601
-530.552412
-168.449748
197.767719
533.381339
807.015739
1025.614649
1194.835922
1303.878202
1363.542845
1371.258101
1327.538319
1215.409937
1032.815554
805.472688
557.555807
315.553955
63.265096
-226.056990
-527.980660
-802.129411
-1036.416007
-1233.669376
-1404.433700
-1544.337002
-1630.747865
-1656.979735
-1635.634194
-1582.141755
-1501.903096
-1390.289065
-1259.129719
-1100.966979
-917.343895
-718.290299
-499.948565
-260.775640
-4.371978
263.861743
543.153997
833.761959
1121.798169
1390.289065
1625.090011
1815.656825
1967.133011
2087.490999
2165.672256
2191.904125
2155.385248
2073.603539
1983.849398
1884.579776
1759.335459
1607.344923
1437.352124
1271.474128
1126.941673
1009.926962
930.717004
885.196996
868.737784
885.454171
915.286493
937.146384
942.547063
900.884683
822.960601
722.405102
606.676268
474.488221
284.178582
57.864417
-156.362514
-352.844358
-525.151733
-727.805781
-984.466619
-1227.497171
-1426.550766
-1580.855879
-1708.929123
-1854.233104
-1983.335048
-2061.516305
-2096.234955
-2069.488736
-2015.224771
-1951.445325
-1867.606213
-1766.793540
-1622.518259
-1433.494496
-1229.554573
-1023.814422
-831.704557
-639.594692
-411.480300
-158.934266
100.041148
343.586051
552.155128
742.979117
911.171690
1041.302335
1142.886534
1204.608579
1202.551178
1109.453760
927.116552
704.917190
462.400988
191.595515
-123.444090
-484.260879
-833.504783
-1122.569694
-1327.538319
-1464.869869
-1578.541302
-1660.065837
-1690.155334
-1656.979735
-1558.738813
-1427.065117
-1296.162946
-1179.148236
-1061.362000
-907.314062
-708.003292
-500.720091
-290.607962
-81.267359
148.390083
436.683469
755.580702
1084.250592
1395.432569
1664.180640
1900.010287
2096.749306
2254.654871
2377.841786
2427.990947
2395.586874
2300.432054
2157.699825
1994.136406
1816.171176
1603.487296
1371.258101
1143.915235
940.232486
769.725337
619.535027
493.004835
392.192161
317.611357
282.121181
281.092480
299.866269
320.440284
312.725028
286.235984
277.492028
302.180846
335.870795
336.127970
290.093612
247.402531
227.342866
188.509413
73.552104
-128.844769
-365.188767
-577.358296
-760.724205
-947.947742
-1152.916367
-1351.198436
-1496.759593
-1581.113054
-1614.803004
-1611.202551
-1591.142887
-1570.826047
-1552.052258
-1517.333608
-1447.124781
-1352.227137
-1258.101018
-1178.376710
-1098.138052
-966.978706
-781.041045
-576.329596
-378.304701
-190.309639
9.515482
229.657443
447.999177
641.909269
789.013476
861.279704
849.963995
760.467030
633.165312
489.147207
302.952371
75.609505
-180.794157
-423.053184
-619.020677
-784.127147
-924.544800
-1039.759284
-1127.456023
-1175.290608
-1177.348009
-1151.373316
-1096.337825
-1028.957926
-956.948874
-860.251003
-725.748380
-545.982924
-348.729555
-163.820595
18.773789
227.342866
471.402119
739.378665
997.582553
1219.267565
1409.062854
1574.426499
1720.759181
1837.259541
1912.869046
1943.472894
1918.526901
1857.062031
1769.365292
1656.465384
1518.619484
1348.626684
1150.601790
945.890340
748.379796
568.357165
407.108322
269.262422
157.391215
82.553235
57.864417
76.895381
132.959572
203.168398
263.604567
330.727291
416.623804
511.007098
611.819772
703.631314
778.469293
828.875630
852.535747
857.936426
853.821623
817.302747
704.145664
495.319412
221.942187
-51.949388
-317.097006
-595.103384
-914.514968
-1257.843843
-1551.537908
-1762.935912
-1903.867915
-1992.336179
-2039.142064
-2057.915852
-2045.057093
-1996.193807
-1902.839214
-1780.681000
-1670.352844
-1580.855879
-1492.901965
-1379.487707
-1219.781915
-1044.645613
-883.911120
-713.661146
-516.407777
-278.006378
-6.172205
250.231458
468.573192
635.479889
736.806913
804.186812
836.333711
817.817097
718.547475
523.094332
293.694064
86.410863
-89.496965
-244.573604
-415.080753
-597.417961
-741.693241
-816.016871
-820.646024
-786.956074
-747.351096
-715.718547
-682.542948
-618.763502
-507.920996
-388.077358
-296.008641
-228.371567
-150.447485
-25.974694
144.018105
327.898364
498.919864
663.254809
835.819360
1027.414875
1215.409937
1372.801152
1484.415184
1542.022426
1560.796214
1565.939718
1552.566608
1497.016768
1397.232795
1260.929945
1117.426191
995.525152
902.170559
806.244214
699.002160
599.475363
534.152865
504.834894
502.520317
518.208003
525.151733
524.894558
532.352639
554.212530
590.731406
622.878305
638.308816
647.309948
669.169838
718.033124
771.782738
806.758564
819.360148
825.275177
825.789528
802.129411
708.003292
506.377945
221.685012
-94.383294
-411.737476
-729.863183
-1071.906182
-1429.894044
-1741.847547
-1973.819566
-2113.208518
-2183.160169
-2220.193396
-2230.223228
-2207.848987
-2141.240613
-2028.855056
-1899.238761
-1780.166650
-1688.097932
-1612.488427
-1515.276206
-1369.715050
-1193.035696
-1010.441313
-830.933032
-636.765765
-395.535439
-116.243185
175.136303
441.312622
665.312211
842.505915
966.207180
1032.044028
1050.303467
1021.242671
915.800844
738.864314
527.466310
320.954634
135.016974
-48.091760
-238.915749
-423.567534
-566.042588
-648.081473
-689.486678
-706.717416
-708.260467
-693.858657
-666.598087
-624.164181
-564.499537
-504.320543
-448.256352
-388.077358
-308.867400
-194.938792
-43.719782
120.357988
281.864006
443.884374
630.850736
837.362411
1036.930357
1212.323835
1348.369509
1450.468059
1531.221068
1595.257690
1624.575661
1612.231252
1546.651579
1437.866475
1313.650859
1186.349141
1063.676576
929.173953
783.612797
646.281247
536.467442
464.201214
420.995782
392.449336
372.132497
365.445942
379.847752
413.537702
448.513527
471.659294
475.002572
463.944039
459.057710
473.459521
502.777492
529.780887
543.411172
545.468573
560.384734
584.816377
600.246888
556.012756
407.622673
180.279807
-75.609505
-338.185372
-629.307684
-961.320852
-1321.623290
-1655.179508
-1914.669273
-2090.062751
-2198.590680
-2260.055550
-2268.285156
-2230.480403
-2142.012139
-1989.250077
-1798.940438
-1616.088880
-1469.241848
-1334.739224
-1182.491513
-1011.727189
-837.105236
-687.686452
-557.041457
-404.536570
-215.512807
0.257175
232.743545
451.599630
643.709495
792.613929
903.970785
995.010801
1061.104825
1067.019854
981.123341
825.018002
639.080342
456.485958
267.205020
44.491307
-207.283201
-457.514659
-668.398313
-817.302747
-911.943216
-963.635428
-993.467750
-1005.297809
-976.237013
-894.198128
-774.354490
-648.595823
-530.295237
-411.994651
-274.920276
-106.984878
77.152556
255.374961
419.195556
582.758975
763.553132
957.720399
1146.486987
1315.193910
1442.238453
1536.364572
1622.775435
1698.384940
1743.647773
1736.704043
1681.668553
1599.629668
1503.188972
1384.374036
1233.155025
1046.960189
847.649419
655.025203
476.031273
331.241642
214.484107
114.957309
37.290402
-11.830059
-31.375373
-25.974694
-4.371978
10.544183
25.974694
63.265096
123.186915
190.566814
253.060385
314.010904
377.533176
444.913075
519.236704
593.560333
648.595823
672.770291
653.224977
568.357165
427.167987
246.373830
31.118198
-220.141961
-514.607551
-832.733258
-1133.628228
-1387.717313
-1580.598704
-1730.274663
-1856.804855
-1951.959675
-1992.079004
-1963.789734
-1883.293900
-1770.651168
-1649.007304
-1537.907623
-1426.550766
-1297.963173
-1156.002469
-1008.641086
-870.023660
-739.121490
-600.504063
-443.112848
-262.575867
-79.724308
86.668038
230.171793
357.216336
479.117375
583.273326
652.710626
676.627919
656.568254
601.275589
518.722354
406.593972
264.118918
95.411995
-91.040016
-275.434626
-437.454994
-566.556939
-660.940232
-726.777081
-764.067483
-757.380928
-693.858657
-574.529369
-431.797140
-289.836437
-141.189178
15.687686
183.108734
352.072832
491.461784
603.332990
700.030861
781.041045
854.593149
935.603333
1023.042897
1099.423928
1159.088571
1203.837054
1252.185989
1301.820800
1329.852896
1310.821932
1247.042485
1163.460549
1076.535336
971.607859
835.562185
667.112437
489.404382
326.098138
181.822858
62.493571
-28.289271
-92.325892
-127.044543
-132.702397
-109.556630
-58.635943
8.229606
81.267359
159.191441
239.172925
328.155540
411.994651
479.374550
539.296369
596.903611
655.282378
703.374138
740.407365
762.267256
769.982512
766.639235
747.865446
709.031993
641.909269
526.180434
345.643452
127.558893
-112.899907
-379.076227
-662.483284
-957.977574
-1252.443164
-1515.019031
-1725.902685
-1888.437404
-1997.736858
-2067.945685
-2105.493262
-2098.806707
-2041.199465
-1933.700237
-1802.283716
-1674.467647
-1551.023557
-1411.377430
-1248.842712
-1082.964716
-934.831807
-797.500257
-662.997634
-513.578850
-353.358708
-191.852690
-26.489044
135.274149
278.777904
413.280527
549.326201
677.142269
774.354490
816.016871
809.844666
782.584096
741.693241
672.513116
560.384734
411.994651
256.403662
109.813805
-26.746220
-153.019237
-263.347392
-343.328876
-396.564139
-414.052052
-387.563008
-325.326612
-244.059253
-162.020368
-79.209958
11.315708
107.499228
192.624216
248.174056
286.235984
329.184240
377.276000
432.311491
498.662689
567.842815
635.737064
713.146796
803.415286
906.028186
1010.184137
1096.852176
1157.802695
1192.264170
1216.438638
1215.924288
1172.976031
1086.050818
970.836334
838.905462
696.173233
552.669478
420.738607
300.123444
191.081164
106.984878
49.120461
10.287008
-7.458080
-7.715256
2.828927
35.233001
83.581936
130.902171
169.735624
209.340603
250.745808
292.151013
331.241642
363.645715
390.906285
414.309227
436.426294
463.172513
489.918733
508.435346
500.720091
442.598498
351.044131
227.085691
63.779447
-145.818331
-400.936118
-683.314474
-969.807633
-1246.528135
-1504.474848
-1732.846415
-1921.870178
-2057.658677
-2136.868635
-2158.728526
-2127.353153
-2053.543874
-1951.959675
-1821.829030
-1653.379282
-1457.926139
-1242.670507
-1040.273634
-853.307273
-680.485547
-513.321675
-354.130234
-209.340603
-73.809279
51.177862
174.621952
303.209546
446.970476
592.274457
720.347701
823.217776
900.370332
943.832939
949.490793
906.285362
812.416418
681.514248
523.351507
352.844358
176.165004
0.000000
-159.962967
-286.750334
-386.019957
-453.657031
-486.575455
-490.690258
-473.716696
-440.283921
-383.705380
-298.323218
-179.251106
-40.633680
104.670301
256.403662
411.737476
554.469705
668.141138
757.638103
830.933032
890.083325
938.689435
982.666392
1022.014196
1062.647876
1104.310256
1136.971505
1155.745294
1151.630491
1121.798169
1061.876350
970.579159
862.822755
746.322395
620.049378
482.717827
339.471248
205.740150
95.926345
13.373110
-45.520008
-84.353462
-103.127250
-96.440695
-64.808147
-21.859891
25.717519
75.609505
128.330419
186.966361
243.802078
294.465590
329.184240
348.986730
353.358708
345.900628
330.212941
300.637794
249.202757
179.765456
110.328156
42.691081
-19.030964
-95.154819
-198.024895
-324.555087
-469.601893
-622.363954
-778.212118
-947.690567
-1123.084045
-1296.934472
-1453.811336
-1573.654974
-1651.064705
-1686.040531
-1681.411377
-1631.005041
-1539.707849
-1401.347598
-1220.810616
-1021.757021
-817.559922
-614.391524
-417.909680
-236.343998
-76.638206
47.834585
138.360251
195.453143
228.885917
246.116655
241.230326
221.427837
185.423310
143.760930
102.870075
61.722045
21.088365
-15.687686
-54.263965
-85.382162
-120.357988
-157.905565
-198.539245
-244.573604
-290.607962
-334.327744
-368.274869
-392.449336
-404.022220
-401.193293
-366.474643
-297.294517
-190.823989
-61.207695
83.067586
240.715976
408.908549
591.245757
768.182286
923.516099
1052.360868
1155.745294
1235.469602
1287.418990
1307.221479
1292.048143
1248.328361
1182.234338
1101.224154
1010.441313
918.629771
823.474951
726.519905
631.107911
551.126427
476.545623
399.393067
318.640058
232.229195
149.418784
70.980352
0.257175
-75.352330
-149.933134
-211.398004
-257.689538
-283.149882
-283.921407
-267.462195
-233.772246
-185.423310
-114.700134
-25.974694
68.665775
158.934266
239.944450
306.552824
360.816788
403.765045
430.511264
437.969345
422.281658
393.992388
350.272606
299.094743
243.287728
180.794157
115.728834
55.035490
-3.857628
-59.921819
-114.185783
-169.221274
-223.742413
-279.035079
-339.728423
-411.994651
-497.633988
-595.360560
-704.660014
-816.016871
-914.000617
-1001.954531
-1079.621438
-1140.057607
-1181.977163
-1187.635017
-1156.002469
-1098.138052
-1022.014196
-929.945479
-819.617323
-697.201934
-571.186092
-457.514659
-360.302438
-282.121181
-228.371567
-189.280938
-168.964098
-171.278675
-190.309639
-223.485238
-263.090217
-289.064911
-300.380619
-304.238247
-286.235984
-258.975414
-219.884786
-156.362514
-77.152556
1.800226
64.293797
120.100813
168.449748
207.797552
230.943319
245.859479
251.774509
250.488633
254.089085
267.976546
302.952371
351.044131
408.394198
471.144944
541.353770
613.619998
690.515379
758.923979
803.672462
826.303878
826.046703
805.215513
770.754038
716.747248
639.337517
552.412303
461.372287
373.161197
292.665364
226.056990
173.850427
132.188046
103.641601
94.383294
96.440695
114.442959
142.475054
165.620821
186.452011
205.482975
226.571340
251.260158
278.263553
306.295649
331.755992
355.158934
379.333402
401.450468
426.653636
445.684600
460.600761
467.030141
460.600761
447.742002
429.739739
401.964818
356.444810
295.237116
219.370435
133.731098
47.063059
-46.291534
-140.932003
-232.743545
-318.125707
-395.792614
-468.830367
-526.951960
-578.901348
-616.963275
-642.937969
-657.854130
-659.654357
-647.567123
-621.592429
-584.044851
-542.896821
-510.235572
-475.774097
-448.770703
-430.768439
-421.510133
-426.653636
-444.398724
-463.172513
-478.603024
-496.090937
-509.464047
-519.236704
-522.065631
-517.693653
-502.777492
-484.518054
-463.172513
-442.084148
-427.939512
-415.080753
-403.765045
-399.393067
-392.192161
-396.821315
-406.079621
-414.052052
-414.566403
-411.737476
-409.165724
-397.850015
-378.047526
-347.443679
-303.723897
-242.001852
-168.706923
-91.040016
-11.315708
70.980352
155.590989
237.629873
302.695196
355.158934
396.306964
432.568666
464.972739
490.947433
510.749923
526.951960
542.896821
556.784281
569.643041
586.616603
606.933443
624.678531
642.937969
661.968933
688.972328
716.232898
736.549738
746.836745
748.636972
737.835614
716.490073
686.400576
646.538422
598.703837
541.610945
478.088674
414.052052
357.473511
303.981072
252.803210
208.311902
175.907828
154.047937
140.674828
130.644995
122.415389
116.757535
114.700134
111.614031
105.184652
93.611768
72.523403
50.663512
28.546446
9.001132
-18.002263
-44.748483
-75.095155
-102.098550
-123.444090
-134.245448
-145.303981
-156.362514
-164.592120
-169.221274
-166.906697
-161.506018
-159.962967
-166.649522
-175.650653
-189.795289
-209.083428
-227.342866
-240.458801
-259.746940
-277.234852
-291.636663
-294.979940
-292.665364
-287.264685
-280.063779
-277.234852
-273.377225
-272.862874
-271.319823
-276.206152
-287.007510
-307.581525
-336.642321
-372.389672
-412.766176
-460.600761
-510.749923
-561.670610
-616.706100
-665.055035
-702.345438
-730.634708
-745.293694
-743.493468
-728.577307
-700.030861
-659.140006
-608.990845
-551.640778
-486.832630
-417.909680
-353.101533
-289.322086
-230.171793
-166.135171
-97.469396
-29.060796
34.975826
100.041148
167.678222
241.230326
315.811131
382.419504
445.427425
498.148339
546.497274
588.159654
616.706100
630.079210
627.764633
611.819772
587.130954
551.126427
510.235572
469.344718
427.425162
385.248431
349.758255
320.954634
303.466722
292.151013
287.779035
288.293385
292.151013
302.952371
317.611357
329.698591
339.471248
343.328876
342.557350
338.442547
334.070569
329.184240
319.668758
301.666495
287.779035
278.006378
263.347392
250.488633
235.572472
217.313034
199.310770
185.166135
171.793025
154.305113
132.959572
113.157083
93.868944
78.438432
61.464870
40.890855
27.260570
13.373110
3.086102
-7.972431
-23.402942
-33.689950
-45.005658
-55.807016
-66.865549
-77.409732
-79.724308
-83.839111
-89.496965
-96.697871
-103.127250
-107.499228
-116.757535
-129.101944
-145.046806
-163.306244
-190.566814
-214.998457
-239.944450
-265.661969
-290.865137
-320.697459
-344.100401
-365.960292
-381.905154
-397.850015
-410.451600
-417.138155
-417.909680
-414.566403
-402.736344
-396.821315
-388.077358
-379.847752
-373.161197
-367.760518
-362.102664
-353.358708
-348.986730
-347.443679
-345.386277
-339.214073
-329.441415
-314.010904
-298.837568
-285.207283
-272.091349
-254.860611
-236.343998
-213.198231
-185.423310
-164.849295
-146.589857
-126.015842
-105.184652
-78.181257
-51.949388
-29.317971
1.028701
31.375373
58.121592
86.925213
118.557762
145.303981
174.621952
205.740150
236.858348
264.118918
285.207283
310.410452
337.156671
365.188767
382.419504
396.306964
402.736344
402.221994
402.993519
399.650242
394.763913
387.048658
375.732949
358.245037
345.386277
330.984467
319.668758
309.124576
292.408188
277.234852
259.489764
241.487501
222.713713
205.225800
182.594383
158.162740
136.045674
110.842506
86.153688
62.750746
38.061928
13.115935
-5.915029
-23.917292
-37.547577
-43.976957
-51.949388
-54.006789
-41.662380
-27.260570
-7.200905
18.002263
40.119329
64.293797
87.696739
104.927477
114.700134
126.530192
136.817200
145.818331
149.161609
153.533587
151.990536
148.647259
146.589857
143.503755
140.932003
128.844769
109.556630
86.410863
63.522271
41.148030
14.144635
-23.145767
-66.865549
-111.614031
-155.848164
-198.539245
-236.858348
-273.120049
-308.095875
-339.728423
-364.674416
-383.191030
-390.906285
-392.963687
-390.391935
-384.991256
-376.247300
-366.988993
-358.245037
-347.186503
-332.784693
-314.782430
-300.637794
-285.464458
-266.690670
-246.373830
-217.570209
-186.452011
-158.677091
-132.188046
-112.128382
-94.126119
-79.209958
-71.237527
-64.550972
-57.607242
-50.920687
-48.606110
-37.547577
-22.888592
-9.772657
4.114803
17.230738
35.747351
50.406337
63.779447
76.895381
84.353462
89.754141
89.239790
89.754141
87.439564
83.839111
78.952783
70.208826
58.378768
49.120461
39.862154
31.632548
24.945993
17.745088
8.229606
4.886329
4.886329
5.657854
9.515482
12.858759
15.430511
14.401811
15.430511
19.030964
20.316840
19.802489
26.489044
35.747351
46.548709
63.007921
83.581936
106.984878
137.588725
171.278675
201.625347
225.799815
241.744676
254.603436
262.318691
265.919144
265.147619
256.146487
246.631005
233.772246
222.970888
212.426705
204.454274
199.825121
183.880259
167.163872
151.219010
133.988273
116.757535
101.584199
92.583068
85.639338
78.952783
71.751877
65.836848
61.207695
58.635943
51.692213
38.833453
30.861023
27.517745
17.230738
7.715256
1.285876
-4.886329
-9.001132
-11.830059
-19.288139
-24.174468
-27.260570
-34.204300
-38.061928
-42.691081
-50.406337
-54.521140
-56.064191
-55.549841
-54.006789
-58.635943
-60.693344
-69.694476
-80.238659
-88.982615
-99.526798
-117.271886
-132.702397
-146.589857
-159.705792
-169.221274
-181.051332
-190.823989
-201.368172
-211.912355
-219.370435
-228.628742
-237.629873
-244.573604
-251.517334
-254.089085
-251.517334
-247.916881
-244.316428
-238.144224
-233.515070
-223.999589
-213.969756
-201.110997
-187.223537
-170.249974
-153.276412
-133.216747
-109.042280
-87.696739
-65.579673
-43.205432
-20.316840
5.915029
33.947125
59.921819
81.781710
100.041148
119.843637
137.588725
151.219010
161.248843
163.820595
163.563419
155.848164
145.303981
134.759798
124.987141
111.356856
93.354593
76.895381
59.921819
50.406337
38.319103
26.489044
21.602716
19.545314
19.802489
22.631417
28.032095
34.718650
41.405205
49.891986
61.207695
69.180126
79.209958
87.439564
98.498097
111.356856
120.615163
126.530192
129.359119
133.216747
139.131777
147.618558
155.590989
158.162740
153.790762
154.562288
152.504886
148.390083
145.046806
133.216747
117.786236
101.069849
87.696739
72.523403
55.292665
40.633680
28.032095
11.058533
-3.600453
-12.087234
-21.602716
-27.260570
-29.832322
-30.089497
-29.060796
-24.431643
-25.460344
-21.859891
-19.545314
-19.802489
-21.345541
-25.203168
-24.688818
-24.945993
-27.774920
-31.632548
-35.490176
-41.662380
-48.606110
-49.891986
-54.521140
-61.979220
-66.351198
-72.523403
-77.666907
-79.724308
-82.810410
-91.554367
-98.498097
-105.441827
-115.471659
-122.415389
-129.616295
-136.560025
-141.189178
-147.618558
-149.675959
-146.847032
-142.989404
-139.903302
-130.902171
-116.757535
-99.526798
-80.495834
-59.921819
-41.919556
-25.203168
-5.657854
9.001132
27.260570
37.547577
46.805884
49.377636
52.206563
54.521140
49.120461
45.262833
38.319103
27.260570
16.202037
5.915029
-3.343277
-9.772657
-18.773789
-28.032095
-29.832322
-30.089497
-28.289271
-23.145767
-16.973562
-10.287008
-2.828927
6.172205
12.858759
21.088365
31.375373
41.662380
51.949388
61.722045
76.123856
85.896513
98.240922
113.671433
124.729966
134.502623
143.503755
150.447485
153.790762
154.562288
152.504886
148.647259
138.360251
129.101944
111.871207
96.183520
78.695607
58.635943
41.148030
22.374241
3.600453
-16.202037
-33.432774
-48.348935
-57.350067
-70.466001
-81.010184
-87.182389
-93.611768
-94.640469
-93.097418
-88.982615
-85.896513
-82.038885
-78.181257
-67.637074
-53.492439
-43.205432
-32.918424
-24.174468
-13.630285
-4.114803
10.544183
20.059665
19.545314
20.316840
18.002263
14.401811
15.430511
13.115935
6.172205
-0.771526
-7.458080
-14.658986
-20.831190
-29.317971
-41.919556
-50.663512
-59.150293
-64.293797
-69.180126
-69.694476
-69.437301
-66.608374
-61.207695
-55.549841
-43.976957
-30.089497
-16.459212
-2.828927
10.801358
24.688818
38.061928
51.949388
60.950519
63.522271
66.351198
69.437301
69.694476
69.437301
65.322498
62.236395
57.092892
54.263965
49.634811
41.148030
29.060796
20.831190
14.144635
7.458080
-1.285876
-9.001132
-15.944862
-20.316840
-19.802489
-19.802489
-15.173336
-10.544183
-5.915029
5.400679
15.944862
23.145767
36.776052
50.149162
58.635943
64.550972
74.837980
79.209958
79.981483
76.895381
72.266228
65.322498
57.092892
43.462607
27.260570
12.344409
-6.943730
-23.402942
-37.290402
-51.177862
-69.437301
-83.067586
-101.069849
-116.243185
-127.816068
-137.331550
-148.132908
-157.905565
-159.448616
-155.848164
-147.361383
-137.331550
-124.215616
-108.785104
-89.496965
-66.094023
-42.691081
-22.117066
-6.943730
6.943730
18.516614
29.317971
40.633680
47.063059
50.149162
52.206563
56.064191
59.664644
59.664644
59.921819
57.092892
49.891986
42.433906
33.689950
25.974694
12.858759
-1.543051
-13.115935
-23.402942
-36.776052
-45.262833
-55.035490
-60.436169
-58.893118
-60.178994
-55.035490
-45.262833
-32.404074
-18.259438
-4.371978
13.115935
30.089497
47.063059
64.808147
75.866680
85.639338
96.440695
105.956177
110.842506
115.214484
119.329287
122.158214
126.015842
129.101944
125.501492
119.843637
113.671433
101.069849
87.696739
71.751877
54.778315
40.633680
21.345541
4.114803
-9.772657
-23.145767
-33.432774
-43.719782
-52.720913
-60.693344
-64.808147
-64.550972
-64.550972
-59.150293
-51.949388
-47.834585
-39.604979
-31.375373
-27.774920
-18.773789
-11.058533
-9.772657
-10.287008
-5.400679
-0.257175
1.285876
5.400679
8.229606
12.087234
17.745088
22.888592
24.945993
24.688818
24.688818
25.203168
20.316840
13.115935
8.229606
-2.571752
-18.002263
-26.231869
-42.948256
-57.350067
-66.608374
-82.296060
-94.640469
-105.184652
-115.986010
-120.100813
-119.072112
-116.757535
-107.499228
-98.240922
-84.096286
-71.237527
-54.263965
-38.576278
-29.575147
-21.602716
-17.230738
-13.887460
-10.287008
-9.772657
-10.287008
-9.772657
-10.029832
-9.772657
-10.029832
-5.915029
-4.371978
-4.886329
-0.514350
3.857628
8.743956
10.287008
9.515482
10.287008
9.515482
13.630285
19.545314
22.117066
29.317971
37.804753
47.063059
55.807016
66.094023
76.123856
80.495834
85.382162
89.239790
89.496965
93.868944
94.640469
94.126119
94.640469
94.126119
95.154819
99.526798
100.812674
99.526798
98.498097
94.126119
87.953914
75.609505
61.464870
48.348935
30.346672
10.029832
-10.801358
-30.346672
-47.577410
-61.207695
-71.237527
-79.467133
-84.867812
-86.410863
-83.324761
-77.666907
-68.922950
-59.921819
-50.406337
-39.862154
-30.861023
-20.831190
-10.544183
-0.257175
7.200905
16.459212
25.460344
32.404074
39.090629
39.862154
39.347804
35.747351
31.118198
28.032095
18.773789
10.029832
-0.771526
-10.287008
-19.545314
-32.146898
-39.604979
-45.005658
-49.377636
-54.006789
-54.778315
-61.207695
-65.065322
-64.293797
-64.808147
-64.550972
-69.694476
-68.922950
-71.751877
-74.837980
-74.580804
-73.552104
-68.665775
-63.007921
-54.778315
-46.548709
-38.833453
-28.032095
-18.516614
-6.429380
5.400679
10.287008
14.916161
19.288139
24.174468
25.203168
24.688818
20.574015
17.487913
12.601584
9.772657
7.715256
3.086102
1.028701
-2.057402
-5.143504
-4.886329
-4.629153
-5.400679
-1.800226
0.000000
1.800226
9.001132
12.601584
18.773789
27.260570
33.689950
40.633680
52.463738
66.608374
73.552104
80.753009
88.982615
94.126119
100.041148
103.898776
104.670301
103.384425
99.526798
97.983747
93.097418
86.925213
82.296060
74.837980
65.322498
52.720913
45.520008
38.061928
28.803621
18.002263
3.086102
-8.486781
-18.259438
-32.918424
-45.777183
-55.292665
-67.637074
-74.066454
-76.123856
-81.781710
-84.610637
-80.495834
-75.095155
-67.894250
-61.207695
-54.263965
-45.005658
-38.061928
-33.175599
-24.431643
-17.745088
-12.601584
-9.515482
-10.029832
-5.915029
-1.285876
0.257175
-0.514350
0.771526
4.886329
4.629153
5.400679
2.571752
-4.114803
-13.373110
-19.545314
-26.231869
-34.461475
-34.718650
-42.176731
-49.891986
-47.577410
-44.491307
-44.748483
-44.748483
-44.491307
-38.576278
-32.918424
-29.575147
-26.231869
-20.574015
-21.088365
-25.460344
-24.431643
-25.203168
-24.174468
-21.088365
-17.230738
-14.401811
-10.287008
-5.400679
-1.028701
1.543051
6.686555
10.287008
9.772657
10.029832
10.029832
9.772657
10.029832
9.772657
11.315708
16.459212
19.802489
23.145767
27.003395
29.832322
33.947125
34.718650
38.061928
40.119329
40.119329
45.777183
49.377636
49.377636
51.692213
57.607242
59.921819
59.407468
59.664644
59.150293
61.722045
61.979220
58.893118
59.921819
58.893118
55.292665
53.749614
47.577410
40.633680
33.947125
26.231869
16.459212
6.429380
-4.371978
-13.115935
-21.345541
-29.317971
-36.261701
-45.262833
-51.949388
-56.835716
-60.178994
-63.522271
-67.122724
-69.694476
-69.437301
-65.065322
-60.436169
-57.350067
-53.235264
-46.291534
-40.633680
-38.833453
-35.233001
-31.632548
-25.460344
-20.831190
-16.459212
-11.572883
-4.886329
2.314577
5.915029
9.258307
14.916161
14.401811
17.230738
16.973562
14.658986
13.115935
7.458080
4.629153
0.514350
-0.257175
0.257175
-1.543051
-5.143504
-4.886329
-1.800226
3.857628
4.886329
9.258307
9.772657
12.858759
15.430511
14.401811
15.173336
14.658986
15.173336
10.801358
9.258307
5.143504
4.886329
4.114803
-0.257175
0.257175
-1.028701
-5.400679
-4.371978
-6.943730
-10.029832
-10.544183
-15.687686
-20.059665
-24.431643
-24.945993
-24.688818
-24.945993
-23.660117
-18.773789
-12.858759
-5.400679
-0.257175
5.143504
14.916161
21.088365
29.575147
38.061928
40.376504
45.262833
49.120461
52.463738
55.292665
54.263965
55.292665
53.235264
49.377636
49.891986
49.634811
47.320235
41.662380
39.604979
36.518877
28.803621
22.374241
15.173336
8.743956
1.543051
-4.371978
-9.258307
-15.430511
-19.030964
-21.088365
-24.945993
-25.203168
-24.945993
-24.945993
-24.688818
-24.945993
-24.945993
-24.688818
-29.060796
-30.089497
-32.661249
-35.747351
-33.947125
-37.290402
-39.604979
-35.233001
-38.833453
-40.376504
-39.604979
-44.491307
-44.491307
-45.262833
